400 3200
0 1 71 160
1 2 74 100
2 3 5 17
3 4 47 141
4 5 27 56
5 6 22 77
6 7 41 95
7 8 47 100
8 9 73 166
9 10 99 165
10 11 52 72
11 12 58 72
12 13 40 97
13 14 12 12
14 15 7 60
15 16 98 140
16 17 78 122
17 18 5 7
18 19 18 95
19 20 34 121
20 21 98 115
21 22 15 16
22 23 50 59
23 24 128 155
24 25 59 66
25 26 24 27
26 27 3 25
27 28 8 34
28 29 18 22
29 30 137 150
30 31 14 66
31 32 41 77
32 33 27 28
33 34 12 14
34 35 126 141
35 36 47 59
36 37 87 116
37 38 56 60
38 39 6 9
39 40 115 138
40 41 51 52
41 42 40 44
42 43 24 48
43 44 131 138
44 45 7 10
45 46 17 26
46 47 43 43
47 48 48 140
48 49 19 24
49 50 7 26
50 51 4 9
51 52 112 158
52 53 20 77
53 54 26 45
54 55 91 141
55 56 10 60
56 57 71 101
57 58 30 153
58 59 62 72
59 60 115 126
60 61 15 64
61 62 0 2
62 63 65 78
63 64 63 106
64 65 5 46
65 66 44 45
66 67 123 131
67 68 28 49
68 69 71 71
69 70 67 106
70 71 70 74
71 72 31 95
72 73 21 110
73 74 156 169
74 75 35 61
75 76 10 39
76 77 161 165
77 78 47 91
78 79 90 108
79 80 71 74
80 81 119 130
81 82 66 90
82 83 61 68
83 84 10 25
84 85 42 76
85 86 96 105
86 87 74 154
87 88 17 17
88 89 80 99
89 90 102 106
90 91 21 113
91 92 41 41
92 93 20 28
93 94 92 151
94 95 0 1
95 96 38 115
96 97 133 144
97 98 29 35
98 99 5 86
99 100 24 26
100 101 21 44
101 102 77 77
102 103 110 120
103 104 34 60
104 105 7 8
105 106 117 148
106 107 6 32
107 108 107 114
108 109 86 106
109 110 32 32
110 111 8 23
111 112 19 88
112 113 100 101
113 114 107 127
114 115 3 10
115 116 65 76
116 117 115 122
117 118 11 11
118 119 47 56
119 120 15 28
120 121 12 78
121 122 1 4
122 123 4 38
123 124 41 51
124 125 142 148
125 126 28 33
126 127 55 95
127 128 85 89
128 129 3 7
129 130 7 8
130 131 67 92
131 132 35 36
132 133 68 86
133 134 8 103
134 135 114 122
135 136 45 133
136 137 53 60
137 138 35 56
138 139 100 112
139 140 130 148
140 141 83 109
141 142 14 38
142 143 2 6
143 144 0 8
144 145 11 115
145 146 16 89
146 147 35 97
147 148 20 20
148 149 93 137
149 150 1 3
150 151 0 2
151 152 11 11
152 153 7 9
153 154 33 40
154 155 14 19
155 156 33 34
156 157 38 157
157 158 10 13
158 159 93 93
159 160 104 118
160 161 43 77
161 162 68 81
162 163 100 157
163 164 137 162
164 165 6 27
165 166 5 63
166 167 18 23
167 168 62 111
168 169 29 44
169 170 50 66
170 171 40 80
171 172 1 1
172 173 30 33
173 174 37 65
174 175 6 7
175 176 39 51
176 177 87 106
177 178 6 8
178 179 18 130
179 180 18 24
180 181 1 1
181 182 7 9
182 183 144 151
183 184 11 41
184 185 3 4
185 186 124 128
186 187 38 156
187 188 50 66
188 189 97 165
189 190 162 170
190 191 25 44
191 192 11 80
192 193 65 77
193 194 75 91
194 195 103 104
195 196 39 41
196 197 3 27
197 198 26 77
198 199 109 157
199 200 83 85
200 201 33 35
201 202 54 62
202 203 24 24
203 204 121 181
204 205 52 73
205 206 54 63
206 207 101 102
207 208 80 108
208 209 46 50
209 210 35 36
210 211 32 60
211 212 130 130
212 213 20 47
213 214 26 36
214 215 1 10
215 216 95 96
216 217 0 7
217 218 143 151
218 219 65 69
219 220 2 20
220 221 33 45
221 222 5 12
222 223 22 118
223 224 14 16
224 225 2 3
225 226 109 111
226 227 12 20
227 228 85 88
228 229 123 123
229 230 57 63
230 231 82 120
231 232 83 105
232 233 149 170
233 234 59 75
234 235 74 142
235 236 55 66
236 237 1 24
237 238 12 13
238 239 47 61
239 240 62 75
240 241 22 32
241 242 22 25
242 243 43 59
243 244 18 30
244 245 95 110
245 246 50 51
246 247 4 4
247 248 23 24
248 249 76 90
249 250 114 120
250 251 8 145
251 252 180 184
252 253 42 58
253 254 106 106
254 255 111 121
255 256 64 66
256 257 67 86
257 258 46 55
258 259 17 44
259 260 62 91
260 261 55 56
261 262 59 59
262 263 102 128
263 264 36 51
264 265 32 32
265 266 14 21
266 267 108 131
267 268 20 28
268 269 36 49
269 270 19 19
270 271 79 135
271 272 54 67
272 273 65 86
273 274 70 84
274 275 118 120
275 276 55 72
276 277 43 82
277 278 38 38
278 279 45 61
279 280 84 84
280 281 77 88
281 282 166 180
282 283 40 50
283 284 26 27
284 285 20 36
285 286 50 55
286 287 19 35
287 288 108 112
288 289 26 27
289 290 43 43
290 291 49 68
291 292 79 79
292 293 14 14
293 294 73 135
294 295 2 6
295 296 18 126
296 297 28 59
297 298 23 62
298 299 17 17
299 300 14 29
300 301 48 58
301 302 70 70
302 303 23 30
303 304 110 124
304 305 2 8
305 306 80 156
306 307 32 58
307 308 32 110
308 309 53 83
309 310 53 67
310 311 158 166
311 312 125 131
312 313 42 65
313 314 15 51
314 315 2 8
315 316 93 121
316 317 132 132
317 318 42 108
318 319 45 123
319 320 111 112
320 321 15 18
321 322 120 162
322 323 23 44
323 324 8 53
324 325 89 150
325 326 51 62
326 327 8 15
327 328 59 83
328 329 96 107
329 330 85 107
330 331 28 152
331 332 91 95
332 333 45 51
333 334 65 115
334 335 3 4
335 336 11 57
336 337 51 87
337 338 147 148
338 339 45 48
339 340 27 27
340 341 86 94
341 342 168 170
342 343 141 159
343 344 82 86
344 345 8 10
345 346 58 80
346 347 64 84
347 348 36 45
348 349 23 27
349 350 8 64
350 351 60 77
351 352 90 100
352 353 19 34
353 354 6 10
354 355 65 89
355 356 72 165
356 357 49 55
357 358 7 13
358 359 126 127
359 360 135 136
360 361 46 135
361 362 33 85
362 363 100 106
363 364 80 106
364 365 117 120
365 366 86 95
366 367 58 59
367 368 58 88
368 369 33 56
369 370 24 77
370 371 52 126
371 372 3 24
372 373 10 37
373 374 101 132
374 375 9 47
375 376 36 78
376 377 164 184
377 378 17 21
378 379 27 33
379 380 40 156
380 381 52 86
381 382 43 51
382 383 95 95
383 384 14 26
384 385 48 75
385 386 32 83
386 387 106 137
387 388 23 28
388 389 18 157
389 390 90 127
390 391 12 41
391 392 127 136
392 393 54 108
393 394 0 3
394 395 105 111
395 396 92 94
396 397 47 82
397 398 143 180
398 399 25 46
399 0 34 40
31 344 93 96
192 273 23 24
91 172 12 97
116 159 91 95
119 43 23 32
142 130 107 107
97 295 41 100
389 53 38 99
218 358 2 11
74 118 50 72
97 62 21 116
347 323 68 69
282 22 16 17
291 395 16 19
108 277 32 40
2 36 52 132
281 390 147 154
123 320 6 14
273 151 49 56
32 94 16 16
96 207 7 33
55 160 22 116
185 187 6 74
158 357 2 18
75 254 39 64
164 9 4 14
390 173 1 23
191 343 62 82
78 274 77 118
234 256 44 57
149 136 49 103
250 69 41 69
99 180 49 83
164 343 48 52
308 272 40 50
338 320 11 24
239 41 159 175
122 185 2 20
143 71 139 140
10 359 17 79
252 321 80 112
105 287 4 58
116 69 97 105
313 325 5 32
390 53 123 129
291 93 55 61
127 368 141 158
331 392 51 55
215 328 25 33
267 183 27 93
171 230 7 29
232 382 92 129
87 306 50 53
263 198 181 183
318 149 25 33
169 227 49 54
115 169 10 12
81 198 0 1
260 194 14 40
283 139 37 104
335 109 7 46
348 12 23 29
75 12 11 51
28 94 43 109
328 205 60 68
304 361 34 53
217 300 82 84
74 53 27 79
143 237 60 85
384 136 66 163
29 45 122 123
265 291 16 40
288 346 21 22
216 201 82 98
313 240 144 152
195 388 0 3
53 69 107 126
44 379 103 111
102 352 7 20
330 266 14 18
388 222 27 72
200 106 54 62
186 42 4 6
359 223 108 120
277 225 66 131
88 57 44 56
287 359 36 62
32 146 3 68
258 248 96 109
304 361 28 73
294 381 7 13
308 19 91 95
200 113 84 100
13 166 36 126
158 46 37 40
354 383 137 146
173 52 140 145
192 28 17 18
83 185 142 150
282 339 8 11
392 90 8 29
314 222 18 37
253 198 5 7
10 5 38 159
38 390 78 82
172 108 15 36
358 182 46 47
211 311 5 15
334 120 73 77
217 384 48 160
62 129 76 101
33 8 69 114
13 156 8 27
334 222 8 9
38 353 124 132
237 158 90 154
317 35 21 24
119 355 8 26
190 191 100 165
298 202 112 112
166 241 110 121
11 357 15 16
94 383 123 124
80 68 96 105
152 381 69 97
387 72 8 80
3 232 3 7
60 359 8 12
323 11 41 81
388 137 20 30
259 37 96 98
285 62 1 8
278 135 44 45
230 116 90 95
164 140 14 14
270 352 46 62
276 382 126 129
12 117 77 102
9 24 12 188
225 397 69 156
334 357 17 20
10 276 86 104
131 143 69 101
187 250 37 62
385 6 15 37
29 163 8 23
186 254 46 51
121 112 56 160
109 275 82 82
225 50 22 52
73 24 62 131
106 77 99 102
121 188 17 18
222 157 23 45
113 103 17 29
292 297 47 48
160 347 78 127
83 291 69 97
227 38 99 109
122 76 21 61
61 394 14 167
94 116 77 139
328 140 31 35
155 67 11 179
155 385 73 97
137 284 36 48
213 294 59 97
242 1 14 14
72 203 94 134
371 289 10 29
110 241 17 23
310 253 6 7
238 178 30 34
93 16 109 134
69 322 114 157
146 387 106 123
60 294 18 35
13 156 33 53
330 272 127 159
78 158 60 84
21 89 112 112
136 208 18 33
395 191 71 76
13 119 50 115
188 393 115 123
186 15 73 120
98 344 14 15
168 244 10 10
313 164 46 164
15 270 47 53
301 10 44 128
97 343 114 116
55 86 31 32
141 103 20 30
341 190 45 119
85 37 19 36
131 7 26 86
322 397 20 44
18 11 0 2
361 260 0 2
79 258 46 60
329 292 6 8
287 124 5 11
87 182 47 136
117 44 41 119
385 153 116 123
7 156 5 7
233 146 8 8
272 231 13 26
139 299 56 61
3 318 45 77
350 94 152 153
249 238 108 109
240 55 94 100
291 59 17 49
309 125 131 134
236 384 37 98
96 196 24 98
241 93 45 74
291 368 4 8
395 362 11 26
287 67 7 8
392 111 31 36
228 367 59 73
222 263 137 175
116 392 5 21
172 143 50 76
336 166 1 2
313 270 41 48
173 396 115 182
237 212 44 48
59 25 7 8
285 221 29 29
390 200 16 36
148 67 141 154
44 391 0 10
93 380 35 40
250 287 3 9
394 287 76 84
199 279 24 34
235 133 15 23
79 372 114 125
72 59 50 105
297 222 70 96
151 204 22 35
224 66 1 3
49 35 46 149
16 228 3 29
11 54 26 40
132 263 20 50
230 19 60 145
222 64 14 89
31 199 117 135
321 132 1 15
10 391 155 158
39 83 36 166
243 114 40 60
16 234 11 112
176 316 11 11
182 50 19 56
215 394 32 48
31 216 23 26
242 165 8 18
202 6 80 107
216 367 46 120
194 60 129 162
391 91 38 50
43 5 40 78
251 366 139 160
333 373 1 29
355 56 142 149
144 355 100 152
276 217 62 116
139 217 59 62
353 124 124 158
312 140 132 134
320 162 42 80
339 120 6 16
183 113 89 91
160 294 120 124
68 174 128 166
242 315 86 125
217 221 7 7
82 274 86 104
174 275 55 90
195 358 46 48
266 382 15 19
202 7 119 161
327 122 79 108
31 382 120 123
348 301 4 66
207 373 131 144
109 267 115 125
69 168 53 126
5 394 1 2
206 284 46 93
392 283 8 26
162 207 22 22
224 200 94 108
202 274 60 85
318 193 14 22
33 98 10 25
43 158 29 46
339 63 16 17
36 188 13 20
210 269 16 17
129 146 8 9
338 331 64 111
226 242 46 73
100 306 18 20
328 144 21 40
135 224 85 164
361 303 35 62
250 182 30 43
80 194 75 81
139 307 71 107
364 246 78 88
31 369 80 88
139 34 5 8
98 183 1 2
248 141 76 87
62 212 43 43
397 324 113 173
14 208 81 105
344 38 35 65
213 373 98 133
181 117 50 54
239 368 14 93
249 155 15 25
267 343 36 39
278 168 21 22
162 11 42 59
287 12 39 44
186 300 15 53
212 46 57 70
320 8 22 39
124 398 67 71
53 247 106 148
367 29 38 39
143 166 5 72
205 276 87 88
15 390 10 15
326 239 13 24
339 356 55 59
88 66 7 8
296 179 17 17
200 231 10 11
356 68 5 9
134 8 31 97
209 278 57 66
336 167 79 121
244 249 28 140
219 244 127 135
169 185 37 38
321 227 10 12
92 311 105 116
221 206 11 21
281 60 113 116
12 11 5 8
98 144 9 14
106 247 31 123
345 164 66 69
242 353 13 19
332 7 17 74
4 364 2 3
211 57 10 112
183 52 137 145
57 33 6 6
32 192 119 119
109 396 92 109
51 44 122 150
191 308 38 39
213 12 72 78
346 334 14 17
329 110 5 7
297 381 35 53
383 216 21 33
7 216 33 149
143 258 8 19
333 86 37 120
168 358 39 67
7 296 104 104
376 79 37 47
19 193 73 74
39 363 20 26
350 70 6 9
286 85 118 123
283 44 91 115
15 184 18 37
367 305 43 51
219 320 18 18
370 150 18 37
394 156 18 19
327 347 127 130
392 350 47 75
319 78 20 23
110 86 19 22
55 217 83 138
228 251 20 21
17 230 43 45
299 227 167 184
48 92 22 94
215 166 42 49
294 329 70 74
129 221 65 107
105 272 81 84
296 127 8 16
259 364 117 183
286 269 133 156
66 207 6 6
95 364 0 3
159 381 5 9
356 287 126 128
397 155 11 23
258 85 94 114
231 123 8 37
301 276 9 23
122 28 19 68
50 251 5 5
278 117 55 65
139 25 81 107
246 324 17 18
284 145 95 114
346 146 18 47
240 149 3 6
298 229 45 56
270 364 25 51
303 363 16 51
99 118 59 64
199 17 121 139
51 106 31 41
269 364 44 47
387 296 24 75
193 222 8 37
236 88 10 11
323 34 8 10
285 183 29 131
345 77 26 55
125 94 64 90
270 398 86 142
9 275 10 41
376 115 54 130
354 226 4 15
197 334 10 11
144 97 62 72
45 245 41 66
245 267 90 90
181 301 13 56
129 86 54 79
22 150 46 64
235 332 129 147
324 268 1 2
120 189 62 87
339 215 10 13
103 219 51 51
196 333 159 162
47 1 164 170
246 247 78 78
246 13 17 51
72 350 121 156
282 44 11 16
39 342 64 125
106 168 56 100
227 275 34 35
65 199 71 75
360 12 49 57
152 246 53 68
134 338 157 161
260 171 2 14
393 364 147 147
331 194 0 2
391 212 33 134
125 280 80 155
59 111 27 42
369 45 91 122
71 69 2 23
63 244 31 74
361 307 21 134
16 214 9 10
348 353 64 66
164 361 45 51
365 291 37 37
219 281 8 12
57 118 11 12
64 264 43 52
279 297 28 43
229 360 30 43
47 179 2 5
100 1 104 104
102 309 61 67
184 273 6 6
141 0 18 39
225 143 3 3
100 308 57 92
181 9 187 189
121 142 51 111
29 116 64 76
126 135 5 10
97 138 124 134
188 120 33 45
225 378 22 47
296 275 75 79
21 329 14 162
292 387 164 164
179 59 83 87
18 111 58 132
346 187 172 173
74 44 8 66
44 110 90 141
375 258 12 127
102 347 60 60
313 381 5 10
130 295 85 100
313 314 80 80
190 140 75 82
50 178 76 146
284 134 124 141
369 238 97 103
398 14 45 65
225 274 13 15
287 209 3 9
272 373 37 79
130 117 1 7
93 58 67 68
258 175 6 9
30 55 51 86
128 185 153 167
157 361 42 73
279 101 17 17
114 97 37 62
394 170 2 18
329 264 14 31
108 282 13 157
176 8 11 21
312 266 12 17
248 23 129 131
82 84 9 20
38 157 26 28
160 378 0 0
385 357 70 86
84 61 30 160
102 89 15 104
43 326 64 80
31 382 120 142
296 198 11 18
190 68 123 135
117 47 25 57
117 378 7 24
41 112 4 28
355 288 50 68
382 265 45 108
233 29 22 25
20 175 13 73
24 91 34 93
77 326 8 49
8 119 10 34
369 388 119 165
186 392 66 142
3 394 64 125
75 95 64 77
272 253 39 39
230 206 152 180
195 364 17 25
264 33 71 74
398 145 15 133
61 256 2 16
292 8 23 30
2 220 53 129
262 213 144 147
36 373 53 95
369 168 71 98
339 387 36 37
198 189 25 27
96 6 124 125
359 46 31 51
29 346 18 34
198 96 12 31
252 92 79 98
151 91 7 19
256 268 102 143
190 230 2 18
110 301 13 16
80 270 60 61
53 244 24 39
170 321 37 57
208 103 2 2
2 389 78 129
330 31 14 55
199 213 132 133
310 146 178 185
109 161 18 20
7 177 58 120
338 122 101 161
397 118 4 8
199 342 96 114
12 333 120 123
141 350 41 75
192 121 18 27
64 389 21 58
16 371 106 106
7 369 64 119
61 201 63 63
273 58 23 26
302 173 130 135
260 348 72 114
253 365 29 87
75 204 8 95
319 177 35 56
145 150 6 46
398 200 79 109
262 226 131 146
10 352 20 37
316 228 7 7
176 332 52 67
134 221 8 79
356 124 31 37
0 130 16 52
349 222 33 78
133 51 4 43
356 235 79 101
120 252 57 93
255 70 12 13
183 273 22 39
38 255 133 153
273 321 76 149
249 57 2 20
202 170 144 149
360 121 67 96
202 256 111 117
0 197 100 100
337 234 16 84
36 86 11 27
364 33 5 8
254 125 32 51
191 76 154 160
155 316 21 97
118 303 80 113
270 184 26 152
148 19 7 9
16 243 157 162
299 70 4 23
50 344 45 61
307 239 0 2
215 154 25 27
346 253 34 37
166 24 11 18
289 87 48 50
22 306 25 26
260 339 134 140
72 90 57 120
247 322 4 16
114 243 100 105
191 382 70 78
379 150 15 78
94 181 158 174
73 158 55 69
310 349 107 139
184 325 14 14
279 51 11 25
129 323 71 82
228 142 47 55
129 49 14 86
146 63 25 121
165 338 130 144
51 135 98 137
362 266 103 174
376 219 53 125
383 25 20 59
390 384 49 51
163 228 73 142
57 100 9 49
46 172 113 114
145 338 29 56
172 159 32 36
122 178 71 77
377 211 21 22
242 269 74 92
214 360 2 2
265 96 74 95
155 337 128 132
83 340 59 156
101 317 54 57
1 344 62 76
57 38 6 29
202 366 46 130
384 290 115 167
89 152 21 72
12 301 6 19
81 217 14 42
170 285 33 38
398 81 47 73
237 109 44 44
79 268 56 114
322 58 100 126
289 363 24 33
37 257 18 24
317 165 19 69
11 268 102 128
168 342 51 53
173 79 74 90
354 248 23 73
37 288 146 176
299 83 2 23
190 262 17 31
331 39 126 128
263 390 77 110
53 28 17 20
38 6 41 42
178 165 64 74
292 219 99 103
376 186 11 33
223 169 32 45
43 385 7 7
9 110 19 31
291 111 4 28
164 11 70 114
392 158 8 32
222 370 30 115
163 175 100 117
231 316 9 102
349 279 14 40
311 33 8 120
62 60 77 77
180 276 26 27
144 243 63 133
359 64 62 63
120 10 4 8
94 339 24 44
11 80 105 169
133 62 14 30
158 308 1 6
110 335 18 43
99 141 5 6
313 235 10 18
31 217 98 103
5 333 0 2
105 94 50 52
300 206 68 78
315 255 130 133
150 221 51 56
395 171 17 75
176 91 62 105
276 3 2 5
284 92 21 24
208 200 35 49
319 169 32 33
50 241 131 161
45 228 38 48
50 328 91 101
247 97 15 80
163 32 1 1
370 316 33 40
333 73 10 11
365 339 14 46
384 155 12 40
108 178 32 65
140 291 8 17
52 373 116 132
46 45 44 53
183 96 10 12
16 215 7 7
351 305 11 40
206 390 30 185
289 158 31 71
172 277 10 42
20 53 77 82
233 107 73 104
70 6 41 52
316 305 75 89
30 381 21 44
386 397 43 77
73 134 78 122
344 388 42 88
65 188 0 3
228 256 115 151
131 296 73 94
369 2 28 55
176 79 78 80
62 19 35 65
46 229 100 112
1 189 107 130
229 224 86 133
218 110 21 48
22 395 15 28
201 164 92 92
222 89 44 87
197 26 47 53
115 180 170 185
390 34 3 10
297 363 53 65
179 15 10 12
243 133 19 89
271 13 37 42
318 111 33 117
79 339 124 133
230 179 125 132
304 310 29 52
325 58 34 45
15 210 7 12
331 10 123 124
11 205 41 49
28 371 92 111
24 117 144 151
149 131 91 140
298 216 37 142
267 131 44 51
120 237 66 163
139 69 60 61
53 322 59 112
155 171 1 2
226 76 34 58
175 153 41 58
170 24 9 40
26 368 21 52
309 191 21 128
133 347 77 96
354 202 78 104
133 386 5 6
186 1 42 46
335 45 1 2
385 369 34 38
387 252 7 7
304 60 89 117
312 261 10 10
171 345 61 95
213 54 0 0
315 294 47 58
194 198 42 45
15 128 1 14
144 99 72 82
39 98 32 77
353 135 17 25
199 109 25 33
108 66 67 68
322 305 11 27
312 169 4 18
260 90 141 145
335 215 27 27
198 287 14 18
220 214 8 21
305 247 33 64
240 274 15 45
239 142 35 114
19 3 159 161
227 228 42 47
304 191 125 138
163 176 77 86
315 32 68 82
292 371 10 15
302 150 48 65
263 311 40 66
240 54 122 132
220 67 11 25
369 65 81 81
384 364 4 4
228 32 27 29
350 252 54 85
397 61 13 18
136 362 122 143
313 7 0 0
294 332 17 34
181 131 43 49
288 262 33 41
280 195 83 96
15 375 30 57
289 217 89 130
397 245 13 20
285 152 5 11
139 321 11 37
57 265 135 153
338 22 44 64
84 314 112 135
77 43 43 135
157 140 35 58
114 245 11 13
74 233 77 89
117 154 4 15
127 370 50 121
276 378 19 19
47 357 9 20
249 260 113 118
231 385 30 35
165 386 23 35
342 51 1 28
123 258 86 122
71 168 58 61
394 358 29 79
249 117 22 27
248 78 41 91
220 175 125 141
369 47 138 138
322 343 108 112
378 48 56 91
249 182 116 129
157 289 53 79
96 38 80 91
41 77 8 11
317 362 84 133
101 35 138 147
191 249 17 23
18 251 98 109
304 62 49 69
246 314 60 81
0 17 3 3
369 207 11 14
57 356 76 176
124 170 87 108
87 78 72 76
64 259 28 54
185 155 32 36
84 175 55 60
200 110 27 67
27 329 19 33
220 343 11 13
81 197 10 27
315 29 152 158
53 45 66 74
372 198 8 10
292 84 84 98
167 106 88 126
250 223 27 32
383 213 11 12
219 330 86 98
298 386 20 72
392 19 6 22
232 91 9 9
74 182 123 124
0 181 45 126
33 270 99 121
147 212 7 46
366 256 36 145
367 340 62 81
94 104 2 19
140 158 14 26
190 237 9 13
75 350 55 57
172 119 88 109
362 136 68 102
190 374 18 36
389 1 118 148
65 365 95 114
97 294 81 86
38 201 26 27
58 193 15 27
195 389 120 167
224 353 3 4
121 61 56 81
305 239 57 58
190 0 68 117
346 358 60 64
112 103 13 35
135 342 146 147
19 294 21 24
67 289 9 185
261 22 34 55
8 168 13 14
283 222 102 124
306 233 15 89
261 38 106 170
283 279 151 166
211 277 57 80
176 133 161 162
391 114 3 25
389 197 51 108
306 347 121 124
179 266 34 44
265 153 55 70
33 278 121 140
181 289 53 57
366 388 180 184
286 356 98 99
254 280 7 17
56 21 19 165
154 153 19 80
38 115 10 27
251 122 149 150
82 282 13 31
67 144 87 93
210 100 98 139
260 34 84 107
298 391 69 101
242 306 12 22
194 377 11 12
2 192 155 164
196 265 64 83
3 236 3 3
67 354 47 48
52 330 23 59
230 383 3 30
20 25 81 91
219 90 143 160
310 222 53 69
141 170 104 126
36 300 23 24
44 17 47 56
97 383 26 29
44 164 133 136
203 42 14 20
188 169 112 114
293 79 8 10
299 232 8 12
387 80 26 39
284 83 33 41
43 130 87 109
370 171 94 136
331 206 9 10
178 310 45 55
389 331 30 63
142 372 8 63
213 240 32 57
9 160 101 166
60 241 37 80
374 98 57 60
333 18 147 154
347 100 5 14
347 336 130 150
298 41 124 129
310 294 27 29
65 239 15 98
32 8 4 17
139 199 3 56
226 207 8 14
145 299 14 63
211 263 41 53
390 265 53 130
342 146 120 124
303 226 54 64
231 306 9 22
330 222 17 24
239 232 40 60
20 340 7 26
370 357 140 159
111 326 82 94
280 257 22 22
27 75 128 141
372 141 34 82
69 134 9 14
150 317 25 159
232 391 12 15
210 324 79 81
304 241 18 36
292 45 62 66
71 181 16 17
53 273 23 25
176 236 8 36
17 235 162 170
341 70 83 99
30 304 1 5
383 231 3 10
287 290 29 83
26 177 51 58
110 34 23 175
215 66 26 45
279 115 21 63
282 306 66 88
78 186 96 124
172 21 151 169
196 73 28 65
135 355 99 125
272 178 3 10
97 160 103 160
286 219 59 60
228 239 95 97
166 292 0 6
345 94 52 87
310 175 25 36
34 144 0 6
280 69 8 145
353 281 74 80
195 193 16 56
271 395 24 43
221 246 63 85
306 385 47 73
182 197 20 36
234 226 12 16
2 358 45 63
32 96 37 44
377 95 75 113
126 47 16 16
233 28 71 111
100 127 26 42
157 92 3 5
189 28 141 143
378 294 52 61
220 316 77 82
78 325 14 57
201 132 94 96
262 289 37 39
161 342 13 25
49 256 48 139
191 127 86 149
289 125 36 130
132 368 76 129
304 331 23 56
273 272 35 35
174 307 47 72
119 78 115 119
370 288 21 33
37 389 71 120
396 335 120 121
264 28 19 34
89 25 87 92
7 382 36 53
262 296 30 64
3 133 19 175
48 21 2 2
40 166 59 66
31 114 68 68
134 183 52 172
197 334 13 33
187 240 38 136
229 237 119 149
325 87 58 58
367 147 25 54
207 231 95 98
40 398 50 136
205 159 10 103
167 286 24 97
12 44 161 167
392 217 160 166
105 90 26 54
315 135 41 43
148 183 95 101
391 17 51 109
311 87 27 52
52 151 16 21
126 354 37 165
194 380 10 25
357 138 6 17
366 131 10 38
146 51 27 32
326 76 78 90
258 327 56 89
129 106 49 50
69 370 33 84
361 362 35 123
64 147 19 19
134 44 5 19
374 220 0 3
385 244 91 95
308 356 5 27
228 86 67 94
34 168 20 34
34 81 1 18
174 326 67 103
55 102 40 42
337 90 38 44
383 90 21 52
332 327 4 30
302 127 112 114
306 374 118 129
281 11 121 135
2 105 49 53
166 244 28 33
157 0 81 84
36 48 26 52
200 226 108 178
391 287 81 94
344 76 48 58
380 97 67 73
133 348 41 42
275 120 102 113
215 145 59 68
111 125 27 28
269 144 25 46
235 18 25 110
14 309 138 140
19 246 128 146
80 321 1 4
136 364 103 108
347 393 78 79
38 270 17 21
333 117 2 12
226 11 20 25
4 382 47 138
111 197 45 47
128 256 86 115
86 48 100 142
350 382 12 72
123 174 14 81
36 64 77 99
362 33 20 45
268 349 11 54
254 67 2 6
78 368 93 116
63 200 44 60
62 251 159 175
341 10 159 161
42 40 166 173
271 145 83 87
81 180 8 16
121 395 85 94
261 236 58 136
256 53 63 91
256 231 15 15
237 28 56 83
15 172 44 50
151 280 50 170
19 327 6 7
165 49 32 34
369 230 8 147
397 276 33 59
324 233 124 134
270 360 96 109
174 391 2 8
130 52 23 26
155 7 20 48
346 155 78 83
387 280 6 75
295 68 10 44
115 84 9 10
251 288 10 16
164 325 65 125
39 301 14 37
81 351 29 32
255 283 15 127
129 147 33 64
22 6 26 69
111 396 13 20
5 149 105 136
154 184 82 83
245 334 40 43
275 139 46 61
112 45 3 5
177 398 19 29
294 114 40 41
334 389 30 76
8 325 37 41
370 397 40 67
5 22 70 94
268 52 74 92
9 156 42 81
144 282 36 142
30 70 61 92
40 307 143 152
67 355 20 29
354 300 7 7
26 155 112 120
42 209 26 34
228 179 146 146
353 39 88 131
111 262 13 87
137 211 34 105
1 85 154 177
129 391 119 133
256 124 135 136
275 15 65 128
283 324 64 108
288 253 19 26
146 22 60 65
62 350 8 16
319 304 51 100
219 143 43 153
247 335 66 78
190 254 80 82
306 373 20 169
208 331 31 37
355 366 63 107
362 128 110 140
110 75 18 20
87 70 1 1
245 153 58 132
185 219 31 71
96 247 7 8
108 128 124 128
189 367 6 8
149 227 48 87
227 374 111 114
181 303 41 41
30 194 107 123
95 359 7 20
34 106 83 97
131 327 22 27
298 144 94 114
241 374 135 149
41 369 106 114
339 371 32 76
201 79 41 46
84 372 112 116
261 266 93 115
28 47 5 27
65 148 30 111
379 43 9 19
160 317 5 19
203 97 31 163
382 73 121 126
65 15 15 115
293 253 34 120
87 185 136 138
30 25 147 150
288 234 20 25
221 309 44 46
133 87 0 3
198 257 136 142
267 260 28 78
350 6 91 99
334 15 136 151
209 264 130 130
392 199 18 18
277 249 167 178
185 31 47 97
343 260 44 48
126 285 69 90
364 203 105 106
175 266 12 86
161 7 13 15
312 280 56 77
313 162 95 172
376 31 55 172
162 309 55 151
311 213 11 29
204 80 38 121
247 234 57 68
379 370 58 71
193 291 3 32
353 215 3 4
262 62 92 132
104 260 38 51
158 300 54 78
271 308 38 50
204 287 5 5
387 144 9 42
315 278 126 130
98 50 44 48
33 189 44 62
219 260 37 122
101 197 105 166
77 92 4 12
217 323 113 138
311 365 50 74
298 18 12 23
308 190 119 123
218 87 102 113
332 333 35 61
278 372 33 37
133 67 51 87
0 297 171 172
206 301 23 37
73 356 25 46
284 206 3 11
171 79 111 113
394 59 48 79
287 34 64 77
254 296 2 3
189 181 27 29
128 316 17 80
389 305 144 156
389 12 177 184
63 334 39 51
103 36 31 32
347 43 24 70
367 13 48 54
193 20 13 23
305 7 108 126
363 239 17 44
4 248 91 107
363 185 9 46
266 25 14 65
57 53 8 49
211 311 37 48
148 58 36 54
31 251 133 137
69 66 9 18
368 322 103 130
184 114 64 69
226 91 17 21
273 175 14 26
209 103 32 76
17 336 4 28
322 33 7 7
39 175 52 52
148 354 55 76
17 331 43 54
386 331 13 24
102 296 148 155
158 266 111 113
88 178 39 58
362 36 8 17
92 381 21 47
299 390 37 75
324 174 137 144
7 333 38 40
13 183 49 59
5 162 11 20
227 249 23 25
290 139 11 12
314 329 13 18
94 14 105 130
86 35 56 59
66 80 131 133
262 359 106 106
235 157 97 104
135 286 1 2
347 383 59 59
51 322 49 56
212 314 7 43
199 318 13 23
211 38 121 122
128 324 88 113
318 395 11 21
107 286 28 29
258 198 1 2
55 288 38 102
193 39 126 127
215 313 70 80
137 81 45 49
124 395 8 55
211 393 42 65
349 260 27 95
234 20 1 2
116 218 54 70
78 266 19 25
195 360 19 32
276 185 57 81
197 138 18 30
137 325 64 76
258 113 102 140
215 359 52 55
244 237 67 84
358 322 24 26
300 384 35 83
96 276 103 122
61 177 9 9
142 131 5 86
147 329 112 149
33 110 27 153
172 115 57 86
276 356 56 69
41 3 18 30
376 192 157 167
154 250 1 2
149 397 16 19
93 323 3 3
247 18 15 66
265 42 90 142
215 104 23 163
328 56 69 80
340 284 26 92
326 104 16 19
346 152 22 24
392 222 99 118
46 28 68 83
33 340 106 108
29 298 25 28
393 305 97 100
350 91 11 19
373 160 69 129
87 127 164 166
164 157 55 55
61 262 24 70
162 11 90 114
7 42 19 19
362 336 15 41
379 332 143 153
218 92 106 118
256 66 46 51
202 45 8 22
41 33 0 0
228 0 89 92
149 396 3 19
194 122 45 52
4 189 18 21
221 3 1 4
116 151 159 159
177 94 9 25
378 149 46 61
139 369 41 61
396 311 26 33
181 172 83 89
276 93 26 31
263 284 40 50
57 390 10 13
3 189 1 4
59 223 25 36
75 314 24 27
72 383 49 64
359 355 126 142
282 108 36 99
284 341 117 126
57 345 110 170
269 54 162 164
318 0 17 69
70 333 21 40
26 331 41 46
231 349 6 9
191 255 1 2
278 108 31 54
158 270 34 45
353 365 173 180
18 168 35 142
152 139 129 140
366 250 157 158
351 273 0 0
40 39 8 30
140 41 17 71
4 328 63 82
205 325 13 72
68 159 182 182
58 13 67 120
363 337 114 122
355 306 13 36
374 63 38 82
46 207 45 54
300 212 107 142
70 332 28 50
276 175 41 51
165 102 4 6
197 48 84 146
242 179 15 43
21 15 6 27
177 105 30 134
274 389 10 102
266 270 58 83
234 27 86 93
342 0 69 150
18 381 2 7
90 185 65 91
0 250 105 125
174 288 19 34
336 341 123 123
309 343 83 88
366 0 48 52
92 208 69 73
206 162 34 39
92 341 69 76
287 62 1 4
121 34 153 156
65 181 12 37
226 145 33 34
26 17 88 93
141 236 140 157
159 6 49 123
47 384 8 31
360 4 54 103
164 345 109 116
52 271 38 53
179 210 177 182
136 76 49 50
24 261 17 19
301 157 142 144
302 366 34 48
219 394 9 26
164 132 16 26
384 172 5 14
177 310 39 49
312 122 58 80
242 108 19 71
335 83 67 90
244 189 2 2
164 79 86 95
183 106 10 25
215 195 120 129
218 238 101 115
334 314 2 3
112 6 1 5
217 301 55 100
201 375 21 21
227 7 33 48
214 398 43 72
63 65 94 156
163 126 98 98
385 311 1 2
146 81 36 39
361 353 51 51
57 252 19 29
245 249 35 36
259 324 78 95
228 387 53 74
120 140 36 92
61 325 91 128
12 352 15 107
350 281 34 182
106 193 22 111
301 14 111 119
358 230 34 47
397 398 67 128
372 392 16 142
58 42 7 24
175 34 113 113
357 141 64 111
17 127 22 81
232 33 21 38
196 352 54 58
172 345 8 10
240 387 19 23
110 128 21 23
44 192 22 26
330 2 0 3
133 313 33 35
137 101 11 45
61 365 131 132
31 319 55 106
54 43 21 29
323 124 62 83
137 197 64 66
236 168 50 89
140 16 32 61
110 59 30 33
322 19 5 56
210 354 155 158
51 101 54 79
65 390 135 146
276 140 50 58
25 188 35 90
208 28 63 130
351 43 64 67
382 110 170 177
37 150 2 14
100 146 31 54
220 209 37 46
170 239 47 61
287 171 14 17
229 319 14 25
384 219 18 28
371 252 20 175
352 304 17 59
296 344 16 24
133 73 47 50
130 153 68 71
48 96 10 25
122 95 104 109
347 240 54 66
351 63 141 186
398 149 24 25
263 312 66 92
314 346 45 46
162 31 15 15
179 226 17 23
6 176 29 48
215 382 16 48
206 75 43 64
343 146 113 128
14 114 51 71
391 116 124 135
310 323 5 10
56 27 1 5
102 139 51 54
330 34 53 71
172 186 6 10
256 69 112 114
362 189 57 89
56 270 55 67
154 16 74 94
27 87 157 158
132 162 18 77
11 200 30 106
96 0 57 141
262 2 38 128
357 301 54 86
51 236 41 48
87 207 113 119
317 363 39 41
352 150 25 86
227 151 13 54
386 240 56 67
308 121 23 78
32 308 9 15
211 68 134 172
136 323 27 45
29 43 14 67
378 339 0 6
246 181 23 34
238 264 122 135
24 339 1 5
8 109 20 74
175 292 1 24
105 4 54 77
34 32 47 75
11 275 69 129
231 48 9 43
97 20 51 74
147 353 72 107
359 190 89 112
31 300 36 56
39 153 14 60
339 5 43 44
390 31 23 29
221 187 37 60
54 329 6 15
341 204 33 48
96 1 34 40
96 59 80 126
160 127 25 28
287 86 60 100
388 274 43 114
101 93 135 153
147 25 4 9
110 252 44 52
0 365 75 76
359 6 23 37
328 155 22 57
69 323 40 46
115 107 2 5
86 295 117 119
141 74 31 69
163 334 27 66
219 71 95 103
138 86 89 130
117 82 16 26
309 132 7 22
146 28 14 25
357 151 24 35
381 387 49 67
24 357 64 75
276 209 116 120
344 269 16 27
14 149 83 83
286 248 18 22
133 160 23 68
285 198 37 77
203 319 62 68
324 341 24 47
295 313 13 21
101 287 46 148
200 8 106 111
139 100 12 32
56 75 114 153
94 132 33 41
73 303 54 82
36 122 124 153
272 261 3 7
145 199 29 91
63 110 26 32
306 327 4 4
175 152 52 159
122 83 51 80
262 317 134 137
38 386 82 85
207 65 2 2
121 116 110 177
44 184 8 8
360 255 130 133
219 368 4 78
140 53 49 68
238 178 46 53
291 198 133 174
33 119 2 9
99 164 24 31
246 342 9 19
148 264 67 76
47 111 78 127
4 362 119 163
53 222 86 96
371 138 114 125
12 313 49 81
143 186 57 77
331 260 7 53
2 368 45 63
181 212 10 23
313 363 29 44
141 339 54 54
262 175 33 42
52 178 82 88
366 361 68 142
211 384 1 2
35 131 10 36
52 269 4 88
280 0 31 42
307 190 25 25
112 238 43 53
244 147 28 125
243 395 13 72
398 320 5 9
58 150 2 2
10 384 26 128
279 112 26 105
294 128 17 24
92 364 33 52
395 309 123 134
282 359 3 7
381 176 19 24
228 42 48 61
338 12 79 111
11 387 33 75
48 130 60 89
191 255 24 113
297 225 10 36
18 3 53 91
39 329 27 95
155 246 85 105
389 10 85 95
360 85 97 103
256 19 45 66
343 240 68 69
20 148 65 120
250 80 16 16
308 210 66 81
75 203 62 87
254 17 30 47
198 148 44 67
375 143 42 180
51 364 36 68
15 153 0 3
91 323 69 114
95 77 52 149
197 311 61 65
187 375 6 54
223 91 8 13
342 180 39 59
136 143 34 37
35 75 71 93
203 261 4 8
60 203 39 40
335 35 7 14
343 386 174 175
8 184 45 87
71 288 65 66
332 41 8 18
250 284 86 105
289 330 22 25
160 261 37 45
261 40 122 162
255 148 38 50
339 341 127 144
129 344 18 20
52 113 63 99
378 384 74 120
83 27 14 20
225 129 20 23
280 210 13 25
326 161 53 58
375 208 22 79
200 225 110 148
223 391 74 128
170 266 102 129
336 61 1 2
135 177 29 142
9 236 29 49
146 178 4 20
73 142 125 142
82 313 48 54
35 386 39 62
75 341 36 47
385 40 9 10
207 266 56 104
0 240 38 59
167 364 37 62
37 3 90 97
336 27 35 62
43 321 27 59
84 287 40 44
80 68 43 62
371 366 6 50
195 25 9 39
374 4 19 19
204 340 40 55
269 300 94 108
176 380 101 108
60 69 38 38
152 268 46 89
165 136 90 111
358 199 10 25
109 311 25 27
327 331 25 29
96 121 23 45
305 79 29 102
85 51 2 2
16 215 26 80
126 25 101 101
22 38 94 134
73 123 9 9
326 157 65 83
8 91 66 124
193 361 77 91
88 89 64 90
310 312 43 119
268 382 68 117
326 131 59 71
72 219 37 76
343 110 11 131
36 311 52 104
349 182 104 118
305 265 101 105
329 393 95 142
387 144 15 80
277 118 69 78
394 325 11 15
36 78 137 137
391 168 33 33
148 284 41 41
250 62 37 52
101 327 82 82
288 200 66 87
176 327 49 59
226 305 48 49
264 114 24 24
357 174 173 180
154 1 46 107
66 154 15 44
343 237 6 8
160 303 24 37
101 377 43 74
244 19 55 55
286 109 0 6
332 54 25 28
381 156 1 20
74 323 27 35
396 319 103 106
42 109 92 141
156 21 36 84
78 346 15 28
313 299 74 102
389 210 73 74
9 155 15 17
111 342 66 83
135 113 18 30
116 314 130 132
56 103 30 35
336 252 15 32
263 210 120 142
137 58 58 102
29 198 22 22
323 395 30 85
316 180 9 28
280 103 1 3
106 10 12 31
1 53 93 97
114 384 26 85
46 291 16 20
21 185 82 83
71 360 51 79
93 265 9 76
107 93 89 94
395 204 39 66
89 391 79 170
43 158 66 130
220 323 1 2
204 19 18 93
86 309 68 109
348 227 1 20
177 186 3 4
84 68 33 36
140 197 33 81
238 268 4 22
350 232 14 19
312 105 78 84
11 72 36 103
134 367 53 56
365 140 16 18
307 166 29 30
252 325 11 16
386 356 5 8
364 228 121 123
81 67 7 25
95 286 120 120
345 107 75 103
319 357 7 7
177 122 70 74
397 243 144 149
73 179 41 51
23 7 4 24
179 284 9 10
374 116 34 98
118 114 3 3
134 328 11 34
110 303 39 113
326 252 13 43
378 161 22 43
155 31 49 76
277 393 26 33
7 292 99 109
218 70 65 145
74 320 14 19
124 263 36 36
139 326 10 14
322 233 46 66
252 257 1 6
304 0 68 106
82 251 76 105
372 159 1 8
293 330 12 37
0 41 9 58
85 280 81 152
105 385 10 102
91 393 7 11
106 70 17 47
297 73 29 59
321 292 54 67
21 188 28 145
128 20 1 4
224 258 12 150
194 169 47 47
1 126 33 37
168 266 31 61
228 172 4 4
394 324 79 89
292 22 84 141
386 342 163 168
358 273 47 66
111 196 16 23
199 63 55 63
138 35 39 154
259 113 2 3
350 120 80 90
123 257 8 37
39 152 96 143
36 300 7 99
339 169 10 53
300 174 4 22
208 131 7 15
122 240 5 5
87 80 30 58
339 153 10 39
273 337 133 135
268 279 26 27
109 289 28 66
12 87 162 165
231 319 59 63
230 396 4 12
127 41 29 33
379 338 10 11
328 34 97 114
132 233 48 101
255 78 74 102
377 196 32 58
240 372 33 35
327 362 19 25
329 307 30 88
215 347 52 162
96 221 130 130
140 280 11 109
225 269 6 71
171 159 43 80
341 212 56 103
155 164 43 93
49 391 17 17
333 303 13 125
307 72 15 26
310 64 43 64
395 309 0 4
88 89 85 85
93 166 116 125
263 44 25 109
58 155 11 31
56 328 101 107
266 53 0 0
75 382 69 126
65 122 168 174
297 260 22 120
246 308 109 113
173 312 2 2
188 5 20 71
172 350 48 48
197 214 11 11
97 82 90 135
100 171 40 42
298 363 10 10
363 268 28 32
218 241 50 90
233 375 66 83
71 241 37 77
236 147 134 148
208 182 92 111
66 103 19 56
203 386 45 91
326 222 17 31
159 71 19 19
229 3 55 56
197 264 91 105
102 21 21 32
271 24 10 10
11 88 48 66
83 201 14 17
280 171 27 55
68 158 19 47
180 318 50 58
361 63 8 34
274 75 104 118
44 281 19 23
138 330 97 121
348 267 79 89
94 55 104 128
376 280 2 5
348 306 78 80
137 106 39 39
125 77 1 2
248 73 9 20
250 54 68 121
12 37 30 34
344 123 59 67
153 275 7 79
181 322 87 97
64 272 19 56
164 80 66 73
220 335 46 93
237 394 26 58
3 297 41 65
60 220 5 24
390 75 2 16
346 112 86 149
258 190 31 44
176 318 32 51
269 394 11 23
187 322 28 85
338 220 32 39
34 42 10 17
111 372 64 78
65 171 5 5
343 320 52 108
136 54 44 83
133 313 110 115
248 165 51 78
327 173 26 37
246 239 76 110
370 318 98 116
320 337 27 32
233 254 8 29
288 396 63 143
383 134 57 87
159 347 7 7
385 21 30 58
379 148 25 83
338 15 129 146
367 19 58 76
153 61 9 19
339 54 52 86
166 370 121 150
30 11 13 76
96 145 9 24
235 72 68 93
152 366 135 150
58 374 52 79
214 290 72 74
269 199 6 35
109 50 50 53
99 14 47 50
52 377 12 44
212 322 44 68
377 80 26 30
186 272 34 68
53 26 36 40
237 239 2 24
286 272 12 58
373 286 47 50
145 43 177 180
155 131 52 54
49 30 138 148
29 341 4 14
338 186 24 113
88 101 16 77
365 119 97 130
187 319 68 69
394 357 8 13
354 331 69 79
69 171 37 51
219 259 38 40
254 395 6 31
8 355 6 36
232 286 21 43
168 307 66 85
12 135 70 73
364 313 21 29
220 290 36 46
198 218 4 4
43 6 33 79
216 255 40 122
355 28 16 26
379 193 15 31
326 279 136 144
26 235 43 48
134 148 69 77
140 14 11 54
122 289 112 131
309 324 33 131
395 4 158 168
112 310 11 128
131 2 16 45
281 195 21 30
125 0 55 94
23 323 3 9
133 10 24 89
132 234 4 9
34 326 57 110
189 336 51 54
395 275 7 29
227 237 40 53
12 9 38 121
122 129 5 31
237 275 9 14
68 130 34 53
131 262 16 26
88 200 64 82
354 13 68 75
100 270 39 61
98 222 6 9
43 267 16 19
103 289 53 55
7 196 51 116
333 392 6 15
24 142 6 15
252 344 93 122
51 83 56 100
385 4 19 35
306 185 18 32
91 211 71 84
345 361 92 99
225 106 48 51
102 134 9 27
397 32 13 19
377 117 2 2
283 273 39 65
284 293 9 13
373 338 25 70
265 360 13 81
67 182 82 111
203 106 141 172
359 252 29 30
264 66 51 53
227 20 105 163
31 303 1 1
87 127 11 30
338 14 4 24
252 349 15 17
291 371 5 8
175 334 39 146
25 169 59 101
151 315 67 102
265 170 4 8
335 67 145 148
48 369 1 2
18 303 3 5
134 163 30 42
155 131 53 53
149 137 50 54
192 90 71 79
218 341 3 3
146 237 13 15
379 116 127 131
355 105 28 35
306 215 43 106
14 173 19 25
62 183 20 48
227 155 55 126
221 333 68 93
278 151 0 2
47 135 18 19
389 173 101 102
179 394 56 80
17 146 36 153
322 388 52 86
198 308 19 21
337 75 114 117
380 218 121 121
370 173 3 15
177 215 52 134
380 275 58 58
334 166 23 88
106 262 16 28
76 319 48 61
346 33 5 16
87 49 29 32
366 118 79 115
105 29 22 95
304 114 68 77
40 68 18 28
321 205 122 177
211 371 83 95
135 89 69 91
132 223 47 63
133 1 29 66
69 370 51 105
386 295 48 76
360 335 37 63
137 346 2 3
156 248 11 14
72 0 21 68
384 357 171 183
71 261 33 36
111 129 155 163
16 180 112 135
186 329 3 4
91 149 97 133
86 231 91 100
352 310 42 103
44 175 17 24
113 333 0 2
124 241 12 45
388 363 9 116
258 0 47 127
96 27 27 79
387 61 101 111
170 381 10 69
209 249 32 88
262 325 58 67
17 112 79 83
105 169 38 52
4 196 1 10
134 278 53 53
271 104 22 26
227 316 57 83
254 210 21 25
103 392 71 110
152 200 31 45
196 142 90 93
273 112 105 141
282 171 29 29
267 368 20 51
108 255 59 63
95 271 47 73
159 26 66 73
187 270 95 100
291 23 17 18
83 234 55 129
292 157 9 15
28 87 149 168
388 344 70 83
191 8 45 46
39 185 95 96
126 385 36 103
224 349 11 30
60 272 39 42
296 253 69 83
144 170 16 20
239 268 25 25
248 17 22 38
24 146 57 129
233 88 71 78
77 219 4 5
241 310 51 65
292 263 85 93
182 53 26 88
158 346 11 16
251 296 57 58
120 128 35 75
245 54 2 16
373 326 121 123
162 201 6 12
291 53 18 59
106 100 34 39
54 331 43 44
298 192 151 153
396 213 25 58
26 206 22 135
121 85 50 81
212 297 34 50
36 57 17 22
252 67 5 10
250 1 79 138
41 240 142 146
322 167 28 52
134 394 1 2
20 305 13 93
56 290 98 134
279 13 20 20
102 276 42 51
91 293 140 168
301 159 119 169
296 309 69 76
160 364 3 13
232 295 2 3
222 316 59 67
372 394 10 12
170 378 13 18
285 227 9 22
260 26 123 125
151 181 98 105
309 343 23 31
243 237 41 115
309 237 59 102
68 134 64 77
126 16 61 67
305 327 77 125
277 85 0 4
233 208 60 109
15 289 18 74
101 370 141 153
38 116 71 88
325 381 8 13
37 66 46 86
131 338 14 53
121 343 33 51
281 241 7 34
258 172 74 82
181 183 94 103
55 360 49 154
357 99 23 70
102 252 7 16
121 170 19 21
369 385 53 123
307 211 25 60
320 58 70 76
56 28 13 91
255 383 11 11
312 324 134 172
145 162 13 14
54 143 109 110
157 74 14 40
170 123 21 79
236 384 41 60
222 119 83 84
155 221 48 169
379 84 26 32
296 348 5 18
153 329 0 9
95 378 23 31
32 71 79 107
384 131 5 32
371 394 3 8
35 12 63 65
131 86 13 34
290 340 1 6
316 345 48 76
345 285 153 159
63 235 18 63
339 306 14 20
351 174 74 90
33 327 38 172
216 164 0 0
288 114 125 141
14 13 7 15
381 53 34 108
148 380 13 13
88 377 2 2
21 334 4 47
231 111 26 41
55 101 52 82
207 204 23 36
5 172 111 112
176 248 22 112
274 162 104 127
374 295 18 19
335 342 59 68
162 363 34 144
365 175 6 12
134 324 2 18
219 75 92 97
61 56 37 41
284 3 16 19
2 267 28 66
180 297 31 122
128 391 85 92
206 360 23 36
170 234 59 114
98 346 38 109
185 375 2 12
193 181 78 115
46 352 39 45
78 294 78 111
187 118 39 39
303 323 16 28
154 180 10 12
178 163 143 150
103 211 108 147
314 335 37 45
141 378 154 161
202 145 64 69
346 299 17 44
150 219 93 95
371 268 5 66
191 360 20 25
17 187 38 57
261 365 3 4
208 265 78 140
31 312 19 95
259 133 113 166
203 27 0 6
168 149 1 1
296 336 151 153
81 64 98 98
74 382 1 2
293 183 93 110
151 171 54 67
103 130 19 19
274 327 38 80
129 144 87 150
279 152 148 177
102 219 34 41
189 222 114 168
308 72 68 81
381 6 46 86
370 289 4 15
369 50 104 115
223 287 7 11
187 341 8 12
127 168 38 60
94 213 61 90
55 260 22 55
10 146 87 92
211 124 73 150
113 360 59 65
334 384 54 55
191 340 67 81
28 368 33 33
265 313 105 148
364 212 28 34
199 111 15 18
106 320 46 51
242 280 16 18
47 302 47 68
41 92 5 21
20 376 113 122
395 295 40 65
296 117 2 14
32 213 1 2
340 303 53 172
220 51 73 74
361 187 26 29
335 112 48 133
385 254 35 65
107 134 3 34
25 52 64 114
265 68 46 54
191 176 23 116
341 293 26 147
62 316 61 62
136 167 110 156
144 287 9 12
183 321 37 57
229 354 8 29
371 129 71 146
122 178 17 19
9 148 1 33
213 177 113 131
66 202 35 37
227 273 8 16
36 178 40 113
119 195 99 111
303 5 46 52
228 388 86 98
123 394 1 1
360 238 83 87
326 304 119 143
231 11 42 146
33 179 10 12
292 223 59 62
20 106 50 54
364 145 29 89
37 14 42 46
354 197 4 90
241 364 54 57
367 75 22 74
269 252 15 23
324 396 128 145
8 147 0 8
119 304 7 23
384 19 140 152
244 390 73 105
15 381 76 107
50 288 184 186
44 77 42 56
111 271 10 12
12 87 0 0
178 151 43 66
152 390 7 10
54 328 4 53
96 175 30 31
175 357 25 58
67 225 29 44
243 204 32 32
57 358 178 179
79 335 37 39
255 209 55 110
311 59 3 21
317 195 4 11
216 239 22 36
282 313 120 166
215 146 86 113
27 23 11 27
366 259 5 31
84 215 16 43
113 379 70 88
328 114 45 46
64 361 102 117
77 83 2 4
344 361 96 113
254 84 18 24
292 7 33 33
278 212 47 55
271 113 121 170
77 107 52 77
354 246 35 40
199 301 17 18
120 350 171 173
261 297 115 142
120 52 83 97
60 138 24 28
323 324 59 156
191 55 50 68
327 311 1 2
105 276 90 150
121 388 109 112
247 64 47 132
344 175 45 133
393 113 4 5
204 41 32 70
242 197 71 121
131 167 50 50
291 229 159 159
324 167 73 73
355 19 42 59
129 208 130 132
199 105 48 132
349 178 16 28
35 383 7 14
353 253 111 115
75 352 53 62
179 23 6 20
262 109 24 44
222 368 24 57
258 25 53 66
123 379 105 109
128 296 10 108
275 299 24 90
16 373 43 43
395 38 5 5
194 25 110 184
124 225 68 93
346 86 37 52
284 120 76 77
259 319 82 112
336 111 73 77
383 288 1 5
251 199 157 165
82 364 147 176
296 160 93 123
216 346 20 27
299 315 5 7
279 40 43 52
308 137 23 39
316 249 86 111
93 269 3 52
217 279 96 102
57 188 45 68
47 278 12 45
357 26 120 151
388 398 54 95
384 194 102 114
201 119 9 19
265 63 43 44
97 343 183 185
97 318 39 90
389 380 149 172
7 245 37 44
297 108 69 88
60 346 70 172
360 226 26 80
77 361 17 18
75 95 12 35
117 133 126 137
313 275 86 108
27 398 46 47
17 62 99 114
332 202 23 90
331 290 78 80
43 73 102 122
272 356 43 92
75 269 7 113
160 226 32 88
332 275 90 105
328 205 19 158
100 190 11 68
54 206 94 101
374 22 100 146
51 52 30 42
392 128 5 11
107 306 114 145
323 275 80 85
136 111 50 103
368 328 33 38
386 310 51 88
362 103 22 41
39 29 95 100
169 380 31 91
347 56 142 145
320 28 15 17
172 140 15 16
184 231 24 71
324 364 128 173
347 161 53 72
94 61 17 19
195 215 1 30
372 73 5 8
109 94 14 19
193 194 117 138
172 121 65 93
67 137 59 67
172 205 117 120
164 131 30 35
179 31 121 139
341 73 28 47
99 364 91 131
321 346 37 132
19 158 16 53
349 172 121 122
320 145 27 30
81 36 43 73
229 120 10 16
139 261 56 109
92 302 1 2
205 271 80 110
280 325 37 77
336 281 8 105
277 117 69 75
21 0 95 95
147 362 87 88
80 64 83 103
253 377 63 89
75 226 47 76
250 344 96 98
118 294 32 49
232 388 20 46
143 18 49 58
42 291 74 74
352 257 36 73
61 86 9 37
57 206 23 72
184 127 6 8
261 259 110 115
289 6 27 31
85 387 153 169
165 274 1 2
358 250 24 40
289 246 25 140
258 250 47 47
395 192 43 51
291 384 105 113
254 160 67 69
300 227 11 35
334 176 33 34
325 361 28 39
398 198 5 20
111 69 80 97
58 242 116 119
95 169 30 47
360 119 90 110
298 21 13 87
198 172 149 149
143 343 11 13
255 141 9 127
67 181 101 106
398 273 150 151
162 159 114 153
348 101 6 79
211 276 17 137
156 80 58 62
86 10 35 36
129 278 167 172
81 71 101 112
234 280 120 120
1 229 37 45
92 227 1 2
129 93 11 30
149 12 25 153
371 109 113 116
377 148 48 106
382 172 85 121
144 117 73 85
82 387 78 78
103 116 83 89
292 22 34 52
183 125 16 73
302 311 43 49
145 234 33 114
271 317 36 47
122 9 13 17
183 257 8 62
146 142 24 24
148 179 21 25
352 169 5 19
128 353 0 1
353 201 31 41
281 304 54 100
17 264 102 163
342 376 16 19
216 130 40 42
222 93 3 31
84 259 91 126
275 8 51 112
292 66 13 14
136 117 52 56
287 150 31 38
215 322 64 71
140 183 29 72
176 203 12 18
316 59 7 36
266 31 47 113
376 199 13 41
273 110 76 87
19 20 80 103
93 174 11 59
182 398 53 78
75 172 21 118
389 29 63 64
64 354 122 144
142 122 90 114
276 206 69 78
189 350 28 32
132 148 3 4
354 90 23 63
202 330 6 41
316 247 6 8
364 378 11 92
332 98 38 40
193 42 15 18
158 335 4 31
264 89 66 66
322 30 48 74
98 260 109 118
58 56 82 152
44 38 80 86
