400 3200
0 1 75 135
1 2 67 84
2 3 21 29
3 4 56 119
4 5 44 63
5 6 42 80
6 7 58 95
7 8 53 89
8 9 78 141
9 10 97 141
10 11 55 68
11 12 54 63
12 13 56 94
13 14 10 10
14 15 23 59
15 16 90 119
16 17 82 112
17 18 5 7
18 19 28 81
19 20 48 106
20 21 87 99
21 22 12 13
22 23 59 65
23 24 117 136
24 25 51 57
25 26 21 23
26 27 6 22
27 28 23 40
28 29 27 29
29 30 119 128
30 31 27 61
31 32 44 68
32 33 24 24
33 34 12 13
34 35 115 125
35 36 55 63
36 37 79 100
37 38 49 52
38 39 23 25
39 40 103 118
40 41 43 44
41 42 36 38
42 43 30 46
43 44 116 121
44 45 13 15
45 46 17 24
46 47 38 38
47 48 58 119
48 49 23 26
49 50 12 25
50 51 14 17
51 52 103 135
52 53 28 66
53 54 33 46
54 55 92 125
55 56 23 58
56 57 68 88
57 58 47 130
58 59 59 66
59 60 105 112
60 61 28 61
61 62 0 2
62 63 59 68
63 64 67 96
64 65 12 41
65 66 43 44
66 67 114 119
67 68 28 42
68 69 60 60
69 70 64 90
70 71 61 64
71 72 51 94
72 73 35 94
73 74 137 146
74 75 38 56
75 76 16 35
76 77 138 141
77 78 52 82
78 79 81 93
79 80 64 66
80 81 102 110
81 82 62 78
82 83 55 59
83 84 11 22
84 85 51 74
85 86 82 88
86 87 78 131
87 88 14 14
88 89 74 87
89 90 96 98
90 91 38 100
91 92 35 35
92 93 21 27
93 94 88 128
94 95 0 1
95 96 49 101
96 97 114 122
97 98 28 32
98 99 22 76
99 100 23 24
100 101 25 41
101 102 76 76
102 103 95 102
103 104 38 56
104 105 6 7
105 106 110 131
106 107 22 39
107 108 91 96
108 109 78 92
109 110 27 27
110 111 11 21
111 112 32 78
112 113 85 86
113 114 97 111
114 115 7 12
115 116 59 66
116 117 103 108
117 118 9 9
118 119 42 49
119 120 26 35
120 121 39 83
121 122 5 7
122 123 15 38
123 124 53 60
124 125 123 127
125 126 28 31
126 127 53 81
127 128 74 77
128 129 5 8
129 130 8 9
130 131 64 81
131 132 30 30
132 133 66 78
133 134 26 91
134 135 101 106
135 136 59 118
136 137 46 52
137 138 37 51
138 139 87 96
139 140 117 129
140 141 81 98
141 142 23 39
142 143 7 10
143 144 1 7
144 145 28 99
145 146 29 79
146 147 47 88
147 148 19 19
148 149 90 120
149 150 3 4
150 151 1 2
151 152 9 9
152 153 7 8
153 154 45 50
154 155 18 22
155 156 29 30
156 157 54 133
157 158 9 11
158 159 79 79
159 160 91 100
160 161 55 78
161 162 68 76
162 163 94 133
163 164 120 136
164 165 9 24
165 166 20 59
166 167 40 43
167 168 62 96
168 169 28 38
169 170 48 59
170 171 46 73
171 172 1 1
172 173 29 31
173 174 41 59
174 175 6 7
175 176 35 44
176 177 80 93
177 178 7 8
178 179 40 115
179 180 20 24
180 181 1 1
181 182 10 11
182 183 129 134
183 184 23 44
184 185 4 4
185 186 109 112
186 187 54 133
187 188 46 57
188 189 95 141
189 190 139 145
190 191 31 44
191 192 25 72
192 193 59 67
193 194 66 77
194 195 88 89
195 196 34 36
196 197 12 28
197 198 33 68
198 199 102 135
199 200 71 72
200 201 27 29
201 202 52 57
202 203 21 21
203 204 113 153
204 205 56 70
205 206 55 61
206 207 95 96
207 208 78 96
208 209 39 42
209 210 30 31
210 211 34 53
211 212 110 110
212 213 29 47
213 214 44 50
214 215 3 9
215 216 95 95
216 217 3 8
217 218 122 127
218 219 57 60
219 220 8 20
220 221 48 56
221 222 6 11
222 223 37 101
223 224 12 14
224 225 2 3
225 226 93 95
226 227 12 18
227 228 74 76
228 229 107 107
229 230 49 53
230 231 84 109
231 232 81 96
232 233 132 146
233 234 72 82
234 235 75 120
235 236 52 59
236 237 5 21
237 238 11 12
238 239 49 58
239 240 55 64
240 241 26 33
241 242 19 21
242 243 41 52
243 244 26 34
244 245 84 94
245 246 47 48
246 247 9 9
247 248 25 26
248 249 70 79
249 250 98 102
250 251 34 126
251 252 153 156
252 253 46 57
253 254 90 90
254 255 105 112
255 256 56 58
256 257 64 77
257 258 43 49
258 259 21 39
259 260 59 79
260 261 49 49
261 262 51 51
262 263 91 109
263 264 33 43
264 265 27 27
265 266 17 22
266 267 100 115
267 268 21 27
268 269 40 48
269 270 20 20
270 271 85 123
271 272 63 71
272 273 62 76
273 274 73 82
274 275 100 101
275 276 51 63
276 277 61 87
277 278 40 40
278 279 51 62
279 280 75 75
280 281 67 74
281 282 142 152
282 283 37 44
283 284 32 32
284 285 26 36
285 286 44 47
286 287 19 30
287 288 95 98
288 289 25 26
289 290 38 38
290 291 49 61
291 292 70 70
292 293 14 14
293 294 74 116
294 295 3 6
295 296 39 112
296 297 31 52
297 298 48 74
298 299 14 14
299 300 20 30
300 301 42 49
301 302 61 61
302 303 21 26
303 304 106 115
304 305 3 8
305 306 82 133
306 307 36 54
307 308 43 96
308 309 51 71
309 310 61 70
310 311 135 140
311 312 108 112
312 313 54 69
313 314 26 51
314 315 3 7
315 316 93 112
316 317 120 120
317 318 57 101
318 319 58 110
319 320 96 96
320 321 16 18
321 322 113 141
322 323 31 45
323 324 14 46
324 325 88 129
325 326 52 59
326 327 13 18
327 328 56 72
328 329 93 100
329 330 79 94
330 331 45 128
331 332 82 84
332 333 60 64
333 334 64 98
334 335 3 4
335 336 35 66
336 337 58 83
337 338 127 128
338 339 39 41
339 340 27 27
340 341 75 81
341 342 143 144
342 343 124 136
343 344 71 74
344 345 15 16
345 346 54 69
346 347 58 72
347 348 34 40
348 349 20 24
349 350 23 61
350 351 53 65
351 352 82 88
352 353 24 34
353 354 8 10
354 355 61 77
355 356 81 144
356 357 43 48
357 358 7 11
358 359 112 113
359 360 115 115
360 361 54 114
361 362 53 88
362 363 86 90
363 364 78 96
364 365 99 101
365 366 80 86
366 367 49 50
367 368 57 77
368 369 33 49
369 370 40 75
370 371 58 108
371 372 8 23
372 373 16 34
373 374 91 112
374 375 29 54
375 376 40 69
376 377 142 156
377 378 16 18
378 379 24 28
379 380 58 135
380 381 54 77
381 382 41 46
382 383 80 80
383 384 18 26
384 385 61 79
385 386 41 75
386 387 95 116
387 388 23 26
388 389 42 136
389 390 89 114
390 391 17 37
391 392 112 118
392 393 64 100
393 394 3 5
394 395 100 104
395 396 81 82
396 397 52 75
397 398 128 153
398 399 25 40
399 0 33 37
31 344 79 81
192 273 21 22
91 172 36 93
116 159 82 85
119 43 23 30
142 130 91 91
97 295 55 94
389 53 47 88
218 358 5 11
74 118 53 67
97 62 37 102
347 323 64 65
282 22 14 15
291 395 15 17
108 277 29 34
2 36 59 112
281 390 129 133
123 320 7 12
273 151 43 48
32 94 15 15
96 207 12 30
55 160 45 108
185 187 22 68
158 357 6 17
75 254 40 57
164 9 8 14
390 173 4 20
191 343 56 69
78 274 83 110
234 256 40 49
149 136 50 87
250 69 43 61
99 180 50 73
164 343 48 50
308 272 35 42
338 320 12 21
239 41 137 148
122 185 5 18
143 71 123 124
10 359 29 71
252 321 75 97
105 287 19 54
116 69 95 100
313 325 21 39
390 53 104 108
291 93 48 52
127 368 125 137
331 392 43 46
215 328 40 45
267 183 40 85
171 230 10 25
232 382 87 112
87 306 43 45
263 198 152 154
318 149 22 27
169 227 45 48
115 169 9 10
81 198 0 1
260 194 19 36
283 139 55 100
335 109 13 39
348 12 21 25
75 12 16 44
28 94 54 98
328 205 52 57
304 361 40 52
217 300 70 71
74 53 34 69
143 237 59 76
384 136 77 142
29 45 105 106
265 291 18 35
288 346 22 22
216 201 81 92
313 240 123 128
195 388 2 4
53 69 97 110
44 379 88 94
102 352 21 29
330 266 14 17
388 222 31 62
200 106 47 53
186 42 4 6
359 223 98 106
277 225 68 112
88 57 41 49
287 359 43 60
32 146 15 58
258 248 92 101
304 361 33 63
294 381 7 12
308 19 78 81
200 113 88 99
13 166 47 106
158 46 41 43
354 383 117 124
173 52 119 123
192 28 15 16
83 185 122 127
282 339 11 13
392 90 15 30
314 222 25 38
253 198 6 7
10 5 56 138
38 390 74 77
172 108 16 31
358 182 40 41
211 311 8 15
334 120 67 70
217 384 62 138
62 129 73 90
33 8 77 107
13 156 18 31
334 222 11 11
38 353 115 120
237 158 89 133
317 35 20 22
119 355 11 24
190 191 96 140
298 202 94 94
166 241 97 104
11 357 14 15
94 383 104 104
80 68 83 89
152 381 65 84
387 72 24 73
3 232 6 9
60 359 18 21
323 11 42 70
388 137 22 29
259 37 82 83
285 62 2 7
278 135 38 38
230 116 80 83
164 140 12 12
270 352 43 54
276 382 116 118
12 117 78 95
9 24 40 159
225 397 77 136
334 357 17 19
10 276 78 90
131 143 71 92
187 250 37 54
385 6 24 39
29 163 32 42
186 254 42 45
121 112 65 135
109 275 70 70
225 50 29 49
73 24 71 117
106 77 97 99
121 188 16 17
222 157 23 39
113 103 30 38
292 297 54 55
160 347 78 111
83 291 64 83
227 38 89 96
122 76 35 62
61 394 41 145
94 116 76 118
328 140 28 30
155 67 39 152
155 385 67 83
137 284 33 42
213 294 60 86
242 1 12 12
72 203 88 115
371 289 39 51
110 241 17 21
310 253 6 7
238 178 26 29
93 16 101 118
69 322 105 134
146 387 101 113
60 294 21 33
13 156 32 46
330 272 117 138
78 158 68 84
21 89 97 97
136 208 25 35
395 191 63 67
13 119 60 104
188 393 102 108
186 15 77 108
98 344 12 13
168 244 11 11
313 164 63 142
15 270 42 46
301 10 52 108
97 343 102 103
55 86 28 29
141 103 26 33
341 190 61 111
85 37 27 38
131 7 43 83
322 397 22 38
18 11 2 3
361 260 0 2
79 258 42 52
329 292 5 7
287 124 11 15
87 182 62 122
117 44 57 109
385 153 99 104
7 156 5 6
233 146 8 8
272 231 15 24
139 299 49 53
3 318 46 68
350 94 130 130
249 238 98 98
240 55 95 99
291 59 29 51
309 125 111 114
236 384 57 98
96 196 34 84
241 93 47 67
291 368 5 7
395 362 16 27
287 67 6 7
392 111 44 47
228 367 55 64
222 263 122 149
116 392 7 19
172 143 48 65
336 166 1 2
313 270 38 42
173 396 109 154
237 212 53 55
59 25 6 7
285 221 24 24
390 200 17 30
148 67 126 134
44 391 2 9
93 380 31 35
250 287 4 8
394 287 82 87
199 279 29 35
235 133 31 36
79 372 98 106
72 59 55 92
297 222 69 86
151 204 22 31
224 66 2 3
49 35 63 132
16 228 7 25
11 54 26 35
132 263 25 45
230 19 66 124
222 64 26 76
31 199 104 116
321 132 4 13
10 391 131 133
39 83 53 140
243 114 39 52
16 234 28 96
176 316 9 9
182 50 28 52
215 394 32 43
31 216 20 22
242 165 13 20
202 6 78 96
216 367 62 112
194 60 115 137
391 91 34 42
43 5 59 84
251 366 120 135
333 373 6 25
355 56 123 128
144 355 97 132
276 217 67 103
139 217 52 54
353 124 112 135
312 140 111 113
320 162 50 76
339 120 25 32
183 113 76 77
160 294 104 107
68 174 116 141
242 315 85 111
217 221 6 6
82 274 76 88
174 275 60 84
195 358 41 42
266 382 13 16
202 7 112 140
327 122 85 104
31 382 110 112
348 301 19 60
207 373 117 125
109 267 99 106
69 168 68 117
5 394 4 4
206 284 62 94
392 283 10 22
162 207 19 19
224 200 92 101
202 274 72 89
318 193 23 28
33 98 12 22
43 158 27 39
339 63 19 19
36 188 14 19
210 269 17 18
129 146 7 8
338 331 68 100
226 242 52 70
100 306 17 18
328 144 28 41
135 224 86 140
361 303 41 59
250 182 29 38
80 194 66 70
139 307 73 97
364 246 70 76
31 369 82 88
139 34 4 7
98 183 2 3
248 141 79 87
62 212 38 38
397 324 107 147
14 208 73 89
344 38 35 56
213 373 98 121
181 117 44 47
239 368 32 85
249 155 15 22
267 343 31 33
278 168 20 21
162 11 59 70
287 12 34 38
186 300 19 44
212 46 52 61
320 8 22 34
124 398 57 60
53 247 100 128
367 29 34 35
143 166 23 68
205 276 73 74
15 390 22 25
326 239 15 23
339 356 47 50
88 66 25 25
296 179 15 15
200 231 8 9
356 68 5 8
134 8 39 83
209 278 50 56
336 167 80 108
244 249 46 122
219 244 109 114
169 185 33 34
321 227 10 12
92 311 91 99
221 206 12 19
281 60 104 106
12 11 5 8
98 144 9 12
106 247 43 106
345 164 56 58
242 353 15 19
332 7 31 70
4 364 3 4
211 57 32 101
183 52 124 129
57 33 6 6
32 192 105 105
109 396 91 103
51 44 108 127
191 308 34 34
213 12 64 68
346 334 15 17
329 110 4 6
297 381 51 63
383 216 24 32
7 216 48 127
143 258 8 17
333 86 47 103
168 358 42 60
7 296 88 88
376 79 43 50
19 193 62 62
39 363 18 22
350 70 6 8
286 85 103 106
283 44 86 102
15 184 23 36
367 305 37 43
219 320 18 18
370 150 20 33
394 156 21 21
327 347 116 118
392 350 58 77
319 78 17 19
110 86 22 24
55 217 81 118
228 251 20 21
17 230 37 38
299 227 143 155
48 92 31 81
215 166 40 45
294 329 60 63
129 221 68 96
105 272 69 71
296 127 10 16
259 364 110 154
286 269 122 137
66 207 7 7
95 364 2 4
159 381 6 9
356 287 107 109
397 155 13 21
258 85 84 97
231 123 12 32
301 276 11 21
122 28 30 63
50 251 5 5
278 117 50 57
139 25 74 92
246 324 21 21
284 145 87 100
346 146 25 44
240 149 3 5
298 229 49 56
270 364 27 45
303 363 39 62
99 118 55 58
199 17 109 121
51 106 29 36
269 364 41 43
387 296 36 71
193 222 13 33
236 88 10 11
323 34 8 9
285 183 42 110
345 77 27 46
125 94 67 84
270 398 86 124
9 275 16 37
376 115 61 112
354 226 5 12
197 334 8 9
144 97 55 62
45 245 43 60
245 267 85 85
181 301 21 50
129 86 54 71
22 150 55 67
235 332 111 123
324 268 1 2
120 189 58 75
339 215 18 20
103 219 52 52
196 333 135 137
47 1 140 144
246 247 73 73
246 13 26 50
72 350 113 136
282 44 10 14
39 342 65 106
106 168 59 89
227 275 32 33
65 199 62 65
360 12 44 49
152 246 51 61
134 338 134 137
260 171 6 14
393 364 124 124
331 194 3 4
391 212 46 114
125 280 85 135
59 111 49 59
369 45 86 107
71 69 5 20
63 244 37 66
361 307 46 123
16 214 9 9
348 353 59 60
164 361 50 54
365 291 53 53
219 281 7 10
57 118 12 12
64 264 38 44
279 297 28 38
229 360 29 38
47 179 7 9
100 1 97 97
102 309 68 72
184 273 8 8
141 0 18 33
225 143 3 3
100 308 58 82
181 9 158 159
121 142 57 97
29 116 57 65
126 135 5 9
97 138 107 114
188 120 37 45
225 378 28 45
296 275 64 67
21 329 38 138
292 387 140 140
179 59 81 83
18 111 64 113
346 187 145 146
74 44 20 59
44 110 89 123
375 258 34 112
102 347 58 58
313 381 8 12
130 295 80 90
313 314 68 68
190 140 65 70
50 178 79 126
284 134 112 124
369 238 87 91
398 14 45 59
225 274 13 15
287 209 5 9
272 373 41 69
130 117 3 7
93 58 61 62
258 175 6 8
30 55 53 77
128 185 132 141
157 361 41 62
279 101 18 18
114 97 45 62
394 170 5 16
329 264 15 27
108 282 38 135
176 8 13 20
312 266 12 15
248 23 110 111
82 84 15 22
38 157 24 25
160 378 0 0
385 357 63 73
84 61 47 136
102 89 31 91
43 326 69 79
31 382 105 121
296 198 16 21
190 68 109 117
117 47 30 52
117 378 10 21
41 112 13 30
355 288 54 66
382 265 49 91
233 29 20 22
20 175 29 69
24 91 52 92
77 326 27 55
8 119 18 34
369 388 111 142
186 392 71 122
3 394 75 116
75 95 62 71
272 253 33 33
230 206 133 153
195 364 16 21
264 33 60 63
398 145 39 118
61 256 4 15
292 8 24 29
2 220 60 111
262 213 123 125
36 373 54 82
369 168 70 88
339 387 31 32
198 189 26 27
96 6 107 108
359 46 39 53
29 346 22 33
198 96 14 27
252 92 77 90
151 91 10 18
256 268 94 121
190 230 4 15
110 301 24 26
80 270 52 52
53 244 32 42
170 321 41 54
208 103 2 2
2 389 77 112
330 31 31 58
199 213 114 114
310 146 151 156
109 161 17 18
7 177 71 113
338 122 100 140
397 118 4 7
199 342 93 105
12 333 102 105
141 350 48 71
192 121 17 23
64 389 24 50
16 371 94 94
7 369 74 111
61 201 54 54
273 58 21 23
302 173 115 119
260 348 74 102
253 365 39 78
75 204 22 81
319 177 40 55
145 150 19 45
398 200 72 93
262 226 120 130
10 352 21 33
316 228 7 7
176 332 51 61
134 221 22 70
356 124 52 56
0 130 23 47
349 222 38 68
133 51 11 38
356 235 75 90
120 252 56 80
255 70 11 12
183 273 23 35
38 255 116 130
273 321 78 127
249 57 9 21
202 170 124 128
360 121 62 82
202 256 97 101
0 197 85 85
337 234 40 86
36 86 14 25
364 33 13 15
254 125 34 46
191 76 133 137
155 316 43 94
118 303 82 104
270 184 44 129
148 19 7 8
16 243 137 140
299 70 12 25
50 344 46 57
307 239 0 2
215 154 22 23
346 253 29 31
166 24 10 15
289 87 41 42
22 306 29 29
260 339 115 119
72 90 59 102
247 322 5 14
114 243 85 88
191 382 64 69
379 150 34 76
94 181 137 148
73 158 50 59
310 349 101 123
184 325 13 13
279 51 14 23
129 323 67 75
228 142 41 47
129 49 35 83
146 63 42 107
165 338 114 123
51 135 92 119
362 266 101 148
376 219 68 116
383 25 23 51
390 384 42 43
163 228 77 123
57 100 20 47
46 172 97 97
145 338 40 58
172 159 28 31
122 178 61 66
377 211 21 22
242 269 70 82
214 360 2 2
265 96 69 83
155 337 111 113
83 340 72 137
101 317 47 49
1 344 60 69
57 38 11 27
202 366 61 118
384 290 109 144
89 152 26 61
12 301 11 20
81 217 22 40
170 285 28 33
398 81 45 63
237 109 37 37
79 268 63 102
322 58 95 113
289 363 22 29
37 257 17 21
317 165 46 79
11 268 91 109
168 342 43 44
173 79 72 83
354 248 33 67
37 288 130 151
299 83 10 24
190 262 20 29
331 39 108 109
263 390 74 96
53 28 14 17
38 6 39 39
178 165 56 63
292 219 86 89
376 186 14 28
223 169 54 63
43 385 6 6
9 110 20 28
291 111 7 24
164 11 66 97
392 158 25 41
222 370 43 100
163 175 89 100
231 316 32 95
349 279 17 34
311 33 27 103
62 60 65 65
180 276 25 25
144 243 74 122
359 64 53 54
120 10 4 7
94 339 25 39
11 80 100 143
133 62 17 29
158 308 2 5
110 335 20 37
99 141 7 8
313 235 10 15
31 217 90 93
5 333 1 3
105 94 43 44
300 206 61 68
315 255 115 117
150 221 46 49
395 171 36 75
176 91 63 92
276 3 2 4
284 92 19 21
208 200 36 45
319 169 30 31
50 241 120 140
45 228 34 41
50 328 85 92
247 97 23 68
163 32 1 1
370 316 29 34
333 73 9 10
365 339 18 40
384 155 17 37
108 178 34 57
140 291 10 16
52 373 102 113
46 45 42 48
183 96 9 10
16 215 8 8
351 305 21 41
206 390 53 157
289 158 34 61
172 277 14 36
20 53 68 71
233 107 69 90
70 6 38 45
316 305 76 86
30 381 41 56
386 397 56 79
73 134 80 110
344 388 59 89
65 188 1 3
228 256 104 129
131 296 66 81
369 2 31 50
176 79 67 68
62 19 37 58
46 229 86 95
1 189 100 115
229 224 82 115
218 110 29 47
22 395 15 25
201 164 80 80
222 89 52 81
197 26 40 45
115 180 146 156
390 34 4 9
297 363 49 57
179 15 9 10
243 133 41 88
271 13 32 36
318 111 47 104
79 339 108 114
230 179 115 120
304 310 32 48
325 58 54 61
15 210 7 10
331 10 107 107
11 205 36 41
28 371 86 99
24 117 122 127
149 131 87 120
298 216 51 123
267 131 45 50
120 237 75 141
139 69 51 52
53 322 64 100
155 171 1 2
226 76 33 50
175 153 60 71
170 24 21 41
26 368 24 45
309 191 37 108
133 347 72 85
354 202 83 100
133 386 4 5
186 1 36 39
335 45 2 3
385 369 36 39
387 252 7 7
304 60 86 105
312 261 9 9
171 345 62 84
213 54 0 0
315 294 59 67
194 198 36 38
15 128 3 13
144 99 63 70
39 98 46 76
353 135 15 21
199 109 28 34
108 66 56 57
322 305 19 30
312 169 6 16
260 90 121 124
335 215 26 26
198 287 17 19
220 214 35 43
305 247 44 65
240 274 25 45
239 142 49 102
19 3 137 138
227 228 36 40
304 191 114 123
163 176 79 85
315 32 60 69
292 371 9 13
302 150 54 65
263 311 50 67
240 54 104 111
220 67 12 22
369 65 82 82
384 364 5 5
228 32 23 25
350 252 59 80
397 61 16 20
136 362 111 124
313 7 0 0
294 332 31 42
181 131 38 42
288 262 29 35
280 195 79 88
15 375 39 57
289 217 83 111
397 245 12 17
285 152 6 10
139 321 25 42
57 265 117 129
338 22 45 58
84 314 100 116
77 43 54 116
157 140 33 49
114 245 11 13
74 233 84 92
117 154 7 15
127 370 64 112
276 378 38 38
47 357 11 19
249 260 102 105
231 385 28 32
165 386 21 29
342 51 6 24
123 258 79 104
71 168 58 60
394 358 39 73
249 117 32 36
248 78 59 93
220 175 109 120
369 47 117 117
322 343 93 96
378 48 63 86
249 182 103 112
157 289 51 68
96 38 70 78
41 77 8 10
317 362 80 113
101 35 122 128
191 249 32 36
18 251 96 103
304 62 54 68
246 314 57 71
0 17 3 3
369 207 12 14
57 356 82 150
124 170 77 92
87 78 67 69
64 259 31 48
185 155 29 31
84 175 59 62
200 110 45 72
27 329 19 29
220 343 13 14
81 197 13 25
315 29 130 134
53 45 60 65
372 198 7 9
292 84 75 84
167 106 86 111
250 223 25 28
383 213 9 10
219 330 75 83
298 386 29 65
392 19 8 20
232 91 20 20
74 182 104 105
0 181 60 113
33 270 92 106
147 212 14 41
366 256 49 123
367 340 62 75
94 104 4 16
140 158 15 23
190 237 9 12
75 350 62 63
172 119 85 99
362 136 66 90
190 374 19 31
389 1 107 128
65 365 87 100
97 294 74 77
38 201 25 25
58 193 16 25
195 389 113 145
224 353 3 4
121 61 53 70
305 239 49 50
190 0 71 104
346 358 54 57
112 103 35 50
135 342 130 130
19 294 20 22
67 289 39 156
261 22 42 56
8 168 13 13
283 222 91 105
306 233 36 86
261 38 103 146
283 279 133 143
211 277 53 69
176 133 138 138
391 114 7 22
389 197 62 100
306 347 104 106
179 266 30 37
265 153 52 62
33 278 106 118
181 289 46 49
366 388 152 155
286 356 83 84
254 280 12 19
56 21 42 139
154 153 40 81
38 115 34 45
251 122 127 127
82 282 24 36
67 144 76 80
210 100 90 117
260 34 84 99
298 391 78 99
242 306 13 20
194 377 13 14
2 192 133 139
196 265 58 71
3 236 8 8
67 354 48 49
52 330 28 52
230 383 8 28
20 25 70 76
219 90 127 138
310 222 60 71
141 170 92 107
36 300 26 26
44 17 56 62
97 383 23 25
44 164 113 115
203 42 14 18
188 169 96 97
293 79 8 9
299 232 8 10
387 80 29 38
284 83 30 35
43 130 89 104
370 171 89 117
331 206 8 9
178 310 40 47
389 331 35 57
142 372 16 53
213 240 47 64
9 160 100 144
60 241 39 68
374 98 50 52
333 18 126 130
347 100 8 14
347 336 113 126
298 41 105 109
310 294 24 25
65 239 41 97
32 8 11 20
139 199 12 49
226 207 10 14
145 299 32 65
211 263 49 57
390 265 60 111
342 146 102 105
303 226 55 61
231 306 11 20
330 222 17 22
239 232 37 51
20 340 13 26
370 357 125 138
111 326 71 79
280 257 20 20
27 75 110 119
372 141 37 70
69 134 10 13
150 317 46 136
232 391 16 18
210 324 67 68
304 241 22 35
292 45 53 56
71 181 13 14
53 273 19 21
176 236 13 32
17 235 140 145
341 70 77 88
30 304 2 5
383 231 3 9
287 290 44 81
26 177 53 58
110 34 46 148
215 66 39 52
279 115 30 58
282 306 60 75
78 186 92 111
172 21 131 143
196 73 37 62
135 355 93 111
272 178 7 12
97 160 101 140
286 219 51 52
228 239 81 82
166 292 3 7
345 94 67 90
310 175 32 40
34 144 1 5
280 69 31 122
353 281 75 79
195 193 41 68
271 395 28 41
221 246 59 74
306 385 56 74
182 197 25 36
234 226 11 14
2 358 49 61
32 96 33 38
377 95 75 101
126 47 15 15
233 28 80 106
100 127 31 42
157 92 4 6
189 28 120 121
378 294 46 52
220 316 65 69
78 325 20 50
201 132 80 82
262 289 32 33
161 342 15 23
49 256 58 120
191 127 83 126
289 125 53 115
132 368 78 114
304 331 34 56
273 272 29 29
174 307 47 64
119 78 98 100
370 288 20 28
37 389 72 105
396 335 102 103
264 28 30 40
89 25 81 85
7 382 33 44
262 296 32 55
3 133 46 149
48 21 2 2
40 166 60 64
31 114 60 60
134 183 66 146
197 334 14 28
187 240 49 115
229 237 109 129
325 87 49 49
367 147 37 56
207 231 83 85
40 398 66 124
205 159 25 87
167 286 38 88
12 44 137 141
392 217 138 142
105 90 32 51
315 135 35 36
148 183 82 86
391 17 54 92
311 87 27 44
52 151 15 18
126 354 57 143
194 380 36 46
357 138 6 14
366 131 33 52
146 51 25 29
326 76 76 84
258 327 65 87
129 106 44 44
69 370 53 87
361 362 45 104
64 147 23 23
134 44 8 17
374 220 1 3
385 244 80 83
308 356 9 25
228 86 62 80
34 168 34 44
34 81 3 16
174 326 65 89
55 102 34 35
337 90 33 37
383 90 24 45
332 327 16 33
302 127 99 100
306 374 104 111
281 11 105 114
2 105 45 48
166 244 24 27
157 0 70 72
36 48 27 44
200 226 104 151
391 287 81 90
344 76 44 51
380 97 62 66
133 348 41 42
275 120 89 97
215 145 59 65
111 125 24 24
269 144 31 45
235 18 36 94
14 309 118 119
19 246 115 127
80 321 1 4
136 364 98 101
347 393 66 67
38 270 36 38
333 117 5 12
226 11 19 22
4 382 63 124
111 197 40 41
128 256 83 102
86 48 92 121
350 382 23 64
123 174 29 74
36 64 72 87
362 33 21 39
268 349 24 52
254 67 3 6
78 368 85 101
63 200 62 73
62 251 137 148
341 10 135 136
42 40 141 146
271 145 75 78
81 180 8 14
121 395 76 82
261 236 70 122
256 53 74 92
256 231 14 14
237 28 53 71
15 172 38 42
151 280 64 144
19 327 5 6
165 49 27 29
369 230 34 127
397 276 33 51
324 233 115 121
270 360 83 92
174 391 4 8
130 52 20 22
155 7 22 41
346 155 67 71
387 280 20 66
295 68 21 43
115 84 8 9
251 288 10 14
164 325 69 109
39 301 21 36
81 351 27 29
255 283 42 117
129 147 39 60
22 6 30 59
111 396 12 17
5 149 98 118
154 184 72 72
245 334 34 36
275 139 43 53
112 45 3 5
177 398 20 27
294 114 35 36
334 389 47 78
8 325 33 36
370 397 47 65
5 22 68 85
268 52 68 80
9 156 55 81
144 282 54 125
30 70 61 82
40 307 127 133
67 355 18 25
354 300 14 14
26 155 97 102
42 209 27 32
228 179 124 124
353 39 86 115
111 262 26 76
137 211 47 95
1 85 134 150
129 391 108 117
256 124 116 117
275 15 75 117
283 324 63 93
288 253 18 23
146 22 58 61
62 350 11 16
319 304 53 86
219 143 55 129
247 335 58 66
190 254 68 69
306 373 44 144
208 331 28 32
355 366 72 102
362 128 103 123
110 75 23 24
87 70 1 1
245 153 64 114
185 219 37 64
96 247 6 7
108 128 106 109
189 367 5 7
149 227 65 91
227 374 95 97
181 303 36 36
30 194 96 107
95 359 10 19
34 106 73 82
131 327 29 32
298 144 88 101
241 374 122 131
41 369 95 101
339 371 34 65
201 79 36 40
84 372 97 99
261 266 89 104
28 47 9 24
65 148 50 105
379 43 18 25
160 317 7 17
203 97 53 141
382 73 108 111
65 15 40 107
293 253 44 103
87 185 118 119
30 25 124 126
288 234 19 22
221 309 38 39
133 87 2 4
198 257 116 120
267 260 33 67
350 6 80 85
334 15 119 130
209 264 113 113
392 199 18 18
277 249 143 151
185 31 59 93
343 260 38 41
126 285 65 79
364 203 89 90
175 266 34 84
161 7 11 12
312 280 54 68
313 162 96 148
376 31 69 147
162 309 64 128
311 213 14 26
204 80 51 107
247 234 50 58
379 370 58 67
193 291 8 28
353 215 3 4
262 62 90 117
104 260 35 44
158 300 53 70
271 308 41 49
204 287 4 4
387 144 26 48
315 278 108 111
98 50 38 41
33 189 47 59
219 260 51 107
101 197 99 140
77 92 5 11
217 323 99 117
311 365 62 78
298 18 14 22
308 190 102 104
218 87 88 95
332 333 34 52
278 372 29 32
133 67 57 81
0 297 144 145
206 301 24 34
73 356 29 44
284 206 9 14
171 79 94 95
394 59 49 70
287 34 58 67
254 296 2 3
189 181 24 25
128 316 42 85
389 305 124 132
389 12 152 156
63 334 38 46
103 36 27 28
347 43 30 61
367 13 46 50
193 20 14 21
305 7 101 113
363 239 21 39
4 248 80 91
363 185 20 45
266 25 38 73
57 53 20 48
211 311 57 64
148 58 39 51
31 251 113 116
69 66 15 21
368 322 96 115
184 114 63 66
226 91 19 22
273 175 20 28
209 103 42 72
17 336 12 28
322 33 6 6
39 175 48 48
148 354 57 71
17 331 39 46
386 331 23 30
102 296 126 131
158 266 96 97
88 178 37 49
362 36 8 15
92 381 22 40
299 390 38 63
324 174 117 122
7 333 33 34
13 183 50 56
5 162 10 17
227 249 20 21
290 139 9 10
314 329 11 15
94 14 94 111
86 35 64 66
66 80 113 115
262 359 92 92
235 157 94 99
135 286 1 2
347 383 51 51
51 322 44 49
212 314 12 36
199 318 13 20
211 38 104 104
128 324 78 95
318 395 11 18
107 286 24 25
258 198 2 3
55 288 43 87
193 39 107 107
215 313 62 69
137 81 38 42
124 395 30 61
211 393 46 61
349 260 36 81
234 20 1 2
116 218 48 59
78 266 18 22
195 360 19 28
276 185 63 79
197 138 17 25
137 325 63 71
258 113 99 125
215 359 49 51
244 237 72 83
358 322 21 23
300 384 45 77
96 276 96 109
61 177 8 8
142 131 20 75
147 329 101 127
33 110 49 134
172 115 55 75
276 356 53 61
41 3 23 31
376 192 135 142
154 250 1 2
149 397 21 23
93 323 3 3
247 18 28 63
265 42 87 122
215 104 45 138
328 56 65 72
340 284 34 78
326 104 15 17
346 152 20 21
392 222 97 110
46 28 63 73
33 340 93 94
29 298 22 24
393 305 91 93
350 91 12 17
373 160 73 113
87 127 142 143
164 157 50 50
61 262 35 66
162 11 87 103
7 42 16 16
362 336 24 42
379 332 124 131
218 92 93 101
256 66 46 49
202 45 23 33
41 33 0 0
228 0 77 79
149 396 9 20
194 122 49 54
4 189 17 19
221 3 2 4
116 151 135 135
177 94 14 25
378 149 45 55
139 369 38 52
396 311 34 38
181 172 85 89
276 93 26 29
263 284 36 43
57 390 9 11
3 189 1 4
59 223 23 30
75 314 25 27
72 383 48 58
359 355 116 127
282 108 52 94
284 341 104 110
57 345 104 145
269 54 137 139
318 0 23 58
70 333 22 34
26 331 35 39
231 349 5 8
191 255 1 2
278 108 33 49
158 270 31 39
353 365 147 152
18 168 50 121
152 139 113 121
366 250 133 133
351 273 1 1
40 39 12 27
140 41 31 67
4 328 56 69
205 325 26 67
68 159 153 153
58 13 72 108
363 337 98 103
355 306 19 34
374 63 39 69
46 207 39 45
300 212 102 125
70 332 28 43
276 175 41 48
165 102 4 6
197 48 88 130
242 179 21 40
21 15 11 25
177 105 47 117
274 389 26 87
266 270 56 73
234 27 75 80
342 0 77 131
18 381 6 9
90 185 69 86
0 250 100 113
174 288 19 30
336 341 108 108
309 343 70 74
366 0 42 45
92 208 62 65
206 162 34 38
92 341 63 68
287 62 4 6
121 34 130 132
65 181 18 36
226 145 28 29
26 17 78 81
141 236 124 135
159 6 60 110
47 384 10 26
360 4 56 90
164 345 95 100
52 271 39 49
179 210 151 154
136 76 54 54
24 261 16 17
301 157 120 121
302 366 31 42
219 394 24 35
164 132 17 24
384 172 6 12
177 310 38 45
312 122 71 85
242 108 32 67
335 83 62 78
244 189 2 2
164 79 75 82
183 106 18 28
215 195 106 112
218 238 89 98
334 314 2 3
112 6 1 5
217 301 69 99
201 375 22 22
227 7 32 43
214 398 43 63
63 65 96 138
163 126 86 86
385 311 1 2
146 81 31 34
361 353 44 44
57 252 18 25
245 249 30 31
259 324 74 85
228 387 50 65
120 140 42 79
61 325 84 109
12 352 38 99
350 281 55 155
106 193 37 96
301 14 103 108
358 230 50 59
397 398 76 117
372 392 42 126
58 42 9 22
175 34 97 97
357 141 63 95
17 127 34 74
232 33 21 32
196 352 46 49
172 345 7 9
240 387 20 23
110 128 26 27
44 192 20 23
330 2 0 3
133 313 42 43
137 101 24 47
61 365 113 113
31 319 57 91
54 43 20 26
323 124 56 70
137 197 57 58
236 168 52 78
140 16 47 66
110 59 26 28
322 19 16 50
210 354 132 134
51 101 52 69
65 390 117 125
276 140 47 53
25 188 45 82
208 28 75 120
351 43 63 65
382 110 144 149
37 150 4 12
100 146 30 46
220 209 42 48
170 239 42 52
287 171 12 14
229 319 15 22
384 219 25 32
371 252 45 150
352 304 24 52
296 344 20 25
133 73 44 46
130 153 59 61
48 96 18 28
122 95 89 92
347 240 50 58
351 63 126 157
398 149 20 21
263 312 70 87
314 346 44 44
162 31 14 14
179 226 17 21
6 176 34 47
215 382 30 51
206 75 52 66
343 146 100 110
14 114 48 61
391 116 110 117
310 323 5 9
56 27 2 5
102 139 48 50
330 34 63 75
172 186 17 19
256 69 97 98
362 189 60 81
56 270 58 66
154 16 67 81
27 87 134 134
132 162 40 79
11 200 44 96
96 0 66 123
262 2 49 109
357 301 54 76
51 236 36 41
87 207 98 102
317 363 38 39
352 150 33 74
227 151 18 47
386 240 50 58
308 121 30 68
32 308 9 13
211 68 120 146
136 323 36 48
29 43 22 58
378 339 1 6
246 181 36 44
238 264 107 116
24 339 3 6
8 109 27 64
175 292 5 20
105 4 49 65
34 32 61 80
11 275 73 113
231 48 16 39
97 20 56 71
147 353 76 99
359 190 90 106
31 300 37 51
39 153 26 57
339 5 38 38
390 31 38 42
221 187 39 55
54 329 8 14
341 204 39 49
96 1 31 35
96 59 79 109
160 127 36 38
287 86 61 88
388 274 48 96
101 93 123 135
147 25 5 9
110 252 38 44
0 365 74 75
359 6 23 33
328 155 27 51
69 323 57 61
115 107 2 4
86 295 99 100
141 74 52 77
163 334 32 59
219 71 84 90
138 86 82 110
117 82 20 27
309 132 9 19
146 28 15 23
357 151 22 30
381 387 44 57
24 357 56 63
276 209 107 109
344 269 20 28
14 149 71 71
286 248 16 20
133 160 28 58
285 198 44 70
203 319 54 58
324 341 41 56
295 313 12 18
101 287 57 125
200 8 93 96
139 100 14 28
56 75 102 129
94 132 46 51
73 303 54 73
36 122 109 129
272 261 3 7
145 199 44 86
63 110 24 28
306 327 4 4
175 152 64 135
122 83 52 72
262 317 115 117
38 386 71 73
207 65 2 2
121 116 105 150
44 184 7 7
360 255 112 114
219 368 16 66
140 53 53 65
238 178 45 50
291 198 120 148
33 119 4 9
99 164 26 30
246 342 12 18
148 264 71 77
47 111 78 111
4 362 110 139
53 222 86 92
371 138 107 115
12 313 47 69
143 186 60 73
331 260 27 58
2 368 62 74
181 212 12 21
313 363 46 56
141 339 51 51
262 175 31 37
52 178 82 86
366 361 78 128
211 384 1 2
35 131 14 32
52 269 18 75
280 0 28 36
307 190 26 26
112 238 39 47
244 147 41 106
243 395 29 69
398 320 5 8
58 150 2 2
10 384 48 116
279 112 37 90
294 128 17 22
92 364 31 44
395 309 111 118
282 359 4 7
381 176 18 21
228 42 52 61
338 12 73 95
11 387 46 74
48 130 59 79
191 255 35 96
297 225 32 49
18 3 54 80
39 329 39 85
155 246 79 92
389 10 83 90
360 85 86 90
256 19 49 63
343 240 57 58
20 148 65 102
250 80 16 16
308 210 59 70
75 203 59 76
254 17 33 45
198 148 44 60
375 143 60 153
51 364 39 61
15 153 1 3
91 323 71 102
95 77 64 129
197 311 60 62
187 375 18 50
223 91 8 11
342 180 47 61
136 143 32 34
35 75 64 79
203 261 4 7
60 203 36 37
335 35 9 14
343 386 147 148
8 184 59 87
71 288 55 55
332 41 11 18
250 284 86 98
289 330 19 21
160 261 34 40
261 40 111 138
255 148 39 47
339 341 113 125
129 344 15 17
52 113 64 89
378 384 73 104
83 27 31 35
225 129 22 24
280 210 13 21
326 161 46 49
375 208 41 79
200 225 99 124
223 391 72 109
170 266 97 115
336 61 3 4
135 177 46 122
9 236 36 49
146 178 17 28
73 142 115 126
82 313 42 46
35 386 38 53
75 341 35 43
385 40 9 10
207 266 67 99
0 240 42 56
167 364 35 52
37 3 79 83
336 27 48 66
43 321 31 53
84 287 36 39
80 68 48 61
371 366 16 46
195 25 15 35
374 4 27 27
204 340 39 50
269 300 88 97
176 380 88 92
60 69 33 33
152 268 55 84
165 136 81 95
358 199 13 22
109 311 27 28
327 331 30 33
96 121 25 39
305 79 39 89
85 51 2 2
16 215 44 81
126 25 86 86
22 38 94 121
73 123 8 8
326 157 58 71
8 91 68 107
193 361 69 78
88 89 60 78
310 312 50 102
268 382 67 100
326 131 54 62
72 219 44 70
343 110 38 119
36 311 64 99
349 182 92 101
305 265 87 89
329 393 89 120
387 144 26 69
277 118 61 67
394 325 11 14
36 78 122 122
391 168 29 29
148 284 35 35
250 62 34 45
101 327 71 71
288 200 59 74
176 327 44 51
226 305 41 41
264 114 21 21
357 174 149 154
154 1 49 91
66 154 31 50
343 237 5 7
160 303 24 32
101 377 42 63
244 19 49 49
286 109 1 6
332 54 22 24
381 156 3 17
74 323 25 31
396 319 98 100
42 109 86 119
156 21 39 72
78 346 19 28
313 299 73 92
389 210 63 64
9 155 15 16
111 342 61 72
135 113 18 27
116 314 110 112
56 103 27 31
336 252 17 29
263 210 111 126
137 58 56 87
29 198 19 19
323 395 37 74
316 180 17 30
280 103 2 3
106 10 13 26
1 53 81 84
114 384 32 72
46 291 15 18
21 185 77 77
71 360 55 74
93 265 23 68
107 93 80 83
395 204 46 64
89 391 86 146
43 158 72 115
220 323 1 2
204 19 36 86
86 309 66 93
348 227 3 17
177 186 3 4
84 68 31 33
140 197 36 69
238 268 7 19
350 232 13 17
312 105 67 71
11 72 41 87
134 367 47 49
365 140 19 20
307 166 25 26
252 325 10 13
386 356 4 7
364 228 103 104
81 67 9 21
95 286 102 102
345 107 69 88
319 357 7 7
177 122 67 70
397 243 126 129
73 179 37 44
23 7 7 21
179 284 9 9
374 116 42 85
118 114 3 3
134 328 15 31
110 303 47 97
326 252 33 53
378 161 23 38
155 31 48 66
277 393 25 29
7 292 85 92
218 70 74 127
74 320 14 18
124 263 31 31
139 326 9 12
322 233 42 56
252 257 2 5
304 0 68 94
82 251 72 91
372 159 3 8
293 330 35 51
0 41 17 50
85 280 82 130
105 385 30 92
91 393 7 9
106 70 33 53
297 73 37 57
321 292 57 66
21 188 49 128
128 20 1 4
224 258 40 133
194 169 40 40
1 126 31 33
168 266 34 54
228 172 14 14
394 324 85 91
292 22 86 125
386 342 140 143
358 273 57 69
111 196 16 21
199 63 51 56
138 35 55 133
259 113 2 3
350 120 71 77
123 257 14 34
39 152 91 123
36 300 22 85
339 169 37 66
300 174 10 22
208 131 7 13
122 240 4 4
87 80 32 51
339 153 21 41
273 337 116 117
268 279 26 27
109 289 33 59
12 87 137 139
231 319 50 53
230 396 5 10
127 41 41 43
379 338 10 10
328 34 85 97
132 233 55 91
255 78 70 89
377 196 48 65
240 372 46 48
327 362 17 21
329 307 47 86
215 347 65 139
96 221 119 119
140 280 38 103
225 269 20 64
171 159 51 76
341 212 63 95
155 164 48 81
49 391 15 15
333 303 37 112
307 72 16 24
310 64 41 55
395 309 1 4
88 89 74 74
93 166 108 114
263 44 44 101
58 155 15 29
56 328 91 95
266 53 0 0
75 382 69 108
65 122 145 149
297 260 35 103
246 308 92 95
173 312 5 5
188 5 39 73
172 350 64 64
197 214 10 10
97 82 92 122
100 171 38 39
298 363 15 15
363 268 42 45
218 241 50 77
233 375 59 71
71 241 38 65
236 147 116 126
208 182 86 98
66 103 24 49
203 386 59 90
326 222 19 28
159 71 17 17
229 3 47 48
197 264 79 89
102 21 27 34
271 24 10 10
11 88 45 57
83 201 13 15
280 171 29 48
68 158 36 55
180 318 45 50
361 63 16 34
274 75 90 100
44 281 17 20
138 330 88 105
348 267 79 86
94 55 95 111
376 280 2 5
348 306 69 70
137 106 35 35
125 77 3 4
248 73 11 18
250 54 77 112
12 37 33 35
344 123 57 62
153 275 21 69
181 322 81 87
64 272 27 52
164 80 70 74
220 335 46 79
237 394 30 51
3 297 44 60
60 220 8 21
390 75 6 16
346 112 83 126
258 190 30 39
176 318 52 64
269 394 14 23
187 322 34 72
338 220 28 33
34 42 16 20
111 372 62 71
65 171 5 5
343 320 59 97
136 54 49 76
133 313 93 97
248 165 50 68
327 173 24 32
246 239 77 99
370 318 91 103
320 337 25 28
233 254 13 27
288 396 71 125
383 134 58 79
159 347 11 11
385 21 34 53
379 148 33 73
338 15 112 124
367 19 66 78
153 61 12 19
339 54 56 79
166 370 111 130
30 11 28 71
96 145 14 24
235 72 62 79
152 366 121 131
58 374 49 67
214 290 62 64
269 199 10 29
109 50 46 48
99 14 41 43
52 377 20 42
212 322 57 73
377 80 25 27
186 272 39 62
53 26 33 36
237 239 5 21
286 272 18 50
373 286 43 45
145 43 150 152
155 131 44 46
49 30 119 125
29 341 8 14
338 186 38 97
88 101 36 77
365 119 95 117
187 319 59 59
394 357 8 11
354 331 61 68
69 171 52 61
219 259 33 34
254 395 10 27
8 355 13 34
232 286 22 37
168 307 64 77
12 135 59 61
364 313 41 46
220 290 44 51
198 218 9 9
43 6 36 67
216 255 49 104
355 28 16 23
379 193 17 28
326 279 117 122
26 235 37 41
134 148 60 66
140 14 19 48
122 289 108 121
309 324 45 110
395 4 137 144
112 310 40 118
131 2 30 49
281 195 23 29
125 0 59 85
23 323 4 8
133 10 46 90
132 234 7 11
34 326 67 102
189 336 43 45
395 275 10 25
227 237 36 44
12 9 48 104
122 129 12 30
237 275 30 33
68 130 54 67
131 262 17 23
88 200 57 70
354 13 61 66
100 270 44 59
98 222 6 8
43 267 14 16
103 289 46 47
7 196 60 104
333 392 25 31
24 142 15 21
252 344 84 104
51 83 70 100
385 4 19 30
306 185 25 35
91 211 62 71
345 361 92 97
225 106 47 49
102 134 11 23
397 32 13 17
377 117 9 9
283 273 48 65
284 293 10 13
373 338 30 62
265 360 28 73
67 182 81 100
203 106 125 146
359 252 24 25
264 66 51 52
227 20 100 139
31 303 1 1
87 127 17 30
338 14 8 21
252 349 14 16
291 371 5 7
175 334 57 129
25 169 62 91
151 315 64 87
265 170 7 10
335 67 129 131
48 369 1 2
18 303 3 4
134 163 27 36
155 131 44 44
149 137 48 51
192 90 61 67
218 341 3 3
146 237 12 14
379 116 109 112
355 105 26 31
306 215 51 93
14 173 18 22
62 183 23 42
227 155 63 111
221 333 64 81
278 151 0 2
47 135 18 19
389 173 86 87
179 394 61 77
17 146 52 131
322 388 53 76
198 308 17 19
337 75 99 101
380 218 106 106
370 173 11 19
177 215 64 120
380 275 49 49
334 166 40 84
106 262 16 24
76 319 43 52
346 33 9 16
87 49 27 29
366 118 79 103
105 29 32 81
304 114 58 65
40 68 26 33
321 205 114 151
211 371 74 82
135 89 66 81
132 223 43 54
133 1 50 75
69 370 60 96
386 295 46 66
360 335 40 57
137 346 2 3
156 248 10 12
72 0 30 62
384 357 147 155
71 261 35 37
111 129 132 138
16 180 106 121
186 329 3 4
91 149 96 120
86 231 90 96
352 310 48 90
44 175 29 34
113 333 0 2
124 241 17 40
388 363 26 99
258 0 57 112
96 27 40 74
387 61 87 94
170 381 20 61
209 249 46 84
262 325 53 59
17 112 68 71
105 169 48 57
4 196 3 10
134 278 45 45
271 104 21 23
227 316 67 85
254 210 22 24
103 392 67 94
152 200 33 43
196 142 78 80
273 112 95 120
282 171 25 25
267 368 23 44
108 255 50 53
95 271 47 65
159 26 62 66
187 270 86 89
291 23 15 16
83 234 59 108
292 157 9 13
28 87 131 144
388 344 63 72
191 8 39 39
39 185 80 81
126 385 52 97
224 349 14 28
60 272 35 37
296 253 62 71
144 170 15 18
239 268 22 22
248 17 27 38
24 146 64 113
233 88 71 76
77 219 5 6
241 310 50 59
292 263 78 83
182 53 35 77
158 346 11 14
251 296 48 49
120 128 40 67
245 54 6 16
373 326 106 107
162 201 6 10
291 53 45 72
106 100 30 33
54 331 46 46
298 192 129 130
396 213 27 50
26 206 46 122
121 85 64 85
212 297 38 49
36 57 16 19
252 67 8 12
250 1 82 122
41 240 123 126
322 167 28 44
134 394 4 5
20 305 38 92
56 290 90 114
279 13 17 17
102 276 37 43
91 293 125 144
301 159 109 143
296 309 61 66
160 364 8 15
232 295 2 3
222 316 54 60
372 394 8 10
170 378 12 15
285 227 12 21
260 26 105 106
151 181 85 90
309 343 46 51
243 237 58 108
309 237 72 101
68 134 58 67
126 16 53 58
305 327 74 106
277 85 0 4
233 208 64 97
15 289 30 68
101 370 121 129
38 116 63 75
325 381 8 11
37 66 48 75
131 338 26 53
121 343 38 50
281 241 12 30
258 172 65 70
181 183 91 97
55 360 65 135
357 99 31 63
102 252 9 15
121 170 22 23
369 385 57 104
307 211 29 53
320 58 64 68
56 28 38 90
255 383 13 13
312 324 120 146
145 162 11 12
54 143 97 98
157 74 18 36
170 123 28 68
236 384 59 72
222 119 71 71
155 221 63 144
379 84 23 27
296 348 6 16
153 329 1 8
95 378 20 26
32 71 71 90
384 131 10 28
371 394 4 8
35 12 54 56
131 86 21 35
290 340 2 5
316 345 45 65
345 285 130 134
63 235 30 61
339 306 14 18
351 174 68 78
33 327 56 147
216 164 0 0
288 114 108 119
14 13 20 25
381 53 42 92
148 380 12 12
88 377 2 2
21 334 17 46
231 111 25 35
55 101 62 82
207 204 36 45
5 172 94 95
176 248 34 94
274 162 94 110
374 295 16 16
335 342 51 57
162 363 49 123
365 175 7 12
134 324 9 20
219 75 79 82
61 56 32 35
284 3 15 17
2 267 51 76
180 297 47 107
128 391 82 87
206 360 30 38
170 234 70 107
98 346 57 105
185 375 3 10
193 181 80 105
46 352 39 43
78 294 78 100
187 118 33 33
303 323 28 36
154 180 9 10
178 163 127 131
103 211 103 130
314 335 38 44
141 378 133 138
202 145 56 59
346 299 41 59
150 219 79 80
371 268 22 63
191 360 19 22
17 187 37 50
261 365 3 4
208 265 85 127
31 312 38 88
259 133 108 144
203 27 1 5
168 149 1 1
296 336 128 129
81 64 85 85
74 382 1 2
293 183 83 94
151 171 48 57
103 130 16 16
274 327 51 79
129 144 87 129
279 152 129 149
102 219 31 36
189 222 109 145
308 72 64 72
381 6 60 87
370 289 16 23
369 50 93 100
223 287 8 11
187 341 8 11
127 168 36 51
94 213 57 76
55 260 31 53
10 146 77 80
211 124 80 132
113 360 55 59
334 384 45 46
191 340 64 74
28 368 37 37
265 313 99 128
364 212 28 32
199 111 15 17
106 320 42 45
242 280 14 15
47 302 47 62
41 92 11 22
20 376 108 114
395 295 52 69
296 117 7 15
32 213 1 2
340 303 65 145
220 51 65 65
361 187 26 28
335 112 55 113
385 254 41 61
107 134 9 30
25 52 63 97
265 68 40 45
191 176 46 108
341 293 47 129
62 316 60 61
136 167 102 133
144 287 8 11
183 321 43 57
229 354 22 36
371 129 76 127
122 178 22 23
9 148 6 28
213 177 104 116
66 202 29 31
227 273 9 15
36 178 47 97
119 195 96 104
303 5 39 43
228 388 76 84
123 394 1 1
360 238 87 90
326 304 109 125
231 11 56 127
33 179 13 14
292 223 52 54
20 106 42 45
364 145 42 82
37 14 51 53
354 197 19 77
241 364 56 58
367 75 31 65
269 252 14 20
324 396 116 127
8 147 1 7
119 304 14 25
384 19 120 129
244 390 79 100
15 381 74 95
50 288 156 158
44 77 38 47
111 271 11 12
12 87 0 0
178 151 41 57
152 390 7 10
54 328 14 48
96 175 27 27
175 357 27 50
67 225 28 38
243 204 29 29
57 358 151 151
79 335 35 36
255 209 64 101
311 59 6 18
317 195 10 15
216 239 26 35
282 313 111 142
215 146 79 97
27 23 16 26
366 259 9 28
84 215 18 38
113 379 68 80
328 114 40 41
64 361 100 110
77 83 3 4
344 361 90 102
254 84 22 26
292 7 30 30
278 212 41 46
271 113 113 146
77 107 50 67
354 246 41 44
199 301 15 15
120 350 144 146
261 297 103 121
120 52 80 89
60 138 39 42
323 324 69 134
191 55 55 67
327 311 1 2
105 276 93 133
121 388 103 105
247 64 64 121
344 175 58 117
393 113 8 9
204 41 38 64
242 197 71 105
131 167 50 50
291 229 134 134
324 167 62 62
355 19 44 55
129 208 110 111
199 105 65 121
349 178 15 24
35 383 7 11
353 253 94 97
75 352 46 53
179 23 8 17
262 109 25 38
222 368 36 59
258 25 52 61
123 379 93 96
128 296 27 94
275 299 35 79
16 373 36 36
395 38 4 4
194 25 106 156
124 225 63 81
346 86 45 55
284 120 65 66
259 319 75 95
336 111 67 69
383 288 5 8
251 199 136 141
82 364 130 149
296 160 85 105
216 346 18 23
299 315 9 10
279 40 39 45
308 137 45 56
316 249 78 95
93 269 15 47
217 279 85 89
57 188 45 60
47 278 16 39
357 26 108 130
388 398 63 91
384 194 88 96
201 119 14 20
265 63 37 38
97 343 155 156
97 318 46 81
389 380 129 145
7 245 32 37
297 108 72 85
60 346 78 146
360 226 31 68
77 361 14 15
75 95 15 31
117 133 109 116
313 275 90 104
27 398 39 40
17 62 87 98
332 202 35 80
331 290 75 76
43 73 94 107
272 356 45 79
75 269 27 99
160 226 37 75
332 275 79 89
328 205 43 137
100 190 20 59
54 206 85 90
374 22 99 130
51 52 30 38
392 128 5 10
107 306 108 128
323 275 70 73
136 111 61 97
368 328 28 32
386 310 54 79
362 103 22 35
39 29 85 89
169 380 40 80
347 56 122 124
320 28 13 15
172 140 14 15
184 231 29 61
324 364 117 148
347 161 67 79
94 61 15 16
195 215 7 26
372 73 7 9
109 94 13 17
193 194 107 121
172 121 65 83
67 137 51 57
172 205 99 101
164 131 31 34
179 31 108 120
341 73 28 41
99 364 84 111
321 346 49 114
19 158 29 54
349 172 103 103
320 145 23 26
81 36 51 72
229 120 10 14
139 261 61 97
92 302 2 3
205 271 84 104
280 325 44 71
336 281 27 93
277 117 75 79
21 0 81 81
147 362 77 77
80 64 80 93
253 377 73 91
75 226 62 81
250 344 82 83
118 294 31 42
232 388 26 44
143 18 62 68
42 291 62 62
352 257 47 72
61 86 17 36
57 206 33 66
184 127 5 7
261 259 100 103
289 6 27 30
85 387 135 146
165 274 1 2
358 250 25 36
289 246 44 122
258 250 41 41
395 192 53 58
291 384 99 104
254 160 57 58
300 227 17 33
334 176 28 28
325 361 26 34
398 198 9 19
111 69 71 83
58 242 99 101
95 169 29 40
360 119 82 95
298 21 40 90
198 172 125 125
143 343 14 15
255 141 29 108
67 181 89 92
398 273 127 128
162 159 103 129
348 101 23 73
211 276 37 118
156 80 56 58
86 10 39 39
129 278 144 148
81 71 87 95
234 280 102 102
1 229 34 39
92 227 1 2
129 93 14 26
149 12 46 131
371 109 97 99
377 148 56 96
382 172 90 114
144 117 68 76
82 387 74 74
103 116 87 91
292 22 37 49
183 125 26 65
302 311 42 46
145 234 43 98
271 317 33 40
122 9 12 15
183 257 18 54
146 142 20 20
148 179 19 22
352 169 6 17
128 353 0 1
353 201 32 38
281 304 60 91
17 264 100 141
342 376 15 17
216 130 35 37
222 93 13 31
84 259 83 106
275 8 61 102
292 66 11 12
136 117 45 48
287 150 30 34
215 322 61 65
140 183 41 70
176 203 16 20
316 59 12 32
266 31 51 96
376 199 24 43
273 110 76 83
19 20 74 90
93 174 20 52
182 398 60 77
75 172 47 111
389 29 61 61
64 354 113 128
142 122 85 102
276 206 60 67
189 350 36 38
132 148 3 3
354 90 27 55
202 330 11 36
316 247 7 8
364 378 23 78
332 98 32 34
193 42 14 16
158 335 9 27
264 89 59 59
322 30 54 71
98 260 94 100
58 56 82 129
44 38 69 73
