200 800
0 1 72 162
1 2 47 64
2 3 9 30
3 4 4 16
4 5 26 53
5 6 18 64
6 7 31 73
7 8 53 112
8 9 6 16
9 10 61 102
10 11 75 104
11 12 120 147
12 13 34 82
13 14 8 8
14 15 7 64
15 16 73 104
16 17 27 43
17 18 56 74
18 19 22 120
19 20 16 58
20 21 42 49
21 22 50 52
22 23 22 26
23 24 50 61
24 25 17 20
25 26 70 77
26 27 18 120
27 28 7 27
28 29 5 6
29 30 30 34
30 31 14 65
31 32 63 116
32 33 102 104
33 34 81 94
34 35 103 116
35 36 56 71
36 37 76 102
37 38 27 29
38 39 1 1
39 40 28 34
40 41 20 21
41 42 87 95
42 43 48 95
43 44 103 109
44 45 6 9
45 46 22 34
46 47 158 159
47 48 28 83
48 49 36 45
49 50 10 35
50 51 9 19
51 52 54 76
52 53 26 98
53 54 52 88
54 55 69 108
55 56 16 102
56 57 51 73
57 58 12 65
58 59 96 112
59 60 87 95
60 61 14 58
61 62 56 125
62 63 43 52
63 64 25 43
64 65 0 13
65 66 46 47
66 67 19 20
67 68 63 107
68 69 7 7
69 70 16 26
70 71 97 102
71 72 22 68
72 73 23 119
73 74 49 53
74 75 75 130
75 76 38 134
76 77 78 80
77 78 59 114
78 79 68 82
79 80 73 76
80 81 76 83
81 82 50 68
82 83 142 158
83 84 12 28
84 85 10 19
85 86 89 97
86 87 53 109
87 88 52 52
88 89 110 136
89 90 13 13
90 91 19 100
91 92 174 174
92 93 53 74
93 94 40 66
94 95 30 45
95 96 21 64
96 97 171 185
97 98 2 2
98 99 9 136
99 100 99 107
100 101 16 33
101 102 99 99
102 103 166 181
103 104 40 71
104 105 139 150
105 106 107 135
106 107 0 4
107 108 9 10
108 109 72 89
109 110 13 13
110 111 23 65
111 112 28 122
112 113 101 102
113 114 28 34
114 115 13 36
115 116 127 147
116 117 114 121
117 118 40 40
118 119 34 41
119 120 3 6
120 121 0 2
121 122 11 26
122 123 13 100
123 124 41 51
124 125 107 112
125 126 51 60
126 127 44 76
127 128 87 91
128 129 24 53
129 130 28 33
130 131 91 125
131 132 66 67
132 133 20 25
133 134 5 78
134 135 26 28
135 136 27 80
136 137 12 15
137 138 57 91
138 139 120 135
139 140 23 26
140 141 18 24
141 142 12 33
142 143 9 22
143 144 14 86
144 145 5 54
145 146 27 145
146 147 44 122
147 148 105 106
148 149 60 90
149 150 5 15
150 151 0 3
151 152 33 34
152 153 97 116
153 154 1 1
154 155 54 74
155 156 114 120
156 157 42 171
157 158 31 39
158 159 98 98
159 160 163 184
160 161 48 85
161 162 3 4
162 163 35 56
163 164 89 105
164 165 35 146
165 166 8 85
166 167 21 27
167 168 2 6
168 169 15 23
169 170 112 148
170 171 61 121
171 172 68 68
172 173 36 39
173 174 28 49
174 175 66 76
175 176 143 186
176 177 45 55
177 178 55 72
178 179 18 133
179 180 28 37
180 181 113 117
181 182 3 4
182 183 99 104
183 184 17 66
184 185 7 9
185 186 28 29
186 187 31 128
187 188 120 156
188 189 95 161
189 190 103 108
190 191 48 85
191 192 11 77
192 193 54 64
193 194 46 56
194 195 135 137
195 196 19 21
196 197 3 31
197 198 45 133
198 199 67 98
199 0 128 131
19 142 120 126
1 49 64 73
196 158 170 170
78 49 94 140
129 162 58 82
1 65 95 110
194 196 48 48
24 77 42 57
50 146 89 95
43 14 93 96
40 163 35 65
144 7 166 166
85 146 9 22
52 12 27 37
36 2 15 67
75 90 47 47
171 95 0 6
115 148 33 35
79 159 112 120
58 157 11 93
29 128 10 14
82 171 25 48
168 196 12 66
80 133 14 16
160 117 21 31
185 6 145 148
40 106 37 61
170 164 44 45
174 160 150 150
160 164 81 90
71 133 0 1
59 133 52 66
102 191 117 133
172 85 14 18
167 15 10 21
154 139 81 97
86 157 7 125
197 9 8 9
96 159 27 35
124 152 70 84
25 92 37 53
94 182 44 49
90 184 41 56
17 23 32 53
113 153 58 67
69 136 23 23
24 146 2 2
191 10 67 71
160 36 123 144
85 30 9 10
140 83 7 132
147 161 19 20
181 104 75 103
106 147 100 100
71 32 9 10
129 30 135 140
181 9 13 17
179 69 32 38
186 121 45 112
111 120 60 87
11 13 17 17
18 101 123 123
24 127 19 24
187 6 99 135
32 15 148 148
64 39 30 45
159 68 39 48
37 60 46 64
173 46 10 13
86 94 59 60
10 194 6 11
109 174 58 72
40 187 76 101
124 125 70 84
170 44 52 53
7 125 6 9
158 185 24 45
150 143 40 40
150 133 29 39
96 41 127 128
102 191 152 171
69 104 9 10
116 6 33 42
26 43 6 6
136 97 44 76
134 9 92 100
25 79 93 160
184 52 137 143
76 79 46 48
169 41 140 142
194 51 73 100
188 108 65 65
156 24 19 20
167 117 0 2
56 182 34 71
16 184 2 16
35 131 17 35
183 32 14 38
34 108 73 73
38 117 14 29
93 100 110 132
55 196 124 125
71 129 5 7
35 150 23 26
71 185 20 61
37 56 4 10
100 43 47 85
25 56 26 90
98 65 51 79
17 15 57 72
118 15 137 144
2 39 92 96
78 163 27 41
188 191 24 83
179 105 18 47
22 150 78 102
20 173 25 25
147 114 1 4
19 4 18 50
17 82 52 52
21 151 29 35
93 62 15 21
148 141 6 12
172 39 12 80
81 150 17 30
43 76 87 105
194 16 27 50
161 12 59 83
26 21 24 27
62 21 37 47
20 145 4 27
60 28 68 71
83 108 40 45
84 185 17 32
175 136 152 180
22 190 3 19
119 86 21 36
154 66 90 91
133 80 133 141
190 0 19 19
107 35 156 170
59 52 178 180
100 133 90 102
100 130 142 150
134 187 14 18
90 132 52 71
157 100 75 98
102 28 105 131
67 174 93 109
102 160 13 99
29 146 144 184
160 178 68 75
43 117 1 2
132 169 14 22
131 94 7 11
67 171 27 63
43 186 123 138
8 28 70 119
64 160 151 152
110 26 132 133
120 75 54 161
106 108 12 33
0 137 26 28
171 81 50 66
175 120 113 116
81 118 30 33
4 152 138 139
113 49 76 114
17 86 73 123
34 184 20 63
80 163 0 2
109 59 6 51
38 9 8 28
38 35 69 91
8 36 4 22
142 191 59 125
156 166 126 142
28 186 59 71
2 106 39 47
21 148 33 129
152 117 22 36
37 18 23 27
55 17 41 41
148 79 34 64
133 61 7 11
196 147 29 73
167 83 112 145
126 28 28 34
177 173 8 81
74 10 49 70
160 93 1 5
3 91 123 132
192 27 19 38
14 182 1 6
67 77 65 68
100 6 87 89
61 103 26 46
50 122 102 128
11 125 54 97
90 13 38 45
38 135 7 8
5 129 152 161
66 93 9 69
122 71 54 56
161 76 81 112
109 149 74 74
121 158 3 10
169 82 39 102
72 50 10 42
45 70 86 123
13 162 3 17
83 142 118 120
75 84 62 68
90 20 103 122
4 70 72 88
167 5 62 159
140 103 80 84
128 66 45 89
128 145 29 33
3 100 18 18
8 2 13 59
152 94 14 77
53 132 6 78
150 125 3 22
192 42 24 39
114 17 13 41
168 56 7 105
184 55 74 97
30 122 6 10
57 155 58 74
6 113 37 78
130 174 1 3
78 38 27 47
29 16 10 11
95 64 16 20
68 9 73 149
73 129 99 109
148 107 13 109
9 84 150 151
82 186 13 63
122 36 92 129
189 183 9 97
191 13 59 64
165 167 9 58
13 111 148 154
6 117 173 189
128 34 38 43
31 41 129 138
117 35 30 40
129 73 4 17
65 196 32 124
178 154 15 22
170 107 120 127
138 160 168 170
165 154 125 161
35 141 51 56
56 168 68 75
47 168 54 95
119 81 18 49
52 99 23 66
79 120 22 122
81 96 100 120
87 65 28 133
11 29 12 30
1 75 83 94
75 13 53 81
46 174 13 14
66 41 32 92
24 79 77 108
96 60 40 98
57 46 94 95
177 45 52 126
195 116 85 89
42 136 74 89
60 80 11 12
1 43 0 3
6 145 136 161
113 193 29 32
156 191 13 36
56 94 86 108
52 128 8 22
32 31 81 93
45 111 32 44
5 115 108 120
116 118 19 38
59 53 37 47
12 90 12 21
50 122 9 144
1 75 35 40
80 119 16 44
169 142 10 19
162 102 140 147
66 108 20 24
183 82 53 181
89 70 49 53
42 114 86 92
190 158 177 184
1 166 152 162
48 145 137 145
12 179 26 35
36 4 11 45
165 139 21 42
198 43 29 37
170 28 17 71
11 77 14 15
61 153 63 140
166 35 51 53
75 160 26 65
4 151 96 102
91 169 28 93
142 41 111 147
19 112 70 116
53 146 8 27
98 177 33 37
32 43 14 15
185 123 0 2
173 85 47 54
20 116 23 73
87 178 71 117
31 138 188 188
183 28 93 102
48 144 22 24
38 77 150 151
38 96 55 60
181 53 82 115
16 186 5 49
68 98 10 23
76 146 19 29
79 1 27 55
192 59 60 88
182 138 149 152
77 137 13 63
171 18 176 178
183 112 86 91
44 46 96 99
17 101 52 70
75 68 34 34
125 140 0 0
70 101 11 182
153 94 32 74
22 185 53 63
115 149 8 10
73 1 61 89
143 172 83 138
58 90 5 15
170 84 2 7
35 150 44 48
89 170 19 56
184 28 57 57
136 188 44 103
51 52 1 3
11 17 12 12
64 30 41 44
196 62 71 136
51 190 27 46
53 135 55 56
99 53 55 90
8 191 126 176
115 164 117 129
102 37 31 90
67 27 4 62
153 185 11 21
47 38 143 157
36 181 8 142
121 5 42 55
183 61 94 124
50 15 49 80
141 137 105 106
110 189 126 179
24 63 3 10
91 1 17 23
68 118 143 156
15 188 121 136
1 153 59 73
116 157 35 49
147 44 1 1
133 33 27 54
24 198 7 13
58 18 99 124
55 99 53 74
61 91 81 81
3 193 36 65
80 68 50 54
21 66 50 114
52 136 103 110
163 64 19 31
152 185 107 116
55 61 71 75
136 172 43 152
75 120 28 32
159 125 1 6
62 64 79 80
128 86 52 54
7 16 5 7
147 75 36 94
21 173 26 49
167 178 22 72
72 89 24 50
29 190 3 10
169 62 4 33
181 107 46 60
108 65 93 108
19 177 10 23
39 189 45 130
147 148 1 5
71 198 67 71
49 24 118 142
165 95 53 55
45 177 1 2
106 41 145 159
51 84 19 33
155 141 124 125
10 18 22 22
107 29 52 55
195 196 8 24
75 15 39 40
50 193 19 50
112 144 24 95
111 193 23 38
173 81 16 26
105 189 7 17
94 74 57 64
188 22 34 39
195 167 2 3
198 15 39 51
168 67 43 157
40 11 95 142
73 177 69 92
160 25 30 35
24 145 24 39
109 68 4 4
149 69 4 5
134 34 159 159
98 179 43 92
15 187 15 17
61 174 8 64
112 142 22 26
48 25 33 84
77 128 32 35
30 12 22 31
150 20 1 2
34 113 91 100
190 159 43 91
183 69 53 73
1 6 54 83
64 129 20 39
163 48 13 44
131 3 15 111
148 71 56 85
99 18 23 56
122 161 36 89
45 36 17 106
41 108 109 126
7 186 1 8
83 129 116 118
113 125 7 37
64 33 20 30
151 72 12 126
155 167 70 71
126 104 39 110
76 78 4 6
100 48 17 19
48 41 35 75
105 82 76 102
4 107 26 68
132 45 82 103
14 79 102 133
77 130 14 28
154 113 98 113
164 58 10 143
170 105 110 116
44 52 44 67
164 131 70 131
28 189 3 3
160 88 115 147
163 122 68 69
143 28 16 32
164 181 0 0
129 114 177 180
63 110 130 135
2 31 54 70
170 98 69 100
192 196 105 106
156 69 21 26
65 116 49 80
92 30 7 7
26 11 7 9
161 71 85 115
5 148 59 80
91 36 97 99
128 83 1 24
27 196 70 77
52 161 35 38
10 150 13 31
153 83 10 15
186 176 46 93
44 33 7 22
101 55 68 69
180 55 106 122
156 99 39 56
70 114 26 41
21 142 50 115
75 2 12 20
3 138 49 52
27 113 25 38
157 195 84 90
55 62 137 153
114 27 26 46
191 101 30 47
151 41 86 96
33 138 8 16
187 34 79 155
61 20 49 87
134 33 33 47
4 143 75 81
26 1 50 76
106 97 136 153
89 45 40 44
39 168 107 158
71 83 15 25
104 9 20 23
66 130 33 33
154 183 3 6
157 81 16 21
62 182 22 41
1 5 40 54
85 113 159 172
69 13 7 49
46 116 71 111
160 165 165 175
74 75 5 5
183 158 33 47
160 0 11 13
75 162 48 164
88 177 129 159
171 59 61 107
159 45 17 18
61 33 93 130
81 162 61 63
34 181 1 14
89 102 38 39
130 36 15 21
87 163 61 110
48 183 43 46
81 163 2 2
111 65 8 8
84 100 165 176
95 167 79 133
177 6 7 25
146 54 130 149
92 78 39 60
167 104 27 135
150 60 52 55
114 143 125 129
153 93 87 107
65 181 13 15
36 75 63 111
87 9 74 76
111 27 58 88
11 96 27 40
153 117 15 64
22 132 56 58
134 181 6 9
48 146 10 45
116 170 32 50
155 149 9 108
189 170 82 86
17 185 13 13
109 46 38 38
141 138 58 69
87 134 82 101
68 4 131 134
154 143 48 52
2 63 48 57
114 61 24 33
39 193 4 6
138 55 30 47
63 47 14 69
103 60 22 50
118 121 8 30
175 88 50 84
5 66 9 9
174 196 35 44
124 166 7 7
129 4 64 82
117 58 68 96
156 169 133 138
89 108 113 142
9 105 44 87
192 45 12 15
32 16 58 58
161 40 42 83
164 85 63 66
20 184 86 88
80 149 45 72
137 44 137 155
50 182 12 14
10 83 76 127
152 146 0 0
88 111 115 121
