400 3200
0 1 84 189
1 2 72 98
2 3 5 17
3 4 15 48
4 5 24 49
5 6 14 49
6 7 37 86
7 8 42 90
8 9 36 83
9 10 80 134
10 11 36 50
11 12 10 13
12 13 6 16
13 14 150 154
14 15 10 78
15 16 1 2
16 17 9 14
17 18 85 112
18 19 2 17
19 20 14 51
20 21 140 164
21 22 96 99
22 23 44 52
23 24 77 94
24 25 154 173
25 26 86 95
26 27 16 108
27 28 7 28
28 29 4 5
29 30 44 48
30 31 1 11
31 32 82 150
32 33 47 48
33 34 65 75
34 35 83 93
35 36 35 44
36 37 30 41
37 38 75 81
38 39 4 6
39 40 87 105
40 41 103 104
41 42 108 118
42 43 1 3
43 44 39 41
44 45 20 28
45 46 70 107
46 47 1 1
47 48 25 72
48 49 55 69
49 50 14 52
50 51 1 3
51 52 8 12
52 53 31 118
53 54 20 34
54 55 24 38
55 56 19 116
56 57 81 115
57 58 5 34
58 59 66 77
59 60 43 47
60 61 23 95
61 62 38 86
62 63 41 50
63 64 36 61
64 65 4 44
65 66 18 18
66 67 88 94
67 68 12 21
68 69 145 145
69 70 3 6
70 71 160 169
71 72 3 11
72 73 10 53
73 74 102 111
74 75 8 15
75 76 4 18
76 77 150 154
77 78 23 46
78 79 84 101
79 80 116 121
80 81 140 153
81 82 56 77
82 83 102 113
83 84 15 36
84 85 13 25
85 86 41 45
86 87 36 75
87 88 107 107
88 89 26 32
89 90 12 12
90 91 1 12
91 92 125 125
92 93 45 63
93 94 90 148
94 95 37 55
95 96 48 145
96 97 62 68
97 98 12 15
98 99 1 23
99 100 113 123
100 101 52 106
101 102 4 4
102 103 65 71
103 104 58 102
104 105 5 6
105 106 102 129
106 107 9 46
107 108 85 91
108 109 110 135
109 110 32 32
110 111 27 75
111 112 24 107
112 113 165 167
113 114 81 97
114 115 3 11
115 116 108 125
116 117 55 58
117 118 91 91
118 119 56 67
119 120 16 30
120 121 9 64
121 122 1 3
122 123 13 98
123 124 11 13
124 125 96 100
125 126 34 40
126 127 2 4
127 128 148 155
128 129 13 28
129 130 50 60
130 131 110 152
131 132 96 97
132 133 92 116
133 134 3 46
134 135 154 165
135 136 24 72
136 137 90 103
137 138 10 16
138 139 32 36
139 140 131 149
140 141 59 78
141 142 27 72
142 143 18 41
143 144 23 134
144 145 11 119
145 146 1 10
146 147 15 42
147 148 63 63
148 149 43 64
149 150 11 32
150 151 12 40
151 152 177 179
152 153 88 105
153 154 39 48
154 155 48 66
155 156 13 13
156 157 36 147
157 158 60 75
158 159 114 114
159 160 73 83
160 161 53 94
161 162 71 84
162 163 107 167
163 164 135 160
164 165 28 117
165 166 5 55
166 167 18 23
167 168 94 168
168 169 7 11
169 170 85 112
170 171 29 58
171 172 81 81
172 173 60 66
173 174 44 77
174 175 9 11
175 176 52 68
176 177 100 122
177 178 43 56
178 179 13 94
179 180 21 28
180 181 116 120
181 182 15 19
182 183 22 23
183 184 0 5
184 185 48 59
185 186 28 29
186 187 13 56
187 188 81 106
188 189 27 47
189 190 142 149
190 191 7 13
191 192 6 45
192 193 91 107
193 194 112 135
194 195 149 151
195 196 36 38
196 197 8 65
197 198 6 19
198 199 42 61
199 200 112 114
200 201 40 42
201 202 32 37
202 203 129 129
203 204 44 66
204 205 28 40
205 206 22 25
206 207 21 21
207 208 37 50
208 209 34 37
209 210 35 36
210 211 17 31
211 212 1 1
212 213 31 72
213 214 26 36
214 215 29 126
215 216 41 41
216 217 11 79
217 218 3 4
218 219 96 103
219 220 0 8
220 221 25 34
221 222 43 82
222 223 4 23
223 224 68 77
224 225 70 103
225 226 176 180
226 227 44 72
227 228 116 120
228 229 133 133
229 230 68 75
230 231 42 62
231 232 34 43
232 233 83 95
233 234 24 30
234 235 27 53
235 236 67 80
236 237 5 77
237 238 35 40
238 239 58 75
239 240 62 75
240 241 18 26
241 242 120 132
242 243 27 37
243 244 8 14
244 245 35 40
245 246 90 92
246 247 3 3
247 248 11 11
248 249 47 56
249 250 143 151
250 251 0 2
251 252 113 116
252 253 70 96
253 254 112 112
254 255 61 67
255 256 54 56
256 257 33 43
257 258 28 33
258 259 55 138
259 260 82 119
260 261 29 29
261 262 18 18
262 263 93 116
263 264 21 30
264 265 141 141
265 266 48 71
266 267 73 89
267 268 9 13
268 269 8 11
269 270 8 8
270 271 3 6
271 272 66 82
272 273 8 11
273 274 12 14
274 275 122 124
275 276 95 124
276 277 35 66
277 278 21 21
278 279 25 34
279 280 98 98
280 281 34 39
281 282 18 20
282 283 114 142
283 284 2 2
284 285 37 65
285 286 157 171
286 287 56 97
287 288 88 92
288 289 11 11
289 290 37 37
290 291 18 25
291 292 34 34
292 293 38 39
293 294 74 137
294 295 18 38
295 296 14 102
296 297 55 112
297 298 12 34
298 299 39 39
299 300 40 81
300 301 58 70
301 302 68 68
302 303 95 122
303 304 113 127
304 305 25 78
305 306 11 22
306 307 58 104
307 308 6 24
308 309 36 56
309 310 48 61
310 311 45 48
311 312 137 144
312 313 4 7
313 314 27 93
314 315 27 69
315 316 48 63
316 317 68 68
317 318 44 113
318 319 49 132
319 320 64 64
320 321 74 88
321 322 53 72
322 323 36 67
323 324 22 139
324 325 4 7
325 326 48 58
326 327 20 37
327 328 70 98
328 329 33 37
329 330 77 96
330 331 11 65
331 332 70 73
332 333 36 41
333 334 102 181
334 335 4 6
335 336 9 48
336 337 53 91
337 338 99 100
338 339 19 20
339 340 2 2
340 341 73 80
341 342 134 135
342 343 4 5
343 344 131 138
344 345 6 8
345 346 43 59
346 347 125 163
347 348 73 90
348 349 118 139
349 350 13 101
350 351 52 67
351 352 51 56
352 353 55 96
353 354 49 76
354 355 18 26
355 356 37 86
356 357 60 68
357 358 2 5
358 359 41 41
359 360 38 38
360 361 7 21
361 362 22 57
362 363 76 80
363 364 80 106
364 365 108 111
365 366 79 87
366 367 129 130
367 368 76 114
368 369 56 94
369 370 32 99
370 371 59 144
371 372 13 105
372 373 22 75
373 374 128 167
374 375 5 27
375 376 46 97
376 377 100 113
377 378 97 116
378 379 110 132
379 380 41 161
380 381 18 30
381 382 89 105
382 383 60 60
383 384 6 12
384 385 31 49
385 386 51 130
386 387 125 161
387 388 69 84
388 389 12 103
389 390 17 24
390 391 14 46
391 392 62 66
392 393 6 13
393 394 0 1
394 395 87 92
395 396 89 91
396 397 74 128
397 398 13 17
398 399 28 52
399 0 98 115
66 212 99 102
208 27 18 19
311 362 8 64
61 362 124 130
154 388 94 130
102 367 35 35
75 275 35 86
148 311 4 14
239 156 3 16
237 249 44 63
114 306 3 18
276 73 114 116
389 33 43 47
269 173 96 114
148 252 127 154
39 226 4 14
217 35 19 20
309 83 37 74
103 151 143 162
37 251 5 5
284 287 5 26
120 17 2 16
224 248 12 133
294 80 7 41
246 253 33 54
295 250 29 87
307 265 10 144
267 245 128 168
222 178 31 48
92 122 95 121
54 119 46 97
102 313 44 73
88 336 15 26
286 34 16 17
239 190 38 48
256 363 73 149
9 91 118 130
5 105 0 1
106 152 85 85
5 211 23 107
15 97 13 19
142 328 9 106
40 225 87 94
190 350 1 8
54 229 71 74
66 243 170 186
192 382 144 162
164 313 5 6
302 12 25 33
20 268 21 75
25 363 27 104
398 148 23 33
272 2 22 24
181 199 22 23
358 271 51 66
218 132 117 128
57 214 149 164
209 175 6 12
130 311 50 131
322 90 30 84
62 373 14 84
87 381 61 74
277 255 15 70
298 51 15 40
35 203 63 71
365 303 27 42
306 271 20 21
380 255 33 96
353 146 95 134
339 143 17 44
102 366 30 30
62 89 36 88
53 183 64 67
256 46 68 81
57 360 75 80
333 153 12 58
115 366 11 13
324 339 97 105
121 241 3 9
164 119 66 83
302 149 0 2
20 278 67 77
134 175 77 106
51 201 91 101
212 93 64 126
262 98 99 126
220 190 6 11
0 375 8 133
318 161 76 86
29 9 24 63
273 326 17 31
311 0 137 143
178 75 71 84
7 285 16 56
217 249 24 26
3 323 1 2
168 119 18 19
47 202 139 148
149 294 172 182
31 372 6 8
133 66 24 88
359 166 46 91
289 371 35 45
291 312 38 159
157 16 38 40
376 265 42 94
127 164 14 14
173 228 26 66
2 65 68 72
142 102 35 117
109 264 70 93
22 152 58 96
284 180 4 14
157 59 27 31
154 37 52 55
269 133 13 24
152 279 40 46
77 24 2 10
319 136 3 6
199 21 7 7
87 210 137 150
314 219 82 90
248 205 57 57
189 264 133 144
24 86 59 82
166 294 12 115
294 237 7 16
179 120 11 17
161 324 65 129
12 274 0 0
321 350 119 121
25 185 20 93
183 23 155 157
368 145 111 117
59 350 6 6
167 58 44 60
156 149 48 49
290 19 31 41
244 176 0 10
149 127 34 77
153 74 53 63
86 245 66 80
218 306 7 11
16 59 53 89
379 279 7 19
41 58 0 1
297 367 69 75
203 142 30 88
159 137 78 78
15 246 25 59
221 374 21 45
5 364 69 71
158 143 130 140
373 270 65 125
173 259 4 7
312 249 36 37
374 300 7 12
112 33 69 97
121 397 108 119
154 388 20 58
155 144 3 49
250 316 13 25
58 319 118 130
192 270 4 81
268 97 32 43
364 137 34 46
389 395 49 81
120 381 1 1
338 298 108 154
6 33 2 6
243 373 35 47
60 84 116 127
263 107 49 55
158 30 29 36
87 314 66 92
308 41 93 108
247 176 28 55
310 253 67 107
364 327 131 164
124 353 5 7
220 156 136 136
280 197 23 42
353 130 49 53
4 194 15 35
14 79 7 8
30 397 52 85
398 251 49 53
192 261 28 29
123 250 14 51
380 58 140 158
62 173 2 8
219 284 125 127
34 63 95 100
182 359 26 40
295 217 47 123
283 240 25 47
31 151 7 23
274 284 35 74
35 373 11 37
231 152 3 20
300 272 68 89
58 162 126 147
251 99 6 14
390 265 24 72
41 295 33 96
352 343 36 39
179 286 121 145
367 116 75 79
348 4 11 22
197 92 61 67
85 364 11 20
209 225 93 93
37 236 17 17
14 270 66 70
365 283 4 13
186 41 147 150
365 274 37 97
268 98 30 120
198 17 52 86
186 362 15 25
387 79 4 11
42 44 11 13
365 363 44 51
70 60 69 85
91 340 36 47
244 160 48 174
347 341 105 158
16 226 116 152
248 340 33 39
167 224 36 58
259 66 15 16
147 31 17 19
195 47 161 161
305 328 7 18
209 367 9 10
163 394 2 22
283 79 75 86
382 139 20 52
309 136 44 49
48 81 35 49
70 380 9 14
123 131 141 155
144 354 10 22
310 43 90 123
11 261 99 152
237 48 30 59
354 377 11 36
17 107 3 27
341 374 30 46
48 308 8 22
331 118 28 71
99 318 25 153
274 21 65 75
317 238 7 44
7 269 105 107
64 310 15 72
56 176 112 165
38 236 16 174
55 257 122 124
369 396 27 78
200 44 79 118
148 131 142 160
277 229 10 22
244 386 44 59
150 1 20 54
5 37 60 76
163 125 55 72
143 298 35 69
247 1 144 166
342 168 9 125
10 326 133 140
290 148 102 155
356 386 33 62
173 349 95 101
10 108 130 167
333 105 95 97
213 130 38 74
341 398 4 12
301 310 76 77
106 78 125 129
289 343 128 166
335 127 39 57
102 24 101 102
326 218 104 126
212 203 22 36
27 87 131 137
32 349 48 59
125 257 16 23
207 374 71 97
327 279 123 126
185 128 9 128
124 115 102 112
389 14 84 91
303 376 16 38
346 337 2 3
177 315 5 11
35 341 30 87
271 64 125 128
128 63 108 124
138 75 23 33
100 85 10 16
225 116 15 36
255 110 56 89
134 283 36 38
387 29 71 106
379 327 27 29
310 260 110 123
211 66 43 75
122 110 22 34
208 61 84 94
391 113 17 33
176 23 48 95
183 174 13 24
144 372 77 108
169 240 87 94
127 359 0 1
372 321 18 20
397 111 37 41
177 340 26 39
108 362 16 26
223 331 30 34
58 335 16 16
321 45 39 60
364 181 145 187
387 53 31 58
191 188 10 14
256 242 125 136
194 165 16 101
258 310 5 9
359 111 36 39
190 254 84 90
251 354 36 51
384 325 5 6
63 170 50 168
336 288 114 140
93 309 5 10
342 246 73 77
331 315 9 14
304 337 153 158
64 150 8 88
65 66 111 112
322 304 19 27
104 46 1 3
385 370 15 16
319 47 0 0
274 391 118 120
243 17 132 141
115 318 22 37
155 223 7 23
277 50 147 168
62 131 95 145
236 228 22 111
278 160 101 107
284 301 104 108
153 292 44 54
172 192 17 19
317 139 67 118
26 186 83 85
355 70 29 44
310 137 13 19
338 187 19 77
209 28 154 160
72 242 38 55
343 261 6 30
201 75 19 30
79 78 9 108
140 257 94 99
23 155 106 106
52 386 12 12
74 83 63 75
326 144 140 172
147 11 31 31
344 388 45 49
62 167 70 83
144 255 16 22
303 7 17 25
85 178 63 99
225 125 31 144
289 256 9 22
7 8 38 122
92 314 67 113
396 90 54 54
117 264 7 9
268 328 153 154
108 389 71 91
235 276 60 85
336 322 149 155
284 152 43 55
102 371 28 56
222 337 38 46
187 372 27 27
47 136 59 117
92 347 24 25
102 95 12 12
317 147 46 73
156 69 48 55
378 191 57 67
0 170 81 135
332 97 74 79
73 105 52 55
348 24 151 167
337 195 22 96
352 227 107 124
70 263 24 26
101 346 45 74
247 153 18 19
7 168 31 62
344 60 30 47
254 360 129 151
143 338 12 13
311 395 11 55
355 19 45 69
154 196 86 88
380 130 20 40
398 156 81 98
101 321 25 110
227 59 43 99
43 365 7 25
143 392 89 94
118 363 77 91
303 268 107 142
316 35 0 0
197 243 35 42
54 252 6 15
207 143 72 119
35 67 16 20
268 112 20 42
295 287 8 25
106 56 73 79
127 303 101 116
226 12 60 78
372 308 25 27
258 85 34 108
386 353 32 144
351 180 16 18
376 34 148 164
184 269 30 134
229 90 93 186
35 312 74 104
185 94 40 67
55 381 12 43
209 295 23 56
325 213 24 75
168 69 94 103
109 268 134 156
99 195 57 91
103 153 84 84
353 366 0 2
101 270 71 103
311 155 18 25
320 326 120 137
91 28 45 63
25 51 91 127
16 329 29 37
354 247 1 1
319 58 47 48
389 60 1 2
114 89 94 94
253 271 26 77
283 66 7 10
23 374 22 32
350 352 22 45
341 1 26 47
310 104 41 42
357 251 163 171
300 199 41 47
256 72 36 46
192 13 14 14
276 123 10 52
304 334 95 95
388 169 6 13
156 302 42 171
178 124 50 98
251 98 3 5
157 163 71 94
7 354 11 107
339 327 43 102
132 12 14 96
183 220 98 107
135 248 54 56
77 43 42 47
113 237 11 11
361 214 49 65
10 149 1 1
265 305 136 162
380 316 1 3
73 191 68 96
149 305 13 27
249 358 61 61
388 255 67 74
380 55 2 2
103 102 9 20
158 163 32 38
283 268 4 8
84 159 88 89
190 340 21 47
275 247 60 71
88 158 28 49
322 206 25 28
163 211 72 98
283 60 35 76
263 344 26 28
128 61 11 123
21 114 1 1
154 147 108 113
391 77 53 120
234 247 150 151
167 215 6 53
312 335 25 40
182 142 8 87
279 54 46 46
388 305 6 13
270 38 71 84
216 191 107 107
170 236 65 72
349 31 75 144
26 167 117 133
82 353 90 95
127 268 84 121
239 33 41 48
202 277 9 25
33 392 64 135
26 259 1 5
53 109 119 122
307 293 33 44
83 74 29 49
13 303 29 32
317 287 95 162
209 342 6 6
356 78 45 76
19 346 14 101
25 172 78 162
158 359 1 32
198 338 60 110
263 390 83 116
398 316 37 38
351 33 23 52
42 57 61 65
220 352 85 85
93 290 117 142
177 392 18 100
269 95 21 144
235 397 4 5
167 140 3 4
165 134 38 62
218 284 55 60
27 68 1 4
383 104 11 37
236 322 4 27
204 80 28 38
181 183 63 148
99 146 10 12
53 325 0 6
339 217 16 46
246 230 8 50
57 261 17 57
114 189 104 144
276 7 60 130
78 261 27 53
119 95 81 98
132 232 123 123
385 276 107 128
101 185 43 61
211 213 16 17
131 386 10 100
275 149 3 24
156 85 86 112
87 15 52 125
322 237 3 3
388 285 14 26
314 157 97 133
13 77 7 7
396 74 67 74
239 144 97 98
7 149 2 3
95 369 31 59
275 60 12 29
41 258 17 21
359 353 18 45
361 58 48 68
3 398 7 39
211 298 8 10
16 291 120 121
49 129 17 28
161 232 16 24
274 314 52 57
374 186 71 118
354 95 16 60
29 207 82 82
98 234 71 74
64 59 27 29
359 146 43 87
2 83 92 146
322 136 18 35
151 358 42 50
358 303 149 152
228 157 22 40
293 224 8 12
198 112 43 118
390 195 82 82
155 260 39 73
254 282 48 48
108 125 7 8
157 28 128 133
310 231 14 22
261 258 27 84
85 4 12 143
133 69 63 102
329 8 5 37
249 213 122 166
370 2 36 40
87 151 28 51
16 50 116 121
394 88 87 111
327 78 12 121
292 224 13 15
332 326 27 83
107 282 70 163
296 272 2 26
228 251 77 98
151 122 72 117
247 55 97 106
94 116 73 127
136 380 149 172
206 43 42 83
212 7 12 89
70 82 25 26
276 287 47 68
112 279 134 141
97 76 82 82
337 243 2 16
231 76 50 121
162 17 8 12
341 177 13 21
319 91 154 160
351 4 10 45
308 398 83 117
266 356 12 73
104 214 105 121
260 208 26 27
53 316 9 42
113 391 59 79
311 235 28 59
284 184 102 107
162 297 85 90
177 291 103 161
366 149 17 18
12 272 59 61
171 292 77 81
127 110 30 65
82 353 7 26
233 304 126 131
121 280 44 49
300 346 2 15
167 125 10 12
387 344 113 141
226 374 117 153
397 231 1 1
169 188 19 42
81 193 69 80
117 48 61 71
208 239 15 90
57 295 26 126
72 230 144 159
262 55 117 165
388 61 26 45
332 336 19 46
57 215 33 100
335 18 70 73
17 8 20 40
286 378 20 108
352 252 75 75
65 244 28 55
236 292 75 84
233 177 111 121
148 42 95 101
270 223 76 95
243 3 47 49
298 193 44 57
301 13 164 169
214 396 27 73
142 215 155 163
80 3 79 96
148 295 23 104
388 378 0 1
108 342 112 164
243 163 32 108
257 9 11 33
14 187 8 23
314 16 13 16
129 286 103 158
194 398 42 42
343 385 23 48
388 226 12 15
29 221 48 66
162 219 76 100
232 63 4 17
328 107 93 116
347 363 31 32
260 357 39 47
319 190 41 130
158 45 55 67
180 235 9 78
349 376 17 30
244 353 38 38
328 46 59 84
81 57 162 187
73 376 15 15
268 393 8 10
118 104 165 172
220 10 53 142
123 266 26 37
223 142 15 15
281 340 76 122
240 257 17 102
289 97 19 33
237 141 13 48
85 311 19 73
58 93 26 31
310 140 1 14
266 130 22 61
77 279 8 124
259 162 22 22
3 330 62 64
335 54 1 4
145 262 123 125
308 117 96 169
202 99 33 59
304 71 98 158
391 325 43 93
140 150 50 144
205 9 31 72
201 356 17 21
120 145 70 115
384 130 78 82
33 270 16 69
357 192 165 170
65 361 15 17
114 88 78 80
95 272 70 77
147 397 6 29
387 260 55 93
240 350 46 80
385 112 81 92
112 69 45 63
65 75 57 60
232 27 43 53
366 353 53 66
189 362 55 61
165 152 20 109
212 164 30 31
230 214 18 22
19 189 36 39
270 61 50 158
130 198 29 94
92 229 40 82
396 374 8 16
154 127 77 88
311 123 27 32
148 343 79 90
22 264 33 34
182 180 22 80
135 312 12 80
88 274 10 25
114 84 41 166
255 69 46 49
90 333 56 81
270 337 124 156
308 75 52 62
237 93 13 27
297 241 11 21
236 194 62 98
156 369 10 22
334 303 13 90
5 24 37 49
190 92 19 26
107 380 28 55
181 160 84 86
148 192 9 18
242 14 73 82
267 375 66 80
342 344 92 143
284 14 34 77
0 299 11 21
121 53 73 73
202 203 7 15
279 252 30 35
350 93 41 46
16 96 14 34
255 78 12 15
2 130 172 188
225 118 17 81
320 205 42 47
33 136 29 104
387 75 34 36
254 131 4 4
360 69 5 10
333 302 9 12
237 216 72 107
31 226 120 121
99 72 66 78
158 338 70 84
4 203 133 139
6 198 63 97
296 8 9 38
62 10 1 1
7 236 43 108
161 394 60 61
5 60 70 132
81 237 123 124
168 285 48 82
126 340 14 20
202 32 21 86
246 207 32 77
125 49 4 30
39 256 6 8
69 290 7 10
22 297 57 58
21 261 153 164
170 69 20 36
326 157 20 23
325 267 56 61
252 393 7 10
385 330 18 18
37 124 41 63
138 159 65 92
381 71 9 11
131 258 33 36
188 5 5 64
375 137 76 86
171 219 37 87
190 3 5 8
323 352 43 57
95 78 85 87
206 355 15 37
395 56 19 76
2 29 10 10
140 360 94 96
132 123 63 80
121 59 5 13
118 219 12 24
3 52 2 8
49 194 15 50
398 288 153 155
227 316 8 10
155 167 68 75
169 167 51 57
29 295 128 154
244 102 1 2
193 330 26 35
131 128 15 25
362 247 152 164
32 82 30 64
206 193 21 21
227 303 51 52
334 126 117 125
112 105 4 7
398 377 4 6
169 10 135 157
224 128 14 19
104 232 23 45
373 365 92 104
68 195 39 48
368 353 83 96
178 358 18 34
235 307 72 106
94 339 51 73
213 82 62 123
68 131 18 61
172 340 89 101
370 104 76 111
184 138 118 143
336 308 26 85
103 320 5 10
52 281 38 47
136 322 28 32
285 256 13 46
261 319 23 57
85 393 19 19
108 356 52 110
75 7 83 86
253 332 20 24
137 33 90 132
108 325 10 160
342 100 120 170
314 242 86 90
20 137 24 65
288 133 25 31
116 313 27 61
248 356 11 13
74 242 99 99
150 354 10 11
179 117 4 8
94 283 21 23
2 129 33 49
298 147 64 73
381 5 78 105
233 187 115 181
32 109 150 160
242 222 0 0
394 277 4 4
46 242 4 6
380 231 41 56
180 23 129 130
301 156 56 70
378 208 20 47
17 175 151 188
48 294 10 10
46 170 44 83
18 75 41 46
80 288 15 16
210 52 12 31
312 162 59 102
141 21 61 70
359 24 27 72
136 320 140 146
121 202 121 135
127 153 105 132
147 188 104 121
65 67 8 12
266 240 103 120
55 167 44 47
150 385 56 64
296 295 34 125
372 360 21 72
167 198 12 12
88 45 181 182
115 149 51 141
198 115 109 133
134 395 18 107
83 262 16 64
47 195 16 21
329 119 20 125
261 278 42 77
312 310 86 119
210 128 14 14
279 225 94 117
158 205 80 120
202 253 60 116
262 171 6 9
125 46 66 80
358 128 96 102
60 344 34 35
321 358 59 106
208 314 86 120
124 63 139 146
313 91 65 94
133 340 56 57
27 124 87 150
157 376 136 145
301 85 7 20
109 284 104 104
163 189 63 72
113 77 8 163
193 251 42 66
322 115 27 29
56 50 139 168
47 243 6 35
68 283 31 51
393 98 106 117
174 89 111 155
285 90 158 159
89 55 21 136
189 290 15 34
21 143 98 101
144 93 133 169
88 201 1 1
334 124 8 10
347 126 58 63
378 15 24 25
271 197 41 42
135 28 9 22
117 247 7 68
10 320 3 15
249 159 7 21
82 270 19 19
398 179 3 8
86 133 42 45
262 315 64 91
392 210 89 114
72 263 48 71
206 346 61 110
153 282 12 14
37 107 174 184
222 190 5 8
10 34 0 0
313 238 38 39
77 96 31 78
340 26 3 37
65 300 12 14
354 176 70 78
305 332 1 1
173 0 150 181
219 268 59 62
102 293 61 73
293 28 58 63
373 159 17 18
338 389 65 91
332 311 162 165
188 332 122 136
286 133 14 20
252 242 76 113
48 230 23 29
88 206 52 65
156 263 83 121
218 42 32 33
193 290 40 49
6 195 52 107
252 191 13 105
185 150 36 63
311 356 21 35
156 137 39 85
330 25 112 118
53 168 98 102
140 260 34 79
83 0 92 106
344 130 173 180
165 77 27 29
14 253 6 42
16 366 0 3
191 154 9 157
226 29 23 39
284 159 15 70
377 114 50 65
317 36 24 59
345 372 173 178
311 368 32 38
262 281 2 7
307 73 96 135
257 154 54 81
254 381 9 33
278 184 63 71
154 239 124 141
297 325 6 6
243 169 120 133
27 127 21 53
342 239 70 102
389 213 3 20
303 217 31 39
367 219 185 188
259 43 40 79
126 149 165 175
334 230 61 65
143 23 77 82
124 323 25 104
130 304 160 168
179 270 105 125
224 128 17 47
202 201 39 104
276 298 9 27
278 42 23 26
172 141 20 149
347 285 26 45
386 158 15 45
230 300 63 84
87 363 18 23
76 143 51 58
329 377 15 35
228 177 47 60
356 192 2 8
210 52 40 63
206 382 109 111
105 340 161 164
389 229 1 12
123 369 24 40
97 50 47 68
393 377 4 51
322 299 3 58
269 99 17 18
395 42 0 3
269 320 55 98
272 39 82 110
26 317 28 44
296 393 30 53
87 262 12 16
274 350 59 82
41 257 41 49
39 63 11 18
122 21 75 75
183 59 28 44
370 162 34 55
360 109 4 8
6 211 90 91
69 163 6 7
162 377 111 117
97 230 1 7
107 242 162 166
139 104 116 120
245 39 31 58
349 161 12 38
42 212 2 4
277 318 26 92
8 25 24 43
29 326 24 58
357 194 33 33
331 80 54 83
87 64 174 179
389 267 123 186
36 172 19 33
162 166 149 150
231 126 25 44
358 11 87 93
182 86 5 8
303 252 85 177
221 147 18 162
228 170 97 102
227 331 57 63
184 64 48 48
71 136 51 166
150 5 62 149
100 102 26 95
242 16 119 149
121 59 53 53
344 134 38 81
116 149 142 146
364 242 34 94
316 228 18 168
363 60 23 94
220 235 134 139
324 92 8 9
3 285 19 39
27 86 119 124
31 185 44 47
226 8 30 65
206 63 12 23
175 280 25 33
252 46 9 42
67 194 3 8
84 79 1 3
307 351 7 29
91 175 27 32
377 162 50 58
168 15 62 98
292 45 91 92
344 211 27 70
105 130 15 55
233 376 31 31
37 82 16 56
305 240 14 47
293 382 10 10
59 179 0 4
366 305 38 54
108 114 29 50
102 112 6 95
81 60 68 105
347 9 61 64
168 136 17 20
373 12 18 46
250 71 4 29
122 305 117 119
133 160 82 90
249 375 60 67
309 16 67 73
156 370 149 170
174 360 136 141
269 19 31 60
20 338 22 37
313 267 5 6
174 81 78 94
221 166 33 36
255 14 81 84
170 318 68 76
228 188 86 98
21 103 122 126
117 197 25 46
22 374 19 88
166 325 128 130
159 185 42 48
139 297 1 4
360 130 56 58
75 313 40 40
122 387 18 22
12 322 8 39
193 96 58 71
301 390 42 122
283 99 118 124
60 23 111 148
389 178 106 151
344 100 6 39
203 53 0 3
100 109 88 113
308 374 0 2
11 384 8 35
283 121 10 21
314 333 25 32
200 297 11 15
91 15 16 18
67 237 67 68
301 60 3 4
324 57 14 15
328 301 4 10
16 327 36 40
294 21 52 121
188 215 20 29
241 51 104 104
130 177 16 25
154 3 72 82
266 395 40 135
99 379 108 127
68 387 145 151
325 0 3 65
112 393 50 88
71 339 103 111
21 326 10 12
324 83 36 87
115 2 70 79
213 58 42 101
339 398 105 112
194 244 9 103
214 298 6 28
49 62 155 158
359 55 38 54
281 62 84 161
180 238 25 65
117 163 34 37
78 139 13 118
378 19 63 120
342 229 46 120
385 160 33 51
26 198 15 20
67 159 47 47
32 154 87 92
139 44 23 31
41 167 32 48
370 283 30 46
356 367 182 186
49 359 20 51
46 360 58 64
102 222 44 74
145 92 92 123
344 377 40 50
295 314 27 51
133 131 25 100
71 72 76 114
279 71 16 17
107 238 14 20
241 186 13 13
82 311 53 57
151 92 40 51
242 84 166 166
121 243 83 124
273 238 16 113
61 398 14 44
343 35 55 64
39 117 122 136
243 116 159 160
357 361 66 129
306 361 32 55
394 187 73 97
85 339 14 15
295 339 45 85
180 34 55 108
23 368 41 147
334 308 136 160
187 9 45 46
101 194 16 142
73 262 56 65
351 370 5 9
97 109 72 92
224 44 28 31
41 380 108 120
162 203 31 71
398 1 2 6
2 195 153 163
211 146 160 165
84 36 112 150
285 393 28 51
121 395 129 133
335 395 99 99
231 61 55 63
331 265 32 84
272 57 57 67
335 130 8 10
22 362 5 6
10 321 111 122
356 40 99 107
376 242 78 184
22 54 63 71
352 192 41 42
54 336 47 58
57 102 0 3
348 216 12 46
69 80 17 34
147 61 1 5
299 244 1 11
27 388 19 20
113 246 15 113
218 254 43 148
55 277 38 39
316 281 167 170
236 239 21 26
312 78 61 63
66 41 9 29
193 345 132 138
293 348 49 138
375 52 55 60
21 369 51 57
189 89 85 85
18 227 53 53
283 272 121 129
226 172 29 60
92 7 66 71
189 37 97 127
84 129 20 21
86 393 4 32
373 264 27 31
143 254 72 100
69 245 27 50
93 59 47 147
380 99 17 49
40 153 23 60
329 93 31 101
81 322 46 56
124 79 18 22
303 299 8 60
335 80 45 58
394 4 86 124
339 265 77 102
165 57 41 60
391 197 35 47
13 8 22 22
374 276 7 35
193 69 48 50
344 329 110 117
334 115 15 21
178 247 15 49
74 26 26 42
114 299 2 8
256 93 100 123
91 360 8 12
64 92 19 36
317 331 103 107
335 333 162 179
143 250 72 125
301 393 56 62
374 95 8 14
295 152 150 151
184 336 6 10
220 116 44 81
289 112 15 51
278 340 143 145
58 218 6 11
188 9 108 131
346 311 104 125
62 88 99 107
350 162 12 58
141 74 126 137
44 298 127 132
126 283 52 68
354 49 72 74
82 144 45 130
181 125 64 72
374 54 7 12
193 331 48 56
43 265 19 48
278 26 109 128
58 370 10 50
196 329 2 14
201 326 15 93
100 50 16 21
259 34 49 72
173 348 64 66
242 142 9 18
244 101 81 102
389 35 4 4
171 374 61 77
174 221 33 60
181 40 46 109
324 370 10 60
25 98 128 136
298 179 39 39
314 330 78 107
310 181 8 11
97 2 12 23
311 115 104 109
391 228 117 119
314 89 64 94
193 195 37 79
199 179 13 30
310 88 46 91
128 381 39 41
64 375 6 6
362 328 65 78
214 336 80 138
67 117 77 82
1 108 1 2
128 111 67 93
204 182 116 143
147 209 22 23
1 210 34 34
240 2 97 97
188 341 57 61
165 166 65 74
304 49 13 13
156 190 129 146
210 317 14 79
270 323 92 151
321 222 108 108
391 363 120 153
393 111 53 100
146 1 117 119
238 234 39 71
387 128 26 71
6 325 114 115
162 380 156 178
274 161 83 91
322 216 11 73
330 392 13 21
116 366 34 118
185 390 22 36
161 205 87 111
113 110 8 11
58 135 19 32
12 280 57 81
289 149 19 32
319 322 48 57
87 108 85 117
274 136 52 55
233 135 20 25
98 389 110 121
171 77 11 27
130 213 74 88
95 300 111 112
28 222 2 44
248 293 13 18
330 201 1 9
12 118 20 31
38 22 55 67
172 139 23 38
330 280 10 12
318 160 15 22
309 141 21 24
318 262 60 69
73 333 11 48
144 281 44 70
206 124 22 155
202 275 49 57
300 246 48 165
352 131 68 81
143 277 102 112
365 146 39 47
268 338 60 74
212 58 86 88
277 189 48 53
103 223 94 97
318 287 32 53
311 338 4 8
297 15 3 3
88 193 28 28
126 312 1 5
20 136 16 21
294 350 116 119
20 299 20 55
200 279 147 157
205 291 101 112
306 94 78 86
281 146 13 36
250 32 15 25
89 264 32 33
110 216 3 18
68 324 66 77
139 74 22 26
158 66 1 2
19 326 84 84
167 246 23 60
304 337 57 76
239 206 65 97
281 167 27 34
118 388 88 95
204 156 22 26
322 317 77 96
85 346 75 98
239 9 50 95
297 201 19 28
342 243 57 64
337 145 25 33
197 108 6 7
283 306 26 72
379 385 23 25
119 95 55 87
354 161 43 44
357 100 14 56
308 184 53 98
295 177 20 23
267 156 46 69
380 287 36 49
294 69 37 66
38 307 117 152
97 212 17 18
67 104 8 35
66 201 51 55
389 75 32 32
73 89 6 13
290 157 34 111
170 350 15 61
215 166 78 101
178 253 12 66
131 95 150 150
171 307 54 98
395 288 70 75
130 119 33 88
297 270 54 116
77 319 11 14
92 188 18 25
256 377 1 3
243 222 38 47
303 124 97 134
310 384 43 76
147 3 15 44
172 328 20 83
240 175 8 40
349 164 10 97
8 131 81 116
396 36 91 99
31 201 69 150
312 245 5 13
52 379 63 88
51 184 100 120
282 244 44 78
270 214 129 129
159 100 83 88
120 282 15 17
203 283 69 73
367 109 28 33
128 286 89 98
104 121 6 20
237 281 150 153
244 52 26 77
189 69 38 39
356 220 92 97
139 4 80 90
113 246 27 68
125 54 13 50
323 172 55 107
62 290 151 160
1 286 74 103
153 356 173 178
60 138 48 49
214 166 30 34
215 241 95 96
257 71 11 17
384 333 0 0
84 111 77 121
19 356 35 84
192 188 65 82
325 142 4 6
21 129 31 117
338 203 19 26
52 291 105 116
37 312 145 160
144 106 33 79
234 82 139 149
133 31 126 142
308 393 20 24
385 383 4 18
339 290 19 35
173 336 62 63
32 203 87 126
199 188 73 122
376 317 55 92
193 156 13 13
51 262 136 148
168 82 114 125
141 206 129 129
285 125 15 24
184 386 141 144
175 7 33 40
214 267 60 84
359 78 57 144
49 96 85 119
233 165 17 122
116 82 15 86
68 59 14 75
0 205 65 70
355 120 25 35
306 20 64 122
288 148 9 86
374 49 49 153
81 270 54 54
348 334 70 122
176 363 22 82
29 352 79 136
333 75 18 20
315 255 30 35
270 263 76 92
181 395 47 51
214 206 101 117
18 330 46 131
46 366 9 9
201 100 10 40
132 4 5 5
321 148 46 89
148 195 54 75
292 176 94 124
100 31 3 3
393 387 36 64
29 382 4 8
247 324 142 155
357 153 12 128
389 388 73 74
282 203 61 89
93 276 38 42
81 250 116 136
296 361 45 115
393 158 38 79
310 47 23 24
312 336 158 164
72 249 18 73
319 256 46 81
314 17 17 22
88 217 73 94
33 81 20 24
355 215 39 67
385 70 32 50
357 31 10 89
259 379 39 132
395 49 27 40
321 63 48 51
161 389 43 45
73 119 30 69
265 193 62 65
334 189 85 103
191 293 123 163
360 332 67 69
385 142 12 17
193 300 45 46
27 359 40 40
391 264 70 94
60 8 24 40
41 29 8 25
152 295 30 45
161 291 38 44
200 135 15 21
176 25 42 45
21 270 45 81
367 36 32 86
275 300 87 92
129 108 60 80
142 269 3 5
1 275 91 93
372 18 83 129
312 73 10 12
365 357 109 138
65 123 43 43
39 307 17 72
262 215 31 110
328 51 36 90
281 32 13 48
121 77 51 82
160 280 71 83
375 368 85 89
309 157 42 44
330 99 32 108
362 379 0 4
158 345 116 139
291 135 31 104
227 284 2 3
245 218 145 186
296 339 51 84
117 217 32 143
158 318 5 36
130 16 0 0
335 219 121 134
206 60 24 74
176 303 23 83
89 346 3 43
366 92 37 53
335 213 3 6
280 87 17 33
316 247 21 90
49 346 39 56
112 39 47 70
355 283 20 26
47 41 23 37
365 92 6 28
10 229 3 3
260 339 1 1
318 395 33 54
284 146 28 63
101 398 22 33
310 295 46 53
341 199 40 63
277 51 16 18
275 76 89 148
230 362 22 60
56 295 11 12
27 176 48 99
144 131 24 29
277 317 26 26
282 235 41 66
66 194 9 25
149 32 24 28
236 167 79 130
7 185 171 174
237 29 22 49
219 266 8 22
11 141 76 82
363 95 5 8
320 107 6 10
288 186 2 8
314 162 60 104
212 300 13 19
155 273 4 6
254 59 140 162
304 243 107 110
112 168 34 59
272 167 124 124
151 340 27 34
225 46 10 30
386 54 61 126
155 79 162 177
83 232 20 39
294 348 26 40
139 42 37 120
313 168 9 9
207 391 34 85
159 172 76 103
288 256 6 8
121 375 23 35
240 67 100 124
377 147 50 106
42 143 17 56
153 290 85 104
350 152 33 34
0 380 4 15
153 80 10 17
51 363 124 126
385 210 1 1
320 30 7 8
333 56 32 53
81 100 42 44
1 22 123 126
29 332 4 85
96 127 0 0
28 356 14 16
42 120 132 172
231 339 24 90
244 143 14 18
113 255 51 96
164 246 65 74
322 9 73 119
140 127 127 174
191 356 67 74
26 275 45 49
282 309 47 77
268 132 57 77
232 277 8 67
178 286 10 14
294 192 38 84
115 335 8 12
211 256 17 17
149 0 45 57
55 231 89 96
117 38 53 112
343 11 113 144
329 205 35 121
293 285 7 139
352 175 23 31
200 75 33 33
110 278 58 72
328 345 7 35
235 361 7 42
284 373 26 44
102 292 128 145
275 43 15 76
177 314 38 155
361 12 26 37
268 141 43 69
391 25 125 136
172 306 3 8
166 198 46 57
376 38 32 41
332 248 111 155
155 126 33 74
374 335 53 78
386 251 15 72
21 80 1 5
241 11 15 27
316 392 35 124
158 341 36 45
263 317 56 63
276 49 128 136
242 205 43 62
296 197 83 84
2 373 80 146
176 295 25 25
146 390 102 125
285 284 71 99
19 105 30 47
60 210 85 129
66 22 9 41
375 373 33 63
80 307 9 52
118 13 84 139
341 365 55 156
135 215 101 107
185 291 0 6
127 339 47 70
270 328 9 14
57 300 35 38
16 393 128 166
242 243 60 107
160 137 85 88
85 89 40 76
16 307 41 42
294 346 43 83
36 265 83 84
234 83 25 53
141 206 1 1
272 92 112 124
363 294 32 39
187 99 105 140
309 341 68 90
56 326 12 14
252 271 163 177
269 24 84 133
324 349 20 33
375 111 20 28
198 216 31 36
352 311 0 2
132 270 151 165
180 359 16 57
42 269 43 59
33 321 90 156
249 74 85 108
8 150 0 0
116 370 19 97
308 257 22 38
250 34 9 46
248 396 30 34
150 331 71 79
384 3 22 36
121 192 31 41
390 237 70 78
275 315 56 105
169 368 66 103
320 382 49 82
297 208 104 112
153 244 34 60
75 80 23 50
234 258 31 34
305 353 11 17
253 258 0 3
306 309 36 143
86 280 43 43
151 206 28 39
362 278 48 55
167 5 109 116
130 301 39 39
87 65 17 35
252 126 59 73
287 280 41 94
275 180 47 50
270 140 46 54
271 201 35 67
145 47 11 41
281 395 28 30
385 351 8 26
379 264 90 90
203 222 32 46
231 344 106 109
361 61 75 95
335 107 61 115
37 337 25 30
382 30 6 9
354 33 52 143
80 21 17 31
211 95 12 15
318 27 27 56
318 324 9 117
80 380 46 92
113 239 21 24
358 106 64 66
48 270 30 46
383 62 20 101
259 105 106 120
355 191 90 121
263 368 22 22
234 17 90 90
261 13 17 17
81 350 103 143
326 35 59 59
314 14 117 154
175 45 14 17
25 61 136 139
241 9 36 36
330 218 167 174
342 297 12 31
225 372 10 30
369 96 20 24
41 157 11 17
18 21 83 142
363 191 145 147
283 336 11 80
8 142 165 180
306 42 8 105
68 351 124 159
359 16 80 82
88 279 92 141
190 286 49 114
60 289 59 107
281 7 18 25
56 83 85 87
168 374 71 82
267 186 88 111
56 121 80 132
128 177 22 23
179 265 112 132
234 105 67 139
366 54 108 128
250 36 65 114
148 41 1 1
350 157 39 112
80 72 9 27
242 337 42 72
376 176 8 20
65 118 6 6
98 231 7 25
216 157 92 116
209 348 99 100
280 173 39 61
95 309 9 76
145 353 33 35
306 260 40 68
194 134 50 108
13 5 24 47
344 169 71 89
349 37 24 122
170 174 59 95
64 10 7 116
124 223 67 69
56 62 89 98
350 37 67 160
225 220 26 123
203 204 130 166
282 183 114 123
31 135 35 101
261 124 137 144
51 271 15 17
331 129 155 160
318 64 4 6
169 93 111 166
362 179 72 73
245 197 20 67
239 149 144 144
195 293 81 111
362 374 4 4
149 113 21 22
160 178 11 11
385 371 17 22
93 376 18 88
389 179 49 54
169 215 30 86
150 309 40 41
25 252 30 90
234 24 35 103
391 170 2 7
350 260 48 93
345 185 40 62
230 347 96 120
70 304 35 39
103 278 36 81
124 395 24 33
359 316 108 108
101 374 13 18
64 378 122 174
81 40 57 172
264 158 16 26
174 123 108 149
371 42 1 8
161 37 2 7
385 199 20 120
300 286 96 179
331 48 5 58
267 384 6 9
358 81 27 72
360 229 11 23
313 390 37 46
238 34 25 133
201 106 36 111
361 319 5 63
49 50 118 118
203 57 55 61
266 197 26 51
264 319 6 7
318 300 59 66
78 289 55 93
242 146 23 24
8 200 9 13
140 49 54 75
395 184 96 109
219 259 8 35
390 25 22 34
345 106 85 95
3 101 19 87
169 173 42 64
2 4 10 136
100 49 7 42
259 363 4 18
385 303 87 164
262 232 56 57
148 319 48 92
74 65 22 83
265 288 112 114
165 85 19 20
228 235 25 59
73 181 129 132
324 384 170 180
159 314 54 138
388 168 32 36
263 310 40 44
130 360 63 75
199 318 46 97
123 99 67 93
255 278 16 29
56 28 37 40
179 265 75 96
375 315 19 58
159 144 52 161
149 17 6 6
313 316 2 26
50 164 14 132
287 375 9 17
213 269 63 115
134 20 63 135
40 229 111 113
243 336 1 19
153 91 0 1
387 390 45 66
365 113 27 111
37 61 110 111
2 199 68 73
97 31 22 95
166 197 20 56
288 371 33 35
96 155 12 14
141 360 63 116
166 61 103 106
293 235 11 65
91 171 154 159
39 6 7 10
219 125 18 64
154 159 48 48
309 350 144 150
304 115 28 42
277 347 17 18
239 8 19 20
225 197 16 18
135 13 27 48
33 100 76 96
18 205 88 180
167 244 42 47
56 183 32 39
239 236 51 147
306 234 23 47
306 351 16 29
263 200 61 61
191 240 158 161
100 183 137 158
59 22 32 49
82 224 77 78
385 356 36 49
259 24 91 108
291 190 72 147
217 30 23 56
295 234 55 64
165 10 23 94
287 7 83 94
162 163 1 2
240 220 85 106
104 148 80 91
374 371 44 54
270 172 41 86
150 24 132 135
379 359 82 82
58 114 11 19
375 347 10 21
362 144 33 59
242 270 27 30
368 22 5 6
32 70 7 66
338 370 95 105
233 151 35 103
180 384 63 70
274 383 41 85
185 298 64 139
333 201 33 53
195 10 27 110
85 124 9 48
192 397 74 129
19 280 77 108
358 276 16 26
254 91 38 79
15 99 9 28
37 62 107 128
146 19 26 42
154 204 105 127
320 186 73 77
181 347 24 52
82 21 10 20
322 191 15 16
64 265 88 134
374 66 79 110
307 382 92 133
202 251 97 114
70 168 82 97
162 186 18 61
311 397 9 21
223 217 52 80
295 36 27 28
258 163 53 102
131 296 7 27
157 369 39 45
353 132 55 73
64 369 39 79
160 186 64 107
352 210 12 15
115 70 9 61
365 138 34 85
3 377 117 160
387 379 107 119
10 287 18 28
236 54 119 123
123 201 18 90
348 352 98 104
213 129 42 44
373 7 34 114
307 384 1 2
136 298 3 3
228 179 54 106
28 84 52 58
387 394 4 39
228 350 1 10
238 325 82 88
374 132 35 36
344 153 111 116
181 338 14 15
10 89 14 39
211 36 7 34
311 170 5 28
386 143 31 42
35 90 27 27
221 369 86 128
353 328 99 114
151 375 23 32
157 308 26 28
19 129 35 141
93 59 0 6
354 208 72 142
354 292 45 58
323 52 114 118
163 140 3 4
285 195 2 2
353 239 10 10
189 171 43 101
83 298 56 167
64 257 45 72
78 360 0 1
246 186 117 123
398 231 1 1
189 274 160 177
38 295 11 51
378 47 5 6
396 139 8 37
66 256 151 160
279 186 3 42
22 204 1 6
35 215 58 81
181 113 7 13
336 211 25 63
361 355 6 23
265 5 25 53
229 132 30 58
372 40 29 31
125 81 15 59
313 368 92 119
289 64 9 30
58 130 8 53
100 362 7 11
264 306 12 19
133 369 45 71
389 364 45 58
202 263 121 134
309 339 15 23
25 304 73 101
65 251 79 89
143 338 6 6
89 179 49 112
272 55 0 0
172 137 7 18
284 290 132 174
77 42 10 19
302 72 73 129
358 250 4 8
267 338 147 171
381 134 17 18
45 276 70 74
316 178 50 135
284 72 12 17
297 254 9 12
247 355 45 75
59 21 24 34
328 282 56 154
348 172 21 122
95 66 95 128
132 299 71 88
69 352 135 138
73 23 48 50
346 34 16 26
134 5 28 29
280 73 18 49
38 120 5 25
330 309 84 96
71 176 7 10
182 81 17 62
386 397 74 127
91 24 24 37
306 195 7 14
58 217 3 3
273 226 11 18
240 6 70 97
149 27 70 98
310 240 165 166
13 142 10 11
283 90 23 26
141 147 80 86
297 167 73 86
90 143 160 166
390 38 14 18
229 301 11 30
6 193 61 79
198 381 22 51
148 46 65 152
369 39 62 84
337 240 5 30
130 219 84 91
175 247 67 68
164 266 78 112
172 156 39 165
212 140 81 132
314 63 76 84
2 150 76 78
279 232 17 17
211 5 1 7
40 83 37 97
265 173 155 155
98 384 10 39
315 174 47 78
40 390 119 149
122 370 7 20
292 159 104 115
389 365 81 118
338 241 24 103
392 116 85 96
101 130 9 14
150 368 57 84
12 248 23 26
62 359 10 14
374 339 111 148
288 300 8 19
164 76 14 30
106 371 37 58
275 88 31 53
314 344 75 95
325 188 126 143
284 105 7 24
273 54 26 28
297 324 70 77
372 14 51 54
280 116 11 13
361 233 90 108
51 71 31 43
276 136 5 5
11 183 42 101
205 267 27 38
166 291 29 70
312 73 22 78
2 24 8 105
319 121 3 12
222 136 9 27
145 367 163 178
366 194 17 120
13 44 10 28
263 397 26 30
315 131 106 112
250 54 47 64
201 166 1 10
13 229 159 159
348 316 67 78
27 336 61 89
219 247 51 60
396 226 73 113
211 360 45 66
173 8 149 153
177 138 104 139
152 106 82 82
113 24 38 92
365 366 144 154
357 328 56 88
123 42 36 40
389 84 135 142
332 391 3 3
301 217 54 127
18 300 72 113
360 382 89 101
234 330 26 32
249 86 140 142
213 371 39 40
218 192 4 14
142 264 22 62
330 190 91 99
21 110 29 35
361 368 30 37
224 80 25 25
347 202 30 53
77 173 12 29
181 199 51 56
155 395 38 48
376 370 90 113
151 225 98 107
347 68 23 80
257 26 6 9
46 329 144 145
153 198 34 73
124 369 7 49
5 137 152 154
384 168 67 127
101 170 16 53
44 65 12 14
225 273 36 37
191 305 111 112
363 115 35 81
8 231 22 139
371 112 25 40
175 331 7 10
363 250 78 97
216 52 2 5
245 52 66 116
139 379 144 148
379 0 64 114
101 216 24 40
338 247 0 5
345 119 101 138
331 192 162 163
197 207 16 20
296 148 68 82
303 12 127 182
80 33 6 7
98 153 12 45
22 59 30 48
133 76 102 116
312 323 67 75
381 64 84 108
354 293 27 68
184 16 96 97
112 372 173 185
8 275 0 0
225 395 4 13
217 9 21 37
312 80 47 57
278 361 5 6
215 372 71 115
145 209 25 99
387 139 29 53
378 282 7 28
285 173 28 31
341 75 10 14
200 26 92 137
382 310 9 18
72 64 11 43
344 15 27 42
16 244 21 101
56 41 136 150
65 9 103 113
4 316 43 137
329 215 26 78
283 287 9 21
286 118 24 26
239 183 78 179
139 294 37 88
74 264 118 129
329 284 13 84
88 1 7 7
353 385 58 75
367 271 171 178
346 353 43 43
73 358 50 141
170 71 12 46
250 83 4 6
275 42 22 22
151 41 26 92
117 252 113 137
332 8 18 56
89 124 5 64
308 63 52 70
343 83 48 65
329 60 21 125
121 62 34 70
221 284 3 4
72 132 23 57
374 76 14 48
335 176 56 90
243 95 153 159
245 99 1 5
397 276 3 4
134 26 12 15
100 302 20 93
123 174 2 19
65 13 90 101
51 24 6 13
90 320 31 102
315 208 72 76
265 58 28 29
282 300 2 23
198 101 95 147
270 159 4 7
298 114 30 48
115 206 144 146
195 141 29 139
131 311 91 112
101 279 60 62
275 377 57 66
189 117 5 22
366 388 11 22
112 268 9 59
254 103 139 146
196 199 163 179
340 66 59 70
61 243 7 17
286 281 15 60
67 180 95 103
58 333 8 12
262 86 13 26
368 127 15 45
38 313 33 121
35 346 16 24
144 375 27 31
295 89 53 75
186 128 79 79
64 1 26 45
381 237 23 26
41 128 119 125
354 166 3 5
67 357 87 106
283 354 169 177
251 298 116 125
48 6 9 24
171 20 52 53
285 351 5 68
6 80 98 122
180 260 32 49
290 12 83 98
258 31 59 106
163 267 13 65
82 73 18 27
310 26 1 35
251 145 69 72
1 227 116 117
12 242 27 27
283 388 10 19
262 168 143 168
34 67 154 187
365 194 174 174
207 77 13 29
170 386 66 114
316 233 11 14
34 381 8 10
302 284 83 122
304 284 33 39
115 82 45 85
20 171 8 26
189 303 110 122
167 143 35 55
324 45 78 120
233 128 79 123
93 122 9 14
312 228 10 25
97 109 49 51
384 37 14 31
174 69 31 34
102 389 111 113
220 76 79 96
255 8 53 53
62 229 119 166
253 101 38 46
111 372 23 27
207 210 45 50
205 54 113 121
169 367 74 107
308 374 16 62
266 171 60 65
322 226 49 79
226 160 15 74
225 28 111 136
114 174 32 105
101 70 130 132
74 65 26 29
15 234 36 102
73 142 41 75
59 99 13 126
374 33 65 116
334 265 55 64
73 112 20 106
196 57 28 159
45 153 23 23
182 265 63 90
125 283 20 26
3 194 63 97
23 103 7 26
181 387 36 74
321 4 16 18
235 390 8 152
240 220 25 29
183 28 182 191
61 15 27 50
231 77 35 99
254 102 102 114
224 85 15 17
311 166 90 103
48 381 107 115
213 219 88 92
45 221 127 153
147 272 46 159
339 171 47 58
174 385 119 125
377 79 37 40
339 176 24 72
352 214 55 60
307 3 3 72
256 360 77 81
319 361 3 13
171 107 13 21
32 51 25 28
309 264 9 58
298 296 13 43
340 51 45 50
43 64 80 114
296 94 96 135
81 272 147 149
218 157 57 75
106 179 23 28
246 308 23 46
187 292 85 131
66 273 11 17
202 10 9 108
361 136 4 4
287 128 6 17
281 7 19 29
82 46 122 124
373 20 45 45
165 84 16 17
168 226 54 109
394 19 24 132
274 243 14 35
365 336 11 18
238 348 60 84
254 201 132 173
289 130 10 24
230 17 1 14
299 204 60 160
270 192 8 11
186 196 77 79
204 344 96 110
37 119 7 11
220 39 105 124
363 150 50 67
271 154 26 26
95 387 81 94
27 230 97 137
390 121 60 88
60 181 17 19
306 383 1 1
189 14 91 92
161 359 15 19
96 181 23 27
138 13 25 29
259 102 15 42
360 372 4 6
124 267 44 79
4 369 32 54
37 12 72 74
131 368 8 25
247 85 6 21
201 276 0 0
288 195 51 111
119 374 25 44
314 139 56 57
118 25 62 62
333 165 71 71
231 164 13 18
298 115 13 13
241 264 6 18
143 309 40 70
109 279 78 139
186 229 120 124
386 324 159 186
51 362 7 25
315 92 12 22
113 81 3 8
377 122 23 29
346 364 69 72
313 59 10 110
391 88 37 134
146 83 110 110
88 278 137 140
52 224 61 103
213 306 30 42
139 79 15 21
119 88 140 142
240 236 126 172
305 171 35 37
114 129 4 19
158 129 33 35
31 373 99 118
285 156 70 92
237 243 2 4
110 172 25 35
264 363 112 134
217 55 23 38
97 147 75 97
7 8 5 80
37 176 109 116
2 9 81 121
295 184 6 25
354 221 22 29
220 293 25 45
212 220 10 12
220 94 38 74
0 149 68 70
43 346 74 75
122 240 13 31
186 80 13 16
115 167 34 40
78 64 67 85
126 379 56 137
325 220 25 78
73 194 98 99
317 126 1 4
313 52 98 107
169 260 74 93
180 341 94 96
227 45 6 8
378 72 11 46
122 47 60 62
213 123 109 130
288 67 75 160
371 346 8 129
99 9 9 26
240 68 63 73
5 295 4 40
281 9 21 124
224 78 49 52
59 172 15 22
361 142 81 112
134 258 12 25
6 40 36 46
381 48 90 95
194 392 16 35
297 306 110 127
229 31 66 113
305 131 16 30
256 203 35 37
116 384 1 4
375 9 28 29
281 166 53 61
108 387 82 90
44 194 14 44
37 106 120 163
330 349 11 15
39 333 95 104
373 70 7 112
136 60 36 56
211 275 24 33
249 379 8 10
211 316 15 22
367 327 133 150
49 384 160 164
327 180 34 40
396 56 139 160
120 63 99 162
207 364 91 131
79 76 13 48
374 140 16 53
141 206 17 17
191 51 136 153
57 177 32 56
362 195 69 104
327 332 50 98
355 151 6 11
168 225 23 32
359 382 61 127
249 396 4 59
170 134 60 65
176 27 26 26
287 3 91 92
1 373 35 43
343 275 58 82
211 241 14 23
346 272 19 19
277 156 79 119
127 147 15 35
66 93 16 19
56 281 111 111
148 32 27 55
281 212 4 18
221 91 30 92
232 173 1 2
264 297 54 56
33 322 22 25
356 351 69 76
8 256 23 39
159 287 37 60
101 265 15 85
140 291 110 110
60 59 24 28
361 396 7 7
269 55 126 128
340 320 40 115
300 19 5 5
96 65 103 143
9 31 32 109
247 114 135 163
306 5 49 51
35 186 88 135
61 112 118 144
357 74 2 18
57 349 147 147
302 382 7 8
282 76 4 61
344 326 22 23
227 72 143 144
152 232 126 168
212 247 8 113
145 125 18 151
374 281 20 21
60 9 30 30
320 302 86 89
147 33 53 60
353 342 19 19
199 269 132 157
229 268 42 48
51 356 50 122
141 331 12 77
361 231 122 125
17 101 30 68
230 210 24 35
315 10 110 128
215 28 3 3
105 233 6 6
285 349 54 83
361 110 10 48
53 109 57 65
254 267 5 20
200 346 42 54
391 262 81 100
82 380 17 123
349 331 120 121
226 344 74 88
94 281 51 180
47 296 14 51
118 353 74 97
192 92 57 107
332 379 20 33
249 370 14 16
171 370 84 89
157 361 12 94
344 152 30 42
184 201 47 104
309 98 24 25
25 126 163 175
369 380 107 130
289 388 17 19
296 148 12 31
333 373 3 5
144 311 11 54
77 55 13 32
334 198 3 10
262 96 39 45
128 344 57 74
39 6 2 14
162 255 36 53
0 25 5 32
7 345 72 73
32 249 26 31
188 333 71 90
169 216 25 29
259 148 50 57
118 184 13 15
278 317 56 149
317 256 4 32
335 299 56 73
224 20 7 62
299 293 129 134
354 121 4 5
99 244 5 33
258 285 110 111
297 56 43 66
252 104 92 99
212 81 64 120
350 384 99 106
