500 5000
0 1 76 172
1 2 72 98
2 3 7 24
3 4 17 52
4 5 6 13
5 6 24 83
6 7 17 40
7 8 51 109
8 9 42 96
9 10 22 38
10 11 36 50
11 12 27 33
12 13 27 65
13 14 167 172
14 15 1 17
15 16 68 97
16 17 61 96
17 18 10 13
18 19 15 82
19 20 28 101
20 21 115 135
21 22 3 4
22 23 31 36
23 24 62 75
24 25 32 37
25 26 56 62
26 27 20 131
27 28 15 60
28 29 39 47
29 30 129 141
30 31 22 102
31 32 83 153
32 33 7 7
33 34 106 122
34 35 23 26
35 36 55 70
36 37 48 65
37 38 42 45
38 39 1 1
39 40 25 30
40 41 166 167
41 42 17 19
42 43 24 48
43 44 141 149
44 45 0 0
45 46 37 56
46 47 85 85
47 48 3 12
48 49 10 12
49 50 25 89
50 51 0 0
51 52 116 164
52 53 44 164
53 54 35 59
54 55 27 43
55 56 0 2
56 57 71 101
57 58 20 108
58 59 106 124
59 60 64 70
60 61 12 52
61 62 56 125
62 63 9 11
63 64 73 123
64 65 2 23
65 66 14 14
66 67 59 63
67 68 55 93
68 69 143 143
69 70 116 183
70 71 66 70
71 72 4 15
72 73 15 79
73 74 12 13
74 75 52 90
75 76 28 101
76 77 32 33
77 78 12 24
78 79 44 53
79 80 130 136
80 81 136 149
81 82 100 136
82 83 68 76
83 84 20 48
84 85 35 64
85 86 98 107
86 87 19 41
87 88 44 44
88 89 89 110
89 90 53 55
90 91 9 52
91 92 96 96
92 93 23 32
93 94 74 122
94 95 4 6
95 96 44 134
96 97 48 53
97 98 91 110
98 99 0 14
99 100 6 6
100 101 7 15
101 102 46 46
102 103 69 76
103 104 28 49
104 105 155 167
105 106 75 95
106 107 0 2
107 108 149 158
108 109 41 51
109 110 184 184
110 111 34 94
111 112 15 68
112 113 46 46
113 114 101 120
114 115 17 49
115 116 59 68
116 117 97 103
117 118 120 120
118 119 31 38
119 120 14 26
120 121 4 26
121 122 13 30
122 123 1 11
123 124 5 6
124 125 39 41
125 126 102 121
126 127 27 48
127 128 123 129
128 129 31 67
129 130 23 27
130 131 94 129
131 132 81 82
132 133 85 108
133 134 0 4
134 135 129 138
135 136 11 35
136 137 6 7
137 138 37 60
138 139 86 96
139 140 2 3
140 141 45 59
141 142 3 9
142 143 11 26
143 144 19 114
144 145 2 25
145 146 21 114
146 147 17 48
147 148 8 8
148 149 87 129
149 150 9 28
150 151 2 7
151 152 44 45
152 153 4 5
153 154 33 40
154 155 12 16
155 156 13 13
156 157 34 142
157 158 19 24
158 159 38 38
159 160 122 138
160 161 34 61
161 162 89 106
162 163 80 126
163 164 96 113
164 165 15 62
165 166 11 115
166 167 7 9
167 168 70 125
168 169 1 2
169 170 99 130
170 171 64 128
171 172 68 68
172 173 14 15
173 174 63 109
174 175 34 40
175 176 78 101
176 177 103 125
177 178 13 17
178 179 11 76
179 180 61 80
180 181 16 16
181 182 25 32
182 183 15 15
183 184 15 57
184 185 18 22
185 186 127 131
186 187 25 107
187 188 100 131
188 189 103 176
189 190 23 24
190 191 15 27
191 192 15 104
192 193 21 25
193 194 97 117
194 195 87 88
195 196 5 6
196 197 1 12
197 198 37 112
198 199 66 96
199 200 89 91
200 201 19 20
201 202 76 87
202 203 94 94
203 204 99 148
204 205 35 50
205 206 34 39
206 207 24 24
207 208 28 38
208 209 56 60
209 210 176 181
210 211 59 108
211 212 97 97
212 213 40 93
213 214 17 23
214 215 29 126
215 216 66 66
216 217 7 50
217 218 107 113
218 219 9 10
219 220 0 2
220 221 12 16
221 222 38 72
222 223 12 66
223 224 31 35
224 225 48 70
225 226 25 26
226 227 56 90
227 228 153 158
228 229 33 33
229 230 121 134
230 231 43 63
231 232 82 104
232 233 77 88
233 234 21 26
234 235 15 31
235 236 41 49
236 237 10 150
237 238 71 81
238 239 57 73
239 240 45 55
240 241 62 89
241 242 92 101
242 243 103 141
243 244 18 30
244 245 94 108
245 246 72 74
246 247 16 18
247 248 77 81
248 249 107 126
249 250 28 30
250 251 7 127
251 252 180 184
252 253 50 69
253 254 46 46
254 255 83 91
255 256 129 134
256 257 18 23
257 258 55 66
258 259 2 8
259 260 41 61
260 261 49 50
261 262 83 83
262 263 54 68
263 264 51 71
264 265 137 137
265 266 54 80
266 267 12 15
267 268 25 35
268 269 74 99
269 270 36 37
270 271 23 41
271 272 35 43
272 273 85 113
273 274 79 94
274 275 85 86
275 276 14 19
276 277 0 0
277 278 30 30
278 279 68 93
279 280 75 75
280 281 152 171
281 282 68 74
282 283 81 101
283 284 0 0
284 285 20 36
285 286 164 179
286 287 33 57
287 288 37 38
288 289 92 97
289 290 2 2
290 291 65 89
291 292 7 7
292 293 61 64
293 294 62 116
294 295 7 16
295 296 18 125
296 297 42 85
297 298 5 16
298 299 167 167
299 300 35 69
300 301 23 29
301 302 101 102
302 303 115 148
303 304 81 91
304 305 18 58
305 306 77 149
306 307 19 35
307 308 6 22
308 309 101 156
309 310 25 32
310 311 28 30
311 312 172 180
312 313 31 47
313 314 28 95
314 315 5 14
315 316 7 10
316 317 74 74
317 318 3 11
318 319 46 126
319 320 111 112
320 321 6 7
321 322 90 122
322 323 8 15
323 324 27 172
324 325 79 133
325 326 77 93
326 327 32 59
327 328 28 39
328 329 14 15
329 330 120 150
330 331 14 78
331 332 120 125
332 333 10 11
333 334 34 60
334 335 148 176
335 336 5 28
336 337 27 47
337 338 67 67
338 339 26 28
339 340 70 70
340 341 96 105
341 342 74 75
342 343 4 5
343 344 132 139
344 345 0 0
345 346 14 19
346 347 15 20
347 348 109 135
348 349 131 153
349 350 6 51
350 351 143 182
351 352 119 131
352 353 49 86
353 354 30 47
354 355 29 41
355 356 48 111
356 357 99 112
357 358 15 26
358 359 71 71
359 360 96 96
360 361 7 23
361 362 19 49
362 363 19 20
363 364 9 13
364 365 3 4
365 366 72 80
366 367 1 2
367 368 55 83
368 369 39 67
369 370 34 106
370 371 16 39
371 372 6 53
372 373 11 39
373 374 85 111
374 375 0 1
375 376 36 77
376 377 25 29
377 378 75 90
378 379 1 1
379 380 1 9
380 381 27 44
381 382 43 51
382 383 160 161
383 384 20 38
384 385 12 19
385 386 14 37
386 387 138 178
387 388 34 42
388 389 8 73
389 390 36 51
390 391 44 141
391 392 52 56
392 393 63 126
393 394 10 38
394 395 59 62
395 396 74 76
396 397 34 59
397 398 129 162
398 399 71 128
399 400 25 29
400 401 49 51
401 402 104 110
402 403 11 82
403 404 37 39
404 405 14 19
405 406 177 177
406 407 3 10
407 408 0 2
408 409 11 48
409 410 1 2
410 411 4 25
411 412 69 70
412 413 29 32
413 414 26 31
414 415 117 142
415 416 19 49
416 417 31 32
417 418 84 167
418 419 74 85
419 420 111 111
420 421 32 135
421 422 22 122
422 423 9 95
423 424 5 34
424 425 79 128
425 426 21 63
426 427 12 158
427 428 112 147
428 429 12 18
429 430 126 160
430 431 85 176
431 432 61 101
432 433 13 23
433 434 82 89
434 435 124 153
435 436 0 2
436 437 62 69
437 438 2 24
438 439 125 126
439 440 7 34
440 441 8 12
441 442 9 101
442 443 25 27
443 444 5 35
444 445 160 166
445 446 9 10
446 447 75 85
447 448 114 121
448 449 0 0
449 450 27 93
450 451 11 47
451 452 45 63
452 453 70 74
453 454 128 130
454 455 36 47
455 456 126 137
456 457 159 175
457 458 78 138
458 459 2 7
459 460 17 49
460 461 24 137
461 462 61 74
462 463 12 61
463 464 47 119
464 465 144 162
465 466 41 63
466 467 159 162
467 468 51 146
468 469 73 103
469 470 2 7
470 471 19 19
471 472 7 19
472 473 16 16
473 474 36 43
474 475 19 21
475 476 8 40
476 477 2 3
477 478 141 152
478 479 6 17
479 480 54 68
480 481 56 145
481 482 90 104
482 483 19 27
483 484 55 61
484 485 87 172
485 486 18 23
486 487 2 4
487 488 9 144
488 489 104 118
489 490 55 143
490 491 68 117
491 492 158 165
492 493 66 79
493 494 16 57
494 495 72 78
495 496 28 31
496 497 77 80
497 498 19 20
498 499 93 98
499 0 13 18
375 266 23 85
88 415 15 30
346 219 27 34
207 127 1 7
246 61 113 120
303 223 29 66
26 19 34 35
221 131 35 88
343 486 79 84
333 338 28 93
293 33 60 80
428 0 67 111
23 477 2 8
113 231 38 43
0 313 115 122
218 361 21 38
420 426 81 93
387 429 18 59
457 0 32 55
115 260 95 95
258 203 56 62
115 427 60 66
359 77 22 22
151 42 141 153
81 227 37 52
283 181 2 27
33 22 14 32
177 296 19 29
199 7 77 152
58 481 13 19
450 5 115 117
206 431 26 124
65 340 77 78
224 262 147 155
170 95 106 109
31 326 17 23
376 196 99 101
378 458 25 34
274 492 6 102
205 165 13 30
480 215 7 9
222 388 52 63
390 153 90 131
302 135 55 92
419 104 17 43
305 237 0 0
205 99 76 83
229 132 22 63
269 244 146 146
273 298 31 73
418 393 1 3
140 8 3 3
272 377 143 154
251 469 23 45
284 9 9 16
267 498 29 30
79 82 101 163
204 157 80 112
481 389 1 1
183 101 7 22
451 441 4 51
71 315 17 32
306 311 30 33
324 405 7 123
286 485 59 78
150 175 72 96
76 407 62 103
15 441 145 146
437 352 126 179
132 241 6 19
377 18 84 111
448 288 136 148
497 498 151 170
465 490 119 146
73 52 19 27
219 43 70 82
447 177 37 72
21 159 67 106
291 42 27 34
245 440 22 31
215 431 8 8
301 484 10 19
138 161 52 56
55 240 9 21
412 3 3 3
167 391 53 86
171 126 76 83
77 457 57 60
39 399 29 103
68 55 28 32
404 155 28 83
172 247 59 60
295 210 80 84
175 20 37 57
137 73 8 24
403 24 16 31
263 442 30 96
64 126 37 78
82 488 11 37
346 176 12 75
31 235 85 111
260 35 154 180
439 54 14 31
478 137 47 136
47 188 3 11
125 182 53 56
275 261 71 86
213 299 35 36
359 214 5 11
287 399 27 30
480 274 35 61
464 315 171 172
441 380 53 53
371 430 27 29
167 92 13 37
163 192 76 78
60 120 12 33
152 119 26 104
434 301 35 58
439 78 80 128
498 187 4 11
328 390 110 123
393 433 18 21
203 39 15 19
224 283 25 33
8 220 21 80
269 478 68 103
258 94 102 134
429 182 95 110
17 143 48 76
490 145 51 55
388 404 7 8
70 33 7 7
128 174 36 77
413 42 125 136
215 232 8 64
321 87 104 119
453 236 29 75
71 337 51 56
193 20 33 46
34 109 20 31
165 203 143 157
14 250 57 119
120 0 89 122
328 3 70 108
446 377 18 35
64 296 11 39
108 259 15 114
397 454 34 52
440 188 27 68
285 188 22 55
483 300 10 68
385 151 68 79
40 385 1 15
265 85 174 177
170 404 22 102
36 54 41 62
473 424 0 10
308 227 97 98
297 331 32 91
30 424 7 11
10 137 60 68
219 365 4 9
131 6 44 59
43 41 44 116
13 344 120 151
289 60 41 54
121 25 27 53
184 442 139 160
449 237 12 167
39 375 69 73
49 191 57 87
424 6 23 45
488 39 100 106
276 234 61 78
68 412 22 23
427 256 31 59
120 1 2 6
120 74 139 141
200 159 97 100
359 107 90 117
485 343 62 90
127 116 136 137
185 31 14 17
137 315 20 33
0 456 107 112
449 7 33 41
411 193 48 65
87 404 76 104
144 134 4 4
108 369 6 87
177 93 140 154
204 418 77 84
274 89 32 77
173 108 21 31
147 103 13 27
386 165 7 22
182 35 29 29
447 188 22 25
477 484 21 30
31 447 12 19
345 261 54 126
430 337 36 57
18 187 31 33
358 310 11 17
167 201 33 35
356 247 92 103
254 399 31 55
405 427 54 86
368 391 14 16
127 359 38 73
250 10 63 122
173 126 11 20
70 94 98 137
118 166 126 135
92 379 50 76
45 153 121 136
340 326 3 3
181 249 97 143
78 138 7 11
383 409 2 2
219 190 153 155
152 103 66 102
328 397 115 149
48 482 49 92
259 82 1 2
152 145 153 166
56 230 0 7
451 319 84 132
274 460 75 80
176 66 62 66
298 223 18 26
364 248 153 172
42 148 5 20
123 205 41 51
307 427 18 33
185 331 143 150
59 139 96 135
5 452 149 154
66 278 9 106
464 173 177 178
15 392 10 14
180 233 44 80
414 325 127 133
2 460 11 12
227 265 25 25
392 454 135 144
177 424 40 68
327 219 15 49
66 222 126 145
458 451 96 147
263 480 0 2
44 164 42 45
65 337 81 84
350 0 21 26
384 237 46 51
140 297 27 48
305 184 89 91
304 494 51 78
498 400 7 11
73 188 0 4
13 480 171 177
349 140 36 53
368 160 4 23
115 456 9 14
495 387 10 118
353 450 14 15
477 221 17 17
285 53 93 93
423 15 61 73
14 485 111 137
61 163 78 80
239 319 90 97
371 281 66 78
23 4 69 93
49 412 26 39
194 308 45 71
486 13 33 148
451 106 54 119
321 23 30 97
429 301 29 50
25 185 119 119
312 100 11 14
386 263 86 87
93 254 68 87
318 22 31 44
247 185 74 77
469 179 118 149
64 456 24 48
19 192 6 8
113 404 65 65
119 97 65 130
247 389 40 42
235 469 58 59
279 114 4 7
428 226 99 113
170 179 19 22
44 94 54 91
254 326 4 4
75 254 50 52
419 44 25 29
430 483 39 166
10 231 99 115
88 90 125 133
176 415 9 16
89 312 126 131
432 361 49 98
65 200 79 123
132 326 14 17
440 319 18 20
211 424 10 49
432 161 73 113
47 65 52 53
345 473 69 132
353 104 10 13
332 282 13 59
125 351 37 87
66 408 14 50
150 469 73 77
392 250 77 91
388 280 132 175
339 212 36 39
424 421 21 26
48 169 22 55
400 11 52 86
241 183 34 42
214 91 26 54
477 103 15 47
142 44 120 130
177 94 118 136
168 481 13 17
36 259 85 92
434 0 24 75
250 209 33 148
160 47 1 1
288 420 12 14
380 54 34 152
196 105 68 135
137 100 15 22
298 464 91 149
180 244 2 10
126 468 1 4
223 255 48 147
197 337 123 135
376 220 148 172
297 75 15 25
106 191 81 81
359 206 12 51
305 447 51 74
87 136 49 68
163 409 138 157
202 121 40 56
135 382 25 35
303 107 3 4
15 20 51 51
404 157 13 14
270 27 19 20
466 92 40 40
23 407 15 44
219 11 28 37
356 242 101 141
261 110 21 43
258 388 68 122
334 335 113 117
324 408 55 58
212 91 81 94
294 429 32 41
468 45 140 143
446 437 9 48
335 381 126 126
282 411 18 37
385 484 16 69
238 346 26 50
233 493 23 36
50 45 25 33
464 490 7 75
97 186 44 104
114 313 2 21
143 126 112 122
248 361 66 68
227 220 64 72
172 283 33 33
144 330 97 127
142 65 64 71
218 496 60 72
1 281 16 25
193 310 90 127
296 15 6 12
379 110 32 32
472 194 45 49
24 171 36 36
136 21 73 158
68 74 75 91
195 44 17 29
404 98 187 189
399 441 8 18
137 366 60 71
26 234 22 38
433 131 135 146
374 361 72 98
263 211 1 3
194 66 49 52
428 251 5 66
142 98 55 55
393 344 16 16
129 102 65 147
315 100 127 128
263 465 6 53
73 266 8 13
247 63 12 128
494 250 90 90
225 173 30 56
129 23 33 39
12 75 1 1
67 282 49 54
481 224 10 21
365 64 8 9
232 330 27 28
451 308 23 34
332 254 29 34
116 308 37 93
255 305 17 37
490 484 3 11
198 423 79 81
404 3 49 66
24 368 19 33
387 314 149 163
284 47 47 81
232 7 18 18
85 138 20 34
247 210 13 90
335 59 74 156
290 52 10 137
131 220 1 3
90 268 34 48
459 178 169 171
175 130 22 50
208 78 84 89
407 37 96 96
446 17 137 166
285 334 7 40
84 62 5 39
357 336 71 88
134 281 124 147
447 23 19 31
153 307 148 162
304 444 11 27
224 146 2 9
9 67 5 37
356 36 76 104
145 284 23 56
142 7 43 50
411 124 5 34
379 319 30 83
315 370 11 69
201 121 11 38
38 220 89 123
491 110 1 4
366 282 37 72
88 450 21 25
401 79 60 60
330 108 58 69
408 42 110 154
291 178 112 118
322 11 12 113
0 347 4 31
314 465 38 49
29 366 60 145
408 0 19 20
161 107 69 122
423 132 103 142
350 114 170 175
27 132 16 17
325 372 32 32
268 402 40 66
312 27 28 53
460 160 3 10
6 280 70 87
483 242 21 51
124 2 41 58
136 211 23 128
204 286 11 14
173 493 136 138
493 365 2 4
458 483 68 102
458 447 78 85
391 139 52 87
66 249 3 13
213 172 15 15
447 323 53 55
8 438 48 52
263 154 39 81
147 49 41 65
402 45 53 103
264 424 47 55
462 375 81 84
122 260 21 39
36 152 79 114
14 109 14 40
182 424 58 58
222 342 58 108
403 335 120 121
128 136 106 120
209 16 34 35
435 290 76 119
161 288 48 143
38 160 1 20
319 475 57 92
44 411 0 9
298 165 79 109
343 319 26 29
314 471 44 78
405 301 139 145
373 409 96 123
62 411 12 121
409 269 29 34
450 121 24 77
483 175 49 115
460 282 12 109
242 214 48 62
344 426 55 89
398 194 50 55
287 61 86 150
53 416 123 143
429 384 17 35
97 388 1 15
173 494 130 135
12 110 29 42
258 117 66 69
455 329 21 21
414 72 6 36
118 71 43 102
347 333 2 3
0 94 82 128
349 81 51 53
491 372 15 72
323 307 74 104
291 217 25 147
69 235 3 4
383 215 142 146
479 246 9 43
31 122 20 27
488 125 22 46
156 373 167 175
127 454 123 130
358 273 73 114
243 291 176 180
225 88 43 45
195 296 64 67
394 260 40 85
355 82 13 44
176 253 174 181
437 408 74 82
114 199 3 19
62 286 1 2
153 246 91 114
270 127 7 9
186 339 10 10
59 14 12 27
199 103 26 30
252 60 111 128
214 164 2 20
197 353 14 73
398 176 147 162
79 165 83 117
94 310 12 22
351 57 18 44
413 349 55 163
334 403 40 42
69 379 81 156
350 13 18 96
383 249 60 60
132 128 14 28
97 29 100 113
92 71 106 115
67 474 3 3
46 198 102 127
154 262 40 42
344 241 56 72
403 335 28 29
340 209 25 66
101 387 95 100
419 247 67 82
493 183 0 1
371 256 7 23
275 65 115 167
94 74 45 154
141 391 21 60
238 134 17 50
397 449 110 127
493 108 56 87
403 225 156 157
275 97 6 14
52 142 32 41
465 293 20 28
214 24 105 138
400 362 6 24
67 299 49 62
391 295 114 117
206 232 88 106
216 103 27 86
299 384 135 163
398 387 9 72
422 114 40 72
317 118 128 130
495 445 112 160
168 305 66 76
435 107 115 118
27 202 152 175
185 246 143 149
19 389 62 167
24 406 11 16
76 93 120 122
68 309 37 60
463 450 2 16
14 302 29 48
182 113 9 34
90 247 17 67
458 460 23 27
468 210 6 69
363 210 43 118
249 85 3 51
63 182 47 47
18 134 16 16
471 175 33 71
403 410 168 170
100 117 47 84
340 242 12 23
32 130 70 112
300 61 41 88
341 158 60 170
357 169 28 67
53 474 20 25
164 140 15 25
38 398 11 11
426 76 19 80
233 336 42 44
126 378 134 153
149 449 74 76
400 197 144 158
447 36 20 91
414 227 17 30
214 422 49 85
323 113 84 95
494 81 2 3
444 149 81 85
357 124 57 70
384 298 5 7
168 185 111 124
392 407 20 107
363 309 74 77
272 85 16 20
8 208 95 102
318 327 47 147
36 76 39 127
242 104 65 131
349 382 4 9
294 137 53 61
185 206 43 51
18 175 45 52
362 490 67 69
406 342 27 97
5 472 8 54
388 487 25 57
2 285 31 128
244 135 50 53
0 335 7 11
404 25 45 57
13 450 33 39
293 70 1 3
407 424 24 44
420 137 93 146
345 75 26 55
296 138 0 4
11 341 43 57
161 147 85 109
344 365 12 25
163 465 55 56
328 87 19 37
250 219 148 166
17 234 33 40
338 269 28 45
278 32 5 11
334 45 28 51
362 164 3 3
246 382 54 106
490 322 12 14
178 173 111 121
430 322 8 22
104 482 129 157
6 99 132 145
232 205 5 24
265 217 146 163
452 454 24 88
133 228 42 45
167 75 130 137
40 62 68 122
146 117 26 34
342 327 89 132
367 62 153 154
423 206 106 125
450 281 21 25
228 390 92 97
132 461 105 160
316 76 30 117
83 259 50 59
25 446 5 15
379 6 41 42
159 150 66 125
18 79 121 122
437 50 76 129
464 15 17 24
418 472 1 6
212 349 28 68
394 286 21 124
213 67 105 132
84 474 10 14
462 1 9 10
379 12 60 65
204 108 14 26
164 139 30 34
172 222 45 49
113 210 61 80
426 16 56 57
297 47 93 144
145 354 77 108
131 108 43 53
269 335 7 8
216 75 1 21
229 140 92 103
194 404 24 57
417 279 94 133
189 1 8 11
169 92 182 185
217 277 14 34
493 352 1 9
183 417 137 141
486 277 58 59
386 55 55 70
94 348 9 23
272 379 47 90
216 146 15 45
269 446 44 142
344 154 144 146
207 374 45 51
328 83 27 30
400 156 82 92
41 90 35 42
61 113 91 133
148 403 20 27
37 250 45 74
142 196 19 21
85 217 64 135
256 485 53 53
464 286 19 19
111 304 57 61
279 187 26 41
1 469 11 15
462 391 135 157
370 208 40 55
419 229 10 20
433 5 65 73
310 34 27 34
1 243 112 129
446 490 9 18
327 206 34 51
162 427 6 10
225 461 32 64
412 5 4 15
187 473 37 42
290 433 82 119
388 308 17 21
219 269 15 51
417 1 37 61
301 133 85 105
454 308 51 59
0 398 7 27
34 324 52 128
76 295 10 10
477 207 34 72
312 378 95 99
407 213 6 7
140 222 35 52
211 348 0 4
245 45 45 64
348 144 69 72
130 84 29 77
395 438 26 32
263 113 10 24
490 299 63 72
251 197 94 94
178 267 121 126
140 373 51 83
214 76 102 114
460 141 30 45
319 162 37 43
339 243 39 53
33 261 54 86
338 333 112 119
29 54 5 7
293 334 78 87
196 46 5 8
109 471 116 157
431 245 88 89
11 120 8 10
231 252 25 60
481 432 87 108
437 106 20 21
341 137 60 112
317 236 49 55
213 66 50 54
335 70 21 52
22 196 6 11
183 398 41 47
110 357 10 27
274 33 107 112
388 235 99 111
329 317 54 68
67 268 58 68
433 54 68 98
370 149 42 49
160 256 110 116
68 76 155 176
408 383 16 59
252 25 42 135
67 487 5 5
125 95 26 26
415 259 39 108
240 420 129 157
267 152 1 11
257 476 14 58
107 467 54 70
371 230 2 19
71 59 51 93
84 69 67 93
1 444 7 7
300 422 89 110
210 132 36 55
493 35 4 10
382 452 20 26
363 358 93 112
16 52 34 36
346 137 25 25
367 473 56 101
199 444 90 125
387 221 73 77
456 97 69 99
369 16 104 106
395 216 83 143
493 26 61 65
472 48 11 30
284 105 97 97
32 344 39 45
226 281 7 146
430 461 36 57
297 460 82 89
296 497 27 33
168 223 6 35
20 181 83 133
409 334 108 119
107 7 75 105
260 357 7 7
361 269 5 39
462 404 6 13
145 235 144 148
476 36 15 20
82 254 38 49
423 258 49 57
429 247 121 130
301 112 120 123
215 241 87 88
229 433 4 10
451 486 20 169
124 233 5 24
315 68 3 9
212 148 172 173
482 330 20 47
263 194 130 139
73 259 20 29
35 441 63 80
479 82 56 83
406 459 27 49
202 32 7 8
179 350 70 74
93 134 60 78
154 204 8 8
480 470 52 53
149 240 23 59
276 460 13 130
106 88 127 141
435 47 58 65
412 24 16 21
473 79 14 18
89 275 66 69
164 103 61 72
493 27 18 20
15 173 61 63
108 178 76 106
426 34 146 149
432 200 148 164
357 427 16 23
294 269 66 98
382 66 123 150
217 275 8 10
409 472 65 95
205 1 137 138
142 368 6 8
16 234 67 137
66 295 9 73
475 48 9 16
471 15 6 11
418 210 50 107
139 114 21 22
127 399 94 98
255 312 0 1
215 299 74 85
311 290 126 131
202 367 172 179
370 53 13 88
428 175 8 28
454 399 9 160
219 58 22 38
406 120 10 49
95 257 9 12
70 104 53 128
4 69 1 2
334 488 44 52
371 388 19 45
490 371 52 73
450 212 54 81
292 461 7 24
433 474 69 78
468 34 80 92
227 417 19 19
440 190 34 38
367 380 36 88
147 100 68 99
404 252 10 69
225 34 22 28
203 467 50 51
264 468 47 94
419 199 62 66
473 449 86 92
181 196 153 162
374 457 13 59
274 253 158 166
335 277 60 72
451 85 2 7
234 167 47 125
457 7 20 58
332 491 7 8
391 378 15 121
167 490 20 35
33 13 19 56
187 9 100 133
420 401 23 30
80 292 32 37
478 16 39 89
229 304 48 61
213 174 3 12
163 52 71 110
409 382 54 55
181 437 131 134
191 462 2 17
274 128 26 43
277 486 38 56
90 265 17 165
7 434 10 172
362 188 91 98
62 363 9 34
359 52 27 50
427 49 40 54
210 155 14 23
266 235 8 14
326 243 3 4
183 271 42 58
156 468 39 47
450 237 83 125
481 143 59 59
425 296 5 9
460 222 41 66
331 392 29 51
455 265 50 51
249 139 26 31
133 400 59 63
303 351 3 16
58 377 87 89
52 116 41 43
25 470 61 113
494 369 44 131
371 147 19 35
40 266 0 2
425 380 81 137
275 64 20 49
452 234 49 50
419 140 71 108
481 318 99 102
134 168 26 40
31 65 59 99
332 86 54 54
239 220 33 58
427 366 112 119
78 395 75 109
171 209 75 157
180 360 0 13
228 401 56 59
287 443 48 53
465 161 132 132
153 222 18 63
12 185 13 33
266 222 44 160
83 252 25 32
284 342 20 20
45 223 26 56
149 244 143 147
379 7 14 39
285 486 10 103
153 493 0 1
450 298 169 175
407 381 151 157
289 14 53 110
42 224 33 34
365 279 64 68
26 133 24 52
455 182 64 122
46 17 84 108
443 247 18 82
302 456 7 17
460 94 27 75
336 315 1 5
406 495 122 144
10 184 4 5
149 380 20 32
481 24 121 123
305 488 33 83
19 476 38 134
62 360 62 62
55 97 12 43
138 339 3 12
16 109 1 1
223 189 10 53
191 488 13 20
67 410 11 19
120 218 2 35
219 447 35 54
84 281 45 47
303 255 36 42
71 448 69 167
99 419 4 24
318 261 128 130
389 75 20 22
396 244 36 41
270 299 44 48
353 392 144 165
269 183 110 114
34 29 23 46
458 324 22 37
106 269 25 29
141 475 87 105
410 143 41 44
80 452 100 104
97 104 8 9
430 452 79 90
317 105 50 51
365 8 15 28
348 266 11 54
340 142 179 181
96 134 67 77
443 308 30 92
249 376 12 12
151 437 165 167
326 372 18 22
151 65 18 77
76 173 85 104
405 441 23 70
69 328 121 127
390 8 30 40
345 494 40 57
486 453 18 101
80 489 21 119
219 418 121 156
141 81 43 97
52 245 15 67
247 354 25 50
209 253 97 121
287 415 36 49
209 190 155 170
24 238 59 60
260 348 92 96
131 496 124 130
223 71 8 16
479 37 128 142
317 298 12 29
441 160 29 42
29 64 78 78
136 138 65 97
460 306 109 123
31 250 17 58
474 342 48 57
370 320 126 132
374 279 0 9
466 111 96 167
47 10 63 68
31 497 51 59
282 267 37 89
108 312 118 132
150 206 49 116
399 310 145 154
139 276 13 151
360 63 15 64
249 477 39 40
456 484 89 126
200 347 46 89
433 65 30 77
394 75 90 98
50 153 12 104
172 441 53 101
311 116 46 120
187 271 84 126
315 72 61 79
227 59 114 115
131 447 12 13
421 486 129 169
408 480 56 83
298 251 25 38
116 332 29 30
114 122 32 82
489 122 137 150
301 486 63 105
448 9 67 90
112 371 37 46
395 76 45 86
466 450 22 89
212 96 92 138
44 94 36 38
109 146 45 64
358 392 20 20
491 34 173 184
125 22 15 19
307 416 92 92
304 415 80 119
339 54 4 32
387 341 42 127
258 94 111 128
345 200 78 87
237 415 118 119
275 410 35 70
458 125 50 86
199 68 66 87
339 468 7 7
485 64 7 13
152 491 28 56
30 134 41 147
474 404 114 134
241 170 53 54
422 461 17 151
94 483 108 126
301 453 17 30
108 49 10 13
331 211 53 60
281 435 19 21
403 400 5 15
53 215 22 51
61 230 101 108
200 405 165 170
471 434 49 66
476 118 7 13
51 244 98 101
86 465 28 28
67 137 35 40
61 241 23 61
420 215 49 58
328 84 18 22
173 215 64 77
313 206 45 50
163 224 11 12
405 427 15 37
143 124 135 152
345 401 150 155
372 23 46 57
277 437 11 57
321 400 11 45
80 101 2 5
345 286 12 45
43 174 21 110
358 116 114 119
21 257 10 85
465 350 43 151
292 421 119 121
331 347 56 57
432 27 1 1
264 184 169 173
271 100 2 8
368 317 172 180
472 95 37 104
460 313 134 146
262 148 115 128
141 290 162 163
202 179 4 4
444 53 131 140
197 440 36 74
339 76 39 42
172 71 63 82
270 230 60 61
17 326 9 70
395 362 2 3
145 106 109 151
495 206 68 123
4 448 35 110
142 361 42 116
416 323 34 86
139 495 23 76
362 364 149 177
431 318 41 50
176 375 13 95
136 418 67 85
86 406 96 138
106 498 72 95
89 139 18 27
267 73 49 65
317 119 80 81
130 451 4 21
332 373 11 11
473 248 78 84
392 179 68 96
89 319 17 56
340 84 56 88
324 498 28 81
403 202 63 78
397 435 14 21
298 264 43 81
394 196 36 37
252 107 5 6
244 161 74 129
492 102 30 33
297 293 52 88
318 1 110 111
131 115 50 79
1 161 14 27
86 187 0 2
435 464 53 54
336 472 35 58
372 478 62 75
495 180 38 46
286 102 137 148
327 129 5 25
481 365 11 12
210 229 56 58
245 377 86 113
200 182 109 111
321 340 48 137
124 153 3 3
45 230 52 88
190 183 44 51
61 186 29 72
64 440 67 79
46 160 19 92
6 442 8 38
161 352 13 82
368 21 24 31
469 428 77 114
59 270 60 62
129 278 6 13
163 106 83 105
325 343 3 3
406 366 12 15
33 171 13 24
156 360 18 44
136 269 14 80
274 175 63 67
332 220 66 66
124 396 14 20
102 332 11 14
301 470 15 27
228 342 50 53
374 24 10 10
314 116 56 82
194 227 78 163
373 94 37 81
484 487 7 16
294 81 159 166
478 178 51 53
369 345 49 59
217 236 96 167
266 165 64 68
12 443 41 43
183 252 103 142
120 395 89 110
49 455 69 73
245 416 44 45
103 242 17 17
52 197 93 100
94 331 38 43
218 403 13 13
326 122 103 116
312 73 4 28
409 55 11 18
235 161 74 74
374 18 21 27
210 101 74 140
329 369 46 47
125 51 6 11
157 420 42 112
208 47 82 82
240 122 76 88
82 49 62 68
265 109 1 9
455 492 13 20
1 129 18 63
209 428 4 7
443 479 74 94
374 192 122 156
325 446 7 13
374 124 7 10
386 338 115 182
38 494 91 108
468 225 38 52
194 314 85 91
497 8 0 0
491 114 16 18
212 129 46 108
399 208 75 89
391 19 3 3
176 92 5 87
466 89 5 8
276 180 22 126
162 65 92 139
335 53 50 61
7 455 40 65
55 414 113 121
287 351 107 150
130 372 36 42
19 362 139 158
192 478 14 61
429 288 29 47
117 235 9 68
97 272 5 6
6 398 30 102
421 390 113 134
75 424 125 137
116 390 58 69
412 336 70 86
433 476 36 37
22 132 79 87
59 185 73 75
195 97 55 89
266 347 18 34
412 414 159 161
428 207 135 136
192 447 26 74
97 24 98 124
310 248 118 121
359 230 8 23
96 384 22 24
448 282 55 61
344 296 15 16
173 319 3 11
406 154 31 51
288 398 81 83
253 232 7 41
420 216 2 2
277 366 112 132
337 468 9 18
68 232 88 88
352 259 12 32
35 193 8 11
372 6 77 115
351 479 5 6
350 442 49 53
363 72 87 104
90 403 142 177
10 4 36 47
177 369 94 177
168 63 14 20
2 203 3 3
203 281 76 99
468 256 113 128
497 78 33 91
319 27 38 41
467 264 34 54
495 450 94 95
158 313 6 25
41 230 43 80
389 28 104 115
230 99 83 125
290 268 87 116
43 63 45 79
362 191 25 33
62 35 153 159
6 493 34 137
390 54 62 68
345 308 91 91
448 212 2 5
174 89 2 8
493 105 6 25
360 157 104 133
189 128 0 4
448 33 169 169
421 450 28 52
496 103 66 70
411 428 24 65
404 398 52 113
429 112 138 161
406 300 81 107
16 139 2 5
16 235 35 43
150 145 21 30
487 349 82 141
481 202 11 33
1 370 23 95
93 341 9 46
167 470 2 21
118 417 102 146
199 347 93 101
43 39 56 123
366 433 10 28
58 283 39 55
58 412 62 74
457 385 73 129
350 32 122 122
489 2 19 21
402 28 43 47
14 303 125 133
263 329 7 8
51 413 90 99
24 309 8 30
0 96 131 134
320 78 31 91
138 244 118 122
106 487 138 146
100 277 140 157
408 94 32 81
460 249 38 139
386 421 55 107
152 365 52 55
484 467 70 98
134 102 169 174
61 380 59 60
203 293 68 76
85 188 123 125
308 158 69 98
84 179 13 37
296 448 84 132
1 342 19 47
291 95 13 17
247 79 51 70
360 333 4 20
46 248 40 54
232 494 67 74
422 371 100 111
238 333 4 10
20 224 12 13
352 139 50 57
311 389 44 53
478 247 1 7
324 279 23 42
400 472 7 7
314 297 44 64
429 0 49 82
416 189 15 27
38 327 90 90
249 468 25 27
239 156 133 146
399 52 96 96
18 374 71 105
188 175 62 64
377 364 51 62
209 196 21 30
139 82 55 139
226 222 21 30
425 114 2 17
207 442 20 111
178 490 13 68
116 438 71 76
152 162 39 55
250 102 36 68
428 26 11 97
72 319 0 3
323 125 93 93
150 380 9 17
109 395 10 39
370 13 56 96
217 89 33 35
152 193 154 177
137 467 53 64
247 92 43 47
45 199 20 24
432 181 8 24
403 439 56 59
412 464 2 10
385 134 26 26
405 81 61 118
427 417 35 49
376 59 38 52
137 251 108 111
291 53 39 70
278 219 30 56
127 57 154 168
128 183 1 21
151 236 53 54
420 189 63 92
281 88 25 27
146 372 118 138
24 345 40 102
66 154 17 36
27 176 5 5
201 262 53 56
197 112 30 120
140 356 21 37
404 301 19 24
448 270 17 23
75 205 80 93
215 292 63 106
100 308 29 45
78 20 10 89
5 324 20 69
464 46 51 75
477 216 88 94
125 490 159 167
411 238 10 24
386 498 7 8
479 340 16 19
52 475 24 33
99 177 157 160
149 385 44 62
329 342 76 78
384 435 18 18
369 482 4 5
385 267 55 91
212 307 18 55
21 436 21 31
134 450 1 1
283 313 91 126
383 484 17 18
131 146 62 111
273 64 16 44
136 64 29 30
42 380 52 69
439 493 13 22
205 341 9 9
195 366 26 40
6 307 64 77
165 339 80 102
219 223 49 49
195 328 16 67
307 423 6 26
252 60 26 65
396 154 29 98
209 82 3 6
160 409 119 138
179 263 85 89
116 127 24 25
348 35 36 121
362 198 41 172
170 5 114 136
15 474 4 16
431 221 65 99
83 90 63 82
236 73 37 62
337 277 26 116
290 73 0 2
212 459 30 45
115 136 104 115
11 401 16 49
300 128 0 4
74 273 1 29
249 154 119 170
129 199 13 21
45 107 21 41
482 111 23 101
367 4 45 66
189 118 56 83
470 249 87 110
417 150 30 47
84 60 23 95
317 143 47 48
351 55 14 17
287 290 31 50
481 300 52 114
428 95 30 44
338 72 51 59
436 491 68 106
394 83 1 1
300 463 69 115
62 333 16 44
64 384 123 139
411 492 38 79
408 63 80 94
453 67 3 3
224 292 70 113
29 367 9 25
284 83 18 20
231 156 9 16
41 272 185 188
433 252 22 49
78 471 35 86
402 92 103 112
213 451 29 44
421 408 24 39
317 459 58 159
89 285 22 38
148 321 40 58
452 229 57 78
462 165 138 160
371 153 98 101
426 14 9 16
295 328 177 177
287 368 12 16
293 387 62 175
361 141 42 87
38 261 34 38
334 212 27 52
492 429 100 152
467 153 44 142
158 383 108 113
244 429 11 28
21 414 95 128
272 398 7 9
181 233 34 52
198 433 18 23
367 15 70 148
134 42 7 24
121 287 106 129
153 335 117 121
297 275 2 8
469 131 25 40
143 461 62 63
116 30 165 171
184 470 88 96
365 29 86 138
364 182 41 43
3 492 14 14
212 487 4 85
255 422 78 108
9 228 78 91
476 439 27 36
230 483 14 54
208 135 76 96
223 294 22 42
81 405 43 49
181 447 72 117
121 35 104 142
111 373 97 108
471 30 40 44
278 136 24 40
409 266 86 116
316 213 4 33
142 57 4 6
251 496 55 119
474 179 18 27
323 228 73 74
254 82 19 24
323 154 75 81
353 276 34 72
388 60 113 144
226 240 31 108
102 77 1 21
160 437 52 71
394 98 60 61
68 138 65 81
441 356 28 124
122 12 4 26
113 305 21 36
426 379 113 128
353 398 17 87
461 60 37 149
488 458 14 20
431 245 11 18
177 455 33 36
174 342 18 43
497 9 117 144
42 185 4 5
74 280 56 78
489 348 10 24
366 140 29 43
431 376 37 172
293 386 8 30
343 287 23 40
224 320 33 118
239 191 13 16
459 99 44 49
127 130 54 57
248 306 61 88
92 394 95 96
448 388 98 179
158 360 65 66
249 230 117 143
112 181 88 123
62 140 64 101
9 460 88 133
339 287 11 49
350 288 67 127
436 201 0 6
376 482 51 84
347 276 51 145
302 303 21 22
160 37 8 74
443 128 108 160
193 497 2 4
277 143 1 1
0 410 71 93
13 446 73 128
387 156 75 77
274 292 23 44
383 460 91 92
114 253 0 1
156 8 34 34
299 277 2 5
383 257 60 73
141 269 16 18
83 44 54 66
238 104 72 97
41 268 25 33
403 364 67 76
470 194 144 156
426 329 10 17
314 1 9 16
317 33 4 5
228 297 32 37
239 29 26 49
267 394 116 127
318 180 13 47
297 294 82 110
292 189 50 88
386 353 66 84
47 288 14 30
494 190 34 171
468 366 33 56
41 429 6 29
63 3 112 127
384 210 120 132
98 150 40 64
463 389 84 109
423 481 87 97
252 336 15 28
18 115 38 59
421 82 9 16
64 159 58 62
398 423 7 13
29 375 67 144
115 368 55 60
286 468 46 67
69 35 13 104
454 275 27 107
440 449 31 31
14 185 14 20
59 34 62 71
133 379 167 178
378 479 143 143
54 192 13 25
70 417 39 49
362 376 8 20
462 423 66 71
294 93 8 9
98 49 80 152
215 83 3 16
182 110 36 39
232 321 30 96
131 495 166 167
303 87 40 57
74 418 25 25
83 6 4 6
327 362 31 59
371 224 15 18
121 458 92 130
50 295 56 156
48 439 12 22
30 407 94 113
56 125 59 119
363 146 7 91
128 92 7 15
465 400 46 52
483 63 36 37
135 61 114 168
247 291 28 141
230 343 111 125
359 475 69 93
89 278 122 122
8 340 34 34
67 334 132 133
405 104 29 41
199 44 134 135
374 179 82 108
74 182 107 127
124 152 66 67
347 8 71 71
75 374 29 31
136 107 44 103
328 264 17 49
327 411 137 156
160 66 23 35
394 48 39 68
270 99 36 36
476 94 12 95
235 182 121 132
121 41 11 140
88 304 68 88
107 496 1 1
364 71 111 170
476 268 50 118
464 212 21 39
331 362 85 117
197 423 32 33
495 169 66 76
343 87 69 87
117 448 4 7
280 18 104 106
113 215 69 82
319 201 28 60
142 145 61 73
11 409 32 58
284 319 134 138
352 286 9 27
40 96 1 4
287 445 24 41
324 315 22 55
417 47 77 80
302 358 28 93
415 427 28 36
194 400 29 29
174 480 12 19
314 34 11 88
91 203 135 142
218 405 23 40
386 212 47 101
275 80 20 41
356 216 117 145
57 183 15 78
73 10 44 71
248 30 0 4
64 285 125 128
22 343 116 128
241 160 40 96
401 309 11 52
183 40 89 114
132 83 24 26
286 229 54 153
181 126 124 130
303 132 35 39
336 449 27 28
268 401 26 37
257 0 40 61
171 257 50 51
133 183 29 93
167 104 128 128
1 318 59 81
267 90 134 141
76 35 23 24
416 286 160 165
175 288 29 37
252 267 15 73
5 494 4 4
329 327 7 22
297 162 114 117
291 353 5 17
429 314 47 135
228 277 2 7
251 47 23 45
485 80 94 144
367 458 63 79
475 451 120 131
416 304 15 35
48 409 51 70
33 471 33 33
403 268 84 114
164 438 70 100
330 197 48 142
455 17 84 130
300 398 112 154
469 342 19 81
121 156 8 23
136 48 22 130
495 83 70 131
434 410 1 19
477 321 63 89
372 466 1 5
479 437 22 45
258 180 20 25
374 269 11 61
492 304 18 56
48 301 6 79
356 2 71 71
216 192 30 33
410 352 48 92
430 115 4 4
340 247 24 27
456 362 91 153
29 277 90 93
433 279 46 64
282 355 29 40
475 57 114 129
344 183 23 94
155 243 35 55
68 244 88 99
95 307 8 37
417 326 106 158
90 323 4 61
183 385 5 29
55 186 17 78
140 464 41 78
271 71 56 57
304 417 77 144
144 172 12 49
126 182 23 23
410 350 11 11
453 169 46 107
355 181 147 150
340 180 148 157
160 17 28 73
261 275 23 26
223 212 66 72
206 209 13 16
123 71 37 79
306 326 35 48
399 353 30 55
6 179 37 40
477 478 136 175
420 122 9 30
289 46 6 19
182 417 44 44
147 239 10 99
290 413 11 109
375 395 38 71
70 210 1 2
294 126 54 115
321 343 109 111
440 236 8 82
177 103 2 4
169 335 7 12
435 156 8 32
12 254 48 48
185 270 16 17
62 329 12 54
172 430 30 83
387 354 44 46
167 435 18 20
411 184 34 63
379 220 34 35
185 154 14 82
251 373 35 37
223 401 0 0
202 433 2 10
129 284 43 43
147 285 39 40
470 453 70 106
388 189 32 34
359 50 25 26
164 357 40 46
359 202 5 10
415 227 79 100
90 22 78 159
351 139 167 185
453 249 23 28
174 382 7 24
167 434 40 81
59 448 51 90
4 296 57 57
48 260 5 5
260 39 15 18
246 60 47 70
160 79 28 28
128 223 39 54
246 406 104 124
284 422 4 10
473 369 6 16
383 310 55 64
168 379 1 7
405 324 111 126
59 348 154 175
132 22 66 83
338 162 72 81
219 428 34 42
390 356 31 66
318 176 7 7
454 111 144 145
164 104 9 15
419 270 31 63
12 172 31 55
20 165 53 60
133 278 57 65
455 373 7 75
92 193 10 11
246 478 42 121
434 353 4 4
106 32 48 98
363 70 32 70
487 160 1 2
269 371 30 118
450 442 17 87
428 28 41 72
34 182 42 59
450 446 15 24
277 436 42 87
455 335 31 93
316 398 46 56
68 298 27 44
477 235 15 18
488 246 74 79
380 58 41 86
360 494 22 42
3 344 95 99
263 321 58 88
251 464 7 11
41 101 23 34
482 93 3 4
4 372 27 32
384 119 22 76
76 295 53 122
164 175 61 93
264 312 10 10
263 451 66 126
165 240 43 142
251 453 163 184
213 320 20 27
46 424 12 25
62 396 17 28
400 33 24 30
89 337 0 6
314 360 23 60
396 343 14 20
254 452 44 49
353 407 73 110
465 37 107 111
382 378 33 162
366 43 69 73
341 71 28 30
111 65 10 36
376 472 7 11
458 472 45 52
306 470 12 24
104 446 110 123
189 113 2 28
46 397 35 162
480 430 118 127
451 489 111 113
258 379 1 2
63 187 60 65
258 29 13 36
255 290 9 45
118 24 11 54
14 309 81 109
7 170 18 18
222 176 18 27
191 429 30 35
448 261 36 50
231 426 10 11
320 407 22 89
67 147 10 60
176 65 54 108
387 8 25 32
77 383 124 128
468 261 19 26
132 279 22 28
183 368 5 5
485 366 65 151
189 155 6 21
220 207 61 98
152 161 38 75
366 20 174 183
82 110 23 26
454 194 157 173
47 430 31 141
15 432 60 70
105 452 5 21
329 494 163 173
380 21 7 86
24 270 26 71
24 175 31 44
343 149 18 31
3 215 12 32
464 152 19 72
321 403 8 18
28 252 7 13
454 151 174 183
270 105 34 131
34 455 39 51
94 369 46 143
94 88 5 31
389 216 11 18
115 332 9 14
446 478 45 71
330 284 72 92
228 3 110 121
218 29 48 74
315 474 58 80
356 200 39 45
315 60 47 49
275 31 38 88
273 135 9 23
386 65 17 42
368 191 18 25
440 407 32 57
412 58 51 90
41 346 38 68
134 294 31 37
470 183 52 56
165 451 1 1
418 417 56 149
26 478 31 44
240 315 6 8
344 167 20 34
228 114 10 15
449 486 41 116
290 361 24 140
23 258 88 119
232 86 1 2
194 349 162 166
154 472 80 84
212 417 62 96
145 259 4 4
347 53 1 5
498 37 14 63
168 379 64 73
475 174 106 140
253 373 20 76
252 340 82 141
206 384 72 109
346 262 3 6
101 76 1 1
418 417 62 94
187 432 32 45
348 303 100 140
361 219 30 30
486 127 43 46
451 164 40 44
70 142 1 1
384 242 64 76
43 339 40 42
488 26 114 142
101 403 7 17
344 67 98 127
2 371 56 126
320 11 50 117
17 216 96 130
230 270 29 143
406 445 22 23
477 282 129 131
401 67 11 16
79 60 20 88
441 358 44 73
443 339 49 54
129 275 65 67
153 186 89 89
92 402 0 2
139 383 23 61
54 423 72 72
126 97 7 29
3 289 10 18
310 14 128 160
476 365 14 41
128 123 42 47
302 46 76 111
311 401 25 109
285 50 152 171
146 198 17 27
470 187 103 150
133 359 93 106
291 269 26 35
473 435 56 76
393 1 14 33
453 61 37 77
401 35 114 180
1 61 51 87
301 290 112 143
95 435 131 149
138 19 2 10
344 401 152 163
80 378 49 53
291 148 171 180
45 436 90 109
471 199 16 19
470 50 41 56
497 75 64 70
238 231 7 18
83 399 31 44
24 35 5 14
408 413 36 125
461 484 6 82
387 435 56 152
297 320 35 99
45 147 29 32
280 160 3 32
67 15 39 107
67 424 9 11
124 452 5 6
481 400 41 55
275 299 8 63
325 222 88 88
463 439 74 86
407 311 13 19
470 419 93 110
161 248 36 57
178 409 64 94
457 12 135 139
104 100 33 46
411 135 67 67
215 452 8 19
76 169 172 183
300 493 13 21
259 183 11 12
371 482 111 117
186 318 53 57
301 290 39 93
471 274 55 86
247 287 41 46
286 290 81 96
10 476 86 87
40 55 22 23
6 43 38 107
345 26 12 34
336 377 82 89
363 188 5 7
31 497 4 5
385 21 154 156
54 143 14 25
93 452 71 161
335 70 1 1
386 359 5 6
94 288 43 54
336 496 12 13
398 331 13 48
48 214 88 121
351 136 158 160
284 340 64 136
1 385 6 46
240 382 13 13
2 309 16 31
144 168 4 13
443 290 141 158
394 72 53 54
103 91 117 118
200 411 56 130
121 249 22 135
475 181 13 22
495 21 48 70
222 433 52 65
391 102 9 17
241 319 38 67
117 239 129 133
419 369 57 103
235 30 21 35
221 276 13 101
283 455 131 179
130 86 20 20
249 326 14 17
446 299 106 127
375 335 8 12
197 106 75 82
89 359 16 62
28 413 17 27
102 175 124 141
374 301 43 49
247 82 75 96
464 264 8 20
434 401 120 121
76 320 35 38
421 460 0 0
205 479 10 29
160 367 21 37
176 401 72 87
185 165 8 9
346 167 71 115
436 74 43 167
422 57 77 138
331 150 28 110
95 208 71 78
331 157 30 38
250 7 102 153
76 202 29 54
149 66 6 26
494 119 66 102
445 297 29 139
71 419 125 138
283 69 47 52
281 369 12 41
275 416 31 93
213 392 1 2
24 388 13 14
48 85 8 19
342 331 20 49
203 473 123 134
269 290 3 29
194 183 46 46
331 219 52 67
210 390 77 81
63 268 31 31
353 485 51 145
425 416 10 40
408 68 29 43
274 279 46 46
35 296 12 44
345 152 96 117
405 427 42 128
422 389 1 27
274 411 62 82
290 417 5 8
456 136 3 26
44 421 58 119
371 55 105 108
283 493 29 72
76 370 8 28
192 396 108 172
212 36 174 181
392 69 22 77
354 283 59 85
254 172 45 54
170 286 21 95
220 456 3 24
357 113 156 175
21 259 6 14
123 107 37 122
270 276 107 113
6 463 31 32
453 180 9 92
218 28 5 9
283 409 35 55
487 402 37 58
112 225 3 3
409 207 38 183
67 467 67 83
345 399 101 104
323 262 149 169
316 304 40 170
400 52 24 48
19 34 12 69
341 469 28 30
179 304 156 171
488 404 59 70
376 167 1 4
27 479 41 157
262 127 30 33
354 205 6 9
12 168 10 20
491 397 26 76
325 453 5 21
396 67 3 5
283 211 51 58
361 281 57 81
251 493 9 9
162 244 5 10
384 10 9 10
358 162 41 43
227 361 79 108
326 266 31 38
362 72 1 1
42 239 38 41
331 325 13 34
1 387 75 76
72 485 6 73
363 448 45 56
456 488 41 62
416 467 96 113
418 66 24 44
38 234 11 56
279 6 31 46
58 51 7 90
435 213 43 45
164 285 66 67
327 341 111 111
448 449 2 5
443 281 97 114
97 123 3 4
392 438 147 147
481 287 9 20
468 60 20 35
287 258 117 141
365 193 77 93
24 411 14 21
434 371 81 96
324 416 14 28
58 440 4 15
418 432 80 88
266 348 31 49
286 370 41 63
322 88 51 80
232 388 61 90
494 345 14 34
11 248 46 48
204 135 78 160
42 39 85 93
451 452 13 14
49 475 101 122
243 173 38 38
117 447 38 54
38 316 97 117
279 57 62 74
233 25 29 32
391 388 7 8
284 339 39 57
46 246 10 39
261 155 59 64
221 13 40 65
322 2 9 45
52 299 118 146
398 441 6 21
411 468 24 24
42 481 10 11
9 456 47 131
305 495 56 103
37 402 10 100
335 152 67 120
351 243 9 11
233 160 18 97
106 128 13 78
426 479 13 13
321 461 104 147
198 339 41 52
303 174 16 25
87 68 13 47
7 438 40 83
77 126 23 25
406 352 8 156
234 227 17 20
262 260 150 158
248 93 65 120
272 220 52 147
296 334 71 79
465 303 98 110
71 483 142 162
38 41 85 91
287 482 7 7
121 225 60 72
366 91 34 119
290 192 27 33
116 45 7 7
99 444 19 21
26 337 24 74
438 36 42 46
281 358 5 97
215 221 40 42
498 352 26 88
349 311 11 18
70 358 14 16
148 299 20 125
7 66 9 31
124 205 166 181
73 371 1 2
328 139 106 149
185 34 68 69
116 388 123 159
187 10 21 25
259 481 20 39
169 389 41 64
264 382 51 75
180 459 1 27
224 165 110 113
478 401 46 106
378 473 34 52
473 100 45 45
449 309 180 181
425 372 69 73
221 147 1 4
307 171 9 53
20 18 7 17
81 385 32 52
334 437 65 91
283 363 4 6
265 425 19 43
332 73 13 90
289 32 17 47
65 95 94 118
287 378 30 31
88 390 39 45
24 156 51 80
487 260 104 122
139 22 32 43
146 478 119 121
90 36 65 75
332 333 56 79
89 71 23 34
6 300 14 16
414 101 131 135
5 386 94 96
143 415 133 164
372 222 57 66
441 212 10 11
85 102 57 152
235 316 39 53
165 44 56 100
211 429 13 23
323 88 99 102
157 17 40 113
303 181 11 33
410 338 3 4
338 350 2 6
348 223 63 107
349 366 86 87
361 394 131 131
4 8 30 30
157 384 46 64
474 459 32 32
187 429 36 99
329 66 80 138
445 250 85 150
201 225 153 157
36 67 17 21
74 330 39 121
389 444 50 89
29 496 28 67
32 219 51 64
442 289 99 103
381 211 13 143
72 81 14 52
245 208 113 113
340 82 50 51
100 112 47 79
453 235 84 116
12 402 54 76
321 380 69 70
261 378 124 169
201 4 93 98
54 254 9 35
450 280 83 87
61 301 12 15
145 223 118 156
480 421 134 174
472 497 23 32
414 255 39 47
55 107 12 20
154 401 101 130
281 231 9 132
371 168 9 10
8 125 70 105
71 101 45 164
85 74 4 6
374 298 65 115
465 142 39 44
297 177 19 38
104 148 142 146
227 162 146 147
437 361 26 61
338 131 144 166
166 130 97 114
409 114 32 41
98 163 7 20
72 385 41 127
470 68 166 167
421 291 12 35
143 106 88 96
390 155 33 42
125 187 1 1
135 16 103 118
187 113 22 89
379 310 42 43
241 64 4 5
176 319 9 22
40 156 1 30
304 29 30 82
453 230 145 168
468 198 4 38
41 384 27 166
102 174 73 78
284 122 10 15
60 102 84 116
172 361 26 51
471 176 26 33
268 223 31 33
262 244 2 6
289 470 100 115
413 13 19 33
2 249 50 92
258 182 140 148
22 236 40 115
102 448 97 99
168 497 83 96
361 209 20 22
79 166 50 149
475 341 61 82
53 363 55 74
218 375 122 134
422 121 0 11
58 353 25 40
83 497 92 125
493 86 2 3
23 451 13 19
328 265 75 85
404 314 102 105
309 152 23 27
309 361 83 95
460 109 94 153
94 316 94 136
437 125 45 159
16 149 12 40
204 36 138 139
186 29 130 146
73 307 49 84
32 332 60 90
8 90 55 107
59 248 38 65
221 154 18 25
324 267 48 100
194 478 11 155
182 172 76 82
324 153 163 163
78 339 70 70
387 450 43 53
324 157 28 40
241 349 34 56
226 22 76 78
225 160 87 131
299 491 14 34
446 242 12 14
213 453 19 19
274 413 42 85
249 359 8 33
147 201 39 118
442 454 127 154
151 219 28 29
326 45 14 16
59 32 130 143
236 137 59 98
466 79 31 52
365 457 3 19
88 344 117 117
75 292 6 7
392 370 65 70
390 394 178 181
392 282 4 13
375 152 111 112
456 447 52 73
68 44 23 79
489 342 105 127
344 236 87 90
52 253 45 70
176 32 73 89
211 498 7 48
150 234 53 53
407 314 49 56
424 76 13 176
421 75 90 94
59 208 145 146
168 13 15 21
154 276 4 57
389 248 6 55
478 191 46 49
399 176 69 71
433 343 64 66
303 417 144 160
401 284 84 84
408 291 107 128
345 223 129 146
355 329 55 134
230 254 21 123
67 369 61 62
334 422 54 119
218 71 1 2
421 469 69 80
352 142 115 115
487 411 63 68
55 408 66 101
10 312 11 52
319 281 80 91
467 292 49 167
419 92 49 63
376 309 27 34
257 308 19 140
331 330 22 22
282 1 39 47
13 412 16 60
173 157 6 25
71 367 26 34
237 445 23 43
6 414 76 121
228 245 50 58
282 107 57 60
287 455 1 17
461 386 26 37
440 296 24 53
426 100 78 79
77 239 71 76
204 379 42 51
30 332 106 117
114 315 41 100
424 478 22 33
378 313 32 154
488 226 49 119
277 35 9 29
405 170 101 116
98 337 38 50
444 305 25 120
36 154 27 40
255 144 7 45
190 127 88 89
104 332 19 23
74 199 7 9
258 197 14 17
86 398 5 5
44 72 58 68
72 487 8 22
17 327 18 117
34 160 11 14
113 351 3 32
278 73 173 179
121 444 33 40
18 101 3 21
8 348 63 63
393 190 32 50
147 54 129 138
51 159 74 138
334 151 132 142
182 17 40 40
288 448 36 77
397 148 63 153
212 278 12 81
24 58 53 79
161 357 24 24
382 376 69 100
185 269 123 134
1 11 50 103
276 469 28 68
225 206 37 104
230 88 107 177
159 184 39 83
97 419 15 45
174 227 39 40
342 323 23 37
365 319 30 46
218 322 10 57
424 302 17 42
63 213 19 128
238 105 126 137
466 1 11 65
431 220 63 95
179 81 34 172
260 302 30 59
272 448 7 8
181 489 69 75
481 315 164 167
367 267 88 121
200 469 10 123
281 333 7 12
438 245 2 13
431 475 31 39
52 251 21 41
425 344 17 21
183 123 18 19
202 456 97 106
416 100 73 87
365 397 32 39
48 315 44 110
356 152 35 169
328 141 23 27
246 105 41 46
99 164 84 94
470 144 77 102
24 223 93 101
417 96 133 138
327 256 39 57
453 0 5 7
332 189 18 21
38 284 78 108
188 69 98 103
494 442 55 58
131 320 107 131
399 235 11 16
422 171 6 10
416 229 13 32
369 275 98 147
344 460 39 42
304 376 165 177
219 314 28 29
42 182 47 79
472 113 48 149
269 133 14 21
253 216 174 175
153 240 51 93
32 100 83 99
304 42 115 137
77 7 24 43
201 367 12 18
78 440 69 96
99 448 0 0
446 382 158 160
282 159 44 73
182 264 5 61
490 210 138 151
311 312 15 73
398 382 0 6
400 132 21 33
81 203 58 58
494 407 22 125
103 73 20 155
420 313 160 178
181 197 27 28
305 144 145 172
235 220 10 15
122 489 56 102
48 162 52 103
15 427 62 68
323 293 31 31
251 360 56 66
209 120 42 47
368 219 90 135
417 223 29 64
488 295 18 46
450 341 2 4
82 291 19 28
215 191 103 125
430 117 38 40
32 134 43 43
18 152 7 13
303 57 36 152
475 186 112 119
157 361 48 50
32 148 2 44
479 319 37 48
395 3 131 148
231 339 87 97
314 146 38 43
263 45 92 138
84 268 101 157
48 112 10 13
51 173 40 42
434 132 54 56
345 462 42 73
195 68 23 38
480 165 3 19
431 83 69 99
176 429 94 108
448 152 128 151
65 71 6 63
61 110 74 101
182 234 31 62
16 497 16 25
236 434 17 18
186 382 36 37
143 29 31 31
399 303 111 129
166 138 15 15
154 163 17 32
227 31 34 42
231 303 188 188
42 451 6 20
316 454 65 86
184 225 72 74
484 439 13 21
127 156 26 29
315 336 144 167
354 44 25 105
456 418 56 104
280 294 93 150
246 351 10 28
0 112 33 39
14 122 125 131
393 126 77 78
361 44 80 93
32 483 21 90
143 380 173 183
296 445 19 19
414 486 6 10
306 483 51 57
206 389 86 97
394 472 1 1
358 322 113 184
101 458 1 1
234 206 22 27
166 103 26 30
441 103 36 149
227 101 33 35
228 302 81 134
471 237 31 42
423 429 9 151
103 436 42 96
336 272 107 149
90 494 45 50
86 343 61 67
344 143 19 95
405 118 10 22
296 475 9 12
210 8 54 61
416 232 46 63
150 277 2 34
384 93 17 30
148 302 20 79
476 140 16 68
252 382 34 73
252 136 94 101
62 475 22 25
88 34 64 68
405 24 34 58
181 300 83 89
442 410 50 91
93 160 0 6
84 128 5 18
413 489 23 51
208 345 153 153
311 301 126 151
274 458 32 88
155 165 35 35
295 69 10 14
179 277 5 7
387 418 75 111
25 380 10 10
48 229 8 21
250 74 61 68
364 222 72 77
377 23 59 61
69 43 29 81
343 394 63 93
404 482 114 141
145 483 163 166
123 447 11 14
110 170 147 161
272 285 2 5
199 31 28 32
179 323 114 145
493 417 30 38
398 378 13 29
10 57 40 42
160 362 58 62
203 72 119 119
401 158 6 6
475 36 35 51
283 373 115 126
494 446 92 106
479 239 23 25
77 265 30 85
222 304 23 48
122 386 16 85
254 135 47 101
416 440 50 100
333 495 50 65
379 168 20 39
19 486 125 127
211 42 1 4
444 330 27 94
74 186 57 88
284 82 6 7
312 294 69 142
101 402 110 117
428 464 3 10
202 140 66 138
2 165 34 99
104 393 18 34
425 271 72 154
498 326 100 116
29 195 54 171
373 25 53 63
175 373 81 103
49 270 167 170
343 270 23 109
317 14 38 104
96 421 23 35
498 434 46 46
260 301 29 69
64 27 44 44
275 485 15 42
368 79 34 39
42 336 64 75
80 3 52 72
21 76 24 116
410 318 56 144
253 188 20 40
226 111 67 90
80 138 20 23
49 64 161 187
5 342 28 53
38 424 67 72
145 28 74 75
232 427 10 13
480 160 17 26
93 243 18 48
197 321 8 18
302 337 60 73
302 263 100 121
382 82 9 20
123 218 10 14
54 143 95 148
84 194 161 161
155 492 16 28
98 491 27 33
237 96 116 117
328 296 13 43
39 136 78 79
490 220 36 41
354 213 80 81
155 334 9 10
187 452 76 80
52 262 22 59
115 363 6 10
76 460 1 8
453 183 78 94
269 98 22 43
206 20 83 93
137 147 1 1
333 359 143 164
262 485 82 123
397 484 21 56
123 321 48 57
332 292 70 136
55 292 16 17
35 59 49 65
381 104 39 39
233 131 111 128
154 120 4 8
345 90 12 26
282 285 137 145
191 386 12 13
350 272 9 13
78 440 85 137
55 91 29 29
254 186 20 22
189 202 48 81
326 170 15 26
201 480 47 83
87 497 67 90
165 163 15 46
246 324 106 111
364 0 27 83
317 346 89 118
307 232 43 72
316 355 19 37
7 185 37 46
490 80 68 176
111 463 90 156
419 38 34 68
1 370 5 8
142 54 120 141
305 50 11 12
408 362 94 130
120 171 26 79
36 443 17 47
264 402 21 53
52 273 33 40
164 86 23 49
219 41 26 35
407 453 181 190
98 150 44 45
346 424 28 32
361 43 9 102
445 116 5 15
181 402 156 158
96 264 29 54
492 447 8 8
137 334 84 116
313 130 89 146
130 360 55 103
419 304 28 52
352 382 187 188
388 184 14 25
434 18 32 45
452 21 54 65
351 160 139 149
289 474 45 58
448 11 55 161
441 26 5 8
114 279 30 32
177 232 3 4
465 314 0 8
147 476 32 34
259 310 48 74
180 34 31 32
236 445 63 90
29 468 10 102
206 252 4 8
309 487 11 56
419 288 123 139
1 422 3 4
95 460 29 29
85 162 30 78
398 125 146 164
279 218 3 23
433 387 14 32
215 120 12 18
284 58 76 86
220 282 112 114
244 455 83 96
71 368 0 3
70 356 5 20
289 113 12 59
207 426 8 8
260 338 47 47
354 330 11 21
68 93 86 170
62 494 0 0
181 97 106 106
31 44 13 41
376 116 45 61
202 441 22 73
365 348 46 56
156 430 40 130
350 239 46 48
400 292 51 139
451 207 92 103
415 26 7 12
483 355 95 107
154 29 7 33
266 398 73 137
257 220 147 166
46 246 134 136
409 360 47 47
11 235 1 5
261 450 50 64
336 265 8 8
16 322 69 70
38 240 65 71
58 347 35 50
192 33 47 61
87 80 1 2
443 385 2 21
246 370 2 44
148 215 11 27
5 239 4 4
424 137 73 73
81 258 12 23
398 252 23 60
219 273 25 62
338 357 16 19
44 493 54 102
422 369 94 105
157 409 45 47
483 99 90 142
71 462 58 134
109 236 23 92
401 196 78 81
126 113 60 117
125 410 139 140
247 101 38 71
442 484 10 12
78 419 42 76
203 169 7 19
154 395 14 39
121 498 65 86
202 444 57 168
47 492 134 135
352 221 151 155
196 204 26 131
359 278 77 88
130 124 9 9
10 473 140 163
19 28 17 27
129 352 22 38
308 154 45 45
172 59 116 126
189 423 150 154
46 193 50 107
239 183 2 2
197 472 34 35
423 152 157 171
223 108 3 3
158 173 57 114
152 438 39 44
490 164 88 124
479 419 44 147
9 30 6 7
281 466 54 108
182 299 5 74
153 179 44 134
398 215 57 57
4 472 121 126
168 23 31 119
37 288 39 55
263 175 18 25
60 413 65 93
417 388 12 73
487 104 44 133
302 31 127 136
2 146 67 77
423 68 32 37
397 95 35 42
82 181 54 61
257 230 66 66
364 128 6 7
86 123 4 25
57 325 18 38
156 324 28 31
187 114 4 12
387 464 3 6
226 202 18 126
325 264 44 44
267 457 2 5
19 57 109 127
126 458 12 12
30 275 41 51
117 230 133 146
14 159 92 125
469 209 24 24
111 456 6 13
207 357 52 67
454 106 35 52
162 440 37 49
427 402 67 106
341 188 57 63
210 383 16 165
25 183 5 7
218 285 6 14
250 494 7 34
0 137 34 53
466 378 13 23
315 328 0 1
482 121 32 109
472 261 26 32
460 221 92 95
208 241 58 74
402 218 16 23
439 148 135 146
169 192 20 89
457 193 42 85
487 155 123 128
415 26 2 7
440 99 0 0
394 320 147 155
414 162 142 145
357 258 62 93
392 122 0 2
60 471 6 6
457 252 107 108
188 195 105 145
437 92 46 51
221 434 4 10
439 180 12 62
344 312 48 84
197 218 19 50
48 321 68 85
104 137 7 8
310 287 5 17
447 482 35 72
233 109 10 59
437 46 69 82
39 483 43 97
312 35 17 18
307 195 89 95
443 52 20 34
445 430 10 68
155 88 70 71
469 358 26 33
274 437 15 40
107 127 24 24
335 76 144 144
210 294 3 8
378 293 90 102
365 140 101 102
12 386 5 56
290 253 61 66
43 75 4 7
429 38 51 56
403 142 102 163
40 309 2 4
452 48 19 19
474 472 129 143
263 331 50 68
74 313 182 189
249 65 144 154
235 294 16 21
157 232 21 52
62 316 4 20
206 316 42 122
96 314 20 62
71 335 105 174
42 110 119 148
254 22 64 79
227 370 6 27
241 349 20 32
424 219 142 143
321 449 112 133
462 81 3 4
70 28 69 93
5 249 9 28
83 297 20 109
339 352 51 80
58 177 25 63
286 198 51 57
42 194 165 167
341 334 46 52
464 420 106 106
272 212 1 4
79 318 49 73
175 230 58 125
11 474 17 22
175 217 10 10
187 495 76 114
45 438 76 78
69 350 4 18
143 487 3 5
258 431 7 8
421 13 89 126
73 193 125 130
392 369 18 21
54 351 65 89
230 213 95 105
67 215 35 37
451 377 8 12
172 406 143 151
65 178 69 76
200 399 16 21
15 80 11 73
426 410 49 57
316 333 89 116
242 415 17 25
444 372 39 42
112 314 71 83
79 347 19 30
281 330 67 91
496 484 6 48
21 260 87 96
125 133 22 63
378 151 51 119
463 132 80 81
65 355 115 127
441 2 26 30
142 122 52 119
208 204 88 91
251 319 27 32
408 420 91 115
137 244 112 114
314 233 34 44
466 397 20 22
300 31 52 97
452 119 3 7
354 154 10 82
419 131 54 118
333 434 71 117
336 49 141 141
30 64 117 125
25 476 11 11
400 465 30 49
286 13 17 17
149 46 5 5
147 486 38 106
156 140 98 107
222 136 25 79
291 57 120 144
112 332 4 21
4 341 13 59
57 58 26 31
369 288 49 80
150 273 46 77
372 227 22 28
107 442 11 25
177 265 18 19
113 145 44 45
412 346 121 121
103 50 27 70
471 130 56 94
370 212 111 129
406 354 159 169
48 366 138 143
141 224 118 137
452 89 132 133
493 92 34 78
265 420 28 37
304 78 37 40
338 246 26 35
80 456 118 125
106 372 112 165
110 477 33 35
12 76 119 150
74 198 22 36
477 327 33 51
166 370 60 65
177 245 30 35
5 287 114 122
199 120 84 87
469 222 1 2
161 66 21 39
488 208 29 40
96 421 4 23
417 103 52 56
173 378 131 150
355 221 45 79
14 314 39 52
333 80 87 94
195 269 42 54
204 288 106 106
498 136 1 1
177 477 51 112
488 73 19 45
489 320 37 38
62 75 16 49
445 194 78 83
132 173 30 41
395 147 75 136
307 269 3 23
265 94 110 166
204 277 4 16
329 194 17 60
42 399 26 26
380 53 37 37
8 354 4 10
210 164 109 119
6 384 74 76
453 195 42 62
196 421 18 18
55 227 105 107
401 52 8 8
238 224 60 107
84 367 11 17
481 332 62 91
202 163 15 15
372 341 52 150
67 419 118 150
237 440 125 131
206 94 129 149
487 50 57 62
231 53 94 103
119 271 61 102
296 169 82 121
433 134 112 121
285 336 136 168
288 410 90 92
271 144 137 137
278 227 5 10
101 113 42 71
124 330 56 56
450 255 26 62
29 264 74 81
61 429 40 118
300 467 91 133
365 5 85 105
90 207 74 103
197 498 3 3
197 93 99 116
356 271 57 74
443 457 44 90
487 181 7 55
259 219 23 49
246 237 10 44
436 338 32 39
457 233 109 153
287 434 35 45
83 132 59 92
401 153 20 59
47 137 83 97
390 321 44 69
284 474 0 2
456 327 6 45
21 138 30 42
78 244 14 17
16 375 87 87
478 177 158 160
148 411 34 39
466 404 25 48
3 339 3 5
221 178 32 49
38 160 22 22
395 375 33 144
274 338 49 56
232 80 50 50
86 32 73 101
280 50 16 130
476 124 78 90
349 73 142 160
35 425 17 64
303 461 10 79
398 293 132 172
345 312 81 121
6 478 0 13
204 301 148 149
243 133 10 14
102 373 41 45
168 20 120 145
273 334 124 133
55 2 19 151
298 1 4 5
283 203 38 69
252 359 23 42
92 8 2 9
41 294 9 79
476 56 30 35
198 448 50 55
55 489 15 16
152 178 45 52
84 210 4 52
373 280 20 22
476 159 13 142
52 228 22 98
184 64 8 48
304 474 27 141
83 79 8 10
412 43 96 97
275 371 9 16
375 276 98 103
91 62 136 145
34 126 9 28
17 456 24 84
482 3 42 98
158 190 64 81
100 56 8 16
384 19 71 81
282 76 32 78
164 50 72 83
423 415 174 188
56 399 7 14
485 161 74 90
116 276 11 30
149 496 59 181
302 116 59 60
219 138 52 145
482 484 29 31
359 1 77 77
187 257 10 34
53 391 112 123
149 367 16 36
86 1 46 58
79 292 146 151
477 27 77 92
232 234 37 105
248 76 12 39
389 10 24 28
29 92 123 151
299 170 20 31
41 7 117 135
318 391 80 109
304 233 3 47
374 224 165 175
284 181 59 108
281 475 18 44
325 402 78 88
211 391 71 122
59 58 85 155
397 320 70 92
141 319 43 109
467 6 44 68
59 214 129 150
121 36 1 2
181 11 129 158
418 84 118 123
478 489 85 86
82 448 17 18
81 417 22 93
86 251 19 39
278 482 14 14
300 136 26 60
79 25 26 32
459 132 22 119
128 118 2 9
403 100 53 65
91 297 41 79
301 398 44 67
354 258 13 19
231 290 68 73
434 214 15 141
246 245 130 141
23 265 118 130
167 240 95 106
218 9 42 49
97 251 62 68
119 281 1 9
19 55 16 150
185 201 70 100
221 308 12 169
394 206 0 0
358 381 8 85
430 408 75 80
478 255 35 46
289 190 145 146
298 491 49 74
268 44 77 87
108 266 148 151
371 420 40 44
350 441 63 66
493 303 29 154
84 429 35 44
441 466 83 136
223 15 10 25
163 107 0 11
300 363 10 160
479 428 61 88
359 300 12 23
381 364 81 114
145 422 18 18
196 102 40 40
201 190 13 15
111 51 78 82
311 490 29 75
192 414 112 115
307 160 32 37
77 19 71 72
288 74 58 73
138 464 35 60
216 58 16 25
461 379 43 59
100 167 59 63
233 354 7 9
465 445 50 51
337 70 5 10
329 477 0 1
44 84 78 92
309 354 14 62
169 39 58 104
60 245 34 42
69 425 97 120
76 452 19 43
492 481 138 187
2 51 98 105
404 452 8 10
143 117 66 86
380 272 54 91
492 322 21 36
81 88 111 163
477 226 78 99
181 410 6 9
350 403 104 112
439 313 11 37
462 110 168 168
301 176 100 106
492 29 164 185
264 456 107 132
219 244 50 56
51 401 137 139
398 385 15 17
334 418 9 33
210 224 3 28
54 150 43 88
309 377 35 58
18 279 33 88
100 369 1 2
405 449 7 52
154 128 44 58
257 232 93 94
78 94 2 5
89 373 2 4
484 188 98 121
43 201 45 111
149 256 6 10
41 22 116 146
494 109 24 41
371 182 18 85
373 10 29 61
403 291 42 159
353 220 10 16
196 344 8 18
156 422 2 9
73 126 175 184
75 331 63 107
16 197 47 50
184 410 29 29
269 120 77 154
326 108 4 4
274 176 16 39
36 35 123 131
466 487 10 54
473 19 72 122
5 13 31 61
64 228 27 48
475 434 61 83
289 449 14 21
96 144 27 82
60 93 23 45
151 0 26 43
47 455 3 16
92 479 71 73
223 153 4 20
208 473 3 4
430 462 113 138
45 133 7 7
267 194 24 24
123 252 89 96
153 24 98 116
31 488 67 97
14 29 13 38
77 18 75 102
320 21 4 4
254 381 42 45
246 289 88 89
274 138 3 6
261 307 27 34
382 8 17 45
430 486 80 161
57 403 71 73
196 69 3 7
496 259 12 28
393 469 13 20
293 326 4 21
333 243 36 79
258 213 58 83
267 210 49 63
129 45 20 23
22 435 126 126
32 474 15 21
242 209 105 153
456 192 0 4
276 186 58 58
5 222 24 75
112 248 71 109
276 184 58 118
154 371 23 24
137 167 108 127
5 179 57 113
370 208 168 171
307 16 97 113
490 33 158 158
431 172 34 63
147 47 88 108
205 286 83 115
388 169 47 50
85 327 42 47
307 253 16 35
103 437 10 39
148 437 89 151
140 61 8 137
175 18 72 119
34 107 19 20
328 185 123 139
485 196 23 175
166 301 88 95
259 479 30 113
138 387 19 70
252 294 20 20
254 54 70 94
227 424 13 23
147 136 5 51
276 137 8 9
270 45 56 112
251 363 101 106
169 86 22 28
494 414 18 108
135 107 16 28
387 185 51 104
193 459 6 67
91 47 6 50
233 148 0 1
347 404 7 80
325 418 29 65
70 479 47 66
166 56 46 69
80 60 181 183
223 324 21 89
469 490 148 156
457 24 69 105
267 380 122 129
41 232 11 31
160 216 23 76
196 349 59 59
391 320 105 113
160 367 73 77
299 215 0 3
448 300 66 72
191 417 8 10
329 482 1 1
236 70 65 90
30 364 60 133
195 66 67 100
293 323 7 15
91 399 44 87
76 472 36 75
251 361 107 131
248 236 76 101
204 264 3 3
140 366 20 68
476 461 91 109
378 263 20 25
368 266 85 96
185 137 3 3
49 309 4 10
211 188 7 16
65 380 68 71
56 348 74 98
300 288 11 36
379 480 34 47
77 135 85 103
23 131 182 187
378 63 121 131
236 445 51 58
357 140 68 68
268 50 19 21
401 49 38 95
219 50 145 162
61 395 10 19
332 464 34 38
428 60 1 4
481 94 8 19
373 61 70 101
346 471 13 19
245 139 156 171
337 58 53 79
438 493 47 51
165 460 102 117
416 55 60 64
17 316 6 12
419 478 15 27
8 331 126 133
412 151 39 47
107 90 15 32
463 492 46 47
470 206 168 171
397 274 37 40
170 209 27 35
197 25 104 110
332 86 2 13
157 280 40 89
202 158 32 56
335 66 27 31
350 93 48 48
260 66 45 53
25 317 15 17
298 108 51 54
37 356 12 20
122 1 121 171
388 470 6 78
367 330 30 90
482 7 44 107
341 171 78 134
125 411 84 150
242 165 53 63
242 420 13 28
321 158 1 3
390 191 23 34
360 370 185 188
193 50 27 46
486 160 4 14
336 29 100 103
16 24 114 161
71 277 4 46
236 493 155 157
478 118 48 76
136 478 46 116
391 78 32 44
436 299 11 18
417 436 82 106
149 84 46 52
4 220 24 119
163 212 3 5
224 148 78 91
233 196 72 72
164 288 5 6
430 161 62 65
342 296 97 97
0 186 39 39
487 345 168 171
262 168 18 49
5 276 32 34
16 44 6 27
215 95 5 9
91 145 48 111
190 52 5 14
136 70 24 44
3 463 74 93
218 16 12 61
251 414 60 68
91 15 74 80
29 153 0 2
306 231 43 151
484 339 30 80
467 97 16 36
450 497 28 31
335 209 14 27
182 362 37 65
334 390 21 44
467 250 14 37
290 71 20 63
62 277 33 33
36 479 31 36
123 94 54 136
161 362 18 18
407 164 4 17
300 70 21 56
303 293 13 51
26 182 11 26
185 5 48 77
163 237 72 77
146 20 51 54
34 320 37 47
193 376 6 8
57 343 82 83
314 85 30 65
287 330 38 38
271 210 28 50
154 203 160 161
404 219 66 119
167 199 30 31
280 65 138 157
125 102 90 115
183 124 1 13
332 14 28 42
318 335 12 25
291 240 46 48
353 348 5 23
465 21 118 137
105 432 13 120
141 303 12 27
445 39 16 17
420 88 82 103
41 317 22 24
418 153 166 172
405 47 108 159
191 459 20 91
452 141 4 59
367 286 1 2
102 402 103 122
112 316 36 56
424 228 84 157
210 336 1 1
91 455 69 158
66 87 55 58
463 248 87 100
297 486 60 94
190 14 2 24
8 220 59 59
65 136 106 109
348 68 35 70
149 46 48 74
355 4 103 108
230 350 78 182
393 355 85 86
8 309 12 118
358 343 109 124
115 239 95 107
494 460 1 4
279 273 4 13
147 266 25 35
79 171 45 77
410 487 94 123
377 227 20 30
411 61 57 118
10 296 14 128
68 53 4 24
433 398 73 80
460 66 1 15
267 185 17 19
62 138 43 122
7 326 158 167
182 68 89 145
10 114 123 124
261 481 17 21
308 463 110 139
2 157 38 81
30 72 42 80
364 131 36 42
291 300 15 56
429 337 1 12
141 446 82 165
490 264 9 34
439 387 25 33
372 221 24 53
129 218 1 3
394 488 3 15
217 119 9 10
37 479 35 41
66 22 32 36
15 362 4 74
221 405 17 26
405 11 8 11
409 322 63 108
405 17 59 59
433 480 155 179
216 186 14 31
78 127 27 47
327 345 1 15
45 183 85 132
388 422 12 47
217 241 29 124
283 57 17 100
10 481 22 46
11 238 16 27
36 194 14 24
128 262 163 166
271 311 60 76
415 458 27 28
488 132 14 128
146 162 15 165
394 493 80 98
411 422 7 18
291 121 13 37
148 131 22 66
291 132 49 66
357 431 59 127
309 169 1 12
64 17 41 94
220 80 13 21
80 114 32 62
430 253 63 70
423 332 8 12
33 340 74 79
6 229 28 36
321 176 64 97
304 113 11 41
169 486 27 44
131 278 17 24
10 328 35 116
232 119 103 171
450 163 68 108
344 462 120 128
472 346 126 179
324 399 27 122
397 219 87 128
251 191 75 158
379 15 74 141
336 490 84 117
280 64 32 65
88 419 37 42
289 392 71 134
287 401 30 43
226 47 8 13
488 292 95 173
129 194 21 42
416 213 72 110
126 388 18 22
139 355 35 37
118 457 1 1
289 161 34 39
156 358 28 114
8 248 36 57
264 55 76 120
138 398 2 28
307 119 49 83
450 402 9 11
92 401 35 77
217 254 18 62
167 274 5 57
311 52 80 97
285 243 110 122
180 264 25 48
345 30 95 122
384 102 11 11
435 175 103 150
137 111 11 12
204 106 41 115
460 280 40 42
12 338 169 176
191 424 11 22
401 411 75 80
150 429 88 158
200 430 26 79
5 401 54 156
269 375 2 4
215 478 10 58
218 243 29 52
196 391 102 113
92 242 11 14
118 49 106 148
481 219 37 136
98 337 5 64
126 409 31 183
135 100 37 118
426 188 35 40
220 337 182 184
160 228 2 24
406 8 36 78
269 182 64 117
60 407 43 65
263 265 106 167
202 357 65 86
44 52 13 57
63 111 85 115
201 459 0 5
25 90 162 163
179 3 80 85
192 274 3 12
472 187 44 73
294 467 30 81
447 384 26 54
65 494 38 60
340 85 143 182
28 118 44 63
30 34 101 158
262 369 17 55
143 147 18 23
438 301 117 126
89 172 26 61
450 273 75 76
91 356 82 92
178 171 39 44
467 9 11 43
445 18 16 62
248 100 96 175
219 192 1 1
214 193 50 51
404 280 96 171
452 197 4 6
412 338 25 32
151 19 50 54
272 396 99 162
335 48 50 160
391 350 25 80
409 70 39 46
391 316 79 84
260 15 111 162
58 437 19 54
393 77 24 26
450 47 14 18
347 223 54 56
361 147 67 69
320 101 84 89
417 48 5 10
268 383 13 21
167 456 29 61
104 457 5 17
294 229 133 136
56 292 5 6
473 392 45 47
126 279 126 127
432 340 44 73
491 428 141 161
149 322 29 48
360 260 81 96
110 478 13 16
30 310 9 9
275 149 55 68
137 55 9 10
359 333 104 111
466 297 23 24
374 132 55 67
11 197 39 39
393 403 58 153
160 378 7 8
366 115 3 18
208 338 18 19
384 20 58 148
228 403 29 29
396 419 45 58
337 409 13 18
425 471 127 142
482 407 58 59
249 152 68 93
97 486 54 81
40 89 7 23
90 299 11 23
55 177 81 129
3 345 83 104
471 315 124 131
320 247 7 27
193 165 23 53
348 111 48 143
390 350 43 72
41 0 64 100
302 447 5 12
243 159 64 70
180 437 18 25
63 15 3 8
53 179 23 24
314 419 40 73
164 199 33 70
19 346 9 9
357 34 85 186
92 416 50 50
485 103 41 63
343 410 18 26
188 230 77 81
50 496 20 39
41 248 48 94
156 85 12 26
472 131 99 99
300 473 45 86
354 176 88 94
271 54 28 29
203 467 17 19
422 443 17 44
24 36 17 29
159 245 45 52
23 14 153 153
56 321 4 12
37 194 131 161
447 419 100 114
43 225 30 90
65 114 34 81
257 0 118 174
471 113 74 104
383 314 26 52
89 420 34 46
154 65 60 103
38 332 66 74
178 253 5 7
20 342 51 79
18 310 73 96
26 108 72 99
157 368 25 31
355 85 37 63
408 428 70 96
325 150 59 164
84 281 103 116
314 453 47 51
185 82 69 113
20 232 159 159
165 133 110 126
73 325 54 57
467 455 1 4
391 266 67 168
479 136 25 30
97 173 12 24
459 482 76 76
438 384 13 15
346 264 13 128
91 238 75 80
173 124 19 22
307 379 69 92
453 236 37 41
422 70 138 145
303 344 64 175
305 320 91 96
191 63 30 65
355 492 75 123
135 380 70 80
76 60 18 19
462 489 146 150
340 77 148 153
178 474 91 94
7 298 147 161
170 235 2 4
486 274 14 20
450 472 5 42
447 134 61 70
447 316 85 105
3 337 33 49
491 81 0 8
492 44 78 93
265 158 85 109
417 131 60 103
359 235 44 54
182 85 52 119
355 348 157 160
183 112 61 82
359 468 10 11
105 61 72 93
129 171 19 19
447 94 118 120
438 148 95 96
356 282 20 72
184 214 7 13
322 315 85 99
277 477 10 115
349 52 10 16
186 319 38 53
94 169 0 2
126 38 57 63
385 181 176 178
367 217 22 27
487 404 27 27
122 17 24 87
41 193 118 121
47 427 3 5
155 349 125 155
305 16 26 38
93 344 26 27
260 244 67 103
481 248 45 46
483 465 159 172
423 402 18 28
488 385 59 98
60 114 2 32
466 419 10 22
327 103 34 118
309 249 62 103
256 399 53 148
305 254 125 155
98 329 24 26
473 121 58 89
244 109 114 125
44 314 123 133
442 13 41 45
66 285 15 15
238 263 25 59
18 466 12 68
388 321 12 19
147 389 33 77
62 115 28 90
433 480 112 129
240 346 59 69
142 247 9 10
228 2 65 122
431 440 72 82
161 333 32 33
133 170 19 52
42 246 95 112
403 198 50 54
400 335 121 135
416 190 43 138
109 282 47 53
11 55 21 22
493 394 127 132
23 292 28 52
178 410 94 121
135 118 82 107
369 68 4 28
358 417 53 54
274 397 6 7
332 110 91 125
115 92 30 30
449 173 130 155
400 473 104 104
481 34 32 37
177 60 26 69
168 376 107 120
395 199 39 59
45 41 27 60
76 298 149 185
361 11 129 154
341 305 38 38
165 495 22 72
269 339 38 47
122 334 6 6
447 346 63 64
412 87 12 13
202 336 119 120
205 172 99 110
112 430 51 66
96 311 44 51
47 100 79 81
476 278 26 29
236 360 39 42
199 465 49 92
81 172 70 79
110 71 32 37
401 347 63 86
304 258 9 24
39 452 28 58
68 57 29 115
89 233 86 90
25 104 38 120
57 331 113 168
345 392 14 35
423 251 84 97
16 72 15 21
372 114 32 59
374 358 59 93
354 380 93 112
123 50 19 20
17 221 24 52
356 187 66 88
470 382 4 22
330 139 25 171
76 8 57 64
190 335 114 142
359 162 38 59
433 312 4 4
86 304 36 108
493 9 15 44
159 6 27 49
185 230 4 19
97 156 12 14
318 379 61 65
102 340 5 6
384 66 19 28
318 173 74 80
175 117 19 72
321 123 20 31
282 85 22 46
406 8 83 96
216 374 88 131
89 394 19 32
348 408 48 61
409 446 53 69
203 22 128 180
449 452 124 155
9 167 16 123
59 394 84 98
375 127 1 6
459 409 87 120
305 170 49 142
41 166 66 92
168 83 4 17
82 425 63 69
50 45 25 48
174 184 85 85
400 63 39 71
327 405 62 130
495 165 143 181
54 342 61 70
486 316 0 2
95 494 42 45
316 480 107 129
424 359 13 68
216 284 88 174
102 412 14 61
17 189 58 64
342 189 22 55
489 93 1 5
4 412 19 19
122 34 69 78
351 288 58 66
130 157 29 29
469 359 2 23
210 103 34 75
78 194 40 43
159 457 60 65
41 271 71 82
114 286 34 51
66 202 129 161
73 140 38 55
182 409 106 153
456 369 19 69
188 167 36 54
150 493 45 113
42 130 47 66
356 125 19 69
244 69 26 39
274 328 12 14
342 287 9 46
27 72 73 120
352 166 83 84
40 313 8 46
5 284 15 28
206 429 6 28
210 446 105 120
328 342 14 50
447 294 50 162
42 104 1 1
241 288 105 117
374 50 20 37
16 380 29 67
110 492 20 38
358 159 110 184
183 42 30 30
145 261 64 131
237 494 37 89
162 226 31 33
54 57 62 102
240 483 37 53
310 16 36 36
173 198 7 11
402 386 75 88
340 483 9 12
241 134 20 87
365 189 93 101
323 389 58 61
109 410 53 54
103 141 45 81
208 106 60 108
250 195 24 93
112 339 81 98
401 36 34 42
350 320 150 154
256 135 34 146
456 225 0 1
240 120 38 75
0 300 34 78
96 27 85 123
200 207 95 139
263 244 72 144
196 84 101 143
443 134 36 51
455 112 4 4
342 448 15 21
123 271 22 39
455 482 125 126
287 98 33 34
286 443 91 92
178 233 132 132
345 258 51 92
392 9 11 12
293 79 47 123
335 407 12 66
62 314 38 67
206 459 32 37
105 450 104 149
221 448 20 36
261 20 18 24
88 403 10 16
474 168 12 13
130 318 8 30
302 408 152 155
297 10 98 118
193 338 10 60
114 496 95 102
172 495 35 71
70 412 16 24
407 228 5 105
340 446 20 53
60 457 40 41
195 142 17 17
174 194 22 28
320 360 25 33
383 352 20 74
488 451 68 76
412 10 139 143
486 23 98 130
60 411 45 63
496 477 128 139
183 190 20 22
230 183 16 23
309 31 35 84
210 143 58 135
216 489 0 5
476 455 110 111
164 192 39 56
486 430 26 28
215 46 62 87
202 89 65 65
16 94 100 112
6 399 139 148
92 436 1 1
428 131 47 53
226 36 13 71
375 309 84 90
143 251 63 79
419 450 92 148
215 166 68 116
343 112 85 100
93 163 94 156
482 270 84 84
91 366 102 109
343 421 127 139
271 432 24 59
191 49 76 86
275 416 31 114
401 266 140 143
197 317 110 112
193 489 150 189
131 98 50 73
111 406 31 34
185 199 41 45
117 172 35 41
18 132 129 133
106 446 62 82
280 340 29 29
352 25 10 31
297 425 17 25
204 81 19 25
394 387 45 45
306 208 3 5
