600 7200
0 1 44 62
1 2 37 43
2 3 60 66
3 4 73 108
4 5 22 26
5 6 43 56
6 7 43 54
7 8 2 4
8 9 54 75
9 10 57 71
10 11 29 33
11 12 82 90
12 13 19 25
13 14 64 65
14 15 67 97
15 16 79 93
16 17 8 10
17 18 64 71
18 19 41 70
19 20 50 74
20 21 97 104
21 22 93 95
22 23 7 7
23 24 40 44
24 25 81 86
25 26 89 93
26 27 34 58
27 28 59 72
28 29 53 55
29 30 40 42
30 31 62 89
31 32 38 48
32 33 109 110
33 34 18 19
34 35 78 82
35 36 5 5
36 37 14 17
37 38 45 47
38 39 12 12
39 40 51 55
40 41 62 63
41 42 1 1
42 43 5 6
43 44 80 82
44 45 25 26
45 46 79 92
46 47 15 15
47 48 10 16
48 49 17 18
49 50 67 92
50 51 45 48
51 52 78 91
52 53 23 37
53 54 16 18
54 55 76 91
55 56 58 85
56 57 12 15
57 58 2 6
58 59 13 14
59 60 1 1
60 61 30 43
61 62 32 45
62 63 103 112
63 64 60 73
64 65 40 66
65 66 72 72
66 67 33 34
67 68 29 36
68 69 75 75
69 70 14 19
70 71 102 105
71 72 67 87
72 73 6 12
73 74 57 59
74 75 85 103
75 76 72 103
76 77 72 73
77 78 87 109
78 79 23 26
79 80 54 55
80 81 56 59
81 82 93 107
82 83 62 65
83 84 9 14
84 85 35 42
85 86 52 55
86 87 11 16
87 88 124 124
88 89 8 9
89 90 45 45
90 91 7 13
91 92 2 2
92 93 91 102
93 94 86 107
94 95 31 36
95 96 78 113
96 97 75 78
97 98 91 98
98 99 9 17
99 100 1 1
100 101 36 46
101 102 54 54
102 103 71 75
103 104 88 106
104 105 66 69
105 106 84 93
106 107 41 50
107 108 86 89
108 109 50 55
109 110 88 88
110 111 62 81
111 112 57 85
112 113 82 82
113 114 84 90
114 115 4 5
115 116 95 102
116 117 93 95
117 118 118 118
118 119 23 25
119 120 56 62
120 121 8 11
121 122 1 1
122 123 56 80
123 124 78 82
124 125 51 52
125 126 24 26
126 127 5 7
127 128 53 54
128 129 43 50
129 130 7 7
130 131 97 111
131 132 80 81
132 133 8 9
133 134 6 11
134 135 85 87
135 136 55 77
136 137 68 72
137 138 51 60
138 139 6 7
139 140 75 80
140 141 62 69
141 142 10 13
142 143 7 8
143 144 19 33
144 145 4 10
145 146 4 9
146 147 58 79
147 148 46 46
148 149 58 68
149 150 28 31
150 151 11 14
151 152 122 123
152 153 84 90
153 154 43 45
154 155 35 38
155 156 89 91
156 157 29 46
157 158 3 3
158 159 39 39
159 160 22 24
160 161 13 15
161 162 20 21
162 163 22 28
163 164 94 102
164 165 31 48
165 166 1 2
166 167 19 19
167 168 26 34
168 169 94 111
169 170 10 12
170 171 22 28
171 172 63 63
172 173 28 29
173 174 61 74
174 175 88 93
175 176 111 126
176 177 24 26
177 178 66 70
178 179 39 62
179 180 13 14
180 181 67 68
181 182 59 62
182 183 5 5
183 184 62 79
184 185 68 71
185 186 85 86
186 187 67 106
187 188 84 94
188 189 86 107
189 190 49 50
190 191 21 25
191 192 16 26
192 193 65 70
193 194 115 126
194 195 10 10
195 196 120 123
196 197 21 29
197 198 7 11
198 199 49 58
199 200 81 82
200 201 60 62
201 202 5 5
202 203 73 73
203 204 6 8
204 205 67 75
205 206 2 2
206 207 22 22
207 208 87 98
208 209 28 30
209 210 66 67
210 211 13 17
211 212 62 62
212 213 61 75
213 214 10 10
214 215 31 47
215 216 35 35
216 217 8 12
217 218 78 80
218 219 120 124
219 220 9 14
220 221 58 62
221 222 48 60
222 223 74 120
223 224 14 15
224 225 41 46
225 226 95 96
226 227 98 121
227 228 5 5
228 229 18 18
229 230 57 60
230 231 5 6
231 232 18 20
232 233 32 34
233 234 67 71
234 235 86 113
235 236 44 47
236 237 45 84
237 238 29 30
238 239 22 24
239 240 99 109
240 241 0 0
241 242 21 23
242 243 80 91
243 244 37 41
244 245 88 94
245 246 35 35
246 247 53 53
247 248 17 17
248 249 69 74
249 250 74 76
250 251 0 2
251 252 68 69
252 253 63 70
253 254 71 71
254 255 78 81
255 256 80 81
256 257 71 78
257 258 28 30
258 259 33 46
259 260 29 35
260 261 72 72
261 262 66 66
262 263 43 48
263 264 76 88
264 265 2 2
265 266 48 54
266 267 99 107
267 268 30 34
268 269 50 55
269 270 93 93
270 271 63 77
271 272 9 9
272 273 107 121
273 274 53 56
274 275 45 45
275 276 41 47
276 277 16 19
277 278 54 54
278 279 61 67
279 280 5 5
280 281 87 93
281 282 22 24
282 283 71 78
283 284 18 18
284 285 28 33
285 286 76 79
286 287 84 105
287 288 29 29
288 289 74 75
289 290 101 101
290 291 10 12
291 292 17 17
292 293 94 95
293 294 86 110
294 295 18 24
295 296 7 13
296 297 24 31
297 298 32 37
298 299 72 72
299 300 25 30
300 301 112 122
301 302 14 14
302 303 1 2
303 304 82 86
304 305 60 81
305 306 62 82
306 307 75 91
307 308 44 66
308 309 86 104
309 310 72 77
310 311 25 26
311 312 63 64
312 313 14 16
313 314 44 58
314 315 51 67
315 316 74 82
316 317 26 26
317 318 80 104
318 319 26 37
319 320 49 49
320 321 72 76
321 322 11 13
322 323 72 85
323 324 33 57
324 325 37 47
325 326 6 7
326 327 52 59
327 328 27 32
328 329 62 64
329 330 2 3
330 331 45 76
331 332 87 88
332 333 57 58
333 334 35 45
334 335 98 107
335 336 69 87
336 337 16 19
337 338 88 88
338 339 50 52
339 340 22 22
340 341 120 126
341 342 118 118
342 343 54 57
343 344 108 110
344 345 23 23
345 346 9 11
346 347 37 42
347 348 45 49
348 349 103 111
349 350 8 13
350 351 59 67
351 352 94 98
352 353 54 63
353 354 11 13
354 355 73 84
355 356 52 71
356 357 91 96
357 358 61 75
358 359 78 78
359 360 45 45
360 361 14 21
361 362 71 88
362 363 102 105
363 364 6 7
364 365 23 24
365 366 100 104
366 367 78 79
367 368 27 33
368 369 38 48
369 370 8 11
370 371 88 123
371 372 50 72
372 373 0 1
373 374 89 101
374 375 35 45
375 376 4 6
376 377 31 34
377 378 5 6
378 379 9 10
379 380 21 34
380 381 54 66
381 382 84 89
382 383 70 70
383 384 70 81
384 385 19 22
385 386 84 113
386 387 105 118
387 388 87 93
388 389 59 102
389 390 3 3
390 391 33 48
391 392 47 49
392 393 16 20
393 394 63 73
394 395 13 13
395 396 110 111
396 397 41 50
397 398 8 10
398 399 65 83
399 400 57 60
400 401 48 49
401 402 113 116
402 403 30 46
403 404 51 52
404 405 55 62
405 406 60 60
406 407 80 104
407 408 79 108
408 409 28 38
409 410 81 92
410 411 8 15
411 412 78 78
412 413 49 51
413 414 34 37
414 415 43 48
415 416 16 24
416 417 99 101
417 418 63 82
418 419 62 66
419 420 26 26
420 421 20 31
421 422 36 53
422 423 37 59
423 424 44 65
424 425 91 109
425 426 75 94
426 427 57 104
427 428 114 129
428 429 29 34
429 430 90 101
430 431 62 84
431 432 29 36
432 433 39 49
433 434 37 38
434 435 49 55
435 436 47 62
436 437 107 112
437 438 40 62
438 439 47 47
439 440 13 21
440 441 11 14
441 442 32 50
442 443 10 10
443 444 67 83
444 445 5 6
445 446 50 53
446 447 5 6
447 448 9 10
448 449 69 72
449 450 48 68
450 451 32 51
451 452 62 72
452 453 47 49
453 454 7 8
454 455 31 36
455 456 61 63
456 457 89 93
457 458 15 19
458 459 53 72
459 460 27 36
460 461 37 61
461 462 44 49
462 463 16 27
463 464 11 15
464 465 116 123
465 466 76 86
466 467 97 98
467 468 75 107
468 469 2 3
469 470 21 30
470 471 59 59
471 472 47 67
472 473 68 69
473 474 90 96
474 475 14 15
475 476 58 73
476 477 50 54
477 478 93 97
478 479 23 26
479 480 97 105
480 481 82 116
481 482 82 88
482 483 83 95
483 484 92 96
484 485 92 121
485 486 60 66
486 487 30 35
487 488 21 39
488 489 11 12
489 490 76 107
490 491 46 58
491 492 56 58
492 493 44 47
493 494 19 30
494 495 3 3
495 496 117 121
496 497 76 78
497 498 106 109
498 499 26 27
499 500 22 23
500 501 7 10
501 502 48 58
502 503 5 5
503 504 3 7
504 505 53 54
505 506 31 43
506 507 42 43
507 508 33 43
508 509 79 81
509 510 70 104
510 511 73 82
511 512 38 45
512 513 44 53
513 514 72 74
514 515 84 86
515 516 78 98
516 517 65 68
517 518 43 60
518 519 60 75
519 520 63 63
520 521 57 60
521 522 41 42
522 523 55 55
523 524 97 101
524 525 66 76
525 526 27 44
526 527 17 20
527 528 14 15
528 529 22 29
529 530 77 87
530 531 35 36
531 532 59 97
532 533 55 55
533 534 95 97
534 535 20 20
535 536 52 60
536 537 10 10
537 538 0 0
538 539 26 50
539 540 35 48
540 541 70 75
541 542 36 40
542 543 56 65
543 544 49 60
544 545 76 92
545 546 65 71
546 547 81 84
547 548 19 29
548 549 127 127
549 550 31 40
550 551 49 64
551 552 11 11
552 553 71 73
553 554 79 103
554 555 53 58
555 556 18 18
556 557 6 8
557 558 43 50
558 559 114 119
559 560 70 89
560 561 30 55
561 562 28 37
562 563 116 121
563 564 49 92
564 565 55 63
565 566 62 71
566 567 58 70
567 568 30 30
568 569 101 117
569 570 68 74
570 571 83 92
571 572 91 95
572 573 94 100
573 574 17 19
574 575 107 124
575 576 51 54
576 577 12 15
577 578 75 91
578 579 1 2
579 580 3 3
580 581 61 61
581 582 13 15
582 583 110 113
583 584 30 40
584 585 68 70
585 586 84 100
586 587 95 99
587 588 84 85
588 589 40 61
589 590 91 96
590 591 51 76
591 592 66 66
592 593 29 29
593 594 25 27
594 595 68 90
595 596 73 85
596 597 16 22
597 598 11 15
598 599 34 39
599 0 27 46
596 311 100 113
222 174 108 116
216 36 53 60
103 490 62 87
418 529 64 88
157 478 77 80
350 2 9 10
74 504 6 6
413 169 70 87
338 418 95 99
439 271 72 88
227 142 30 30
109 522 6 6
482 580 27 27
460 529 12 16
226 230 48 49
179 392 54 69
376 140 34 54
429 206 5 7
530 246 80 94
276 78 10 12
269 122 85 89
294 80 42 43
273 414 16 18
446 329 100 113
401 161 37 58
181 34 24 29
199 351 112 128
187 103 34 36
10 523 29 37
557 101 6 6
222 252 25 26
189 594 58 58
89 531 29 40
129 390 113 118
364 254 59 97
201 571 120 128
578 286 49 63
193 424 29 30
554 147 87 95
340 391 40 42
540 162 84 89
106 71 42 55
138 430 74 83
538 443 10 13
458 555 6 7
77 251 16 25
524 191 16 27
373 423 67 79
86 316 23 32
172 373 75 105
18 423 5 11
320 321 53 57
286 104 42 68
586 239 61 62
553 575 69 114
151 471 11 13
43 160 34 61
553 330 112 112
315 575 1 2
73 253 38 45
210 400 32 34
322 156 8 9
97 167 89 100
68 80 71 95
74 107 38 43
243 461 67 75
74 53 2 2
594 235 47 51
202 476 58 105
303 557 85 87
178 541 54 65
134 244 26 33
381 239 98 100
40 196 19 22
576 217 40 41
323 505 28 34
368 566 56 60
446 327 106 107
501 142 61 62
577 107 60 68
240 451 10 12
248 460 24 24
131 503 14 16
38 227 66 78
308 480 59 60
505 255 25 28
248 252 12 14
491 469 89 98
256 408 79 79
466 177 35 57
403 417 70 73
118 247 67 70
422 68 5 8
267 397 17 18
287 372 53 64
367 7 55 80
194 127 14 14
65 128 97 102
306 121 52 57
393 477 59 64
24 307 35 47
181 401 76 93
513 180 3 3
37 597 32 37
455 217 22 22
317 247 8 9
380 86 12 15
595 456 66 77
93 461 45 47
108 523 38 45
589 503 65 86
207 419 80 96
450 44 22 26
471 28 52 54
83 288 94 109
375 300 18 19
459 274 30 31
417 465 63 76
77 72 70 76
414 355 23 24
549 90 56 56
567 120 87 105
96 388 70 79
346 586 7 10
292 66 31 35
354 420 63 66
289 404 41 64
25 223 79 96
178 341 69 71
265 574 90 92
588 80 19 20
169 524 46 49
84 446 34 54
49 489 23 25
454 293 88 111
315 577 117 120
19 96 11 14
24 97 50 51
15 512 40 62
93 35 55 56
375 588 37 38
396 245 58 70
442 476 89 92
402 379 44 44
517 498 87 87
198 19 38 39
180 184 73 88
491 351 9 15
494 41 53 57
56 525 4 6
130 535 44 71
150 391 69 71
235 231 64 65
12 571 75 81
547 365 63 66
302 559 66 82
235 423 84 85
208 321 12 14
543 360 11 13
82 467 12 20
575 221 24 25
359 517 61 68
229 169 1 2
299 2 52 56
527 528 19 32
460 61 52 53
0 497 21 21
414 410 57 57
100 325 38 40
549 22 46 51
480 578 95 96
317 294 52 54
201 460 10 10
69 340 104 118
338 354 23 25
3 321 46 53
207 134 28 47
410 276 71 97
191 168 2 6
248 96 69 84
185 206 55 55
523 134 0 0
178 573 52 52
394 53 8 10
347 63 43 48
111 374 79 80
541 385 87 96
418 580 74 90
102 248 2 3
470 414 38 38
513 272 21 27
440 539 41 41
294 61 13 13
108 96 46 52
31 44 83 88
400 101 42 44
419 369 36 46
387 42 7 7
376 561 110 113
265 443 110 116
323 216 5 10
306 390 105 111
518 548 56 58
404 64 79 95
47 166 9 9
93 427 5 7
429 62 29 37
576 455 72 77
234 479 59 60
529 504 53 65
507 520 69 80
476 580 57 57
460 46 6 8
557 371 92 101
502 422 67 106
28 399 66 89
460 186 2 3
14 321 9 9
476 508 23 25
285 275 17 20
99 52 8 8
527 60 64 70
588 502 67 87
259 554 26 32
137 178 56 60
429 418 42 55
189 544 46 55
149 174 19 19
315 22 68 72
376 36 73 82
498 509 23 23
568 396 31 42
150 204 8 14
320 112 82 85
520 479 60 63
145 505 24 40
322 23 0 2
123 208 34 38
510 212 15 19
119 91 34 49
469 470 21 30
502 33 12 19
138 264 94 98
451 24 103 111
321 78 44 53
246 322 48 48
430 420 24 37
230 593 6 7
519 74 0 0
236 408 90 96
359 539 75 87
82 476 68 78
239 295 53 55
395 399 6 6
165 48 44 45
83 535 75 76
6 403 45 45
576 121 49 65
45 115 57 64
567 172 35 41
477 239 95 125
122 292 87 109
176 117 32 32
10 39 67 69
385 543 58 62
84 523 57 63
554 487 38 38
238 353 1 2
577 155 54 54
579 352 6 6
581 55 58 93
99 242 77 99
140 144 31 33
249 128 29 33
207 269 51 90
257 323 71 94
549 530 48 73
444 577 11 11
574 588 56 56
422 494 4 4
267 81 57 57
415 30 35 40
138 72 39 40
409 382 88 96
524 568 42 50
185 389 97 111
162 414 61 65
367 300 105 105
85 362 8 8
507 166 29 29
365 356 59 81
295 21 89 94
220 354 40 48
268 387 27 27
252 221 72 95
507 165 85 92
60 434 35 45
81 87 5 6
464 295 70 77
5 303 47 58
265 478 60 62
342 109 60 109
524 75 120 120
253 389 46 46
16 326 71 97
453 295 123 124
57 29 66 107
378 426 7 9
533 569 59 101
500 496 10 10
112 273 56 65
253 281 19 20
459 368 85 85
224 408 64 67
96 184 73 95
108 52 61 64
311 503 71 73
371 25 96 111
53 393 68 72
37 470 57 72
352 178 28 38
122 501 12 16
60 244 96 97
332 243 20 22
217 322 81 99
349 283 93 97
227 496 2 3
285 236 19 19
590 107 8 10
568 312 14 24
488 333 67 90
72 208 69 122
594 339 36 43
497 357 19 22
381 419 118 119
209 78 46 53
396 33 85 87
557 75 4 4
186 306 56 62
402 193 24 42
127 134 3 7
165 202 14 15
341 61 71 77
111 142 32 36
106 232 5 5
462 25 15 21
296 339 80 113
290 210 28 38
9 135 0 0
536 475 54 76
133 502 67 71
490 13 11 18
126 313 58 74
94 19 8 11
273 270 34 44
555 10 18 22
571 243 31 43
171 275 5 8
225 343 68 73
398 284 22 22
273 374 95 103
345 172 103 120
425 36 76 78
558 140 23 38
598 541 29 47
548 93 4 5
36 257 34 48
143 380 68 69
544 575 75 94
208 159 75 85
454 325 48 49
520 43 69 71
258 577 18 18
194 200 13 15
291 141 49 60
382 149 47 64
340 22 95 103
476 411 4 6
36 25 102 119
280 526 41 69
300 306 47 48
478 294 78 78
343 354 66 74
581 366 38 44
385 41 73 75
102 584 39 49
377 161 41 54
513 396 109 109
208 340 94 96
113 86 72 75
492 262 26 33
69 282 47 58
473 189 35 44
406 547 26 28
249 35 10 11
142 563 58 70
22 501 17 21
589 112 65 96
274 208 51 51
451 306 22 27
160 77 99 99
573 278 23 25
50 140 102 104
172 147 36 43
388 3 20 29
132 190 68 122
335 264 33 39
134 70 1 2
364 472 35 42
238 278 57 60
543 196 15 19
93 589 113 115
556 468 75 83
292 540 54 91
197 403 54 55
368 35 39 55
553 470 81 110
535 166 38 65
169 57 64 71
433 329 21 26
209 79 56 58
572 475 20 25
417 88 90 97
200 94 94 123
16 437 67 92
544 324 91 92
393 156 9 12
463 227 89 91
155 574 89 89
194 278 32 44
80 127 51 66
300 78 20 21
162 504 79 93
139 456 13 13
427 331 20 29
509 38 10 12
227 73 54 92
323 173 111 118
519 153 46 46
368 351 20 26
182 460 84 93
187 478 6 8
150 531 86 88
459 416 72 75
596 445 62 76
160 507 54 55
331 269 43 43
168 256 40 41
570 303 40 54
463 95 46 68
247 207 116 119
57 157 105 110
7 378 29 41
222 546 59 62
74 77 83 92
89 594 34 38
576 167 48 48
321 334 68 86
502 424 1 1
261 173 78 84
227 576 64 92
10 598 11 18
344 45 95 100
466 485 43 50
361 248 96 120
541 196 53 69
424 198 3 6
513 437 68 69
288 317 54 70
316 262 51 72
219 368 46 46
472 78 45 53
540 400 27 29
20 28 28 29
526 291 77 78
372 469 69 76
393 200 35 35
452 238 9 11
278 202 11 11
276 133 66 92
465 525 101 103
253 87 44 48
559 369 58 86
114 245 25 35
206 502 1 2
274 354 79 120
87 61 27 35
502 564 26 35
263 250 15 17
191 149 45 55
260 287 70 70
238 80 3 5
128 485 4 5
65 86 82 94
195 73 26 30
254 105 33 41
32 425 103 114
279 420 22 23
335 468 20 22
525 110 30 43
98 311 39 43
288 386 15 21
313 45 5 6
447 295 20 20
60 478 37 44
50 565 40 43
2 394 64 64
578 8 51 55
129 574 116 118
339 239 4 7
260 321 60 63
188 444 63 63
430 32 53 64
453 200 36 62
120 127 74 93
434 584 36 43
69 440 35 55
357 405 24 26
420 254 68 107
556 150 74 106
596 81 4 8
389 310 107 107
490 235 47 47
70 112 11 15
488 321 48 48
184 24 94 119
355 463 87 109
501 594 16 21
177 331 69 87
273 357 54 79
571 316 8 12
28 343 72 75
41 152 44 55
71 487 42 43
82 474 71 94
518 116 59 60
363 312 14 15
325 66 76 77
344 95 58 60
397 355 9 14
597 220 66 81
310 194 43 53
401 1 59 62
290 525 48 54
180 188 58 59
542 145 23 26
301 105 25 28
88 236 91 95
438 365 71 117
399 461 101 102
484 123 90 98
371 100 5 6
491 508 63 92
571 415 28 40
328 442 6 9
139 503 62 78
107 423 69 74
108 233 95 102
321 36 55 59
72 261 80 80
297 8 8 11
288 171 30 53
286 83 38 53
452 237 61 97
266 407 89 92
593 24 4 6
228 163 4 5
539 584 17 18
7 52 71 79
496 389 47 55
20 278 23 28
476 488 8 10
351 108 69 98
202 275 86 98
371 427 61 69
45 220 39 49
19 325 95 96
525 142 79 100
292 503 89 94
161 180 86 93
110 180 105 127
123 30 44 55
565 118 85 109
507 374 48 48
30 399 84 104
226 251 62 67
58 9 89 94
212 59 45 62
320 301 14 16
533 319 1 2
155 151 65 89
226 497 42 45
449 362 52 77
16 343 13 14
174 118 76 77
425 231 34 42
227 354 10 10
529 359 17 21
19 532 97 97
370 127 42 46
596 513 8 9
457 494 124 127
319 156 11 14
84 548 30 48
395 28 10 10
536 247 60 84
41 106 102 103
458 303 35 44
4 370 84 85
595 321 53 66
339 536 65 69
167 2 39 51
51 349 44 61
346 558 43 72
382 255 96 105
596 522 2 2
230 40 122 123
431 364 10 11
33 416 71 80
446 172 68 70
119 276 71 73
253 537 61 68
312 455 60 60
81 491 84 99
207 212 94 105
14 199 55 58
436 517 115 118
242 38 67 106
78 505 102 108
153 455 65 81
545 89 4 6
46 161 60 65
515 545 54 55
534 482 48 57
361 576 54 83
330 77 36 36
230 266 66 66
569 571 30 32
564 131 58 62
27 179 50 60
195 405 54 69
58 477 16 24
146 582 1 1
97 390 87 92
466 414 34 35
100 329 59 61
154 372 60 66
148 37 65 75
22 572 46 50
381 291 42 48
461 592 49 51
528 574 9 13
17 498 60 60
207 437 4 4
79 182 100 103
553 10 68 79
514 463 84 92
110 377 28 30
531 585 55 59
585 10 17 19
310 410 101 107
407 263 106 117
315 454 18 19
326 487 36 43
234 30 23 28
42 295 97 113
163 147 59 74
130 568 46 57
240 75 13 14
249 107 7 9
484 18 54 60
375 46 64 95
215 171 27 34
307 157 91 97
254 439 60 62
291 64 30 40
313 588 27 36
343 40 23 23
3 225 82 105
340 471 5 5
6 61 86 91
68 422 19 23
262 386 69 123
551 4 85 101
261 364 85 86
47 114 43 58
39 206 60 62
587 51 34 42
39 427 50 54
58 255 120 120
81 392 61 62
268 522 37 43
241 151 25 27
186 405 22 26
550 247 6 7
38 48 1 2
31 120 46 57
190 261 50 51
384 358 23 24
490 354 82 85
230 120 46 52
80 2 32 37
52 288 77 77
573 339 0 0
496 293 92 128
469 312 32 36
395 298 23 23
361 314 38 48
459 447 34 36
499 487 75 77
71 63 48 58
203 342 85 105
419 595 62 64
123 326 15 21
396 447 40 41
30 584 104 109
588 100 56 61
405 453 96 103
158 465 50 58
65 170 37 39
423 71 9 10
60 511 86 92
358 248 45 66
216 583 24 38
145 116 25 25
209 558 91 91
424 231 37 52
384 55 90 98
298 110 57 91
563 485 8 15
543 523 81 89
346 391 30 52
107 513 67 83
98 595 9 10
580 421 15 15
546 241 19 21
430 456 61 73
97 484 58 74
205 215 109 121
134 375 94 102
287 89 49 50
397 155 91 92
154 447 4 6
377 192 33 38
495 33 120 123
20 110 100 117
270 319 41 42
436 349 32 40
337 341 1 1
78 574 68 76
94 537 9 9
400 276 71 74
26 399 50 93
541 40 36 41
345 483 82 84
485 456 79 86
436 260 24 34
328 134 27 34
209 520 14 15
61 494 76 89
253 541 44 44
545 286 3 6
509 525 43 55
114 594 1 1
305 438 106 119
360 302 94 103
12 559 13 15
352 62 117 122
14 497 115 117
532 541 3 4
527 501 72 86
236 409 63 113
353 192 23 31
415 480 23 25
75 144 59 59
63 427 67 77
418 164 10 10
32 33 8 10
408 143 56 61
488 259 32 36
94 295 1 2
111 266 53 55
523 378 27 28
425 305 68 77
169 174 39 39
595 411 13 13
564 346 17 25
509 512 5 9
293 51 117 123
425 49 16 17
348 45 36 39
336 205 118 129
442 539 23 23
313 82 71 74
456 572 111 115
392 472 40 41
171 542 1 1
536 102 105 106
302 376 56 60
166 299 94 106
184 248 86 98
121 366 101 110
469 22 5 5
514 123 86 101
283 350 42 43
448 238 14 16
155 456 82 105
346 331 7 14
475 125 70 80
356 160 35 44
598 567 45 62
357 567 1 1
98 483 95 97
403 226 54 67
97 15 17 19
149 154 99 102
476 366 93 95
472 481 24 35
279 197 38 47
189 504 47 85
532 294 3 4
128 206 11 16
54 71 32 34
328 517 2 4
41 191 91 93
182 320 68 72
497 363 33 44
595 495 30 34
278 335 91 109
411 424 18 24
244 500 55 58
325 363 119 127
66 497 53 53
90 481 108 113
447 192 0 2
481 195 44 50
322 492 43 73
72 6 21 22
30 441 10 11
124 48 26 33
409 234 88 91
388 74 117 121
114 268 43 45
417 290 53 81
182 473 114 116
212 93 50 54
11 8 44 59
409 499 64 93
110 144 79 103
341 344 55 57
64 420 24 43
5 460 42 47
529 249 29 40
336 456 4 6
219 387 70 77
463 479 13 15
350 147 66 84
121 460 26 29
589 64 10 12
511 582 8 10
301 151 71 71
101 29 94 95
94 505 62 79
283 576 32 37
99 302 28 31
86 34 72 125
388 302 67 124
6 535 71 73
525 588 9 11
521 531 72 86
568 363 51 58
193 131 33 38
166 70 36 42
566 421 66 74
593 79 6 7
530 407 65 70
73 590 78 92
175 273 92 92
2 258 53 61
207 283 42 48
103 593 61 67
105 233 113 114
152 48 40 43
175 196 7 8
590 226 70 107
551 270 48 49
461 148 102 104
315 442 8 10
101 271 9 14
16 395 83 105
108 91 35 52
8 508 48 59
232 513 71 88
575 484 61 61
31 50 17 21
23 242 3 4
273 223 75 90
168 510 77 94
317 336 121 121
234 160 36 40
6 440 97 99
81 402 81 96
530 220 41 55
541 476 47 83
233 379 3 3
164 315 21 22
217 528 115 115
456 577 85 129
26 418 2 4
432 371 47 75
167 192 5 6
122 464 110 110
192 574 24 29
275 367 100 101
553 481 8 12
43 457 60 106
159 67 39 58
418 97 95 97
479 371 15 15
434 226 35 45
532 311 5 6
100 123 34 35
93 306 1 3
460 435 49 65
143 68 6 7
290 44 8 14
234 185 0 0
376 188 60 84
61 97 35 41
265 219 78 84
308 507 39 41
542 487 56 64
412 155 87 87
279 204 30 37
531 524 42 66
416 286 56 56
422 71 7 11
177 93 15 19
591 83 44 45
187 180 2 3
81 446 50 58
212 502 25 27
284 242 49 88
251 91 60 72
308 514 65 66
550 70 111 119
537 37 15 22
275 298 33 44
114 239 17 17
228 310 68 71
306 140 74 78
251 374 91 94
216 419 68 73
70 18 77 78
417 167 21 28
367 197 52 65
513 169 88 93
312 466 34 37
20 363 78 81
186 184 6 6
345 66 19 20
500 308 68 71
502 57 106 107
64 414 69 83
102 163 12 21
579 170 115 116
544 321 110 116
593 243 60 88
351 504 37 37
433 122 70 70
47 519 44 45
106 455 57 78
108 153 82 89
458 373 35 49
159 91 81 83
202 245 65 73
107 270 73 87
111 550 65 105
191 477 3 6
152 120 22 25
457 288 85 118
152 396 32 45
247 132 92 117
245 341 24 27
75 358 79 84
253 538 114 119
396 150 52 52
320 214 88 90
505 352 46 47
523 471 30 38
138 239 63 66
230 117 58 77
214 292 16 18
297 20 93 93
230 295 76 90
503 158 38 41
357 543 53 82
183 293 94 101
6 175 110 113
596 394 59 105
221 441 67 84
253 163 18 18
42 423 79 84
377 24 43 54
488 558 104 110
434 13 66 91
441 63 81 84
195 186 10 18
227 313 16 22
586 499 50 51
432 457 4 6
259 6 17 22
273 388 57 72
211 234 106 110
19 104 28 46
321 529 79 97
302 5 40 57
94 204 11 14
293 227 50 56
23 502 88 88
155 572 49 50
397 296 57 64
187 332 31 38
300 233 94 108
152 524 128 130
62 434 42 53
286 98 122 128
251 35 29 34
231 295 78 87
135 586 76 84
49 377 46 55
181 169 62 93
437 112 76 89
531 254 76 78
71 298 29 34
423 326 40 40
105 573 97 100
331 125 10 11
566 489 109 109
77 163 79 93
69 552 75 122
367 266 1 2
436 158 98 106
267 473 61 64
240 184 118 118
148 434 85 106
315 300 48 61
227 88 18 21
247 37 12 12
80 460 45 54
74 108 41 53
529 189 78 121
505 177 81 88
210 404 78 79
216 426 70 123
392 552 8 9
520 362 72 85
20 493 41 45
325 476 78 80
168 50 29 30
281 207 31 43
570 536 15 21
449 176 93 96
450 465 123 125
42 363 96 108
329 594 79 92
362 92 98 99
577 289 94 94
154 29 99 105
25 423 66 87
356 30 96 104
573 298 83 87
297 37 66 71
471 333 19 20
437 464 36 37
189 164 28 40
246 238 41 43
556 558 83 84
296 433 37 41
369 314 62 91
50 307 20 29
468 585 68 76
59 429 18 26
567 504 30 48
390 235 67 68
444 144 30 46
381 447 52 80
219 94 108 109
238 69 76 77
571 79 11 12
136 242 36 37
544 60 70 82
202 445 52 54
86 410 18 27
297 165 18 19
216 129 7 8
20 184 13 13
547 511 43 43
73 177 35 37
129 422 79 98
155 76 93 97
480 41 54 61
543 212 94 95
282 36 59 86
108 180 59 62
477 30 9 11
112 355 18 24
454 243 71 106
173 517 57 83
26 517 36 48
445 525 42 61
401 531 86 93
316 136 60 65
42 442 47 77
172 527 37 42
192 565 15 18
287 482 41 47
454 221 42 49
199 378 79 86
383 71 27 27
158 98 52 65
51 276 9 9
440 544 79 82
325 213 6 7
413 521 60 88
476 78 78 95
335 444 32 43
123 544 100 111
260 57 15 16
454 496 16 20
290 427 64 65
301 192 114 120
330 562 82 103
559 561 57 60
468 417 33 40
131 592 49 50
423 299 81 95
202 237 60 72
277 491 22 26
593 568 58 59
173 348 16 20
578 110 27 30
494 287 29 32
195 292 54 56
241 217 58 76
307 318 102 106
401 312 45 46
373 222 81 90
541 423 35 36
315 0 52 75
375 214 19 20
226 503 30 36
384 155 49 52
17 415 69 94
382 8 119 129
362 343 21 29
119 137 16 21
586 163 61 87
352 325 42 44
159 338 39 45
332 329 19 20
265 141 0 0
451 389 68 75
144 42 6 6
186 382 19 20
18 301 2 3
126 113 57 73
309 232 5 8
423 486 110 113
518 476 42 42
92 397 8 9
154 223 1 2
421 438 55 61
414 287 87 89
190 51 3 3
173 79 64 76
156 158 42 56
146 240 58 80
69 240 68 90
302 360 90 92
590 424 120 123
470 452 35 37
577 566 75 95
142 444 66 68
519 169 13 14
107 308 65 75
144 261 109 120
489 128 82 83
260 291 51 51
236 130 2 2
47 187 46 47
119 585 82 87
510 11 10 10
155 342 86 91
162 552 75 126
352 271 14 18
467 191 53 53
306 210 8 10
572 526 84 107
471 331 123 124
9 390 75 88
330 579 78 113
571 49 102 102
35 590 80 86
363 383 16 17
342 163 3 4
536 248 2 3
422 521 78 119
120 27 5 6
102 585 12 15
106 579 86 96
216 66 87 106
355 358 65 73
383 128 94 115
376 320 3 3
571 1 44 50
444 193 4 4
426 452 6 6
263 270 113 118
16 5 23 31
544 472 88 94
458 506 64 64
336 79 39 69
55 133 24 28
22 183 74 118
530 211 3 4
433 514 72 78
1 386 25 29
100 294 28 30
167 419 107 124
299 376 42 43
214 71 70 74
401 525 20 30
487 347 84 102
11 440 42 74
43 207 77 82
432 34 0 2
510 549 61 65
94 37 91 94
372 123 51 54
535 536 47 51
130 370 57 57
543 580 50 53
150 245 36 36
228 39 64 76
379 363 35 45
345 326 110 110
59 579 11 11
438 418 37 50
91 239 53 58
54 465 43 44
446 441 33 42
169 309 66 68
35 237 118 124
337 462 50 51
92 226 35 39
340 42 8 9
546 43 84 85
122 45 4 6
8 97 44 46
118 315 26 28
424 15 45 54
156 41 85 85
420 125 75 95
480 106 44 49
247 184 63 75
514 172 52 55
470 565 45 46
267 534 57 61
40 228 113 125
124 468 28 31
247 486 41 53
7 38 35 41
377 422 79 82
406 530 13 14
8 505 107 112
242 212 12 16
83 528 97 100
313 549 58 71
190 332 19 20
27 123 75 117
310 129 33 43
552 462 46 49
219 174 75 90
416 302 92 105
311 574 51 63
198 316 17 20
218 447 44 46
304 555 36 58
260 191 24 25
180 47 20 20
116 177 23 24
172 25 8 14
571 52 21 30
41 378 47 53
84 368 2 3
246 393 113 113
91 329 79 97
440 13 121 125
496 76 4 6
3 248 29 41
147 559 24 27
16 209 49 56
93 466 52 66
28 343 38 41
224 38 30 34
24 117 92 113
352 102 21 28
223 530 14 20
61 106 53 83
188 265 55 95
593 413 46 54
369 331 57 59
29 23 41 55
559 583 71 83
64 0 52 58
149 423 34 36
335 506 49 61
194 366 64 64
43 365 108 112
473 147 63 66
447 17 16 16
121 411 85 89
198 190 107 111
228 150 64 72
361 197 84 85
542 392 22 30
596 586 43 44
28 377 96 98
72 465 19 20
348 472 31 43
9 189 63 95
448 531 74 96
566 427 31 32
351 3 94 105
573 218 2 2
304 366 21 21
360 329 80 84
339 280 85 86
327 531 27 32
326 495 36 41
54 397 3 5
328 90 20 28
220 450 86 94
577 0 81 88
297 410 42 58
191 574 70 80
390 128 34 36
372 190 109 115
267 509 73 88
280 84 26 27
332 292 51 54
524 395 45 49
53 518 45 68
484 174 16 19
478 265 90 90
244 150 43 50
384 410 97 118
553 345 0 1
111 596 35 35
217 366 30 32
330 307 63 66
264 169 115 115
44 282 89 105
352 402 54 55
71 108 40 43
441 285 87 100
138 155 47 65
316 389 111 129
116 448 62 94
442 169 35 59
485 196 25 40
160 368 23 23
405 480 54 58
278 478 8 10
92 18 43 71
570 126 44 65
9 310 53 53
552 319 96 121
289 94 12 19
495 206 2 3
502 246 117 121
104 415 44 47
309 545 37 39
467 162 11 11
291 461 21 23
520 564 19 27
87 337 11 11
235 166 45 59
454 459 5 5
429 120 22 29
178 383 17 20
338 307 1 2
135 585 101 102
245 386 82 102
59 498 80 92
349 464 43 45
488 287 21 35
520 343 31 31
561 227 60 71
506 146 109 113
237 500 65 69
495 585 68 91
352 321 44 56
90 258 93 95
94 580 90 92
66 248 37 57
320 123 70 88
265 173 48 51
367 386 5 6
107 150 33 36
561 29 10 13
69 382 29 32
85 390 24 42
79 270 42 61
337 430 66 73
314 337 12 12
400 371 107 109
76 152 14 17
523 448 121 124
122 544 90 98
576 265 24 28
513 21 65 66
52 232 25 28
458 27 36 36
289 204 50 50
60 238 62 69
416 549 31 36
393 510 15 19
415 400 69 77
197 218 103 109
458 96 34 40
109 334 33 34
306 337 33 42
486 136 6 9
309 533 22 22
531 378 29 31
357 295 65 68
455 561 39 39
404 502 95 111
492 27 54 57
115 452 107 120
357 157 117 117
564 295 73 96
7 220 32 47
421 191 55 76
515 543 79 120
359 521 40 48
568 12 17 19
34 28 76 78
294 94 16 16
252 303 25 39
562 130 32 51
330 492 65 71
425 433 30 45
271 288 61 73
124 192 64 72
469 392 29 33
379 422 60 96
493 471 7 12
270 400 67 72
224 514 51 54
361 560 63 79
167 229 44 68
9 338 60 108
415 241 14 17
173 270 82 92
587 303 73 93
421 77 37 56
110 37 86 97
363 557 27 31
388 526 16 18
264 263 73 86
94 364 13 19
445 290 87 88
284 69 51 53
301 576 92 109
486 369 84 107
13 95 53 59
126 458 53 56
553 263 41 50
504 235 80 81
123 274 86 105
215 487 7 11
571 529 100 105
230 357 47 58
301 322 69 75
504 109 54 54
236 395 4 6
520 230 63 85
71 573 57 58
213 353 70 85
203 0 65 66
375 142 30 35
163 429 10 14
3 295 13 14
439 589 14 17
475 485 69 79
253 22 14 21
403 233 43 53
282 436 29 35
569 323 111 128
426 219 99 107
504 116 54 54
555 148 53 61
367 90 56 56
451 61 15 17
425 297 22 34
208 290 78 99
329 544 66 70
307 475 67 76
582 47 37 46
575 571 81 123
72 483 111 113
32 142 29 42
465 546 13 16
319 153 53 55
301 487 37 44
395 575 54 60
78 35 24 32
61 358 36 50
294 369 27 30
409 413 32 32
199 208 49 73
333 4 23 28
215 585 89 90
436 237 113 115
289 273 80 83
112 533 25 32
186 387 24 24
528 246 36 36
196 224 68 126
260 248 75 83
463 94 30 32
141 297 28 33
478 58 34 44
239 548 59 63
77 168 14 18
202 246 25 26
529 204 35 43
328 289 68 78
277 206 89 92
185 192 80 83
435 78 63 79
124 454 16 18
82 281 14 19
336 50 19 20
527 519 82 107
118 216 8 8
39 5 1 1
248 204 49 54
567 170 4 4
171 62 41 54
432 529 13 15
589 497 39 57
548 17 32 62
293 23 24 28
280 24 55 55
392 247 59 65
155 75 67 109
379 28 67 96
241 441 89 106
496 554 51 54
398 485 56 85
356 359 77 120
449 63 41 46
548 477 23 29
308 547 30 31
338 375 48 56
55 151 41 45
197 573 89 96
507 557 58 68
568 166 68 85
34 207 78 91
49 125 64 105
487 444 40 46
496 320 93 115
348 591 5 9
139 80 56 61
473 536 83 86
391 528 48 49
368 443 9 10
398 380 97 98
266 565 36 47
522 591 20 20
502 383 60 66
154 162 70 80
33 524 33 39
59 548 31 37
297 525 66 106
166 8 65 83
507 67 14 18
37 557 80 97
587 333 80 114
531 341 19 19
329 12 38 59
440 184 68 80
520 308 6 7
490 594 11 11
119 327 111 126
427 340 13 17
380 431 85 86
439 25 59 70
199 500 81 82
589 423 13 16
74 2 112 113
349 297 65 79
143 377 13 14
471 349 68 72
581 532 69 75
468 577 57 66
326 273 73 80
233 43 77 82
406 312 52 55
73 124 3 5
317 222 83 101
269 313 45 46
474 225 67 70
529 458 7 11
511 598 10 11
284 383 18 25
72 4 76 88
224 543 92 116
377 111 45 50
550 280 3 3
525 46 53 86
88 315 35 40
201 320 65 77
44 200 69 73
12 493 89 93
219 96 66 81
286 34 79 87
357 243 8 8
77 251 44 53
170 315 20 23
552 533 47 59
330 195 93 96
540 212 6 7
469 575 70 91
491 186 92 96
5 393 34 38
67 178 26 40
240 176 12 20
180 66 55 55
541 380 72 81
415 76 4 4
423 438 60 62
332 289 117 117
507 164 52 64
148 225 10 12
268 95 74 96
379 145 9 9
331 344 30 31
282 296 67 86
35 289 2 4
429 107 11 11
130 279 1 2
64 444 105 105
113 320 32 37
258 41 11 11
342 203 70 79
203 323 87 111
366 544 78 84
32 167 81 95
122 567 56 81
168 297 6 8
323 585 43 47
427 267 23 30
30 37 11 20
28 330 49 61
476 537 12 13
154 308 22 22
564 298 40 48
390 433 39 62
18 318 16 17
447 83 47 53
343 325 41 41
152 182 34 34
125 96 102 102
267 86 78 91
359 68 82 82
125 65 32 37
205 571 44 48
420 183 58 58
571 48 73 73
172 190 5 5
195 369 83 115
456 251 15 18
26 452 62 66
113 347 58 69
60 143 5 7
172 165 105 105
541 52 61 91
236 109 97 101
380 23 58 106
255 467 48 54
17 394 83 84
283 41 52 63
83 284 65 89
523 323 46 55
187 441 47 53
557 284 67 67
268 432 19 20
71 428 56 62
44 93 65 79
3 227 83 84
78 437 81 88
563 255 16 22
499 53 77 83
521 185 23 30
458 252 37 37
326 44 26 38
271 475 16 20
160 109 70 79
108 15 78 110
85 526 118 120
348 292 75 114
374 320 38 42
26 96 78 78
400 344 43 50
14 36 40 65
284 495 62 63
311 94 15 18
194 592 84 112
322 386 51 66
527 583 14 16
516 354 31 46
434 588 62 75
352 540 40 75
510 42 76 77
439 568 86 89
203 415 2 4
308 370 72 113
573 284 23 26
315 285 21 23
361 540 37 55
316 165 49 50
229 401 48 49
472 452 122 124
104 265 3 4
195 269 108 129
118 256 47 47
161 541 34 54
349 52 110 110
403 306 15 19
267 578 100 102
374 160 49 50
367 326 82 83
67 111 105 116
527 306 47 76
193 126 62 64
347 106 64 93
221 305 3 3
329 425 63 87
443 203 63 91
43 301 2 2
386 414 57 74
112 502 97 116
393 244 29 32
41 141 119 125
572 17 56 75
219 94 51 57
349 259 95 95
509 562 101 115
84 218 57 68
42 444 36 53
187 467 61 72
3 350 103 118
490 374 2 5
432 467 53 60
280 153 20 35
415 362 79 102
192 471 3 6
55 56 74 86
27 231 58 70
169 44 58 71
455 140 45 48
273 563 60 94
216 142 44 66
247 289 15 26
183 194 23 23
540 228 66 68
219 206 0 1
402 195 9 9
327 578 36 37
432 310 78 95
29 447 119 121
135 80 2 2
255 482 107 122
315 391 103 109
69 45 4 8
408 225 99 117
196 221 37 39
517 408 19 29
46 149 54 65
332 128 55 100
108 420 2 3
253 19 20 27
196 33 70 91
246 474 3 3
43 155 43 55
525 512 12 16
150 95 67 67
129 291 94 96
142 349 12 17
38 388 60 61
242 138 9 10
120 296 48 66
87 46 31 31
170 286 53 55
373 378 6 7
156 392 21 28
493 69 81 93
475 393 53 60
334 497 1 1
484 227 99 112
544 548 2 4
224 110 32 49
348 218 103 103
69 10 37 56
452 328 50 81
501 252 79 95
565 89 54 66
473 159 55 73
280 275 60 60
502 501 52 85
564 155 30 37
192 106 68 81
26 182 77 112
296 595 7 7
50 472 28 29
565 483 56 82
380 252 24 33
110 104 23 23
4 471 36 37
473 583 71 91
122 167 120 122
589 435 11 20
568 483 128 131
528 410 58 59
442 318 8 11
414 502 21 21
4 7 58 59
210 165 34 40
158 211 71 72
458 55 10 10
267 304 39 40
131 446 57 74
45 389 77 86
109 89 18 25
399 255 54 57
165 290 15 17
597 480 65 93
539 470 43 52
59 451 29 36
197 418 36 36
355 192 123 124
357 143 120 129
216 74 77 86
343 172 25 25
564 337 64 73
368 405 74 79
194 127 45 59
166 352 18 21
495 499 101 108
69 13 62 83
545 165 70 75
1 405 3 4
362 381 84 93
80 231 62 64
10 236 20 22
177 251 77 102
107 533 14 14
272 575 65 65
594 307 52 58
48 109 80 100
299 269 57 69
500 30 55 57
6 35 79 83
3 125 15 27
167 564 14 14
41 424 79 108
0 307 81 83
483 7 26 36
465 379 9 13
499 157 45 53
310 186 77 117
386 72 14 21
280 321 62 80
44 256 97 112
250 563 58 63
235 575 4 5
422 237 50 75
218 143 20 23
491 389 61 67
400 304 8 9
240 164 40 41
28 595 18 25
463 522 88 109
575 547 82 84
348 350 86 103
390 554 87 101
115 148 45 52
190 180 7 8
167 268 78 84
146 119 18 26
475 555 45 61
16 162 76 89
287 296 28 28
262 38 70 88
304 544 4 8
106 357 37 40
256 595 19 21
191 477 48 58
382 334 36 44
291 449 62 68
425 392 21 31
580 98 2 3
554 253 109 126
137 113 97 102
424 41 11 15
164 206 56 57
512 170 44 73
533 480 12 12
35 30 99 101
523 522 24 34
460 287 35 39
296 259 83 87
423 237 78 99
114 464 112 117
119 81 39 71
27 170 21 36
294 367 65 67
212 251 37 37
542 471 85 87
122 584 51 53
404 271 33 41
85 16 17 27
330 110 24 33
126 19 38 43
291 192 7 7
549 362 18 22
543 457 114 122
128 453 37 39
521 391 88 90
483 146 19 32
498 441 31 47
386 375 87 113
50 550 6 7
80 136 58 59
429 529 17 17
271 86 3 3
166 511 18 18
222 446 28 41
105 376 21 33
502 554 58 71
216 562 50 64
5 548 111 114
450 452 29 31
188 72 15 17
332 496 47 72
393 212 76 81
349 12 52 84
255 486 25 26
178 392 35 56
579 567 42 52
58 563 74 83
62 106 70 85
406 500 52 72
485 403 55 72
499 134 8 9
361 85 59 73
502 357 16 17
538 29 48 75
530 481 98 111
69 526 43 64
517 535 27 39
237 279 47 48
400 146 14 15
492 20 26 31
288 191 87 98
193 571 18 19
549 503 12 14
198 15 60 68
116 94 90 96
258 347 19 19
42 95 53 71
344 204 7 7
467 284 6 7
268 103 106 120
170 273 22 27
263 566 30 38
467 324 38 44
393 423 37 40
557 509 32 33
197 397 53 54
566 306 76 107
440 318 25 29
588 368 53 54
336 364 31 36
200 419 2 2
171 442 6 10
289 151 13 21
549 91 56 63
33 551 71 79
341 515 24 24
250 302 10 10
598 82 90 109
440 329 3 3
271 372 22 28
342 579 31 47
101 51 98 104
224 303 43 50
447 382 67 99
133 53 38 47
176 428 85 102
264 420 60 67
473 194 52 52
98 590 73 88
99 251 37 43
556 562 47 55
388 268 33 33
557 233 23 23
18 577 6 7
312 277 17 17
508 549 42 45
298 111 14 14
58 274 13 15
398 454 50 69
250 461 72 80
516 193 36 49
32 377 14 19
408 343 83 94
257 438 71 115
463 238 69 71
388 145 20 20
278 565 39 44
507 571 48 78
557 62 49 60
111 394 38 40
460 203 98 99
308 126 43 43
357 28 26 31
382 279 23 33
397 191 105 105
173 68 71 98
70 305 5 7
584 471 110 123
42 328 64 80
42 150 70 73
61 440 95 109
502 270 61 98
573 212 55 59
424 158 36 39
6 431 13 16
417 177 89 95
111 227 90 101
492 457 101 115
163 348 60 70
594 85 14 19
142 125 28 35
418 112 71 86
27 559 13 15
325 482 98 105
128 262 69 97
0 355 111 115
548 450 89 91
239 34 51 53
162 298 48 52
248 173 65 71
27 422 48 54
494 493 25 26
457 77 30 42
60 84 23 24
347 199 22 32
546 504 7 11
95 446 30 58
203 116 30 42
44 393 81 107
10 131 70 74
314 455 36 60
494 403 1 2
571 323 12 13
409 157 48 49
60 222 51 55
67 480 51 73
521 88 88 88
372 500 20 21
81 56 58 64
434 451 58 61
165 139 48 59
461 266 33 38
129 512 108 109
569 160 20 24
496 344 120 120
17 147 78 107
326 304 34 36
233 88 20 25
520 478 30 31
272 373 74 75
45 449 50 52
410 385 41 58
536 20 29 35
6 537 22 24
195 287 21 23
388 140 108 109
64 431 28 29
74 515 3 5
24 222 7 10
14 492 58 60
489 277 2 3
535 539 93 100
89 488 60 60
502 74 82 95
572 248 45 62
363 552 84 87
397 108 41 44
224 15 69 76
447 438 93 96
117 176 27 40
36 508 22 25
18 364 28 29
415 306 69 90
15 551 56 79
55 206 62 62
255 127 63 82
331 405 65 78
80 481 75 80
165 473 73 73
585 310 19 19
299 147 47 67
373 205 43 67
506 217 60 68
375 359 48 54
11 485 25 28
260 585 63 73
510 271 20 25
364 115 46 47
178 232 36 47
198 435 7 8
146 223 19 28
495 545 68 78
412 70 37 37
445 595 85 92
550 474 61 67
33 299 87 102
340 14 60 63
340 312 40 49
286 258 15 17
340 16 58 61
116 202 2 3
102 345 4 5
42 5 46 58
265 124 53 53
500 243 52 54
181 332 23 24
257 583 49 66
489 230 49 58
452 88 10 11
416 52 114 120
44 237 18 24
82 295 45 71
37 137 48 60
213 34 9 14
205 403 109 114
292 441 7 8
500 475 57 67
329 171 21 27
120 408 4 7
402 9 5 6
264 552 18 29
448 211 104 109
489 6 83 86
362 541 4 7
40 30 17 25
133 63 60 74
209 196 49 50
99 95 4 7
527 509 23 32
43 24 103 107
478 101 45 64
444 340 31 31
60 449 67 76
198 280 91 93
283 18 93 93
566 588 3 6
554 493 63 99
577 576 67 72
558 113 51 51
124 278 13 21
228 419 107 117
223 179 7 12
561 378 12 23
535 509 76 87
597 553 4 6
71 124 33 53
2 534 2 3
251 15 118 120
414 264 66 82
139 466 64 81
56 426 87 107
80 521 31 32
265 198 5 8
455 55 89 102
133 382 75 82
587 18 36 59
529 51 56 72
221 177 2 3
382 197 52 56
485 573 35 54
189 436 50 51
557 166 66 66
399 471 42 63
142 489 6 8
166 237 4 5
402 401 39 43
159 401 117 118
596 455 58 97
427 487 80 88
493 93 112 114
287 360 102 109
255 185 27 44
51 184 8 10
165 543 14 18
407 506 106 109
115 373 50 53
45 322 61 65
25 32 28 33
159 187 8 14
583 247 39 40
299 133 62 69
592 48 44 55
120 362 48 63
244 248 59 87
61 567 81 93
413 26 35 37
358 138 34 39
83 154 63 63
122 430 43 48
295 545 38 40
589 273 107 109
265 154 5 6
419 481 52 56
167 522 106 108
424 1 66 68
534 179 73 83
376 443 41 41
60 88 65 98
200 284 90 98
503 42 49 58
550 397 89 97
341 535 24 31
67 317 45 65
469 305 38 46
362 487 54 98
361 87 76 76
369 23 79 80
500 199 35 35
514 417 54 61
488 586 73 79
213 320 108 119
305 381 31 31
560 338 3 4
391 456 87 109
563 479 31 34
401 347 3 3
135 137 72 86
203 569 77 82
578 257 20 24
7 574 25 28
535 324 73 76
41 147 40 46
74 221 58 67
494 525 44 55
371 507 88 104
527 237 60 77
241 499 48 49
75 29 44 58
534 176 103 107
391 487 109 110
207 320 58 62
1 534 11 11
306 533 27 32
546 361 80 86
579 27 69 73
116 393 55 57
129 399 49 51
181 204 35 40
261 153 71 93
30 97 89 92
290 133 13 15
525 526 25 33
315 428 114 126
286 125 5 10
137 269 80 80
367 556 52 54
579 157 27 40
390 473 69 83
333 264 49 83
172 389 70 90
234 60 97 104
509 165 24 36
219 482 49 79
388 26 88 88
40 448 94 110
102 595 84 94
87 592 9 10
403 315 28 34
475 360 6 10
557 574 79 80
584 170 17 33
133 325 92 98
204 300 112 115
526 517 11 14
479 73 87 126
320 534 26 27
98 327 42 45
419 182 111 118
158 486 95 98
442 41 27 27
177 432 53 58
415 57 39 59
480 178 77 81
503 371 107 109
448 487 34 36
356 382 75 102
317 384 40 41
329 88 13 25
229 521 65 66
343 392 0 2
328 142 54 66
578 77 12 13
63 243 40 68
110 112 46 57
235 72 98 103
478 479 28 32
23 39 19 22
545 5 121 122
511 494 38 43
356 177 29 30
394 567 62 69
443 205 3 4
509 570 31 35
484 303 63 102
30 522 109 110
296 565 85 117
219 524 67 80
473 374 66 66
394 497 112 112
228 382 19 19
461 426 16 21
227 78 25 41
69 457 56 64
59 596 77 89
481 14 35 41
127 347 52 60
511 525 64 80
552 492 9 15
506 336 87 123
413 421 45 49
382 54 95 96
126 63 55 58
568 76 42 48
289 83 23 25
345 240 56 60
110 167 56 56
9 188 61 65
24 551 4 6
369 79 61 72
74 213 83 86
115 551 54 55
405 253 84 85
76 518 66 74
118 411 24 25
20 295 26 26
166 500 61 87
532 319 32 35
238 312 65 77
494 123 85 103
99 351 86 87
16 417 39 53
390 514 31 46
76 308 46 47
303 223 53 69
37 285 65 81
345 389 94 94
243 225 104 104
209 157 9 9
80 195 82 92
491 400 66 66
337 478 33 45
343 102 87 109
79 543 65 81
66 584 45 46
133 497 108 116
139 242 66 94
316 76 2 3
239 132 62 76
305 238 54 59
484 414 16 16
46 248 60 104
358 157 60 90
102 422 57 57
231 430 45 45
454 444 72 91
486 367 55 64
391 387 17 19
379 373 5 5
398 348 52 60
414 590 19 19
239 168 18 21
311 431 97 99
135 37 91 99
569 144 25 29
514 212 14 17
553 191 34 36
152 106 21 23
316 453 25 27
337 317 48 54
423 597 50 81
233 152 40 41
477 543 66 78
329 158 8 14
205 201 51 57
320 10 68 81
564 31 120 127
480 316 27 32
152 231 99 100
548 150 35 35
540 560 21 29
272 425 63 68
259 54 79 86
568 60 46 50
309 287 73 103
227 454 71 106
153 340 88 89
38 258 11 16
298 32 66 69
45 546 77 83
494 147 108 109
598 240 113 121
122 442 58 86
205 482 71 71
45 567 44 48
174 350 11 16
496 555 69 119
281 481 48 70
421 385 35 38
395 366 8 15
137 524 21 36
408 359 84 86
200 427 54 63
260 452 68 77
154 61 76 96
494 589 55 61
324 251 67 69
472 175 43 54
592 341 106 114
98 6 38 47
220 390 58 75
514 107 39 40
481 296 72 102
510 102 107 108
78 242 74 79
453 571 35 36
487 564 0 2
201 287 94 108
456 299 60 64
295 191 108 113
12 366 51 90
77 251 66 72
25 5 46 52
260 4 9 10
479 404 70 80
104 220 84 90
114 333 41 42
592 487 90 95
247 239 86 92
216 271 87 106
556 277 58 69
117 555 78 119
141 189 15 20
239 455 13 13
384 472 20 22
30 153 67 79
74 528 58 70
490 321 59 75
259 389 12 13
497 310 35 39
469 94 82 104
437 414 30 53
38 482 7 7
312 440 57 57
107 411 87 87
208 416 31 34
6 420 10 11
589 543 49 55
90 238 29 29
94 95 54 64
288 491 83 104
515 256 62 64
189 79 18 18
538 259 50 61
326 78 21 29
151 396 39 54
505 62 72 79
448 400 38 38
526 109 68 71
259 508 67 70
162 403 1 2
502 388 34 40
274 275 72 117
25 245 74 74
261 1 52 54
394 448 68 70
265 590 36 37
240 521 45 62
223 210 27 27
119 73 72 83
497 93 33 45
9 223 41 46
529 143 107 109
364 326 73 87
105 594 22 25
569 183 14 20
225 188 93 93
311 444 63 65
59 67 56 101
134 269 68 69
320 589 31 31
336 258 24 28
298 202 29 47
139 313 23 40
429 291 99 101
52 296 83 83
2 28 7 7
0 449 89 94
470 74 13 13
93 372 109 118
66 214 35 38
384 304 32 45
400 105 46 76
111 210 90 91
427 502 31 41
86 596 65 73
444 159 69 74
78 465 15 15
142 270 14 14
534 455 57 66
259 434 9 15
175 174 56 59
264 112 77 116
137 418 41 46
471 535 56 62
86 543 36 59
179 2 20 20
515 321 18 20
423 106 5 10
144 0 36 43
226 570 85 94
328 451 86 106
351 456 31 38
122 74 3 3
59 95 14 14
165 139 37 52
30 320 100 116
584 125 76 99
212 32 24 25
424 550 119 123
539 277 52 56
264 226 34 35
524 380 16 21
34 19 11 12
124 208 52 82
493 91 12 17
282 59 75 95
554 327 26 27
256 365 15 17
577 488 31 48
476 485 48 54
289 316 33 49
300 96 66 66
36 170 55 59
444 397 95 105
434 12 80 85
590 97 52 53
190 108 75 80
590 558 29 41
225 319 47 76
322 461 36 39
79 129 31 57
504 391 79 81
35 351 68 74
265 118 11 19
200 293 102 102
421 337 58 67
22 116 48 51
387 194 30 40
568 406 62 65
101 153 60 60
492 295 88 115
98 453 63 88
98 127 68 111
0 182 39 44
3 171 97 97
516 558 10 12
325 250 33 35
406 388 63 79
126 522 19 28
58 248 11 17
506 167 46 58
580 198 43 51
280 363 55 73
439 468 107 108
405 25 41 48
205 28 19 23
384 206 47 68
97 481 8 10
572 259 27 45
423 255 92 96
437 338 71 114
467 405 4 5
47 100 62 103
339 330 74 91
400 587 5 6
178 358 63 65
464 504 24 25
57 572 11 14
119 128 65 105
133 278 6 8
358 335 37 46
325 523 53 56
497 82 63 83
162 173 73 79
466 192 32 32
449 402 91 94
78 284 89 94
243 581 20 22
493 348 24 31
167 143 30 51
200 328 33 35
181 363 80 82
245 60 40 42
479 97 66 74
411 407 2 3
194 550 5 5
399 502 36 42
535 337 38 41
145 123 35 37
317 309 61 71
467 520 65 66
347 305 53 54
544 183 106 117
444 401 44 52
504 462 15 19
476 284 27 35
38 398 46 56
354 301 63 65
149 341 57 60
530 541 86 88
463 257 88 109
400 427 20 31
243 466 83 93
300 512 44 45
360 485 38 50
473 108 69 76
501 291 42 45
108 555 14 19
453 236 38 43
136 305 50 57
129 344 61 64
36 137 87 87
282 287 57 70
475 161 42 70
582 116 110 115
527 393 0 2
121 65 4 7
293 331 5 7
378 334 101 101
291 427 60 94
512 598 13 23
182 359 108 114
170 130 70 72
507 592 100 109
152 345 61 71
242 305 87 109
437 201 49 64
22 105 3 3
527 161 18 18
498 18 69 74
9 326 39 41
158 146 6 8
151 301 89 122
426 463 37 51
8 526 52 63
542 494 1 1
249 572 94 102
276 22 12 12
22 396 40 40
156 349 69 79
134 106 67 108
317 597 113 116
491 239 115 117
304 405 25 47
92 138 48 51
253 132 36 38
343 185 87 91
582 462 64 66
261 226 1 2
198 568 33 41
331 370 105 115
351 94 70 71
296 336 92 93
197 49 57 67
256 590 76 86
88 261 50 72
10 365 81 95
40 273 108 115
215 570 2 2
117 355 18 25
46 171 94 104
39 101 11 12
505 555 63 74
7 159 14 15
133 493 47 47
289 168 91 91
33 5 102 110
539 217 109 109
426 590 17 21
381 26 72 80
48 251 92 92
459 298 49 63
100 338 33 37
560 239 62 63
496 502 45 52
410 154 82 85
6 78 13 14
403 316 45 63
225 168 41 51
544 327 45 56
444 332 4 7
353 304 73 79
401 313 14 14
283 531 61 61
132 17 64 68
497 172 64 91
102 372 117 121
314 443 95 96
521 491 87 103
234 284 36 38
297 15 100 106
410 554 92 92
312 488 82 102
584 18 3 3
186 208 75 81
462 590 76 80
246 436 23 38
580 4 2 2
348 331 90 111
514 359 78 84
312 5 17 30
514 307 64 81
222 187 3 4
557 284 119 124
448 413 5 5
281 1 40 61
89 184 44 49
72 13 17 20
411 80 30 31
502 594 66 72
223 393 7 13
446 391 54 59
266 461 59 85
180 488 52 82
558 44 87 119
116 453 2 2
103 569 34 36
188 519 35 36
499 334 52 63
132 150 100 103
212 63 34 44
497 87 36 64
578 569 54 67
356 331 64 80
459 28 119 119
382 30 64 70
256 298 57 80
353 292 79 79
122 439 83 92
210 152 72 74
29 240 23 26
504 98 53 53
371 499 56 65
348 537 52 56
318 63 95 98
516 258 25 26
507 229 61 76
563 555 2 3
68 510 8 9
431 575 55 55
587 272 62 64
503 339 44 46
258 437 65 78
114 20 8 8
196 424 19 22
193 529 66 74
28 119 26 34
24 192 105 107
191 408 20 20
368 164 32 32
166 87 113 114
139 294 0 1
187 389 76 80
272 167 104 110
386 553 29 30
504 465 39 51
24 322 4 5
543 88 24 37
361 58 85 110
434 207 85 109
365 471 68 76
146 275 27 36
543 517 32 32
350 255 38 59
227 144 60 86
16 141 37 43
456 546 77 83
440 97 65 87
116 589 27 29
421 208 58 81
155 165 82 106
405 248 53 73
113 579 76 95
412 451 37 50
395 571 58 61
174 368 66 101
342 68 58 60
463 372 85 95
49 265 111 112
320 8 33 50
547 17 16 22
40 423 4 4
554 290 92 92
370 271 33 42
144 151 50 50
100 143 60 81
321 537 94 99
214 230 23 24
258 138 70 81
261 496 11 19
549 153 24 35
431 74 44 54
405 317 65 74
489 2 38 41
441 130 49 53
593 61 51 59
188 304 2 2
115 40 48 48
5 130 48 54
444 400 27 32
284 407 7 9
496 249 39 46
111 252 30 32
255 187 84 92
384 212 29 35
342 554 92 103
64 451 40 48
231 52 108 108
91 191 0 0
207 286 115 125
398 51 107 108
559 389 54 81
384 98 60 60
497 289 63 65
358 85 61 61
356 279 26 27
366 97 101 103
183 573 34 46
549 402 89 105
168 30 69 112
172 155 3 3
214 151 91 119
441 136 48 51
441 573 20 22
217 350 95 101
484 130 78 89
595 540 37 52
88 95 111 120
204 132 50 65
591 477 87 89
588 473 65 73
479 40 56 56
220 205 14 15
384 521 45 57
296 346 6 7
349 135 25 25
264 31 104 108
365 373 42 45
474 428 49 60
200 470 48 48
411 464 64 66
311 187 85 105
446 540 0 0
150 152 55 70
288 486 28 32
210 533 39 52
113 455 73 75
227 391 81 113
91 264 58 66
384 395 18 21
336 82 67 75
100 335 18 19
481 298 4 7
353 147 73 90
395 331 12 15
99 123 105 118
515 508 8 10
259 358 27 28
186 211 93 108
506 37 22 33
438 194 8 12
308 303 60 72
586 291 0 0
30 49 38 43
327 540 106 120
400 224 83 86
483 27 31 31
552 155 12 12
252 559 11 19
134 478 47 66
30 112 80 81
594 375 63 77
437 371 35 35
396 272 40 47
570 345 98 121
472 132 45 56
157 417 80 93
580 279 80 80
97 329 28 30
485 569 8 9
39 494 40 42
454 179 31 33
32 387 83 93
131 514 51 74
495 539 17 18
468 162 81 83
467 357 25 27
294 116 23 41
224 480 2 2
104 132 53 64
230 285 97 98
377 210 66 78
469 276 3 7
300 137 60 73
330 566 57 82
53 66 68 72
379 134 52 54
580 324 40 40
512 496 46 65
210 461 47 50
169 459 37 54
95 598 46 59
133 149 90 106
583 80 2 3
321 140 40 40
9 584 2 2
310 438 51 63
115 482 26 41
558 150 58 75
391 456 84 86
526 414 15 15
430 429 56 58
129 73 63 83
502 404 36 41
98 316 31 31
316 565 5 8
509 347 62 71
543 208 62 85
167 280 79 86
255 9 56 80
207 506 4 4
286 214 28 39
268 454 41 44
212 323 70 83
107 341 104 110
512 399 37 56
0 104 13 19
594 519 28 30
61 298 118 119
512 398 111 111
395 278 69 95
554 545 56 64
575 266 48 48
87 314 18 18
397 54 43 45
395 326 88 101
153 501 81 89
352 90 90 93
464 374 65 94
7 556 60 105
309 355 11 15
535 312 21 21
448 363 77 77
52 553 21 26
148 61 72 99
491 165 35 46
189 448 52 56
195 338 55 67
136 403 88 91
300 556 20 20
216 204 9 12
187 261 72 101
89 380 2 4
192 182 23 23
182 15 43 58
155 206 1 1
32 440 5 7
219 220 38 39
414 12 44 51
56 363 69 90
87 92 7 8
0 94 34 37
463 9 61 89
507 2 69 69
101 584 102 103
123 318 12 19
45 457 64 68
293 589 70 70
360 51 20 22
548 84 47 57
149 282 37 40
473 200 119 119
477 468 30 32
430 206 86 87
131 79 37 49
571 544 20 20
413 557 107 108
576 489 64 67
71 425 12 12
162 457 20 26
342 577 106 113
313 432 100 115
296 93 49 75
474 511 109 116
126 269 83 102
411 239 25 41
574 501 3 6
332 143 124 124
458 196 25 25
337 214 21 34
118 324 56 65
314 557 35 41
284 172 64 75
572 410 25 38
369 105 49 71
307 448 15 16
101 139 43 46
353 44 21 21
112 204 9 9
303 435 104 109
577 413 41 41
438 517 71 74
188 241 32 50
393 29 54 72
404 188 122 127
518 476 82 111
349 348 60 66
55 431 71 111
586 52 48 48
472 281 28 30
597 111 23 24
433 144 85 85
222 161 50 54
525 288 33 34
0 432 31 35
437 207 34 34
366 336 32 39
549 152 12 14
485 314 23 27
321 208 88 100
225 233 69 82
410 128 62 64
169 159 14 26
318 96 0 0
57 357 78 92
15 5 63 99
525 323 23 28
328 145 73 91
433 289 43 52
216 75 34 47
439 273 94 103
102 321 117 120
579 28 12 14
312 47 33 34
260 51 74 77
264 108 53 72
154 544 43 57
48 568 120 123
370 416 82 106
272 21 69 70
274 494 101 103
259 488 116 117
523 241 1 1
36 331 82 117
481 356 8 8
337 437 42 42
574 117 81 93
252 482 21 22
74 374 50 62
578 112 31 42
258 518 24 30
117 387 54 71
491 174 98 106
492 365 65 67
419 196 77 112
326 178 39 50
11 507 4 5
338 319 44 46
2 592 9 13
525 506 36 37
161 402 15 16
370 319 60 74
473 139 63 104
264 44 95 96
300 535 71 79
577 399 42 60
586 574 47 47
181 36 41 41
373 324 86 109
343 246 85 89
32 292 24 24
230 394 46 74
193 77 28 28
214 292 64 72
570 155 35 37
592 76 15 19
449 33 8 8
281 274 40 40
266 581 102 106
27 78 53 61
427 52 80 82
322 511 13 13
555 240 59 67
219 310 13 17
475 397 35 51
99 176 47 66
493 312 57 79
17 334 71 89
563 501 108 119
389 331 69 75
457 147 16 20
477 516 10 12
170 282 20 20
220 555 14 15
249 367 82 87
73 234 20 23
109 576 46 66
157 66 57 85
367 74 87 104
526 407 72 98
191 454 82 85
358 469 47 47
521 585 5 5
351 355 47 47
308 121 45 57
292 312 23 27
338 410 87 117
533 71 71 78
10 334 29 29
483 451 82 94
56 561 100 101
239 310 32 45
284 364 38 42
72 53 39 40
520 237 53 63
221 366 29 29
196 344 3 4
257 324 89 98
66 129 73 77
49 293 32 33
514 533 19 23
86 119 73 75
527 327 89 92
44 35 40 44
511 64 7 11
11 357 45 48
384 42 4 5
283 305 88 100
171 400 23 23
230 117 42 45
169 525 10 11
561 294 107 123
319 145 41 67
108 343 37 39
248 487 62 84
518 417 87 116
345 275 106 106
424 242 25 27
65 87 61 66
96 51 57 76
457 155 88 90
113 240 74 80
595 85 98 108
537 488 34 34
30 300 55 62
538 564 20 20
480 261 45 55
110 27 54 71
50 1 7 14
236 19 48 64
231 110 45 53
489 397 112 112
390 514 17 18
92 59 82 82
457 276 9 11
30 3 23 23
274 561 59 61
318 181 41 57
458 426 25 26
52 37 0 2
72 480 75 82
96 536 59 89
451 523 19 29
335 302 23 25
592 392 76 93
595 342 46 56
217 470 76 83
384 545 43 58
271 23 115 118
464 499 56 57
26 169 6 6
355 296 29 40
73 464 73 88
205 256 86 92
547 507 64 66
487 578 23 23
282 108 5 6
345 554 92 92
206 401 49 67
81 558 12 14
204 321 13 13
352 129 38 43
576 185 85 87
295 561 68 81
369 384 117 119
525 436 6 8
178 517 53 63
465 146 105 125
559 480 9 10
123 34 64 68
597 464 50 51
18 10 37 37
519 142 79 90
182 277 59 69
449 563 10 11
497 443 4 8
321 441 38 39
212 405 8 9
295 142 85 104
127 42 46 48
151 496 35 37
362 104 22 25
593 414 49 49
446 34 28 29
17 99 55 69
279 359 56 64
502 573 40 40
495 308 36 48
284 379 3 4
40 273 36 41
506 411 1 2
52 139 21 32
413 227 97 116
78 60 67 101
345 109 28 43
255 188 99 100
564 133 80 80
499 284 1 1
432 15 109 114
85 173 6 6
401 83 79 92
66 502 86 86
252 307 98 99
154 298 73 74
510 400 85 107
183 443 54 64
394 315 91 107
24 593 51 51
268 407 63 88
231 100 24 28
173 213 60 61
475 175 75 81
571 7 106 110
572 371 7 7
532 509 84 101
207 536 2 3
157 412 67 69
137 527 103 114
516 515 11 12
482 128 65 65
156 543 100 123
59 308 27 34
382 19 49 49
96 562 44 56
253 353 28 29
410 307 59 80
101 361 33 40
390 215 61 67
94 130 64 72
304 239 88 90
346 519 15 16
24 275 12 13
590 521 42 57
86 172 51 82
169 283 12 17
165 387 4 7
175 202 85 91
129 388 23 28
484 475 68 76
249 548 98 119
246 456 31 42
178 259 100 107
235 216 26 32
193 563 15 21
44 76 56 77
299 36 83 90
144 110 86 94
426 312 26 26
403 183 11 11
243 497 114 121
231 388 59 72
511 416 32 37
424 362 3 3
413 292 30 30
520 229 76 118
576 347 114 121
385 364 58 58
351 478 44 50
289 569 7 13
220 127 17 18
307 566 86 92
209 423 75 110
450 199 27 41
318 310 35 41
428 22 15 19
447 192 0 2
366 97 9 9
58 361 7 9
295 482 29 30
198 539 20 23
210 204 57 59
211 282 41 67
140 145 74 78
494 96 58 67
508 347 21 27
16 100 21 27
165 381 52 91
176 388 53 55
258 156 85 89
101 404 68 69
374 579 82 87
95 582 67 105
388 434 28 29
390 122 64 104
26 240 4 8
314 139 15 19
532 199 20 36
199 41 103 113
35 16 19 19
47 590 78 92
293 276 1 1
81 99 77 80
197 3 50 64
118 542 50 65
345 554 89 123
23 105 61 66
4 134 45 54
147 440 30 32
101 61 36 49
257 321 98 104
284 429 32 34
454 542 9 12
408 355 17 18
103 395 15 18
147 321 31 48
474 580 116 117
125 251 13 19
454 22 32 33
571 12 20 20
374 39 6 8
78 88 109 115
303 569 9 10
381 390 31 34
570 57 84 86
357 488 84 91
16 270 87 128
573 347 4 5
130 198 40 43
144 507 92 101
366 516 29 33
294 394 96 102
428 238 63 72
386 236 38 65
502 493 40 42
173 228 33 41
44 415 30 42
12 216 7 8
330 229 78 96
186 437 68 86
511 437 44 50
436 170 54 71
93 455 69 83
50 356 11 12
526 576 49 57
476 145 44 48
365 557 43 43
384 380 100 100
298 87 56 57
133 168 6 9
136 314 63 78
228 566 18 18
304 483 64 81
531 474 50 54
172 281 17 25
108 506 9 13
317 188 8 10
210 152 80 103
302 361 16 18
343 541 52 61
333 226 28 29
204 290 28 48
273 526 10 10
496 592 98 102
433 131 120 126
49 569 35 36
508 583 79 82
27 72 28 43
314 464 70 123
230 410 93 110
288 202 40 73
308 339 20 20
245 434 47 78
1 372 7 7
561 389 63 72
383 67 91 92
94 418 24 26
407 106 59 63
592 112 14 14
501 68 28 30
570 143 64 64
8 134 14 24
181 221 118 131
341 331 10 14
212 341 9 14
75 37 4 7
160 533 68 123
478 44 4 4
215 328 27 33
158 42 0 1
465 103 65 65
315 373 12 12
319 578 2 2
241 44 107 109
129 327 20 28
584 376 63 64
314 119 122 131
524 60 43 43
162 325 75 84
57 126 34 38
532 42 54 65
425 193 60 66
101 164 63 64
542 552 3 3
133 142 114 115
51 230 84 102
204 130 44 51
335 105 10 11
432 323 54 77
450 418 28 36
439 38 88 96
384 537 101 111
56 202 84 110
88 68 48 56
345 67 29 30
486 322 17 19
326 26 92 104
530 20 31 36
145 147 69 83
302 194 4 5
356 469 79 85
93 260 5 6
56 248 37 38
528 353 5 7
369 377 55 55
95 374 69 71
307 151 15 17
288 389 90 100
132 130 43 44
584 209 11 11
229 298 22 22
240 499 40 49
177 96 34 59
64 467 10 12
174 85 89 109
43 567 26 35
218 443 25 27
309 166 33 44
134 83 25 29
236 10 117 117
542 151 9 12
137 524 63 77
72 64 89 98
31 278 56 77
416 412 14 16
496 568 92 103
323 239 35 39
521 428 77 121
404 273 21 28
278 415 63 99
181 171 14 16
102 145 61 72
175 163 45 59
517 590 76 78
495 356 36 43
577 323 13 13
568 528 12 12
168 503 79 105
130 100 23 24
474 427 18 26
304 177 105 108
101 478 49 70
132 539 74 93
451 258 26 33
577 598 70 86
380 389 67 73
280 116 97 115
163 236 44 64
74 170 56 69
265 230 38 44
140 284 2 3
225 256 3 3
196 48 4 6
369 130 92 96
94 283 98 108
16 321 15 15
264 364 90 90
323 75 14 15
524 201 71 77
424 538 63 74
462 320 15 20
292 34 50 56
35 591 28 29
242 580 50 51
387 351 61 62
249 547 33 37
73 490 53 59
356 247 60 81
449 206 53 70
376 235 40 41
300 172 0 1
476 258 64 85
141 2 88 102
260 402 71 92
365 32 25 35
328 169 25 30
119 518 16 18
1 111 123 131
328 239 82 82
508 193 59 67
116 110 74 88
349 485 65 91
556 430 23 23
475 156 24 32
12 275 14 16
550 435 28 36
183 286 33 33
153 12 74 79
166 260 68 86
212 111 105 106
30 134 93 100
405 551 59 59
474 440 81 102
59 18 53 58
153 455 35 39
118 535 49 50
2 380 9 9
229 490 32 39
114 305 78 122
431 16 42 52
470 364 29 55
320 121 72 87
582 269 7 8
271 358 87 92
448 396 60 102
271 544 5 5
475 492 37 59
588 274 15 21
297 587 66 66
50 366 36 42
528 212 93 119
5 235 40 67
550 330 37 38
7 380 54 72
216 52 100 102
523 159 21 22
448 303 34 53
298 532 55 68
315 319 49 65
105 10 44 71
136 299 19 30
78 458 60 82
289 565 31 57
122 593 25 31
484 435 54 62
169 418 40 47
134 330 19 20
195 11 15 21
513 125 1 1
365 163 34 41
412 0 27 28
24 344 48 55
31 502 46 59
441 392 71 71
79 416 18 18
432 295 80 81
393 342 7 12
3 580 46 47
384 345 102 109
449 42 92 92
196 221 71 80
338 541 60 79
261 43 77 88
213 458 31 38
309 198 50 60
208 346 92 123
445 562 45 49
407 452 96 109
330 151 86 89
347 376 12 19
397 288 96 104
163 551 108 119
388 62 68 71
368 441 82 82
172 584 46 57
15 224 65 71
545 84 89 90
204 51 71 80
86 497 68 96
311 523 27 30
466 12 22 24
209 45 35 36
98 168 51 54
408 569 108 115
395 99 120 120
565 471 49 51
110 38 54 70
430 156 99 105
50 155 59 67
159 494 40 43
264 471 9 14
162 530 79 102
383 596 45 53
438 16 53 55
437 403 66 69
118 334 70 80
140 520 89 92
191 215 27 29
115 200 19 19
18 51 17 23
286 405 92 115
223 131 84 86
85 189 63 69
375 354 11 14
568 318 90 90
248 343 92 93
360 32 8 9
541 243 63 71
479 356 14 14
298 213 54 65
91 288 61 74
236 13 4 5
188 167 108 114
462 137 96 96
359 529 75 80
513 542 93 98
551 492 22 23
22 249 85 101
79 452 15 18
100 229 1 2
215 438 63 85
580 106 36 49
150 151 74 90
257 141 89 112
37 98 97 105
244 366 25 31
353 576 32 35
365 538 5 6
279 585 18 19
444 463 80 97
329 447 45 63
255 592 73 74
313 279 54 63
519 83 64 94
7 178 19 20
446 362 40 48
449 31 44 61
529 535 40 47
293 288 46 52
525 497 83 91
58 581 79 83
394 287 6 11
158 339 3 4
98 90 57 61
492 461 95 95
531 362 64 65
8 542 75 76
334 16 39 39
384 36 124 124
557 136 24 24
149 408 2 3
58 124 53 54
91 450 63 94
293 511 43 50
512 585 23 32
496 169 45 61
480 114 73 89
9 52 57 62
452 534 25 37
164 323 57 59
495 317 102 105
514 272 58 90
167 544 52 80
595 426 52 73
460 344 11 12
142 529 36 38
178 270 35 42
383 348 49 60
310 575 82 108
526 137 44 61
253 36 39 51
13 273 97 97
206 576 25 27
173 205 27 37
83 593 27 27
59 432 23 32
162 270 2 4
499 188 6 8
91 101 56 67
152 333 97 117
368 497 3 4
30 486 73 74
500 252 101 111
488 340 8 9
46 75 52 53
478 253 64 77
161 406 41 41
335 350 27 33
151 195 15 16
478 166 56 68
173 557 97 98
44 35 104 111
104 339 19 21
57 211 54 71
263 470 25 27
269 593 37 40
439 316 30 30
546 437 61 83
417 277 49 53
116 353 11 18
375 371 12 16
248 591 17 17
203 407 48 53
438 102 32 33
426 537 32 32
277 188 19 24
391 36 11 19
452 130 34 57
594 340 101 110
343 469 53 56
152 322 59 72
370 14 60 76
189 133 21 21
281 394 5 8
199 333 25 25
87 292 97 102
447 6 28 34
190 5 21 36
510 565 28 28
289 14 2 2
186 574 42 55
100 266 76 91
499 181 22 23
277 382 82 115
348 547 73 73
114 546 18 31
452 427 98 104
42 514 17 19
550 301 62 78
163 275 6 9
360 576 102 116
461 382 34 43
531 316 67 75
129 364 15 16
165 324 62 78
304 148 19 36
249 484 76 117
14 155 9 9
192 553 57 81
589 571 60 62
227 167 7 12
582 324 51 53
535 215 11 15
154 429 37 38
479 403 86 92
405 56 26 29
453 243 31 41
557 564 9 11
158 138 36 38
389 185 37 58
583 14 67 105
21 13 61 80
231 44 58 78
116 465 95 107
407 78 75 96
356 253 83 103
160 192 35 53
436 572 13 13
436 397 99 106
418 165 41 42
336 97 57 99
592 11 22 25
258 120 93 103
58 139 84 99
319 233 48 48
91 565 108 116
354 12 33 45
160 598 66 79
497 473 53 88
539 15 79 95
320 542 16 24
410 287 43 62
326 484 54 77
165 411 21 25
543 27 78 86
277 584 11 11
489 567 120 121
594 116 97 107
270 84 38 38
477 432 28 50
114 368 45 82
136 488 6 7
163 158 12 17
324 75 36 44
66 593 33 44
151 206 97 111
407 280 55 75
132 270 68 105
291 69 36 50
26 153 59 62
521 386 45 55
440 351 83 86
351 161 75 86
3 95 78 80
192 69 70 73
255 11 38 45
389 130 59 83
336 492 17 19
455 105 14 16
103 457 49 67
179 357 47 59
339 209 97 116
378 441 52 54
206 326 43 51
556 59 66 96
577 54 44 53
234 484 49 66
583 189 23 30
61 522 83 96
365 371 60 71
110 176 66 68
114 210 51 67
569 211 72 85
491 139 46 51
293 111 71 91
30 529 80 97
461 205 66 80
467 300 27 28
583 130 86 88
210 99 91 97
209 221 65 69
326 501 75 111
586 153 76 84
104 485 46 56
457 37 72 119
99 1 72 90
70 470 37 39
564 302 37 49
35 261 58 86
281 496 13 20
440 531 31 34
577 122 7 7
400 317 27 34
376 152 23 25
473 399 60 61
193 392 14 17
517 591 48 48
7 159 77 109
467 314 3 4
457 228 93 95
537 505 11 14
180 257 57 59
334 400 46 59
403 67 80 109
416 214 33 48
573 66 23 27
525 118 19 27
409 46 46 58
250 210 114 120
122 438 51 56
331 567 49 56
407 306 13 23
376 347 7 15
241 572 77 131
304 223 5 9
380 454 50 54
45 231 130 131
281 345 28 41
425 165 78 106
266 509 13 17
396 5 89 106
419 167 29 36
541 388 19 21
492 570 43 70
301 346 57 65
338 519 27 46
453 281 93 93
549 120 88 90
50 541 68 85
315 586 52 65
4 446 54 68
500 435 56 64
393 61 11 13
444 502 55 63
452 374 3 4
293 68 76 92
368 387 15 23
135 403 58 63
110 572 79 82
292 159 15 19
422 206 62 62
596 583 31 34
391 351 35 37
471 357 19 30
291 524 11 16
384 474 20 27
11 585 52 52
253 580 17 17
164 360 42 54
584 180 44 49
412 528 44 48
179 452 8 8
138 348 87 108
525 242 38 58
371 595 28 42
438 336 2 2
8 493 30 31
361 424 51 61
240 208 62 75
116 98 64 65
120 42 54 58
471 313 23 23
438 506 105 107
17 252 15 16
578 459 45 48
290 552 53 59
369 457 26 35
239 281 10 15
430 447 23 23
282 508 31 32
140 212 36 36
497 401 60 60
243 327 16 21
514 217 33 36
578 11 61 73
51 563 68 74
109 434 95 102
370 513 112 113
417 77 56 59
356 296 106 109
390 151 48 50
213 251 114 116
201 447 53 59
388 240 57 57
391 377 55 78
181 438 25 26
179 337 58 93
228 482 21 22
416 71 17 25
439 261 52 52
56 428 35 37
341 243 13 14
73 137 23 24
399 441 116 117
397 187 69 80
513 290 5 6
394 381 7 8
345 170 21 27
21 598 42 50
458 321 2 3
26 61 26 27
524 301 56 63
34 104 69 78
168 219 29 44
393 82 53 66
46 276 65 78
411 345 59 81
334 183 11 12
423 101 102 117
535 47 75 89
575 43 43 43
27 292 25 32
4 304 44 59
41 237 115 116
560 534 28 40
533 293 56 56
379 386 53 58
452 405 18 21
69 485 100 103
327 178 74 80
387 14 69 85
520 14 68 82
549 523 107 107
106 316 81 105
253 526 18 19
268 413 119 122
565 110 15 15
207 93 86 121
84 456 26 33
488 405 65 69
415 15 65 65
553 138 80 107
203 306 72 80
562 532 46 50
372 209 45 67
17 498 3 5
528 347 12 15
591 550 33 38
234 240 21 25
142 53 106 120
236 341 53 64
295 367 80 83
82 295 63 64
368 380 14 18
496 212 52 59
113 151 57 63
251 370 95 105
253 210 85 103
503 185 94 105
84 196 26 39
151 210 75 79
16 261 118 122
373 7 24 29
84 251 91 91
423 353 106 113
593 190 54 54
406 15 26 34
17 53 68 97
369 362 45 48
535 588 43 56
548 467 23 23
383 336 112 119
65 103 52 94
483 261 24 24
116 337 88 92
205 165 17 19
80 536 97 101
484 480 5 6
262 117 9 15
355 459 94 97
426 423 40 50
187 503 49 61
522 397 63 67
206 569 28 28
540 493 24 24
251 159 84 86
340 135 90 91
520 3 42 45
184 108 72 86
78 515 41 44
423 473 5 8
266 193 86 91
572 557 8 9
410 168 66 73
563 303 25 44
377 138 102 110
331 122 81 92
457 485 76 96
276 209 58 63
237 516 17 25
334 50 18 18
443 127 31 35
6 4 84 87
384 315 4 6
385 246 85 85
283 75 70 70
63 184 88 88
484 329 74 109
277 6 32 39
275 220 116 125
18 122 23 42
74 239 74 80
581 345 89 99
107 197 44 58
223 22 44 46
59 598 93 94
105 588 88 94
115 27 88 88
267 435 37 52
139 442 19 19
370 240 29 35
36 275 63 71
321 239 31 36
393 359 119 121
107 76 30 35
102 14 6 6
473 348 63 66
166 405 27 32
430 164 36 44
393 589 69 116
323 573 24 32
372 574 17 26
419 572 80 94
109 505 35 50
192 65 98 107
198 154 15 15
95 432 8 11
395 403 7 8
431 515 29 30
324 435 91 94
325 508 25 25
571 304 36 51
579 376 72 106
577 109 33 40
546 461 41 58
124 198 16 24
16 307 104 111
331 397 61 65
135 101 13 14
59 326 47 60
185 111 25 26
381 106 92 93
34 399 73 105
477 470 94 100
211 192 14 15
512 482 41 43
374 49 23 34
371 57 49 52
397 465 69 71
363 59 50 51
334 91 81 98
461 152 48 53
289 405 9 11
512 365 6 12
219 200 119 120
372 206 14 14
457 63 50 58
113 309 19 19
585 579 74 80
563 558 119 119
127 465 30 32
420 97 40 51
183 579 77 81
149 287 68 78
67 114 58 76
510 130 24 28
297 157 50 55
570 356 13 13
149 582 26 37
509 517 5 5
483 165 91 92
485 199 14 14
452 16 71 72
505 12 10 11
574 177 48 51
505 12 81 90
485 9 46 48
483 252 57 57
517 219 40 42
371 586 77 80
31 27 40 51
559 145 13 15
113 62 13 13
363 134 6 7
116 564 25 35
278 345 54 62
416 128 10 15
195 443 99 102
578 125 10 15
180 192 3 4
191 439 43 56
361 448 53 56
74 170 53 55
82 383 46 56
46 254 4 5
176 264 58 63
268 260 9 9
451 195 14 20
431 113 44 50
176 411 53 80
141 505 50 86
547 474 2 2
290 427 61 68
56 127 17 19
418 206 25 25
113 292 84 120
507 259 67 81
35 391 77 98
557 309 11 13
570 581 80 84
590 384 13 13
121 432 117 119
223 252 67 78
336 226 45 46
236 330 68 86
440 332 67 79
356 283 46 53
19 177 48 52
546 143 13 16
453 287 21 24
175 149 49 55
366 584 78 84
100 395 26 32
37 488 47 53
148 261 17 32
585 87 13 13
282 542 56 70
317 387 103 118
446 512 67 99
146 394 78 90
209 76 60 75
187 381 42 44
483 544 4 7
285 175 111 111
428 176 71 83
130 494 26 34
96 569 36 41
386 589 40 43
110 257 22 30
136 511 116 119
234 535 102 110
249 16 14 20
468 575 70 92
459 200 78 119
458 313 85 89
82 97 88 125
324 114 51 74
421 109 6 6
280 597 94 100
578 388 83 86
444 39 47 47
379 446 2 6
466 162 31 38
129 151 96 99
281 556 39 40
438 522 30 32
108 436 78 91
294 302 71 79
86 443 11 13
429 469 78 91
447 114 50 72
206 194 14 17
312 340 18 24
441 133 69 79
460 265 69 96
477 300 8 9
56 335 39 42
98 101 43 61
497 1 41 49
499 176 16 16
309 563 70 108
433 584 91 113
483 314 25 38
134 592 21 23
356 17 5 8
191 352 22 35
95 89 61 62
286 322 40 42
225 192 81 98
313 108 3 5
491 177 65 80
494 582 33 42
572 95 84 84
487 398 5 8
491 419 73 102
360 59 56 57
434 274 82 95
579 11 16 18
517 326 42 42
93 473 90 105
121 539 106 115
56 429 51 52
369 483 39 59
491 20 97 101
142 359 59 60
581 539 96 97
463 406 18 24
57 451 91 111
431 338 71 108
413 592 71 77
234 134 26 29
598 179 6 6
8 428 4 9
142 124 17 19
36 124 30 40
428 368 58 71
465 243 2 3
29 115 41 49
357 561 76 99
495 366 22 27
437 230 56 60
440 146 45 46
460 351 31 32
217 214 11 12
49 42 98 98
10 234 111 113
378 51 51 51
505 506 68 68
579 479 4 6
56 120 62 64
97 252 6 9
553 291 12 17
146 555 40 51
521 368 0 0
387 84 90 104
554 447 76 94
460 476 79 87
421 219 28 34
428 352 41 42
403 454 50 76
432 73 116 117
127 37 57 62
369 403 7 12
554 109 109 113
230 58 33 43
356 218 59 67
370 55 10 20
96 192 30 40
485 408 98 99
136 222 75 76
502 62 80 85
351 350 35 38
56 418 28 41
39 504 72 76
555 137 20 20
142 128 72 82
139 80 93 108
224 57 3 4
283 260 50 52
448 562 87 102
79 439 5 8
304 482 81 114
269 94 21 28
409 260 111 111
29 494 105 124
18 279 15 16
148 144 76 83
356 210 65 65
551 175 107 114
53 460 92 95
374 8 20 20
453 24 1 1
545 289 63 99
303 232 76 79
130 71 67 73
489 108 68 82
118 137 55 68
388 491 65 69
524 269 3 4
351 155 5 5
40 350 67 69
263 494 105 109
130 165 65 88
293 403 63 67
61 234 39 56
379 589 1 1
191 450 31 31
279 47 99 111
50 391 74 86
473 501 48 49
382 64 77 78
575 113 65 69
490 345 105 107
511 254 3 3
124 442 9 9
567 313 29 42
535 542 12 14
294 594 43 46
107 224 14 14
65 209 23 27
125 54 86 92
307 332 59 65
57 67 8 10
17 385 101 102
346 293 64 95
152 148 56 66
286 585 35 47
68 501 73 85
354 565 13 17
146 343 8 8
313 157 43 43
479 88 80 84
118 30 4 5
82 53 46 62
462 225 45 58
135 35 7 7
534 329 29 45
458 388 40 42
484 134 62 90
330 424 11 13
597 300 10 15
92 197 53 57
127 180 56 83
9 316 23 23
264 110 16 19
169 441 92 93
385 54 100 122
428 96 40 43
316 350 18 23
334 565 97 120
40 427 2 2
111 334 78 94
556 327 9 11
555 577 86 97
127 77 99 106
520 58 68 73
261 101 99 103
241 101 41 47
382 499 51 62
173 456 25 41
215 233 28 42
161 277 7 8
547 384 16 17
367 515 61 72
100 151 84 89
317 163 16 22
376 365 56 56
318 505 18 18
218 337 29 29
220 499 56 89
20 561 9 11
198 263 32 55
165 129 57 81
218 355 79 109
356 64 31 32
208 174 24 29
462 395 69 99
476 330 69 80
194 402 58 80
340 305 73 75
464 78 31 34
440 477 86 86
108 62 6 10
329 498 74 80
58 36 55 75
464 91 90 93
1 299 30 39
176 398 19 36
417 471 16 19
217 464 69 72
26 324 50 51
343 557 48 78
271 192 2 2
468 312 83 107
276 51 85 86
167 487 30 50
562 344 69 71
473 121 0 2
403 310 8 8
426 22 85 85
201 400 65 69
530 159 5 9
520 256 91 91
306 479 56 98
336 303 82 94
116 304 22 39
469 89 10 11
146 3 68 84
522 458 26 28
388 578 63 76
495 525 22 23
559 287 13 14
469 218 8 15
509 494 28 30
282 543 23 30
559 477 45 51
180 592 37 40
290 579 28 34
238 175 65 98
369 497 98 103
172 205 31 35
17 313 106 116
45 536 51 55
381 283 4 5
506 78 64 66
124 279 37 42
22 324 73 81
75 45 28 29
470 321 3 4
363 564 45 69
280 65 15 17
382 320 60 62
338 423 84 87
502 441 16 22
235 493 48 69
557 237 71 83
227 149 34 34
579 144 63 66
257 482 60 66
461 423 54 55
248 21 53 53
510 415 60 78
239 168 63 68
351 297 18 19
545 193 107 112
305 348 118 120
523 555 74 78
329 356 65 65
255 442 74 93
325 215 26 27
432 573 70 83
464 48 18 18
132 322 69 114
378 207 16 19
496 533 48 54
146 598 30 32
483 329 12 18
375 202 11 11
241 195 35 37
232 166 34 35
148 408 51 78
26 428 82 98
262 43 39 64
112 84 60 64
415 45 54 64
563 50 4 10
232 309 35 37
295 41 3 6
490 548 59 82
48 350 98 101
391 591 83 98
375 451 3 3
241 362 26 30
444 307 58 66
382 428 89 92
199 17 90 90
150 513 43 55
528 450 60 66
532 241 13 14
3 395 80 81
173 47 74 109
89 257 80 84
404 251 13 19
239 556 52 52
51 105 94 95
246 98 37 44
339 329 41 43
499 253 26 28
340 46 29 30
79 160 61 78
383 507 75 91
152 159 72 73
442 247 43 45
446 122 58 64
200 39 20 29
80 346 81 83
33 530 0 1
467 487 48 50
198 99 35 49
501 178 14 15
209 271 42 42
204 97 7 10
380 315 23 28
582 103 84 85
162 427 10 12
373 513 54 59
116 90 77 86
538 527 44 49
484 125 79 84
483 249 99 115
248 59 27 27
404 293 13 15
86 388 91 92
267 74 64 69
516 298 73 94
339 129 13 14
415 17 12 14
78 182 5 7
561 204 64 65
44 190 105 105
215 62 83 85
163 237 50 63
363 102 13 13
67 323 94 109
464 463 9 12
272 156 58 103
568 52 5 7
299 322 36 48
237 192 129 129
60 220 105 110
550 16 12 13
408 536 14 15
473 378 30 38
85 326 82 105
571 68 77 77
121 309 80 106
228 564 30 32
301 334 11 17
281 261 45 49
19 155 30 31
183 305 71 76
146 410 34 35
511 269 49 51
311 268 67 97
56 398 18 21
198 341 49 64
481 389 5 5
150 405 43 46
515 95 2 4
242 479 20 28
572 94 68 69
214 464 110 112
515 435 59 82
334 559 19 32
243 244 67 80
591 261 29 36
519 119 99 104
525 592 71 72
61 548 25 28
211 437 58 67
281 125 57 57
386 11 28 38
63 368 14 14
535 566 55 75
242 499 70 74
274 150 52 56
427 502 61 63
397 138 57 57
542 83 69 74
535 430 64 92
212 506 61 73
476 355 73 75
380 157 79 90
18 443 58 67
286 480 77 78
222 344 59 66
229 507 41 49
505 27 22 25
293 21 67 74
295 460 1 3
199 405 43 44
517 354 48 53
449 536 96 108
152 470 12 15
18 174 42 44
38 207 33 35
520 558 102 103
117 57 17 26
14 125 78 99
512 130 28 35
538 381 69 86
35 569 9 16
315 468 89 94
346 254 16 17
389 411 86 104
148 13 17 23
91 182 72 87
399 377 34 58
250 166 75 76
206 325 73 106
65 27 86 108
415 434 72 74
581 274 76 97
43 77 23 25
564 452 1 2
591 150 15 15
41 436 20 27
390 249 125 127
349 316 112 112
74 357 68 100
260 556 20 29
157 461 57 58
506 582 16 19
89 362 2 3
47 352 49 52
551 77 93 100
193 367 76 87
59 421 95 95
35 255 81 97
124 107 49 54
559 28 38 46
530 229 3 3
141 149 26 26
594 104 79 91
418 389 91 117
299 480 59 67
109 335 26 30
534 399 83 85
40 502 37 39
130 387 10 10
371 119 62 65
301 515 16 27
6 379 57 57
91 248 58 85
249 222 107 107
158 173 70 96
219 264 87 96
200 121 61 92
485 248 87 106
342 519 29 47
404 585 87 108
579 175 94 95
151 267 98 100
14 83 48 61
196 229 21 22
435 438 75 89
365 83 19 20
272 477 32 33
182 553 20 22
573 88 7 7
468 452 114 117
410 220 94 95
451 178 52 63
566 470 126 127
360 202 37 38
416 389 82 92
163 580 49 58
13 455 7 8
474 450 72 78
311 77 75 85
467 567 62 69
59 332 79 122
198 484 62 72
151 418 84 84
266 83 39 62
546 218 68 69
333 442 46 68
126 476 74 93
246 154 29 34
270 54 17 19
279 79 86 87
449 18 99 111
6 559 29 31
560 70 24 24
445 356 10 15
6 84 82 109
151 200 26 45
319 414 118 119
578 369 16 25
126 539 82 82
395 297 23 26
448 311 69 69
72 401 42 44
453 366 61 97
329 254 38 38
404 141 49 56
64 503 84 91
291 14 53 80
511 496 81 96
556 458 66 73
68 571 23 25
146 227 56 57
114 270 45 53
96 270 72 74
120 359 32 61
57 62 1 1
306 483 83 104
69 198 15 17
479 377 82 88
174 329 34 35
571 551 18 18
570 312 83 103
480 468 60 83
189 58 93 98
107 192 48 54
38 305 8 9
303 399 40 40
120 442 62 72
69 542 13 13
274 477 7 12
315 80 8 9
39 76 63 64
347 598 56 65
178 67 45 47
588 199 86 89
284 93 38 49
235 172 48 49
517 61 88 101
488 524 11 13
318 280 17 17
249 491 123 124
550 145 48 48
572 198 37 50
101 233 10 14
161 328 84 87
150 442 75 92
277 460 14 16
257 365 48 66
243 198 32 45
370 501 102 119
545 440 29 48
440 181 40 43
540 87 106 115
57 120 61 89
171 315 34 39
267 136 92 104
447 113 119 121
81 324 53 75
32 570 59 71
592 455 5 6
40 526 5 6
384 352 12 14
12 187 85 100
379 415 10 10
328 316 34 59
85 340 29 33
396 406 30 39
287 193 38 46
41 361 1 1
160 445 22 22
187 396 12 14
216 498 14 15
151 496 50 68
550 196 35 67
248 89 36 49
401 395 91 101
3 188 50 55
107 272 39 49
381 126 77 82
583 419 62 71
397 597 13 13
145 528 38 41
494 525 23 36
93 35 17 22
289 504 92 98
315 189 16 23
31 290 46 58
216 279 23 28
542 506 59 69
324 436 72 88
271 462 62 65
342 184 114 116
402 130 37 38
363 229 13 14
511 187 2 2
262 486 80 84
307 219 19 21
350 557 78 90
247 360 65 69
521 42 58 59
271 210 62 91
464 197 24 29
332 307 94 101
504 480 99 117
479 5 12 13
586 153 16 16
318 435 14 14
224 25 91 91
292 408 31 32
307 311 56 64
7 58 115 116
108 470 77 77
455 321 91 96
89 482 9 9
293 219 24 28
150 166 108 115
111 150 39 42
199 175 5 5
77 312 73 75
463 394 112 113
595 112 42 49
423 296 44 53
283 514 16 16
14 278 74 119
494 6 2 3
131 420 62 85
134 266 13 14
24 411 74 106
276 257 65 77
501 484 33 34
33 579 14 17
164 184 12 15
304 91 50 51
522 35 108 123
590 542 22 24
361 52 94 111
226 589 62 68
451 230 30 41
266 433 41 48
511 480 4 6
86 504 18 25
126 511 10 10
528 14 84 90
350 422 53 54
86 406 88 100
152 176 8 14
424 107 65 69
444 484 76 79
197 23 68 69
267 580 30 32
560 62 63 70
474 235 79 118
557 152 50 71
67 163 62 66
154 30 34 49
60 139 57 75
474 521 118 121
286 350 61 61
593 222 69 75
69 10 38 58
219 250 8 12
145 427 13 14
342 273 65 76
76 587 65 80
559 345 52 53
272 454 65 76
543 374 96 100
547 366 68 69
476 141 110 110
324 520 19 19
40 452 38 47
2 574 109 118
58 76 71 84
34 231 74 105
331 449 47 57
60 444 84 121
373 242 4 8
446 308 74 108
12 576 44 54
293 371 65 65
170 207 113 113
214 78 121 122
22 146 24 26
165 569 35 44
307 575 47 52
526 140 38 53
306 187 48 48
423 461 19 23
240 461 11 14
75 481 34 35
189 518 95 104
287 6 42 49
321 403 35 55
341 306 11 21
440 141 37 43
88 548 17 31
270 254 1 2
581 527 70 100
73 598 20 20
11 433 84 121
515 415 71 78
550 578 89 109
170 193 65 65
84 534 68 78
408 197 80 107
574 584 6 6
66 298 12 16
172 81 28 40
96 543 11 23
394 239 42 46
340 519 48 70
497 165 61 81
195 470 48 52
103 278 32 37
102 302 44 46
384 165 6 12
377 28 19 21
562 407 80 81
113 58 88 111
65 517 30 40
226 215 3 4
59 575 102 110
40 99 64 71
47 554 67 71
212 447 103 110
234 16 12 15
455 272 38 40
8 268 33 46
439 570 74 78
519 536 110 112
507 120 20 20
548 256 77 78
468 323 46 47
572 591 2 2
388 55 28 34
473 125 89 110
55 285 26 50
25 114 15 20
578 509 13 13
333 85 84 85
36 148 14 16
333 44 26 27
7 131 117 122
64 114 31 46
78 233 61 70
589 528 83 94
326 62 46 52
74 574 58 68
206 138 12 12
469 30 73 104
431 14 64 77
490 412 88 99
478 419 39 64
475 292 35 47
592 543 37 42
552 72 73 73
244 390 68 71
319 474 63 95
565 344 21 24
154 471 17 21
579 27 86 110
240 34 24 32
530 378 88 88
359 373 13 17
268 124 98 102
590 535 96 100
368 289 46 48
116 524 56 60
103 40 67 81
356 4 22 31
89 124 6 7
200 348 79 93
321 436 114 115
157 248 39 48
258 0 21 22
242 378 25 29
549 315 25 36
347 144 9 11
230 51 77 77
296 143 48 54
533 334 27 48
467 358 42 48
442 532 83 98
117 494 70 73
433 291 32 32
102 309 97 99
382 366 13 18
586 370 97 107
0 502 1 1
366 552 54 60
210 313 15 18
207 105 56 56
38 214 78 85
447 345 50 56
37 227 67 67
451 215 27 28
370 353 15 18
590 311 85 90
163 357 66 67
302 373 75 87
205 449 36 39
494 226 47 52
232 498 98 108
107 549 94 97
408 573 13 14
407 451 34 37
155 102 55 57
291 304 96 97
133 451 46 51
283 279 24 35
455 339 78 78
135 11 28 45
318 575 31 32
53 407 46 58
191 1 27 47
451 324 4 5
554 419 71 94
409 393 34 56
51 469 81 116
6 112 1 1
40 512 26 30
383 88 103 113
294 405 16 22
583 477 25 27
305 236 18 19
266 107 58 69
558 459 11 12
532 69 56 60
586 265 102 105
304 270 101 101
359 279 42 52
412 366 64 67
407 275 1 2
275 423 27 28
556 285 26 30
512 505 2 2
489 370 51 51
417 434 12 19
138 489 18 29
565 547 17 20
193 375 57 72
164 23 1 1
404 40 80 91
67 535 100 104
204 8 66 72
78 422 84 110
452 517 88 94
96 204 33 40
479 432 68 73
18 398 24 26
226 338 9 14
227 565 59 87
283 439 53 72
431 583 4 6
18 399 48 60
333 269 97 99
511 330 71 80
109 31 20 22
452 574 94 122
565 52 39 47
68 596 47 51
122 320 47 55
141 383 66 77
81 218 17 17
71 6 89 113
98 123 11 11
91 346 71 94
211 237 37 58
143 565 92 94
97 152 43 73
203 76 31 35
321 261 90 95
174 281 91 103
220 540 41 53
250 549 78 106
205 121 89 103
506 541 80 80
392 429 109 112
491 85 2 2
568 467 40 43
230 539 37 38
444 590 37 53
466 584 93 94
473 277 57 63
419 30 5 5
481 594 37 45
302 19 97 125
553 597 84 110
502 63 70 70
536 108 37 60
433 400 23 23
201 293 44 78
209 460 19 22
552 20 82 98
456 55 9 9
581 573 97 109
487 79 72 73
469 82 54 63
551 22 24 29
514 338 12 12
216 537 2 2
560 405 47 68
489 115 17 18
441 139 72 81
418 56 45 49
562 444 78 80
111 447 47 61
20 52 31 34
343 349 16 18
222 369 1 2
344 7 101 125
557 326 104 109
324 341 82 89
358 125 107 115
456 437 10 11
596 243 0 0
561 428 42 64
322 191 21 22
34 403 10 19
137 342 52 62
99 96 19 28
119 51 58 77
283 551 1 1
279 527 87 89
300 355 0 1
228 253 29 37
302 269 111 115
37 294 32 34
377 583 76 77
256 578 30 35
435 344 15 19
418 261 58 66
137 28 86 114
18 4 101 104
74 386 91 95
294 524 28 31
571 279 35 40
192 393 81 110
574 23 13 19
119 342 6 7
299 92 41 60
101 15 97 99
396 478 38 50
184 479 48 48
157 312 19 19
515 238 81 94
464 378 38 56
269 400 33 44
323 269 19 20
115 114 65 68
112 91 17 19
25 331 11 11
549 327 15 18
91 560 57 58
505 546 22 23
401 294 50 61
297 493 76 81
259 489 57 73
512 342 112 120
446 489 70 76
461 27 84 107
226 227 103 106
344 397 4 7
123 509 89 115
268 96 35 42
487 210 47 53
573 62 41 69
100 572 60 64
173 199 85 116
395 138 90 106
398 466 24 28
118 393 17 17
217 255 64 72
543 475 44 44
86 570 74 87
293 478 92 100
76 557 74 74
208 188 32 33
462 329 54 55
554 22 82 86
541 584 6 6
392 410 68 94
308 491 13 16
397 184 23 29
358 399 57 64
203 35 26 29
550 564 45 73
380 352 38 38
544 457 82 113
529 31 6 7
59 257 112 113
138 316 59 73
335 374 89 98
483 127 90 92
394 27 64 78
341 332 56 62
289 286 89 100
183 268 39 42
165 286 57 65
429 274 31 33
226 480 47 50
558 591 2 3
350 102 46 46
360 256 76 94
530 419 27 28
474 85 63 66
499 221 64 67
373 454 23 29
541 438 38 44
197 322 18 22
299 576 86 92
37 221 92 92
427 536 30 30
307 355 13 13
339 457 57 102
374 415 0 1
500 184 28 30
178 510 90 92
189 248 69 116
153 497 73 73
216 179 7 10
548 242 89 93
455 202 4 5
444 133 10 10
214 366 52 64
212 156 67 73
461 490 68 86
366 541 62 97
217 425 112 119
326 216 103 109
204 44 66 68
18 539 31 34
359 521 54 55
155 139 87 97
23 261 46 68
331 110 82 97
532 446 75 75
191 273 72 108
92 7 25 25
480 4 58 106
163 275 5 7
151 283 12 18
342 57 96 96
536 168 37 40
348 177 78 86
123 257 50 59
339 352 102 111
247 197 54 68
423 235 45 50
149 38 18 18
456 556 37 40
573 392 31 33
501 432 39 45
41 562 59 66
282 298 34 34
197 16 40 47
363 497 119 120
304 587 26 28
306 64 49 57
320 29 120 124
460 437 29 38
17 184 33 43
457 323 18 20
303 140 57 72
564 544 13 13
347 177 4 7
198 413 51 68
326 343 64 74
170 584 30 38
484 418 36 36
304 530 109 109
5 232 14 14
424 312 57 83
177 146 18 21
170 375 14 15
190 214 92 101
53 18 107 122
161 344 61 63
151 12 39 50
224 384 71 72
427 416 3 3
109 287 24 34
548 266 30 33
275 407 37 39
519 454 42 70
484 303 23 29
207 525 50 63
241 233 52 56
24 481 28 45
494 47 62 66
146 182 3 5
371 392 29 29
302 580 51 77
147 376 76 78
350 382 19 19
490 314 44 47
327 60 20 21
374 96 83 91
580 532 35 35
402 451 82 87
578 503 48 53
302 293 42 51
99 188 85 88
440 560 42 73
301 564 3 5
448 290 118 122
127 580 26 28
298 521 33 35
126 433 65 70
381 343 41 48
422 213 6 6
505 391 44 51
240 298 104 125
149 598 26 46
278 312 36 48
0 69 37 41
373 489 80 90
404 235 7 11
528 249 40 55
577 80 90 96
5 570 35 35
584 3 59 62
487 540 31 39
520 80 73 73
231 308 12 19
163 537 119 121
210 509 73 88
528 222 61 65
535 498 27 27
147 285 21 22
79 521 35 35
197 335 20 21
354 242 37 38
159 488 55 69
400 348 29 44
192 489 59 82
546 332 46 46
133 10 23 26
340 83 92 93
159 14 100 102
76 283 97 112
24 337 107 108
114 425 78 78
275 338 37 41
365 129 83 87
299 57 78 85
294 387 7 7
7 113 61 86
532 251 106 108
1 348 74 83
215 336 10 11
326 471 90 99
580 163 82 104
368 190 34 38
27 536 100 108
363 231 122 124
287 548 7 11
271 104 110 110
138 478 13 15
19 72 70 90
373 16 61 75
27 581 36 48
256 275 30 46
218 418 24 26
153 90 2 2
492 217 46 52
445 513 51 67
593 317 35 57
273 384 92 110
412 253 51 59
190 115 55 66
255 421 86 94
256 147 44 68
283 503 9 14
9 72 83 90
411 49 13 16
220 574 16 20
558 403 26 31
56 374 40 47
150 361 44 47
552 505 9 11
133 413 63 83
467 76 0 2
503 96 20 22
52 273 47 68
54 571 16 26
595 452 105 107
22 41 35 48
460 408 36 40
97 235 73 73
68 303 12 12
238 498 88 88
4 276 82 91
213 151 6 7
532 395 107 113
406 565 125 126
27 575 84 99
369 314 97 110
443 291 73 86
353 229 30 32
218 23 71 76
205 300 67 86
48 152 50 65
31 447 61 94
431 596 13 14
445 347 28 31
247 276 49 58
333 308 2 2
261 37 100 101
526 185 65 94
169 36 61 65
224 586 6 12
135 580 78 97
445 305 21 21
179 289 4 6
29 125 29 38
9 276 102 125
577 226 61 92
580 596 16 16
450 218 17 23
116 300 31 33
383 538 24 35
454 288 84 122
287 2 94 112
32 593 56 57
324 0 68 90
155 546 16 16
172 217 20 30
298 190 34 40
139 14 88 91
347 355 76 76
16 134 59 63
89 405 33 48
179 369 65 94
463 62 59 59
427 435 59 61
360 278 21 22
56 409 20 27
252 116 105 110
348 387 98 99
283 335 23 24
436 536 107 119
82 549 1 1
587 210 89 92
106 197 30 32
243 135 118 123
110 46 20 21
555 87 46 74
465 320 26 43
226 381 75 115
193 184 1 3
113 169 58 67
48 88 82 84
541 70 83 92
559 376 52 62
561 47 70 85
152 464 53 54
366 325 61 70
318 267 49 53
503 324 86 93
565 424 32 39
223 108 2 2
129 2 111 114
259 269 112 114
196 354 53 59
70 567 83 105
23 219 15 26
395 155 18 23
29 419 8 9
543 463 86 90
478 568 55 66
543 217 1 1
517 366 58 74
574 395 63 96
137 85 64 67
57 388 68 72
347 215 81 95
312 147 2 3
177 168 58 87
314 498 27 41
487 424 71 83
140 174 33 36
598 164 74 110
26 279 78 88
577 54 4 10
445 221 43 43
350 594 66 75
342 422 26 31
578 248 25 30
117 495 98 103
448 420 25 32
339 507 44 60
438 134 44 50
271 495 70 73
373 310 86 98
591 160 51 61
167 225 52 86
85 366 16 18
253 151 63 73
582 485 67 107
108 163 69 73
295 197 75 91
563 550 16 23
379 29 114 119
103 530 5 5
303 348 110 111
190 229 65 96
66 121 83 84
52 508 74 129
290 408 115 118
36 334 21 24
385 254 93 95
98 426 8 9
128 145 106 120
513 399 72 77
384 305 58 103
483 492 52 64
473 497 45 46
7 192 77 85
309 457 24 24
268 46 51 56
486 473 29 33
52 495 51 60
426 408 2 2
219 218 45 58
443 515 69 74
170 293 32 43
296 136 47 56
149 56 63 64
416 302 44 45
541 127 56 85
22 287 32 41
116 344 97 122
573 104 91 92
62 156 28 32
448 51 24 27
538 20 55 60
124 82 23 35
465 225 22 25
167 313 54 59
362 454 67 82
287 474 105 131
585 374 119 131
174 507 102 103
224 596 81 82
271 140 72 83
188 100 18 26
484 253 78 79
520 384 56 65
366 28 9 10
283 48 82 83
98 528 48 66
325 390 58 65
62 505 20 22
154 38 49 51
461 153 66 66
30 370 8 10
258 2 20 23
447 524 71 81
17 296 68 80
240 40 20 20
165 452 29 32
145 379 67 68
325 31 39 50
479 37 67 76
441 562 27 40
462 573 12 14
147 554 21 29
405 80 107 110
552 249 98 100
239 42 67 71
322 51 22 38
119 408 15 23
290 418 2 4
265 18 23 23
382 13 33 37
217 24 69 71
452 229 57 71
370 224 69 87
347 216 51 64
40 140 1 2
495 218 60 76
8 52 47 51
473 550 27 27
328 419 29 30
459 449 34 49
171 568 34 55
90 541 62 91
187 160 57 81
502 278 61 96
543 518 54 63
44 333 68 69
451 218 57 62
231 436 72 85
423 519 73 88
38 83 81 91
543 241 10 15
149 179 34 34
532 270 2 2
195 292 15 16
268 193 16 18
183 466 30 31
488 271 121 123
437 277 50 77
285 445 35 37
241 253 67 71
46 330 81 86
300 113 80 116
228 513 27 34
163 546 23 29
230 561 39 49
287 309 32 32
304 504 78 104
94 303 34 45
374 109 106 116
499 87 15 17
88 378 30 33
583 258 17 26
32 401 1 1
395 84 32 34
60 481 66 87
513 119 66 73
525 128 24 43
323 415 25 37
249 99 20 20
345 359 83 103
454 110 69 70
305 525 63 89
427 206 129 130
83 230 3 6
53 142 20 23
150 360 123 123
224 47 8 8
158 47 36 39
207 399 50 67
511 485 29 29
56 347 36 51
316 56 54 63
20 554 7 8
90 204 67 84
112 335 15 20
466 208 30 48
386 303 15 22
92 407 71 116
212 464 13 13
431 197 57 67
248 198 8 13
77 98 64 109
401 468 55 70
61 566 54 55
442 46 120 120
421 224 75 104
75 295 56 64
496 136 6 9
296 304 108 111
210 260 1 1
512 8 69 76
122 24 46 50
521 148 34 35
357 186 71 72
458 162 7 7
63 99 79 86
96 238 14 20
156 15 15 16
463 409 35 43
139 378 43 64
125 550 21 24
321 381 96 100
494 268 83 84
172 532 6 9
258 43 102 107
162 82 14 17
310 550 24 24
338 409 47 56
344 243 61 63
364 490 50 54
141 407 33 36
73 93 88 91
237 160 32 36
211 346 35 41
332 531 11 17
486 293 104 105
185 346 54 58
558 529 107 119
110 250 51 59
384 51 57 63
442 306 84 91
118 177 61 65
131 441 64 69
100 488 39 54
362 241 34 41
197 264 57 86
101 490 76 80
178 64 49 58
49 161 67 73
483 536 77 80
295 588 14 14
253 386 1 1
522 565 76 95
115 346 26 27
251 304 99 114
239 193 69 82
549 82 78 78
73 522 85 89
238 568 52 69
313 487 52 70
117 479 72 94
162 487 42 48
432 66 1 1
29 44 79 86
102 278 17 21
418 307 93 93
432 101 5 5
422 236 98 106
251 364 72 79
189 327 21 23
338 347 28 34
230 378 65 80
132 409 79 85
256 369 39 40
177 354 24 24
36 204 11 11
21 292 58 60
209 440 74 83
401 124 69 74
554 123 3 7
467 121 81 97
22 403 92 99
406 35 15 16
488 465 92 100
560 73 76 76
476 36 43 54
40 297 1 3
399 503 85 103
581 512 22 24
140 386 8 8
500 441 72 112
376 130 6 7
522 440 38 39
463 243 60 69
175 90 49 52
509 132 32 36
522 438 54 71
227 79 29 48
198 550 14 28
548 39 1 3
360 136 86 94
341 116 46 46
382 57 26 34
216 85 80 116
553 388 64 96
19 325 18 20
281 143 78 86
305 588 56 83
484 360 91 95
384 6 31 36
8 391 31 33
200 23 78 78
469 312 16 19
513 436 22 40
28 141 33 33
524 569 11 13
105 26 81 104
272 512 108 116
379 567 9 12
439 557 47 74
350 376 25 28
97 392 72 106
330 39 7 10
384 234 57 64
253 79 77 122
27 320 27 35
348 63 107 118
357 56 72 102
20 24 8 8
443 471 121 121
45 242 43 49
258 107 62 88
378 91 48 53
235 518 101 106
136 583 84 109
44 566 31 37
207 226 85 86
416 98 2 4
418 331 76 81
438 85 8 8
503 490 44 47
322 436 85 88
334 503 100 121
325 491 61 69
467 410 81 97
337 336 92 113
412 228 62 68
575 255 68 105
425 313 17 22
496 309 66 80
389 16 1 1
469 452 22 22
214 186 50 71
206 395 37 41
422 538 39 58
5 40 77 90
548 440 57 63
453 42 50 69
518 166 63 63
350 517 112 112
193 319 27 27
556 485 76 110
587 65 14 16
63 84 59 60
10 154 48 52
333 563 36 47
443 284 59 93
85 327 61 66
10 41 107 114
556 461 74 95
299 147 90 120
162 55 15 16
396 516 10 19
44 399 3 5
98 296 64 73
125 289 12 14
25 401 50 82
34 401 8 10
214 344 43 47
262 93 73 98
187 46 20 31
218 436 61 66
54 548 43 45
115 177 90 93
571 409 93 122
8 332 9 10
390 393 72 82
577 110 19 23
35 597 60 66
40 557 13 18
504 490 16 21
173 429 66 67
101 448 40 54
88 572 87 97
428 176 10 14
220 489 27 27
378 316 63 78
478 104 98 109
36 24 2 3
118 170 19 21
253 435 91 108
168 155 42 45
582 197 14 16
581 353 107 117
236 439 11 12
393 586 12 20
207 11 67 108
42 463 29 35
455 315 23 39
387 28 80 114
191 47 24 28
300 233 14 16
521 507 90 126
223 311 74 87
533 471 17 18
86 8 43 44
583 384 35 37
123 60 115 121
420 215 75 92
501 373 50 51
158 568 48 51
435 355 70 75
397 395 65 74
467 123 60 92
176 25 26 36
293 280 66 66
259 537 56 82
389 317 47 48
295 270 51 70
339 371 61 67
131 484 94 94
425 301 44 44
185 273 51 53
380 416 21 25
483 243 33 41
70 146 83 95
228 166 43 50
43 396 60 78
409 130 36 63
499 214 48 48
154 99 86 90
244 201 10 10
401 391 1 2
415 333 29 30
585 586 101 104
550 231 35 43
147 218 53 69
112 13 53 61
123 52 82 115
498 478 78 78
542 336 61 76
335 434 68 117
200 591 39 58
290 597 47 50
137 311 1 2
343 367 62 67
72 128 3 4
210 479 84 86
67 445 12 13
302 189 40 48
401 527 82 106
340 260 46 48
487 423 87 102
467 138 66 66
231 265 32 33
339 588 100 105
197 466 3 3
485 393 36 60
262 437 77 81
486 235 64 65
303 54 43 62
301 569 35 46
59 197 94 95
86 367 23 30
122 106 7 8
76 239 32 57
397 273 76 84
328 175 2 4
403 22 27 28
452 469 13 17
159 306 104 104
502 533 80 80
509 88 63 93
227 331 50 77
478 383 38 38
498 502 95 124
450 594 17 22
575 201 38 57
45 202 105 114
248 585 81 121
256 65 59 83
258 272 75 102
209 205 90 100
103 351 74 74
122 67 111 112
528 229 112 124
245 392 24 32
477 424 105 110
336 239 17 22
313 197 44 50
459 112 57 60
440 461 5 6
502 426 15 17
112 271 100 107
55 465 58 78
542 486 32 36
470 375 57 71
250 237 64 79
171 226 41 43
506 346 64 72
501 346 55 82
377 187 19 19
383 180 39 42
266 307 23 33
283 553 94 115
467 556 44 48
530 167 62 82
51 146 67 73
355 424 23 30
458 173 62 63
471 477 92 100
132 345 58 89
69 351 22 37
246 151 121 122
14 476 28 33
368 269 64 68
283 66 26 37
333 282 42 68
396 142 16 20
425 61 84 87
169 383 74 80
518 198 47 57
296 29 27 37
32 563 73 89
370 104 41 45
200 66 23 25
106 397 68 76
62 474 38 39
135 215 53 60
185 253 34 41
315 423 67 70
484 441 33 49
83 258 108 118
218 538 46 55
59 434 74 77
269 591 59 63
531 41 64 66
354 146 37 38
81 465 2 2
464 513 53 56
212 349 38 39
347 186 22 23
102 309 33 37
188 231 51 60
531 177 50 51
77 65 71 94
497 504 73 73
33 166 52 69
92 184 71 73
34 503 119 121
496 362 53 61
578 91 2 3
70 535 4 5
337 437 56 93
517 246 62 73
386 372 83 102
101 380 18 28
259 410 36 64
123 82 15 15
112 29 11 18
416 441 28 34
5 416 5 6
340 272 52 53
38 59 11 14
48 339 51 75
396 207 112 117
312 383 29 32
376 150 71 73
136 233 74 75
189 12 65 70
396 78 6 8
230 173 34 34
141 80 63 68
255 360 79 80
239 240 78 78
574 400 52 67
490 250 83 83
548 496 73 84
18 242 98 127
262 354 47 65
426 146 89 90
574 248 25 40
151 409 15 21
513 477 75 82
598 554 62 64
482 583 6 7
243 90 70 86
304 562 124 124
250 412 21 21
383 44 42 65
72 22 90 93
37 20 78 79
40 117 20 29
585 498 43 46
193 64 86 102
242 131 28 32
556 250 62 90
436 463 9 11
538 1 23 26
256 526 65 67
250 205 74 82
148 365 4 7
14 598 45 47
587 429 50 84
527 500 83 88
96 587 63 67
590 350 51 58
50 74 33 39
33 226 35 39
131 140 51 72
501 583 16 16
257 489 67 71
221 425 63 89
571 269 72 76
153 26 48 78
366 203 40 59
301 86 67 84
1 137 66 74
299 109 51 65
41 467 47 61
119 405 3 4
210 398 106 109
184 357 16 16
170 522 15 20
533 233 81 81
30 401 12 17
483 533 16 16
153 99 76 114
272 430 44 44
394 216 88 95
268 218 34 43
322 12 60 60
197 299 19 21
290 301 82 94
216 521 74 81
270 373 20 29
490 110 81 93
153 310 61 64
159 344 74 113
151 572 36 58
254 484 78 82
564 545 16 18
303 42 89 105
309 497 23 38
360 196 10 14
501 220 92 103
289 244 23 26
446 184 54 72
441 203 55 65
404 142 74 75
442 211 70 86
444 34 2 2
167 256 31 45
186 373 55 57
215 180 38 52
462 197 25 25
342 583 48 75
270 360 103 110
445 76 99 101
285 70 13 13
403 396 85 87
42 306 0 1
86 45 90 110
213 115 53 73
411 140 67 69
430 211 96 104
437 523 33 35
552 240 65 85
587 132 64 92
533 79 32 32
458 587 14 17
569 87 10 10
222 133 109 111
373 244 33 40
488 438 18 18
180 144 16 17
280 335 109 109
208 156 73 80
300 307 26 28
114 116 73 84
443 442 87 89
345 492 40 54
575 457 89 93
308 18 37 37
554 124 93 102
228 521 21 25
186 518 62 88
270 242 53 70
144 106 2 3
280 3 12 16
188 592 74 76
206 187 95 95
528 121 80 83
314 341 68 72
160 528 18 23
239 44 61 114
17 341 5 5
3 373 92 96
504 548 28 28
213 299 55 82
40 37 56 101
184 310 67 107
462 370 106 115
573 440 29 30
131 551 43 49
151 306 105 117
408 17 41 54
535 537 80 83
488 17 90 92
294 313 81 100
119 534 41 52
182 190 53 54
594 12 31 52
75 475 21 30
562 374 70 103
536 268 15 16
474 253 42 66
16 420 33 43
99 417 17 22
22 483 37 38
32 589 5 7
249 567 57 77
300 194 56 74
437 489 42 50
537 56 57 63
11 264 1 1
441 508 14 20
37 191 61 65
157 592 65 73
512 406 103 104
546 463 20 21
520 287 11 12
94 116 70 73
292 190 45 76
477 6 14 14
315 469 2 3
566 20 5 11
493 162 36 45
283 160 11 15
539 545 21 25
66 592 53 71
190 154 39 43
60 588 9 12
484 143 31 42
588 21 13 13
264 250 32 37
300 252 41 44
165 138 11 15
254 522 25 27
355 242 60 63
420 75 28 30
347 185 8 8
465 78 18 20
99 366 13 25
0 308 9 9
68 269 6 8
236 285 60 78
197 586 72 81
16 506 16 29
536 277 86 107
543 499 103 107
242 475 54 87
592 464 19 19
318 488 20 23
299 315 2 3
404 549 54 64
141 160 14 19
312 268 30 37
404 287 27 36
150 136 5 7
236 357 20 23
76 556 8 9
183 588 56 57
452 55 93 94
228 301 35 35
539 387 1 2
367 253 71 76
75 281 4 6
354 351 40 41
408 519 3 6
499 53 24 30
348 424 15 28
293 249 31 47
394 33 13 15
419 312 12 19
566 487 12 19
347 206 12 15
305 543 39 44
487 48 96 107
508 424 13 15
477 191 49 53
9 163 77 81
87 381 0 1
204 446 62 77
150 583 10 10
348 221 58 65
226 343 50 61
552 34 71 105
138 433 6 8
100 10 59 66
313 184 20 21
334 424 99 119
195 371 31 35
122 373 36 41
176 70 39 49
582 183 29 29
362 58 76 81
285 410 59 73
251 72 80 80
502 517 106 107
164 412 73 83
551 293 37 51
94 523 19 21
568 41 77 77
58 324 32 40
130 489 98 103
535 2 48 51
240 348 25 31
537 525 49 59
150 55 26 40
506 56 4 5
572 522 2 2
125 186 60 82
397 334 49 59
431 185 0 2
354 588 15 16
146 509 86 93
598 356 65 93
36 475 82 83
380 166 71 88
434 201 25 30
275 532 42 53
447 263 31 40
191 119 56 72
70 35 57 59
43 215 32 34
557 597 31 42
147 177 76 95
82 144 70 72
308 444 37 50
372 454 25 28
367 515 92 96
428 87 9 10
69 411 32 45
236 555 83 106
248 464 55 57
305 427 21 22
19 117 60 67
460 342 32 37
558 490 69 77
463 217 27 27
422 390 77 89
303 390 32 35
533 489 56 63
575 445 35 48
538 262 76 78
388 143 46 47
473 218 53 61
46 319 74 110
297 256 28 30
491 29 31 46
91 117 88 92
442 520 71 77
124 304 13 18
140 475 67 90
223 483 108 110
198 231 92 94
229 53 66 69
385 175 6 6
209 224 59 60
171 252 44 44
351 408 7 8
8 568 20 24
572 508 76 96
59 266 74 114
374 592 87 111
128 386 41 68
479 530 32 37
446 414 65 75
500 480 5 5
589 552 66 79
167 34 66 69
542 87 60 60
505 422 20 22
466 583 2 4
93 412 17 19
13 593 35 62
265 26 2 2
459 165 96 101
295 298 6 11
340 312 21 21
527 532 20 31
25 133 61 66
196 355 14 15
502 486 54 59
429 160 44 47
190 483 53 53
481 468 59 78
264 309 74 84
459 258 25 45
370 565 3 4
272 526 16 19
78 340 10 14
311 324 75 82
398 279 88 91
416 429 62 74
299 525 45 58
218 42 22 26
509 32 74 85
217 591 37 38
406 506 102 117
34 213 3 3
406 254 7 15
239 158 69 97
32 354 9 11
433 474 66 66
498 90 112 113
249 283 77 93
36 412 82 87
388 415 15 18
64 363 51 54
108 378 60 76
211 558 32 33
490 227 45 75
238 581 16 27
78 213 7 9
484 57 40 56
70 200 111 111
551 205 88 92
107 79 13 13
293 287 81 86
11 581 52 58
333 5 64 68
329 374 100 113
35 458 93 94
116 403 20 32
276 187 45 55
368 474 20 21
429 479 48 63
305 396 48 49
43 524 89 94
93 477 55 61
38 597 80 81
141 462 17 19
11 286 11 14
344 452 49 57
395 26 72 102
511 3 49 84
498 333 69 80
560 213 14 14
351 495 32 42
372 309 86 96
57 305 65 93
2 85 67 78
555 162 34 39
592 417 89 90
64 361 25 29
159 139 12 17
315 329 7 14
197 276 120 124
13 593 52 58
44 188 76 76
111 80 54 56
89 446 87 113
12 95 108 117
225 409 81 82
5 130 87 119
286 203 39 57
282 410 21 23
499 212 56 57
27 238 49 65
356 86 9 9
138 446 82 90
245 346 65 66
460 8 115 124
25 101 52 55
56 152 46 47
492 95 52 52
560 464 109 109
272 206 81 83
186 543 52 79
305 248 58 59
476 62 22 23
288 310 67 98
351 15 16 17
184 351 120 123
400 416 80 100
371 439 29 30
165 78 26 46
481 241 107 118
28 83 98 116
399 435 65 69
278 452 29 29
495 593 40 48
281 528 7 9
201 564 5 5
210 482 20 24
520 289 107 108
245 293 2 3
185 460 89 110
85 489 3 6
577 446 89 90
12 583 59 63
598 522 5 5
227 333 81 85
551 229 75 102
118 106 72 72
579 513 73 115
74 499 20 22
325 289 20 20
235 579 78 81
359 155 89 106
78 578 57 59
556 376 64 64
63 328 34 47
455 67 46 51
429 295 61 79
552 208 37 38
468 491 69 82
257 538 54 55
181 257 25 31
499 544 45 60
527 575 22 29
51 146 53 67
46 85 68 101
358 531 43 44
310 240 29 32
466 482 79 110
94 519 18 23
81 146 4 8
496 6 11 14
547 389 0 1
188 437 60 90
21 211 9 14
448 560 82 108
106 354 34 36
577 460 44 57
85 263 77 82
184 54 52 73
154 193 0 2
438 79 34 52
143 522 107 107
420 147 20 25
242 384 2 3
528 235 76 95
143 160 35 48
236 239 104 107
61 95 60 64
590 61 17 19
505 361 17 25
12 384 116 119
134 51 32 32
333 463 16 17
530 460 60 64
5 598 5 10
486 112 13 14
375 27 50 50
420 334 16 18
239 436 47 53
439 173 35 46
110 290 119 119
439 337 38 38
498 507 13 18
59 109 8 8
511 458 13 23
169 219 31 35
104 133 12 12
53 28 85 92
4 519 14 22
334 209 57 62
404 256 86 97
476 438 17 21
488 456 76 97
395 290 97 103
582 592 18 25
353 306 52 79
103 16 81 94
245 554 3 3
146 348 12 12
67 23 72 74
385 481 114 116
195 274 53 58
152 559 20 23
110 189 11 12
