500 5000
0 1 68 154
1 2 14 20
2 3 5 16
3 4 7 23
4 5 12 24
5 6 22 80
6 7 40 93
7 8 25 53
8 9 61 140
9 10 20 35
10 11 11 16
11 12 16 20
12 13 23 55
13 14 81 83
14 15 12 89
15 16 2 4
16 17 83 131
17 18 58 76
18 19 19 102
19 20 0 2
20 21 94 110
21 22 103 107
22 23 41 48
23 24 128 155
24 25 10 12
25 26 132 145
26 27 18 122
27 28 3 13
28 29 27 33
29 30 45 50
30 31 12 58
31 32 27 50
32 33 82 84
33 34 65 75
34 35 108 121
35 36 10 13
36 37 96 128
37 38 129 139
38 39 5 8
39 40 75 90
40 41 126 127
41 42 58 63
42 43 4 9
43 44 134 141
44 45 23 33
45 46 14 22
46 47 139 140
47 48 31 90
48 49 4 5
49 50 33 116
50 51 12 26
51 52 31 45
52 53 37 139
53 54 7 13
54 55 1 3
55 56 8 56
56 57 15 22
57 58 20 108
58 59 88 103
59 60 61 67
60 61 18 77
61 62 4 10
62 63 131 158
63 64 72 122
64 65 0 2
65 66 75 77
66 67 108 115
67 68 57 97
68 69 126 126
69 70 108 171
70 71 62 66
71 72 3 11
72 73 20 103
73 74 129 140
74 75 30 52
75 76 24 87
76 77 92 94
77 78 70 136
78 79 15 18
79 80 73 76
80 81 152 166
81 82 1 2
82 83 22 24
83 84 44 99
84 85 54 98
85 86 48 53
86 87 26 55
87 88 182 182
88 89 91 112
89 90 87 90
90 91 3 17
91 92 110 110
92 93 24 34
93 94 30 51
94 95 19 29
95 96 8 26
96 97 91 99
97 98 63 76
98 99 1 16
99 100 40 43
100 101 32 66
101 102 102 102
102 103 5 6
103 104 74 129
104 105 83 90
105 106 9 12
106 107 3 18
107 108 108 115
108 109 25 32
109 110 26 26
110 111 17 49
111 112 4 23
112 113 133 135
113 114 120 143
114 115 0 1
115 116 25 29
116 117 143 152
117 118 67 67
118 119 95 114
119 120 22 41
120 121 0 1
121 122 3 7
122 123 13 96
123 124 25 31
124 125 58 60
125 126 54 64
126 127 52 91
127 128 112 117
128 129 7 16
129 130 50 60
130 131 41 57
131 132 101 103
132 133 5 7
133 134 5 64
134 135 89 95
135 136 31 91
136 137 23 27
137 138 5 9
138 139 39 45
139 140 108 123
140 141 87 114
141 142 14 38
142 143 11 26
143 144 17 106
144 145 13 136
145 146 0 3
146 147 47 130
147 148 7 7
148 149 20 30
149 150 4 13
150 151 2 7
151 152 48 49
152 153 40 48
153 154 38 46
154 155 8 11
155 156 70 74
156 157 42 171
157 158 89 111
158 159 155 155
159 160 75 85
160 161 18 32
161 162 68 81
162 163 38 61
163 164 144 170
164 165 23 93
165 166 6 65
166 167 9 11
167 168 43 78
168 169 95 139
169 170 12 16
170 171 12 25
171 172 92 92
172 173 59 64
173 174 61 107
174 175 64 74
175 176 4 6
176 177 30 36
177 178 17 22
178 179 12 89
179 180 71 94
180 181 82 85
181 182 33 42
182 183 113 119
183 184 13 51
184 185 41 50
185 186 45 46
186 187 12 52
187 188 17 23
188 189 37 64
189 190 143 150
190 191 23 41
191 192 20 143
192 193 7 9
193 194 21 26
194 195 170 172
195 196 119 125
196 197 8 64
197 198 28 84
198 199 57 82
199 200 137 140
200 201 73 77
201 202 91 104
202 203 175 175
203 204 49 74
204 205 38 54
205 206 86 100
206 207 9 9
207 208 37 50
208 209 168 179
209 210 9 9
210 211 29 53
211 212 148 148
212 213 8 20
213 214 27 37
214 215 16 70
215 216 83 83
216 217 5 39
217 218 91 96
218 219 4 5
219 220 3 29
220 221 31 43
221 222 68 129
222 223 4 27
223 224 127 143
224 225 3 5
225 226 174 178
226 227 86 137
227 228 119 123
228 229 5 5
229 230 170 187
230 231 72 105
231 232 108 137
232 233 135 154
233 234 3 4
234 235 37 72
235 236 66 79
236 237 9 133
237 238 108 123
238 239 34 44
239 240 149 179
240 241 13 19
241 242 31 35
242 243 65 89
243 244 41 68
244 245 130 150
245 246 120 123
246 247 2 2
247 248 71 75
248 249 33 39
249 250 96 101
250 251 4 82
251 252 52 54
252 253 31 42
253 254 180 180
254 255 98 107
255 256 97 101
256 257 29 38
257 258 103 123
258 259 8 21
259 260 112 163
260 261 73 74
261 262 153 153
262 263 92 114
263 264 70 97
264 265 18 18
265 266 37 55
266 267 49 60
267 268 69 96
268 269 9 12
269 270 34 35
270 271 59 101
271 272 33 41
272 273 103 136
273 274 81 97
274 275 65 66
275 276 40 53
276 277 35 67
277 278 72 72
278 279 55 75
279 280 66 66
280 281 152 171
281 282 114 124
282 283 40 50
283 284 25 25
284 285 15 26
285 286 137 149
286 287 95 162
287 288 91 95
288 289 100 105
289 290 138 140
290 291 26 37
291 292 13 13
292 293 28 29
293 294 72 133
294 295 5 12
295 296 2 23
296 297 63 127
297 298 14 38
298 299 167 167
299 300 14 29
300 301 81 97
301 302 68 68
302 303 33 43
303 304 87 98
304 305 31 95
305 306 80 156
306 307 11 20
307 308 43 148
308 309 22 35
309 310 9 11
310 311 44 46
311 312 10 11
312 313 46 70
313 314 0 2
314 315 5 15
315 316 91 119
316 317 91 91
317 318 0 1
318 319 17 47
319 320 119 120
320 321 69 82
321 322 4 7
322 323 1 3
323 324 9 63
324 325 10 18
325 326 71 86
326 327 34 63
327 328 101 140
328 329 19 21
329 330 77 96
330 331 17 94
331 332 141 147
332 333 38 43
333 334 47 84
334 335 22 27
335 336 5 29
336 337 64 109
337 338 51 51
338 339 17 18
339 340 67 67
340 341 43 47
341 342 59 60
342 343 1 2
343 344 121 127
344 345 3 4
345 346 57 78
346 347 32 43
347 348 105 131
348 349 129 151
349 350 11 84
350 351 37 48
351 352 37 41
352 353 23 40
353 354 36 56
354 355 2 4
355 356 63 147
356 357 62 70
357 358 86 146
358 359 36 36
359 360 51 51
360 361 26 79
361 362 14 37
362 363 69 73
363 364 101 133
364 365 20 21
365 366 21 23
366 367 114 115
367 368 107 161
368 369 11 19
369 370 7 23
370 371 62 151
371 372 8 66
372 373 8 29
373 374 4 6
374 375 9 45
375 376 71 150
376 377 38 43
377 378 12 15
378 379 52 63
379 380 24 94
380 381 69 113
381 382 14 17
382 383 168 169
383 384 35 66
384 385 26 41
385 386 0 1
386 387 145 188
387 388 7 9
388 389 16 140
389 390 19 27
390 391 6 20
391 392 97 104
392 393 2 6
393 394 9 33
394 395 82 86
395 396 91 93
396 397 17 30
397 398 58 73
398 399 74 133
399 400 45 52
400 401 135 140
401 402 47 50
402 403 6 47
403 404 26 27
404 405 45 63
405 406 168 168
406 407 36 89
407 408 32 86
408 409 7 32
409 410 73 104
410 411 24 137
411 412 22 22
412 413 16 17
413 414 26 31
414 415 13 17
415 416 61 155
416 417 125 131
417 418 15 32
418 419 46 53
419 420 45 45
420 421 10 46
421 422 3 22
422 423 2 31
423 424 3 19
424 425 8 14
425 426 1 4
426 427 10 130
427 428 1 2
428 429 70 107
429 430 24 32
430 431 51 106
431 432 31 52
432 433 54 91
433 434 64 69
434 435 66 82
435 436 60 123
436 437 139 153
437 438 11 96
438 439 25 25
439 440 26 120
440 441 93 130
441 442 8 90
442 443 70 76
443 444 4 29
444 445 145 151
445 446 170 186
446 447 152 171
447 448 38 41
448 449 20 27
449 450 19 68
450 451 29 114
451 452 22 31
452 453 5 6
453 454 149 151
454 455 56 73
455 456 131 143
456 457 9 10
457 458 20 36
458 459 31 84
459 460 5 16
460 461 3 21
461 462 6 8
462 463 29 135
463 464 37 93
464 465 127 143
465 466 59 91
466 467 61 63
467 468 26 76
468 469 61 86
469 470 17 43
470 471 163 165
471 472 15 38
472 473 16 16
473 474 32 38
474 475 16 18
475 476 3 14
476 477 64 76
477 478 137 148
478 479 9 25
479 480 34 43
480 481 64 166
481 482 117 133
482 483 21 29
483 484 27 30
484 485 48 95
485 486 58 74
486 487 7 12
487 488 5 89
488 489 78 89
489 490 0 2
490 491 12 22
491 492 166 174
492 493 5 6
493 494 20 71
494 495 55 59
495 496 101 108
496 497 106 110
497 498 44 47
498 499 11 12
499 0 29 39
127 308 8 33
231 237 34 68
120 54 4 5
435 231 23 97
401 24 44 46
448 392 65 146
15 375 119 123
487 380 39 97
110 18 116 123
225 370 34 114
308 337 82 109
327 398 45 74
298 295 19 66
493 218 36 41
424 456 123 131
90 242 34 60
245 47 25 29
228 191 19 62
410 457 54 90
395 380 171 171
479 314 39 43
217 415 47 51
387 437 42 42
241 478 50 55
83 15 59 83
79 425 2 27
131 99 8 19
224 440 4 6
210 58 79 156
114 273 32 47
359 212 36 37
44 153 20 96
5 384 110 111
373 93 32 34
420 273 30 31
237 454 70 94
75 56 52 53
43 225 45 60
102 24 6 107
178 171 67 151
69 175 28 34
384 205 17 21
455 395 87 127
151 170 0 1
401 420 28 70
317 443 9 25
317 67 41 45
419 377 10 31
375 264 17 17
205 141 45 106
200 135 39 82
25 444 56 57
394 179 30 32
400 108 13 27
234 385 30 51
126 161 46 47
425 392 67 109
154 233 51 72
152 458 90 99
480 17 26 76
329 71 12 151
436 498 100 180
206 243 9 10
386 199 6 94
192 51 89 118
276 48 88 117
369 439 10 18
424 321 45 45
80 277 88 125
203 184 5 14
294 317 93 123
57 331 83 90
172 65 99 111
143 128 90 111
224 104 84 115
423 181 38 44
471 494 38 75
438 27 18 30
48 310 81 101
17 294 38 53
66 372 39 39
78 35 38 68
424 350 87 94
234 297 49 113
447 216 76 81
479 439 26 43
230 345 26 29
115 14 11 11
401 247 28 100
410 463 121 137
337 324 30 89
470 367 29 29
404 115 92 97
138 405 32 48
91 415 14 38
21 498 43 81
421 30 27 87
424 382 44 92
368 2 4 14
353 405 25 152
184 34 51 67
335 137 108 126
451 37 23 51
459 15 19 58
366 317 12 36
266 180 128 135
248 195 22 27
76 368 95 100
186 226 14 27
168 434 134 147
358 277 3 6
170 154 9 9
375 483 120 121
252 169 10 10
450 237 27 79
439 56 26 27
322 240 7 20
255 292 32 128
318 360 28 46
317 176 21 34
207 418 16 41
275 403 32 36
172 138 15 17
98 395 59 73
144 82 33 43
17 108 6 23
293 156 89 135
73 84 137 180
177 438 36 42
261 264 111 176
302 185 10 11
8 244 69 78
359 176 91 91
332 480 43 92
474 58 80 87
120 264 20 156
297 432 63 72
38 26 40 101
141 144 41 45
497 76 41 57
168 39 6 9
457 498 1 2
149 474 42 88
399 225 25 34
458 23 41 64
370 204 21 42
265 2 22 73
234 73 2 18
378 34 86 129
481 171 37 92
469 452 73 178
117 481 17 105
189 241 74 86
419 398 26 141
370 495 75 77
315 36 28 130
109 133 113 167
191 225 16 160
312 317 44 44
217 456 15 43
496 71 66 98
411 38 91 103
194 101 30 63
221 243 28 38
2 202 36 96
214 325 41 52
69 162 29 38
334 382 38 74
135 37 116 134
445 481 10 146
194 75 165 174
411 471 87 132
387 464 13 26
24 497 28 30
200 457 50 64
57 176 58 59
231 23 7 14
11 249 3 8
28 186 78 79
481 186 163 169
52 49 100 129
43 497 88 128
159 146 122 123
278 479 14 17
157 433 55 90
40 314 119 125
96 334 86 105
5 134 19 26
412 286 72 98
386 195 24 24
411 162 3 45
340 147 117 128
259 442 48 53
116 357 46 111
411 414 6 9
396 3 49 99
253 278 52 145
86 144 52 53
183 35 6 7
252 348 29 42
141 148 8 13
314 145 15 37
371 475 98 154
498 135 8 8
413 166 61 92
46 464 21 22
293 413 25 29
312 161 55 95
26 170 9 15
91 295 102 114
167 0 15 29
414 365 31 62
343 0 43 76
443 378 88 123
0 196 92 99
178 491 35 53
440 491 18 20
93 85 42 46
477 439 29 44
108 487 31 49
279 124 88 101
287 322 137 139
78 292 73 113
95 66 20 27
449 100 16 31
350 172 30 41
397 89 103 112
236 55 0 10
424 141 15 25
417 408 31 33
95 464 88 94
305 274 24 34
452 449 147 166
382 126 8 31
85 245 69 85
295 302 24 43
21 97 136 142
429 217 74 104
261 185 125 129
16 180 10 110
208 116 130 131
457 8 18 26
11 222 18 34
249 288 85 90
425 330 5 5
131 352 71 72
49 5 138 147
178 210 45 76
160 91 8 26
464 376 100 115
400 274 8 13
24 46 32 159
443 150 46 49
464 50 5 5
395 23 10 12
327 143 126 140
392 172 28 51
145 68 132 135
455 199 67 102
480 13 4 6
19 391 23 93
146 200 140 145
179 231 10 15
266 389 10 47
96 73 25 39
325 379 5 60
265 53 62 65
333 278 97 97
142 288 79 79
148 118 41 49
436 248 143 176
452 245 105 107
286 35 120 129
187 363 69 82
460 178 73 98
298 319 34 51
336 74 7 11
121 110 18 83
273 240 3 8
120 335 26 86
229 0 28 47
98 339 145 145
102 117 41 52
253 284 47 47
411 266 8 11
374 456 44 62
336 202 15 16
399 257 34 43
468 195 6 13
97 456 143 170
61 315 37 37
155 141 13 27
356 163 7 7
95 293 96 98
323 199 4 7
443 82 118 134
226 385 5 6
227 141 52 89
219 19 27 29
48 13 134 141
180 274 39 43
141 64 24 106
27 127 24 28
466 326 69 73
484 451 18 30
61 140 151 157
202 279 35 70
98 412 3 6
284 88 113 132
462 196 15 17
177 140 8 43
465 255 25 39
83 492 109 111
51 474 5 11
43 42 9 12
313 233 33 145
66 386 9 23
425 478 14 50
463 478 82 87
380 448 2 3
306 186 47 62
80 117 41 44
217 452 128 154
324 331 46 113
306 174 80 132
214 217 31 38
20 95 48 98
1 460 0 2
94 287 107 116
486 461 83 95
277 220 28 37
435 336 6 6
160 148 13 41
301 193 3 18
398 253 25 28
485 84 55 61
299 319 27 123
253 263 31 63
455 138 12 17
39 418 33 55
50 170 32 118
7 183 22 53
99 25 24 75
60 252 130 143
135 281 72 84
18 91 48 77
77 195 68 68
400 174 27 113
129 189 28 41
112 365 51 70
43 8 140 159
135 428 21 29
446 478 18 26
146 90 20 26
356 101 11 11
353 498 24 25
110 168 35 36
141 298 59 59
113 488 4 14
421 472 76 98
241 16 7 11
185 346 87 170
228 13 41 74
481 369 47 48
248 301 6 6
329 110 81 94
281 90 93 119
401 110 11 11
358 238 8 42
496 324 102 102
253 209 0 0
313 177 44 182
71 329 1 4
323 202 9 14
491 305 7 10
266 457 16 161
441 497 34 81
368 365 17 110
409 116 86 93
2 426 122 126
487 207 35 39
354 92 6 6
111 38 82 108
375 203 71 78
312 461 40 48
421 245 51 78
316 391 37 53
386 186 9 18
227 484 22 22
171 412 32 35
465 350 10 10
43 116 73 158
459 317 61 74
492 203 8 14
172 194 125 126
86 245 16 35
480 225 85 100
147 274 77 130
335 82 135 146
193 98 41 56
151 305 20 44
489 337 115 121
263 171 1 20
338 36 56 56
369 302 10 10
180 407 66 149
315 450 121 122
182 457 6 56
364 353 19 31
29 52 9 105
130 59 30 30
250 208 22 42
255 282 33 39
73 88 97 97
376 222 13 15
15 232 42 82
185 380 118 134
259 289 19 20
384 89 14 21
293 5 65 77
482 320 1 5
273 95 46 98
494 72 3 11
271 366 65 66
476 456 72 96
129 190 73 122
359 385 76 83
47 93 24 42
276 63 67 67
60 200 36 60
211 111 0 5
14 362 77 160
496 392 3 40
173 318 44 81
271 128 98 137
53 323 169 171
249 322 13 30
230 495 31 33
36 316 70 70
166 410 46 56
194 96 4 27
93 196 12 84
164 83 28 35
279 359 12 15
258 462 10 16
174 273 89 98
204 87 57 129
496 482 21 65
459 25 0 3
304 62 34 46
59 339 73 172
203 72 113 130
191 363 10 57
312 64 31 87
494 19 6 42
155 350 0 2
227 478 100 139
461 466 75 160
404 21 27 53
295 156 92 112
171 80 89 89
343 489 90 107
22 111 84 118
445 123 75 79
20 77 13 120
12 128 22 147
238 105 24 32
303 43 7 19
145 423 110 113
446 111 27 49
248 114 71 98
32 488 92 95
293 306 80 88
256 280 20 20
248 68 17 28
127 336 56 105
344 33 41 96
191 111 53 66
299 463 3 8
57 87 95 133
227 264 7 44
103 201 3 3
361 11 60 61
341 268 28 45
209 221 18 28
214 315 30 33
92 376 63 104
351 190 19 71
2 354 70 70
213 34 176 183
408 177 8 9
417 424 45 93
33 404 6 10
479 327 24 47
281 50 48 57
287 200 152 155
44 108 35 64
99 76 69 100
453 315 55 151
104 407 52 52
281 219 1 3
357 347 51 51
83 133 49 56
158 378 22 23
206 16 59 93
356 297 16 49
440 224 7 75
30 469 25 41
347 82 5 32
119 150 35 49
107 174 54 60
469 145 85 151
431 309 16 16
208 7 97 124
464 477 9 92
134 186 28 33
340 384 34 106
40 99 9 23
74 57 6 56
489 349 61 78
73 487 55 89
274 304 53 58
172 348 75 130
265 244 94 109
409 300 60 119
230 114 11 85
447 124 129 134
19 448 125 178
217 37 143 150
114 253 11 11
66 231 2 15
434 82 21 50
85 209 10 15
80 44 60 94
383 128 18 19
430 202 3 19
130 270 62 88
441 25 30 174
327 3 1 2
99 222 89 91
136 170 0 1
231 40 16 22
198 417 24 50
283 191 120 126
254 41 142 151
172 210 88 136
130 177 150 153
89 461 65 68
71 59 8 9
387 216 28 59
43 385 37 118
10 218 25 26
43 117 54 60
443 441 1 10
432 459 21 24
344 290 16 20
17 474 99 129
431 115 116 116
395 72 37 81
65 13 99 115
392 0 110 127
122 495 0 9
191 372 27 129
451 352 73 81
486 378 37 52
332 337 93 156
78 51 14 34
236 12 41 122
394 129 107 112
446 176 84 163
53 475 13 67
169 132 73 73
285 36 20 40
108 56 117 132
93 242 147 159
357 483 12 13
244 15 37 46
409 387 1 1
229 392 113 146
87 51 161 165
182 283 13 35
265 76 17 18
256 139 3 4
50 260 20 92
203 139 29 84
279 81 106 154
439 366 22 74
367 234 8 25
353 425 31 89
26 106 10 12
344 76 26 40
342 407 1 1
277 179 31 64
231 487 116 146
86 337 83 114
109 260 78 103
105 94 15 53
423 471 57 72
250 147 134 138
489 349 18 22
455 57 32 100
463 444 122 147
171 196 3 32
307 455 24 43
392 330 139 141
407 127 65 92
37 139 121 140
174 126 69 71
223 116 99 115
395 496 35 36
329 266 14 40
90 453 18 25
256 337 116 118
444 11 28 45
171 436 7 42
363 240 19 33
402 338 13 46
52 435 24 90
330 326 86 101
469 111 7 88
456 329 33 90
305 41 6 90
230 273 53 53
99 410 64 66
328 417 16 36
99 486 48 49
400 40 57 102
201 164 58 104
313 270 66 106
216 370 30 64
400 391 60 170
198 385 63 148
382 243 33 40
123 419 70 115
317 35 117 123
483 6 5 22
14 406 30 31
353 380 144 164
220 217 105 108
449 486 133 146
435 387 20 87
229 48 26 44
349 30 83 143
256 378 8 9
50 440 68 95
286 346 108 113
179 477 4 5
282 17 1 2
421 41 85 95
290 282 16 84
342 446 20 21
88 378 19 24
282 465 29 32
397 213 26 85
20 364 14 47
43 283 47 95
415 5 16 32
288 195 119 136
490 193 42 50
309 258 72 82
181 349 75 77
67 456 4 18
401 279 0 2
67 117 54 122
372 335 22 92
66 392 53 57
195 489 96 137
410 185 72 91
244 137 35 42
448 182 18 37
437 493 31 56
34 461 64 101
460 22 2 5
40 415 1 14
288 471 7 10
481 356 38 50
266 238 48 95
46 238 21 21
37 138 46 86
222 403 5 6
355 170 52 63
440 333 59 92
335 111 18 41
7 175 53 94
224 184 101 101
466 436 47 93
472 329 149 168
255 307 146 158
232 118 63 151
482 251 8 10
304 5 115 126
176 37 14 67
312 47 119 133
246 243 2 11
158 473 39 42
148 144 103 109
252 77 61 109
26 43 24 32
392 477 120 178
44 212 147 148
420 271 101 119
422 197 117 140
199 283 60 63
88 43 97 148
384 9 14 57
248 272 41 48
18 123 65 162
345 300 87 88
197 78 27 52
154 249 156 158
491 410 16 28
213 109 30 42
7 227 2 11
115 487 23 55
138 383 27 164
67 266 80 101
259 407 79 106
144 227 95 96
349 233 112 120
396 141 9 17
469 437 37 42
39 362 84 92
343 105 31 41
478 192 37 38
57 404 34 53
333 171 16 23
453 294 47 58
20 14 38 41
7 367 1 15
8 37 3 4
99 291 22 52
46 270 125 178
338 361 59 78
449 422 108 110
181 457 4 10
209 261 19 76
458 138 61 63
160 182 38 39
175 15 62 78
8 164 5 12
73 112 48 93
207 362 7 22
204 296 45 145
234 126 98 99
178 220 152 169
466 412 60 66
382 194 6 7
193 376 76 92
178 230 38 56
492 107 8 11
148 236 24 39
1 263 91 99
422 75 65 136
69 375 37 37
206 252 3 3
471 268 37 40
119 64 13 21
209 357 62 87
71 427 4 5
138 90 26 36
238 179 4 8
333 408 33 38
378 287 36 44
5 143 87 100
83 431 30 58
392 139 61 90
159 404 122 175
146 417 17 34
83 458 0 2
198 47 5 6
124 326 56 81
108 207 118 143
457 51 4 17
297 380 65 106
488 143 14 17
351 249 16 18
257 375 4 17
335 480 17 43
141 255 6 6
113 279 37 79
234 224 109 113
236 279 64 75
166 154 72 105
156 195 7 117
243 22 107 152
135 157 20 21
473 379 38 101
472 258 39 49
169 498 23 53
212 109 47 54
335 243 178 178
270 71 5 5
230 382 31 50
312 126 144 160
487 491 108 160
79 167 88 100
440 45 82 111
486 380 81 128
257 336 138 147
274 230 15 20
338 473 32 35
414 36 11 16
134 327 71 96
460 254 147 148
229 52 42 53
431 31 70 162
294 11 4 6
149 486 73 77
189 161 25 47
402 207 133 148
435 359 47 51
338 94 25 62
135 128 19 33
258 204 57 65
18 241 12 32
251 104 11 12
390 167 78 87
81 134 41 52
144 9 97 113
382 401 78 112
224 333 14 16
38 54 133 140
377 278 18 21
72 263 22 82
205 481 40 129
198 448 12 12
431 34 39 39
443 363 25 71
59 304 102 124
288 47 23 138
375 39 5 20
105 164 31 40
236 207 15 99
221 387 16 30
139 114 9 13
490 201 6 6
80 221 25 31
365 192 100 150
63 418 75 145
147 459 14 18
317 217 13 16
2 127 76 81
97 463 85 88
65 369 69 123
423 267 50 70
376 344 80 84
293 49 17 25
443 116 154 156
439 457 52 90
344 495 33 35
350 173 13 36
169 340 118 118
351 203 37 42
417 254 7 140
138 161 7 12
227 448 13 14
48 170 123 148
309 1 12 74
232 440 79 126
159 260 29 32
344 161 31 44
40 417 131 132
167 444 19 125
415 95 51 109
319 387 3 3
13 390 79 101
161 333 56 71
472 393 62 72
117 390 103 111
73 429 118 121
350 94 11 12
481 482 23 53
152 168 3 37
164 21 5 23
291 290 10 27
301 269 137 138
320 284 4 10
145 12 50 53
260 30 104 146
362 470 63 80
481 194 56 82
73 196 71 128
186 216 22 25
209 185 92 97
1 249 105 136
87 209 11 11
470 256 66 68
146 282 21 53
303 94 0 10
8 353 12 14
66 191 123 138
73 329 63 82
64 244 58 71
273 314 17 17
44 231 26 31
242 82 90 96
298 170 59 61
404 451 83 117
359 79 65 66
265 182 75 83
377 129 81 112
385 35 43 65
375 188 125 153
261 110 61 76
330 53 108 156
162 265 133 134
286 133 42 51
493 66 21 43
465 379 21 160
85 100 19 34
289 435 42 70
390 154 5 14
219 228 148 155
49 411 60 63
492 67 5 12
369 240 71 81
288 158 13 14
177 103 97 101
238 325 7 48
227 328 14 52
215 384 6 111
73 394 30 52
394 17 8 39
415 273 44 57
475 265 49 119
420 166 74 77
264 287 52 61
197 109 17 40
353 61 4 6
100 186 60 90
305 292 3 11
483 81 101 115
119 67 150 170
378 232 1 1
433 127 165 182
492 400 59 141
487 196 18 26
449 468 11 74
185 411 36 45
339 474 89 91
199 129 29 57
425 237 139 148
377 113 95 102
261 3 95 101
223 355 32 132
254 29 76 80
371 16 94 112
28 338 44 119
62 24 65 170
359 214 6 20
273 312 68 78
195 315 20 156
184 127 21 36
442 483 18 55
65 467 111 147
89 164 3 4
497 492 75 85
427 489 20 47
140 69 50 63
102 311 9 30
101 26 82 128
388 56 104 106
487 173 94 96
121 26 7 46
416 41 15 25
29 48 15 22
144 90 7 74
80 421 9 154
52 32 66 71
469 403 5 21
144 497 9 17
301 343 28 38
370 363 17 28
347 355 33 58
273 172 115 152
483 296 65 90
359 399 109 130
59 178 97 146
423 11 29 29
43 278 69 107
261 28 6 10
250 493 12 21
184 269 152 154
10 127 54 63
135 279 88 94
350 404 28 112
388 237 100 102
156 436 91 94
424 292 52 98
383 294 49 144
335 62 98 170
173 47 19 70
303 84 51 88
50 380 2 7
97 488 41 42
230 105 6 11
64 220 44 46
339 330 17 27
127 456 76 128
471 459 164 166
365 29 25 44
219 238 16 17
285 48 84 121
200 174 36 75
123 290 9 88
166 414 41 43
38 164 14 16
313 23 116 116
0 143 5 20
305 115 35 84
448 345 17 65
356 85 17 22
447 54 28 28
305 196 1 3
414 416 107 110
12 177 31 85
32 81 13 125
99 88 12 54
239 348 7 8
227 25 61 64
244 165 19 39
391 12 99 103
272 488 52 55
202 93 47 99
412 74 57 106
394 402 44 57
45 451 27 117
155 190 1 4
114 200 46 126
495 129 3 13
401 195 102 121
30 90 39 45
86 334 3 5
451 443 76 77
28 226 15 39
138 201 19 68
182 72 57 57
55 381 19 63
391 151 6 23
376 79 48 50
88 14 24 127
280 259 130 181
482 138 25 43
6 101 7 110
471 149 18 29
322 348 90 94
314 427 34 40
21 246 62 149
120 275 4 24
190 396 109 111
449 269 92 101
73 75 27 30
326 161 1 1
116 400 42 48
493 63 70 73
83 40 16 33
348 239 69 115
310 137 85 99
31 252 36 44
65 104 6 7
240 285 6 6
294 417 20 23
76 35 71 81
436 383 138 142
322 82 12 22
317 246 6 30
429 226 101 103
69 466 138 157
143 50 10 33
390 429 14 14
482 219 84 85
362 482 3 4
59 427 18 77
43 300 8 10
335 429 31 90
37 175 83 87
349 116 51 68
106 496 53 76
211 152 6 36
178 85 20 112
77 282 8 11
305 282 50 113
496 228 19 86
452 252 32 64
166 383 74 93
472 271 41 56
424 459 3 4
306 144 181 183
482 284 55 58
306 269 130 137
48 369 14 27
195 83 93 103
488 407 28 67
428 312 44 63
319 224 32 32
294 427 106 157
45 249 111 125
296 214 9 33
492 18 23 28
312 488 167 174
102 105 5 88
248 19 59 103
340 230 13 14
197 330 89 101
142 135 19 46
298 142 132 148
116 251 38 90
475 136 37 40
349 449 3 34
326 296 8 35
474 70 82 84
371 394 52 74
429 416 61 117
169 344 0 2
20 105 68 74
188 441 8 69
368 399 7 14
185 467 53 139
74 389 44 67
271 337 5 7
152 88 65 65
7 126 109 115
14 478 122 160
20 206 16 24
156 192 41 62
197 336 140 143
456 194 1 4
99 303 147 161
109 36 31 52
7 35 18 25
130 262 120 149
50 394 17 33
380 313 29 114
41 318 81 122
351 99 149 159
322 445 28 40
462 358 25 26
235 90 76 81
152 401 21 27
7 174 63 63
46 445 33 50
167 90 3 22
187 135 10 34
468 497 159 183
343 354 59 66
6 51 157 158
277 267 56 110
190 129 88 149
410 492 64 85
168 330 100 109
184 332 10 19
372 10 63 123
448 380 27 97
31 459 57 67
234 192 11 12
119 405 11 93
357 416 16 19
351 286 50 85
246 149 44 56
100 89 29 33
248 42 75 84
368 345 36 84
25 319 20 47
118 440 123 131
335 49 147 152
74 148 103 138
231 49 45 81
144 151 102 105
306 269 25 25
297 288 93 106
323 21 36 95
18 417 56 65
423 265 8 10
380 497 73 88
367 5 38 42
165 464 73 79
216 235 47 111
214 354 16 18
20 32 160 165
59 106 81 100
105 5 19 97
405 486 24 88
265 61 12 25
53 43 2 12
196 279 26 134
394 296 6 6
360 221 5 45
147 352 43 148
410 437 92 94
122 284 161 164
287 190 17 21
380 365 98 101
13 43 12 39
51 382 41 44
256 417 44 124
166 146 40 44
230 313 94 105
9 362 150 151
372 150 15 15
450 319 129 138
68 324 46 94
486 235 23 25
407 83 75 98
245 387 178 180
299 482 3 22
11 194 11 13
321 310 38 52
57 250 56 102
206 363 28 88
343 131 8 25
112 291 13 34
38 299 16 51
138 409 49 59
250 86 65 80
12 449 20 135
342 104 33 42
132 176 29 43
467 360 115 151
366 450 44 64
403 234 74 97
53 96 155 156
389 33 7 34
70 476 36 37
170 233 85 91
152 371 27 38
219 457 19 63
183 483 115 181
155 71 2 8
184 293 38 48
239 185 51 76
81 153 12 23
311 164 164 169
404 452 76 84
208 364 81 141
429 299 129 141
19 334 46 78
69 99 144 145
285 378 65 101
124 465 14 26
437 339 7 26
217 17 130 132
351 431 92 150
421 305 44 53
317 239 110 132
174 100 74 80
133 478 12 57
104 75 93 101
368 204 60 62
280 470 109 143
457 66 1 2
27 425 52 149
8 406 110 124
463 100 57 96
36 258 113 131
149 437 21 53
379 336 8 10
439 398 18 84
58 245 14 63
77 145 9 55
213 222 17 22
185 144 1 2
183 481 144 149
190 106 15 30
455 303 55 70
80 94 99 108
151 196 11 14
21 444 30 55
113 462 23 56
271 43 9 55
166 450 62 66
244 17 109 109
325 401 47 65
320 353 18 23
153 67 27 50
458 154 47 49
187 155 94 95
33 415 119 172
184 339 10 22
387 105 26 57
342 6 82 161
15 160 159 166
438 83 133 139
408 249 40 48
173 432 20 37
122 386 12 13
451 356 148 153
451 5 106 146
366 390 111 137
446 118 6 6
94 394 28 28
22 387 5 5
340 95 56 60
180 496 141 159
492 486 89 89
62 262 116 132
118 69 18 104
7 89 49 80
212 66 102 102
291 83 17 23
193 33 64 121
475 138 119 121
62 371 23 42
292 27 35 94
211 445 7 7
129 416 16 19
458 493 19 21
280 356 8 59
44 210 71 109
433 385 36 126
277 236 17 28
443 476 70 90
28 387 133 170
326 283 56 93
418 464 8 11
364 406 3 6
79 3 75 89
471 453 105 144
209 227 81 86
225 399 3 4
425 225 115 127
264 324 25 60
300 463 100 118
69 380 137 138
469 346 3 52
227 195 140 186
170 468 27 153
465 281 74 112
370 82 22 27
478 417 34 55
458 408 98 104
197 218 108 152
372 351 45 53
481 57 131 149
214 223 18 78
401 4 11 18
42 492 4 32
109 250 104 120
403 41 11 38
145 155 47 56
252 362 129 141
318 208 10 12
476 149 18 22
33 363 11 11
178 279 78 86
282 208 84 86
446 358 5 9
39 485 62 116
354 241 60 61
412 176 8 8
400 309 23 67
105 455 95 120
3 331 47 48
162 407 22 58
497 171 110 118
150 469 39 44
369 97 72 79
228 262 13 34
108 340 3 5
345 212 116 120
424 81 9 45
106 291 22 25
128 134 81 96
430 359 21 43
359 141 32 32
352 246 35 94
237 465 92 122
249 364 98 145
421 249 31 39
347 106 32 34
460 445 3 4
430 458 139 173
350 367 72 94
230 447 85 159
407 426 61 86
427 432 23 26
457 236 18 24
177 275 11 13
251 275 39 106
374 329 88 95
151 389 64 99
115 91 119 121
137 308 42 162
330 470 72 133
139 413 161 177
200 233 111 165
38 466 38 51
241 328 45 79
410 374 2 4
221 84 51 53
30 225 17 69
467 271 123 134
415 12 44 44
438 103 1 3
162 51 48 156
305 491 16 65
217 289 4 6
257 322 20 114
328 389 58 58
204 439 51 92
45 294 24 26
250 260 39 105
148 206 12 27
308 455 147 172
115 401 21 28
279 462 75 132
34 197 9 11
129 386 85 117
330 288 9 16
380 296 38 106
432 434 11 48
141 87 5 28
327 376 8 79
147 166 16 24
216 118 114 124
80 115 53 116
145 454 0 1
283 138 15 21
276 429 15 18
298 277 44 79
175 181 81 81
250 326 165 175
360 449 82 89
448 405 108 115
156 370 84 98
291 214 4 4
294 376 11 37
159 469 63 65
216 489 30 89
136 459 170 175
140 257 40 42
108 15 28 32
353 264 49 124
202 426 34 124
25 266 18 35
171 389 104 111
471 327 80 111
164 61 173 178
355 213 22 22
459 303 75 84
439 35 103 104
388 395 13 20
182 180 7 21
455 189 40 63
229 273 64 153
428 40 23 29
450 440 52 72
447 360 6 24
487 282 52 70
158 14 43 48
340 477 133 147
438 262 31 74
419 200 74 79
306 82 55 63
498 2 102 123
172 148 18 67
373 310 38 70
257 111 11 11
161 311 45 65
255 319 96 159
295 257 87 145
192 240 88 88
315 149 20 22
192 417 95 104
423 61 72 72
160 271 36 54
471 11 109 111
330 493 29 36
259 93 41 58
274 382 28 73
13 151 70 98
44 252 14 100
446 7 8 48
57 214 9 48
42 463 65 70
317 232 40 56
73 126 62 118
5 240 3 32
162 102 35 110
48 463 95 95
421 153 37 66
359 4 22 81
180 399 40 70
384 4 103 108
392 131 156 179
328 233 11 13
7 419 52 57
79 259 74 85
419 1 32 90
423 396 42 44
457 183 18 68
203 455 124 125
118 331 36 70
192 482 87 120
189 496 43 57
125 134 106 109
71 51 5 10
195 36 10 19
264 84 108 118
455 99 12 126
349 252 59 60
357 0 72 105
316 355 30 33
173 215 21 25
360 277 48 123
38 451 46 95
208 399 34 36
157 283 110 115
432 171 14 57
133 382 29 52
337 57 29 36
256 477 25 33
337 335 47 56
103 298 7 13
410 216 10 16
165 305 22 181
2 162 30 101
289 54 28 42
220 131 8 8
353 160 135 142
456 247 24 56
276 143 31 33
140 159 81 98
373 318 132 174
236 459 153 156
100 61 35 49
154 316 85 87
193 471 132 132
197 284 28 38
482 252 13 21
436 32 7 21
284 398 13 20
111 136 70 79
257 261 123 170
176 22 106 115
46 279 65 117
336 338 42 112
413 276 45 47
374 393 61 81
381 87 6 10
324 441 158 161
204 335 1 2
452 100 37 45
83 312 54 69
331 201 35 35
117 23 2 10
443 346 20 72
75 29 39 97
326 70 12 44
342 23 4 8
260 243 89 103
479 151 46 48
124 370 24 25
306 95 38 127
153 40 40 167
333 414 144 172
350 64 38 126
21 177 86 131
187 136 71 92
111 258 13 22
347 217 25 114
234 66 2 20
429 258 31 47
82 377 104 115
226 137 3 10
223 341 15 54
457 331 12 143
400 134 33 47
452 228 22 35
17 71 70 132
105 336 15 67
434 199 17 25
396 247 12 18
464 376 38 48
454 258 13 21
172 320 20 84
17 332 123 126
423 244 14 18
405 109 63 100
392 230 54 118
497 456 7 10
39 383 93 108
473 265 37 58
187 425 5 5
174 334 4 8
305 223 26 72
208 107 113 128
281 279 22 46
175 291 53 63
471 133 56 57
41 120 4 7
474 81 49 125
3 441 5 6
76 155 16 27
33 305 177 180
366 409 14 32
371 142 18 44
292 36 68 74
243 28 130 188
26 346 26 42
466 425 29 81
455 40 67 116
255 367 110 157
363 27 39 54
218 41 5 6
80 309 80 82
416 393 29 50
446 438 5 5
47 124 16 20
68 60 15 44
350 32 16 34
351 462 125 136
408 117 29 56
119 408 47 72
274 290 42 134
277 366 71 74
96 149 59 145
361 126 45 61
92 55 5 6
491 353 39 59
404 447 105 130
465 60 43 92
107 381 24 76
334 63 64 78
99 423 84 87
371 262 52 159
109 457 20 33
382 18 133 136
227 89 93 97
233 272 111 122
17 439 27 45
150 433 124 130
40 488 157 160
329 164 4 78
431 218 7 10
395 284 56 65
172 167 72 94
2 72 24 88
345 488 41 52
373 353 10 20
370 408 74 84
286 305 77 125
256 490 98 133
378 243 6 7
295 42 63 69
373 408 94 154
405 112 46 63
336 133 5 39
203 13 2 3
46 292 64 139
25 482 16 24
271 266 49 49
278 309 75 94
425 141 71 76
426 4 24 52
410 182 104 132
270 249 28 97
493 313 11 186
119 156 109 146
341 293 60 61
362 162 21 27
73 347 40 177
248 453 15 81
222 217 18 31
452 467 27 31
140 10 10 53
485 110 6 29
15 367 16 23
444 495 33 52
166 310 100 109
165 134 18 43
369 218 41 51
220 76 57 73
125 351 115 160
313 165 25 58
76 183 95 139
159 48 26 124
71 458 5 21
116 292 20 35
325 44 32 112
205 222 92 113
301 202 18 20
46 466 91 96
416 44 75 108
252 327 34 35
412 296 10 20
386 240 26 26
434 124 62 76
316 380 104 145
37 146 20 32
423 244 12 19
413 486 33 143
450 114 12 23
183 397 1 11
408 418 1 3
70 472 15 44
280 61 63 67
396 386 12 105
48 239 39 59
57 130 44 66
126 435 29 32
2 433 7 10
355 209 16 30
337 398 13 13
313 209 38 71
1 11 36 37
497 309 3 7
478 281 25 25
44 49 7 16
459 352 38 46
250 171 71 79
56 237 37 45
256 342 43 58
17 292 67 89
443 194 77 87
184 220 118 128
268 203 50 79
171 354 57 93
60 423 2 3
132 179 78 90
406 415 56 104
478 342 73 80
379 27 12 44
479 255 18 25
357 227 69 119
440 92 8 11
387 15 5 11
438 362 13 69
56 36 6 10
421 358 9 43
106 321 98 111
305 93 34 38
397 332 77 121
272 146 106 138
259 260 30 33
335 264 55 102
294 222 56 87
209 36 17 29
440 358 1 1
52 381 3 6
158 450 35 76
338 282 132 145
248 325 31 45
52 129 0 12
477 125 23 92
306 267 10 10
229 170 59 82
270 371 3 4
125 355 131 140
2 194 156 156
221 66 3 7
327 175 36 45
494 356 10 25
280 156 63 68
226 151 26 31
143 83 57 109
57 400 1 6
461 47 20 22
328 51 3 12
420 163 107 107
409 226 71 101
105 117 42 43
206 287 29 38
48 31 63 119
249 389 65 77
454 179 13 19
70 468 48 135
17 185 82 140
11 418 106 128
235 407 10 22
333 353 11 130
297 92 42 85
186 254 62 70
251 381 25 26
468 99 71 106
156 8 31 153
194 422 140 158
257 413 30 41
498 230 84 84
61 92 149 149
266 397 164 165
368 334 7 11
149 229 64 64
451 277 138 181
391 424 125 149
44 402 87 89
308 221 177 178
356 436 146 152
376 209 65 150
480 27 18 53
217 210 84 96
279 40 38 58
383 376 66 113
136 467 50 50
72 32 12 97
87 153 109 119
128 394 1 27
153 316 101 130
426 97 85 88
57 172 77 118
109 141 57 132
173 178 13 24
87 164 19 27
97 100 1 1
382 400 98 113
204 411 2 3
301 36 54 89
313 63 81 83
484 486 56 66
339 408 28 60
228 156 69 82
195 139 61 108
209 149 112 115
198 139 41 117
116 97 6 18
370 95 5 9
174 405 0 2
302 450 99 103
258 165 16 55
111 452 87 110
97 51 78 79
79 423 59 91
278 46 2 16
46 18 143 151
33 68 41 70
355 386 20 44
176 317 15 31
47 436 5 7
338 475 13 68
282 45 28 45
85 112 3 63
393 129 125 128
350 269 24 26
481 184 32 77
354 495 23 111
55 400 19 25
153 365 45 49
390 39 62 177
299 244 71 75
469 447 23 26
438 219 128 132
397 16 69 96
270 286 38 57
297 166 85 87
364 491 1 6
350 389 104 104
58 9 58 79
366 12 119 125
123 166 103 110
300 381 138 142
170 179 133 166
434 74 18 88
193 10 32 35
98 54 37 106
217 369 102 105
318 336 32 94
265 466 49 140
481 291 15 50
191 301 55 105
358 406 106 161
104 386 36 45
67 289 157 172
425 373 43 96
83 145 36 49
45 7 122 123
272 471 10 14
136 458 21 32
265 260 3 13
59 389 88 136
276 77 110 152
444 192 32 134
494 128 14 42
90 94 21 123
352 186 75 142
43 300 5 58
78 297 77 108
247 143 20 55
52 345 10 21
458 486 7 9
136 337 13 69
350 186 37 115
427 49 7 88
30 272 17 17
54 386 25 27
214 129 30 58
447 46 9 10
15 356 58 65
84 150 4 8
63 281 112 115
493 367 12 17
167 308 77 106
176 369 81 92
492 384 28 115
384 334 62 96
437 278 68 76
194 115 8 37
329 68 36 54
253 127 10 145
243 111 9 48
75 358 1 8
80 298 46 87
124 321 162 165
440 12 19 36
339 7 5 23
2 133 65 66
281 6 55 58
362 18 16 39
50 178 152 155
438 50 102 108
409 238 49 127
67 287 17 19
83 304 113 124
241 477 152 177
205 391 2 5
378 15 83 114
25 335 21 39
31 454 27 29
497 185 28 37
341 3 4 14
227 248 6 22
448 339 49 49
273 166 10 97
71 268 13 125
262 219 4 9
163 389 65 119
403 113 55 118
77 466 75 76
109 477 5 56
347 319 31 53
373 64 35 52
44 254 14 57
456 379 69 69
383 339 13 14
476 319 17 76
441 183 42 117
424 179 39 41
128 458 13 15
78 112 46 86
66 229 124 128
320 57 22 124
72 451 77 80
416 191 14 19
144 458 1 7
405 425 28 28
152 301 40 41
205 149 58 88
378 187 1 1
25 348 16 17
168 219 28 32
64 252 70 125
265 116 101 127
327 123 75 153
275 238 17 19
0 470 99 119
398 201 36 104
36 11 18 38
341 407 12 23
389 0 114 115
222 94 146 149
9 356 50 58
271 312 18 27
4 404 0 0
211 149 12 17
59 253 93 111
187 367 78 159
39 465 3 8
167 83 131 152
449 208 23 91
361 464 89 101
364 391 155 177
197 20 44 55
470 331 49 55
159 205 12 15
217 286 50 104
3 81 77 79
178 128 101 102
137 330 23 38
28 190 54 106
355 226 15 26
197 74 41 46
193 46 45 51
337 167 2 23
190 349 50 55
96 30 3 11
399 170 2 2
249 26 3 8
109 263 63 135
392 274 55 88
310 257 13 52
237 330 16 83
30 108 55 95
208 368 96 134
368 297 9 15
224 150 26 54
201 405 44 132
15 343 1 2
401 438 23 38
32 231 55 67
230 30 94 100
460 182 53 111
73 438 2 5
208 73 66 69
195 187 40 62
363 24 42 59
306 220 4 7
186 159 59 70
191 93 64 76
108 306 16 56
273 382 5 13
20 74 53 82
474 349 7 7
51 72 5 12
372 459 23 78
254 178 75 85
199 171 29 38
19 308 26 52
276 468 25 42
7 455 89 111
198 180 18 110
467 338 29 74
217 324 21 30
390 312 80 89
467 375 8 14
141 42 89 92
151 497 29 139
193 485 83 88
194 180 51 54
313 395 4 16
72 399 40 62
241 337 46 53
335 122 17 35
455 172 35 39
486 494 10 101
150 477 0 2
423 373 119 128
7 42 44 45
303 466 66 69
75 105 122 130
330 134 10 27
198 37 8 38
110 392 11 52
385 51 88 118
309 220 81 82
388 317 64 95
455 409 151 173
155 441 3 4
275 195 137 144
350 247 22 92
441 163 6 40
6 242 21 43
18 99 5 7
37 497 111 115
498 314 8 11
240 327 22 29
154 313 8 8
476 73 76 178
78 216 2 8
274 355 90 144
43 79 47 93
227 449 95 101
369 272 149 167
354 300 92 102
38 189 6 31
343 356 52 61
45 467 39 154
290 191 18 19
376 340 6 68
73 203 23 63
314 124 21 30
487 331 40 68
51 369 43 108
441 429 5 20
224 358 26 57
459 145 46 88
435 5 33 35
246 115 17 68
107 456 18 24
262 281 29 93
46 295 1 13
18 338 8 13
457 354 4 7
232 51 73 114
456 343 142 181
335 122 93 103
248 22 44 68
233 453 18 25
484 99 20 23
53 55 13 13
456 454 67 151
88 76 5 13
114 426 4 10
305 201 143 188
434 427 52 93
20 283 77 136
310 425 11 20
209 281 50 59
324 82 24 26
184 39 12 12
244 59 54 147
382 410 9 13
261 459 0 0
204 493 8 14
354 99 33 48
477 174 27 77
387 171 13 78
60 102 57 77
87 476 61 75
155 164 147 151
180 443 13 13
387 54 100 155
14 326 62 64
296 60 33 88
443 472 7 35
21 134 22 26
426 468 43 57
60 385 6 25
415 147 32 56
124 398 103 155
342 26 13 25
397 298 42 43
9 336 68 104
80 388 46 64
71 221 135 187
48 296 184 185
68 321 90 97
462 495 106 117
250 55 64 68
185 164 126 149
347 287 51 53
305 483 53 66
187 1 27 67
6 46 49 64
205 156 28 64
179 373 58 136
309 1 104 141
427 211 27 128
12 408 79 85
363 185 167 169
446 483 32 46
217 437 28 119
12 135 88 144
416 131 82 91
267 163 105 108
427 497 76 76
376 387 4 22
132 97 43 113
361 429 172 172
419 159 11 45
127 30 72 119
408 273 105 132
265 254 8 24
34 110 113 126
40 436 32 47
156 321 6 27
259 468 146 165
409 349 38 59
232 160 116 168
156 144 97 111
487 17 54 72
379 470 37 50
433 422 2 6
221 394 7 16
44 427 55 88
338 80 59 101
160 79 130 164
173 95 62 71
125 106 13 43
282 145 43 47
319 138 36 39
168 354 97 103
484 36 93 112
475 409 46 55
388 325 70 96
264 82 53 58
152 138 21 51
260 77 21 29
489 141 28 68
221 29 25 86
229 218 3 40
180 466 37 100
211 300 21 62
158 449 1 2
465 402 2 20
497 139 17 47
222 425 28 32
135 453 88 93
279 414 19 26
72 419 0 8
401 57 60 60
455 226 130 150
485 67 20 29
239 236 9 11
321 303 90 141
243 206 57 84
322 388 8 8
449 138 28 39
238 318 149 149
314 442 59 142
480 406 5 6
78 212 87 134
420 360 105 116
116 386 7 7
428 307 63 68
414 394 6 16
381 422 86 134
81 188 113 127
81 82 82 98
403 381 144 146
130 57 5 6
482 463 2 9
400 59 2 7
343 489 104 113
303 21 116 138
144 398 29 35
194 279 22 22
347 63 52 91
77 164 70 159
296 285 66 73
348 200 37 47
355 377 65 82
192 365 59 64
216 240 5 17
397 174 76 105
32 232 119 120
445 87 24 52
388 172 1 13
423 234 69 70
261 36 84 159
91 302 11 36
428 327 42 48
251 94 44 45
98 97 138 140
175 322 55 128
29 194 22 133
66 482 3 6
93 104 45 66
408 180 133 165
183 14 9 18
430 486 26 46
78 209 142 146
181 319 13 25
379 9 11 18
107 223 13 96
281 157 107 146
362 320 22 22
9 11 109 129
115 393 119 143
495 113 38 55
146 330 16 17
335 410 13 52
136 487 32 51
294 345 105 120
420 403 151 169
355 190 47 61
128 464 21 52
278 421 45 45
234 466 53 57
59 171 20 27
115 435 15 45
128 119 4 8
396 184 115 138
195 87 51 56
472 239 103 166
0 213 34 132
415 122 64 115
92 132 10 43
435 30 156 169
422 243 78 97
440 284 94 141
88 329 12 24
127 433 13 51
309 192 7 11
9 210 16 76
430 76 37 41
318 450 104 115
178 423 12 38
389 495 48 142
444 24 29 61
193 245 31 34
475 163 22 54
498 195 34 81
126 402 82 89
284 74 9 62
54 456 14 14
179 490 92 119
148 454 103 107
378 335 124 126
396 44 0 2
246 305 13 50
68 315 5 7
260 179 142 143
44 84 11 39
335 141 41 50
369 359 23 71
133 70 8 99
159 379 105 138
282 15 71 96
465 386 5 31
323 107 59 120
482 442 161 166
440 226 5 14
470 43 21 74
230 337 83 131
287 113 178 185
44 390 28 99
231 118 41 59
69 477 41 49
261 369 13 60
406 267 4 30
210 87 99 111
137 335 13 28
123 244 36 118
129 192 90 95
441 458 0 0
126 337 8 78
390 194 33 52
401 408 47 74
113 35 12 19
31 64 137 138
20 412 36 175
443 309 2 3
399 72 42 43
487 75 1 2
143 111 32 135
317 339 37 72
354 82 0 4
28 467 36 38
438 441 41 45
426 2 35 42
388 130 9 23
447 314 41 157
375 249 32 35
320 90 17 26
241 16 4 10
346 154 20 57
380 418 22 80
486 212 32 48
195 378 94 108
223 155 60 85
315 122 24 24
196 204 18 32
9 443 89 100
424 409 107 112
165 15 83 113
228 275 67 82
169 310 71 74
97 54 87 94
142 297 4 12
452 267 62 63
12 187 0 2
332 382 100 125
475 395 2 4
91 239 104 122
186 382 72 130
311 448 12 61
485 318 105 154
476 68 0 12
129 128 7 7
198 204 76 77
355 335 8 8
106 200 17 32
238 425 45 53
344 309 63 77
110 198 46 46
403 257 7 15
204 263 97 167
353 75 106 128
328 430 19 23
160 76 77 114
26 142 1 1
192 184 51 96
490 96 9 29
292 310 113 125
209 268 23 37
390 419 19 30
227 178 66 102
349 67 52 76
486 381 7 19
338 47 92 97
270 239 44 91
213 295 48 53
436 437 15 16
413 32 46 56
422 103 66 66
294 159 82 116
422 299 9 11
190 253 64 76
135 42 140 154
418 32 115 123
22 67 26 39
421 385 18 68
173 103 21 23
159 16 41 67
81 397 12 57
448 261 130 160
39 445 12 39
389 24 130 132
337 32 43 48
454 197 61 168
86 248 56 103
482 329 16 156
411 497 85 150
95 439 14 17
400 53 3 19
233 275 25 144
426 116 76 78
387 222 127 180
261 337 32 41
442 293 66 101
29 209 5 20
6 206 28 59
430 272 36 40
181 34 1 35
11 479 36 42
123 295 147 154
159 255 16 31
171 226 29 85
397 124 40 45
37 66 134 149
23 424 84 96
227 307 77 83
337 71 57 60
292 143 64 77
407 345 0 4
366 97 40 49
198 149 36 38
366 165 105 113
321 482 31 91
332 126 29 32
156 264 5 99
43 164 84 89
335 344 17 59
79 195 27 42
453 109 5 6
358 403 18 112
6 485 17 55
70 392 70 76
449 16 16 23
17 495 20 29
371 299 68 69
286 8 56 73
19 119 63 76
260 344 3 7
89 51 69 106
74 449 62 91
185 452 1 22
183 4 149 153
97 264 59 135
150 20 82 123
354 61 48 48
167 202 106 106
102 342 95 100
224 468 31 63
338 443 7 40
354 36 12 29
239 123 39 63
190 80 19 27
84 449 50 66
349 3 9 21
436 403 8 53
126 189 58 154
193 448 83 104
394 285 59 60
168 366 60 69
25 247 17 27
310 488 61 72
273 194 37 50
288 317 90 92
137 135 51 60
20 196 10 15
429 387 66 97
70 327 42 48
291 107 3 3
385 167 34 35
465 412 4 6
170 312 61 71
444 462 0 0
138 109 25 67
163 21 9 13
388 492 14 25
406 409 18 30
385 365 68 70
203 415 39 109
295 133 38 113
496 371 20 25
77 285 41 88
319 189 30 52
349 308 13 13
396 118 57 57
417 170 179 180
454 258 9 13
229 265 3 3
496 88 10 28
69 345 77 132
180 141 65 114
422 121 37 39
220 422 99 116
80 289 9 30
486 203 4 8
213 426 17 41
77 399 25 31
463 439 3 3
201 385 16 166
438 333 40 143
191 131 100 100
350 325 97 99
77 67 88 147
255 142 125 171
300 389 34 48
273 355 85 87
274 203 98 133
229 222 96 101
427 458 3 15
42 15 113 118
412 214 111 133
222 158 37 49
171 103 128 166
72 292 28 39
344 152 99 118
161 375 23 39
65 209 44 57
26 484 8 118
412 283 140 150
493 496 57 85
1 212 21 80
171 101 69 88
292 147 8 15
190 260 102 114
401 71 31 61
398 90 104 107
443 328 26 26
482 486 10 24
121 416 140 162
175 71 87 102
269 419 4 5
205 22 2 6
118 358 57 176
491 440 121 122
218 82 34 99
306 295 130 141
233 291 39 49
328 185 19 19
488 338 90 104
320 304 0 2
219 373 55 56
176 377 5 6
497 268 83 177
225 178 5 87
454 100 0 2
348 185 121 140
386 485 19 163
2 135 24 144
476 304 57 61
301 322 3 5
175 18 47 66
101 393 3 8
35 162 85 108
430 243 80 85
498 113 51 105
481 164 159 182
283 48 6 12
276 201 41 75
274 311 83 88
78 127 46 132
133 319 155 158
454 84 90 104
447 183 98 108
237 468 23 70
56 187 62 84
294 437 49 66
470 124 97 106
441 105 9 136
58 251 8 13
71 489 21 29
471 60 94 111
492 24 30 43
130 486 94 106
12 392 57 59
333 421 52 61
178 50 105 121
426 425 60 98
321 276 94 136
122 81 30 106
176 423 6 21
389 212 28 28
117 80 122 137
175 53 40 69
163 171 23 35
350 342 51 100
203 57 0 0
413 264 72 99
68 11 23 48
327 341 9 123
147 473 40 43
124 175 135 135
89 423 158 159
407 380 40 50
188 390 34 48
11 194 26 42
445 158 56 57
182 303 108 162
162 289 3 10
338 364 49 58
240 441 31 31
452 49 14 30
110 248 6 25
341 235 15 48
497 136 145 176
325 280 83 87
438 258 86 99
141 308 44 49
86 248 17 29
94 209 49 80
33 160 28 154
442 194 81 81
453 227 24 29
190 284 65 70
205 95 109 111
267 59 2 8
237 103 125 127
77 480 42 59
248 347 7 26
286 249 149 180
468 57 71 73
159 240 88 135
154 111 51 62
430 264 0 5
330 193 87 87
225 413 22 25
390 212 3 43
342 65 45 47
105 457 118 119
87 141 32 44
417 238 6 89
421 459 15 134
94 260 69 74
116 263 52 53
301 112 102 105
243 333 67 75
462 118 158 158
379 449 2 3
31 127 81 91
115 67 17 44
476 200 13 80
201 257 63 64
240 49 39 86
18 218 57 81
469 256 108 126
431 394 85 85
18 375 0 0
374 52 24 37
67 210 16 73
254 59 75 85
315 85 45 155
117 20 36 47
95 319 26 33
42 3 7 52
498 282 57 57
387 400 78 93
121 41 17 63
331 485 2 10
101 318 31 41
13 450 12 24
37 417 82 131
130 296 70 82
284 38 87 92
366 124 1 18
205 198 118 162
282 5 32 71
359 8 94 95
270 371 5 5
106 78 3 4
5 9 71 78
309 201 43 106
156 6 7 11
446 102 22 104
322 210 56 133
232 158 25 77
177 253 9 10
467 307 65 84
211 156 3 20
79 49 46 68
21 87 16 88
42 28 78 79
147 27 84 99
426 213 21 27
275 408 63 72
121 407 35 40
299 315 120 141
33 482 53 140
58 46 8 52
208 172 26 34
382 477 3 34
89 164 119 123
93 236 2 3
236 470 9 57
234 215 85 85
420 237 0 1
19 404 155 167
294 118 20 38
226 258 151 162
240 495 7 7
227 3 5 13
27 175 69 165
408 165 8 51
481 151 10 15
279 147 70 70
119 4 13 19
39 62 83 91
167 498 42 87
441 285 59 138
23 193 28 81
248 212 47 78
266 36 32 68
400 305 10 30
6 242 148 152
173 165 25 40
130 453 71 108
424 40 4 24
185 258 16 40
109 283 20 135
462 418 50 54
341 140 7 44
28 498 97 146
33 211 0 6
479 281 19 38
155 130 100 107
379 467 113 124
279 85 92 94
132 461 105 144
357 223 10 121
166 294 66 101
290 118 11 54
200 266 13 16
447 86 31 62
431 215 97 118
264 462 13 13
409 230 38 41
396 420 63 75
242 129 81 99
20 65 32 79
215 170 30 149
182 357 95 109
206 327 56 63
216 107 124 139
397 135 101 134
401 94 3 4
286 316 141 146
84 172 7 11
342 136 38 55
466 428 32 37
453 392 76 105
426 25 47 49
236 360 59 62
299 145 119 147
316 310 110 157
30 93 72 108
263 187 42 97
28 224 38 58
30 118 112 121
66 2 58 63
153 372 65 67
203 476 2 4
403 291 26 83
492 40 19 28
493 303 106 107
10 493 73 133
17 57 95 114
25 475 69 82
173 225 6 11
353 376 29 42
349 473 56 78
122 22 4 9
493 60 124 126
39 57 47 77
270 23 1 28
154 100 114 125
94 262 4 23
185 390 6 38
322 177 5 9
434 450 13 13
278 170 21 119
393 151 11 80
446 159 66 74
441 184 76 80
354 82 27 33
37 333 57 86
376 68 36 66
120 187 79 156
168 371 86 95
433 466 128 129
194 209 76 89
274 110 15 17
479 144 42 64
488 247 24 54
423 168 67 164
347 103 40 74
168 59 30 44
79 412 40 49
349 326 103 109
260 390 91 92
397 263 16 29
101 349 25 108
425 197 76 81
373 252 119 122
373 328 5 76
23 156 6 8
245 448 50 57
354 76 121 135
154 402 49 56
397 260 86 130
357 155 18 29
388 392 32 40
276 167 80 84
146 34 26 27
487 197 61 106
473 376 11 18
241 136 19 86
354 203 60 86
300 141 26 30
431 242 85 101
350 403 2 26
127 70 11 15
467 59 19 38
159 85 75 111
142 491 47 48
339 217 22 23
438 356 17 17
442 111 22 26
444 237 134 135
132 27 21 39
277 180 37 46
446 110 96 96
2 418 9 29
21 434 33 44
168 473 6 6
62 339 39 61
107 169 7 8
143 146 90 104
179 13 22 93
78 312 30 56
330 103 75 122
49 498 23 62
66 108 55 64
129 328 119 125
235 490 97 98
458 91 69 80
337 257 24 105
414 192 126 134
105 47 43 44
494 277 51 78
19 12 15 17
23 391 102 115
204 96 37 37
256 425 7 14
133 82 91 115
33 443 73 86
234 382 102 116
5 216 0 2
488 274 91 96
436 128 78 129
470 367 4 5
162 467 4 64
44 423 50 114
309 416 102 143
442 235 141 154
355 357 54 59
66 315 17 84
492 60 12 27
80 110 33 42
258 283 24 27
329 346 32 44
52 81 4 77
363 133 0 0
244 373 21 84
239 271 17 77
188 414 70 149
445 99 63 68
172 231 129 144
31 364 24 26
210 274 32 54
326 410 28 30
0 276 85 153
162 469 7 74
96 73 0 2
317 197 2 6
458 27 90 90
192 444 76 92
36 171 41 111
199 390 130 132
142 403 103 132
45 163 14 19
466 470 59 87
460 167 98 98
352 21 18 47
91 476 110 122
193 212 113 120
477 167 115 120
230 212 11 33
298 374 83 122
406 18 85 106
212 349 12 12
159 137 22 29
299 390 154 168
267 52 45 84
272 304 108 124
274 496 92 117
53 329 48 59
187 470 52 112
288 176 43 45
29 217 19 20
405 333 62 62
380 471 70 72
338 421 48 70
160 184 85 94
252 269 100 114
373 122 124 134
53 127 17 49
177 394 54 109
357 331 25 136
198 166 38 83
376 231 17 34
454 78 25 33
178 152 78 145
472 140 81 82
221 189 52 171
241 86 21 74
65 193 40 62
478 329 23 29
426 424 84 173
286 92 55 59
462 217 14 40
63 466 72 150
472 143 39 112
375 151 52 97
124 85 80 170
53 31 77 89
400 456 41 131
49 328 3 3
396 225 104 133
492 259 38 39
328 53 21 101
438 375 4 12
321 147 3 4
79 55 41 41
26 296 21 52
74 190 110 110
203 274 42 117
137 76 3 4
264 249 11 13
204 19 53 73
472 308 8 43
288 16 17 45
302 454 22 43
174 130 80 109
306 48 69 81
436 202 35 42
53 265 0 1
347 398 89 96
10 32 39 39
37 408 62 81
446 242 23 34
414 100 13 37
109 80 34 76
487 334 82 100
45 215 28 34
203 208 32 67
288 158 56 80
448 14 70 109
228 107 7 7
380 316 18 32
277 184 144 171
285 212 186 188
284 414 35 112
230 81 52 52
89 170 56 63
188 7 120 121
125 127 46 52
302 20 104 109
151 74 14 38
431 168 123 173
145 186 33 161
455 302 75 91
395 285 91 171
454 75 109 123
275 295 72 89
405 115 7 9
4 356 25 38
34 107 42 111
39 232 41 48
282 11 29 58
258 80 12 13
219 351 23 31
315 57 39 39
84 243 34 39
105 99 1 3
384 439 24 50
113 219 28 29
471 203 78 84
210 18 26 40
365 56 56 91
431 264 139 141
131 162 32 36
292 470 54 90
47 103 7 12
381 300 61 107
367 478 7 11
74 224 0 3
458 382 53 56
136 142 43 133
128 140 72 95
102 76 36 61
434 11 9 18
210 170 5 6
467 16 18 49
313 89 35 61
152 381 39 79
166 201 74 95
311 469 56 66
387 20 79 87
195 463 133 183
218 450 45 138
336 23 16 43
25 423 6 15
392 334 3 4
218 102 14 31
276 208 32 43
319 17 143 150
212 397 62 64
285 235 26 30
26 129 9 102
146 247 30 75
27 467 91 92
208 407 45 85
199 232 41 43
174 372 2 4
451 162 55 91
95 392 16 31
152 484 36 67
15 402 71 71
241 120 9 17
376 488 43 61
355 124 52 63
75 29 172 184
486 222 113 144
431 125 13 40
254 66 0 0
126 137 121 127
385 468 1 2
14 480 5 56
354 152 23 25
393 417 22 34
251 372 25 26
113 19 12 18
84 296 5 58
377 76 1 2
405 71 2 13
410 377 8 9
20 409 20 23
368 26 81 82
236 269 18 48
301 64 134 150
163 222 2 15
193 4 25 56
332 494 83 123
125 474 111 125
85 485 95 96
406 0 54 62
140 491 7 33
89 424 45 151
27 408 0 4
406 104 85 92
144 2 81 81
267 73 6 11
424 497 55 109
242 305 6 25
268 372 33 33
61 78 35 113
449 68 44 59
351 78 37 122
226 297 102 121
147 204 12 40
98 174 65 69
473 24 49 133
428 287 106 118
481 201 27 42
33 247 20 23
84 199 9 42
41 193 48 92
174 56 27 31
51 209 53 54
462 355 50 50
445 459 41 126
62 450 79 101
57 451 7 7
128 278 100 101
181 116 135 148
430 472 33 47
369 393 51 66
166 164 114 121
89 90 7 75
350 89 1 18
134 298 5 14
301 233 46 46
103 389 33 33
189 116 32 60
302 105 57 144
152 304 34 86
342 297 106 122
76 498 20 39
429 44 33 37
49 146 139 146
304 145 111 176
447 452 80 183
382 451 12 50
493 234 47 49
106 424 11 23
369 424 166 167
225 43 38 71
29 460 30 35
418 385 41 74
234 11 11 29
126 242 17 50
91 328 30 40
439 463 4 15
122 137 100 101
280 56 76 78
51 475 24 123
202 254 66 75
498 2 0 0
3 244 123 144
264 183 100 157
105 45 23 39
357 492 102 103
151 494 120 131
419 494 110 113
289 76 28 62
414 331 33 35
340 71 68 69
420 163 27 29
28 453 0 0
12 401 62 124
445 50 108 122
471 303 103 145
27 68 23 78
441 240 36 42
67 420 23 46
71 127 0 3
436 270 19 60
87 100 117 117
184 76 3 3
374 305 2 12
34 486 17 25
141 307 120 160
273 318 100 143
69 346 4 29
395 352 48 143
295 300 30 32
390 98 47 54
83 52 21 24
241 432 46 55
367 436 84 95
469 65 57 57
27 461 15 18
236 111 14 76
23 284 45 95
354 340 119 128
283 215 29 76
116 9 10 19
237 47 16 112
105 162 8 8
108 492 5 10
467 331 21 25
179 318 85 86
87 307 25 31
117 74 120 131
476 124 26 35
50 191 60 60
412 116 33 67
101 402 43 56
155 99 18 27
379 374 49 64
420 100 27 43
493 5 82 91
424 331 9 93
206 72 39 49
489 246 15 33
16 10 4 20
467 345 45 70
242 86 30 51
430 412 44 78
418 144 6 25
222 309 46 56
92 32 40 42
142 374 10 13
320 117 15 21
114 451 26 28
81 115 6 31
396 414 52 105
419 417 166 173
179 313 38 90
376 492 10 11
468 119 16 17
369 190 140 143
230 420 4 7
275 145 36 110
362 141 39 44
347 426 139 141
72 273 8 11
235 11 125 138
433 389 54 103
78 111 14 70
438 202 62 109
176 93 33 87
55 372 74 92
157 354 51 57
443 62 24 70
102 180 49 100
227 156 7 42
467 67 7 8
242 414 26 59
54 332 37 40
347 32 114 122
73 463 48 80
245 412 3 32
251 408 155 158
125 63 73 90
324 42 45 114
217 435 24 24
303 178 54 54
306 127 49 95
486 44 5 5
215 468 157 158
218 277 11 105
227 50 62 67
405 462 31 50
32 123 163 177
373 224 33 54
393 413 16 29
388 226 9 9
121 3 58 65
389 144 75 101
489 286 131 136
392 112 84 90
241 244 70 91
249 224 7 19
388 110 16 64
160 477 10 31
81 469 1 6
452 411 76 126
267 421 94 117
83 146 48 60
1 135 0 0
160 139 40 64
255 228 148 149
184 262 41 49
2 263 14 17
300 3 79 106
236 426 30 87
206 207 8 49
380 62 8 13
195 238 51 128
263 396 41 46
337 405 150 152
402 278 80 91
489 455 113 113
492 139 17 51
183 2 60 90
298 293 58 125
484 161 48 60
7 407 38 40
202 476 79 118
342 202 90 92
403 270 29 116
413 491 7 12
145 457 34 40
232 488 48 69
201 256 84 87
141 138 9 11
73 169 16 22
16 350 124 137
362 187 23 24
399 403 63 87
109 136 123 130
342 170 53 58
292 169 22 28
123 486 11 71
214 96 24 28
163 267 64 84
119 376 72 99
35 278 17 18
310 366 9 11
413 252 1 2
16 147 24 33
47 27 9 71
216 173 75 83
413 351 2 8
398 201 8 19
387 176 69 69
398 328 69 77
92 417 65 74
180 352 27 62
258 155 146 151
253 344 64 75
375 307 114 144
440 164 93 95
178 346 111 139
457 183 32 35
335 423 31 59
265 73 44 91
347 236 6 48
128 279 58 126
398 360 26 43
389 423 8 8
372 18 3 4
110 241 38 38
158 390 2 4
25 171 20 20
368 437 83 89
25 374 30 86
250 349 151 164
256 364 30 94
383 118 114 137
351 183 30 131
313 40 12 52
112 330 25 30
137 270 22 36
85 405 77 128
174 93 27 33
198 83 2 5
24 408 73 77
209 307 110 113
380 422 100 100
299 257 32 82
352 209 45 76
147 486 132 153
255 195 39 42
403 397 71 73
107 433 89 103
299 11 91 91
372 251 11 26
428 304 67 88
421 182 25 27
246 135 6 9
354 383 108 114
474 482 17 26
148 119 87 90
443 201 32 41
446 126 24 38
386 230 65 99
369 221 21 23
334 195 47 55
475 359 36 38
368 87 58 60
47 384 61 93
122 265 3 7
84 131 15 21
83 252 12 55
486 94 27 29
92 111 74 85
363 196 58 100
212 437 20 26
269 208 89 96
223 317 63 80
164 119 150 150
215 383 18 23
494 361 22 48
163 148 18 43
371 338 87 89
96 399 2 8
115 235 27 29
321 472 1 2
304 278 39 73
379 155 14 97
388 480 59 89
184 4 18 62
215 410 32 110
300 219 41 41
436 205 93 94
10 164 7 17
495 45 89 97
38 252 160 165
391 307 23 34
65 474 93 94
64 230 126 129
353 305 68 70
338 268 76 136
199 125 52 77
150 353 10 15
254 355 82 83
459 137 16 46
160 358 98 125
130 152 78 82
297 352 123 143
305 65 101 109
236 86 35 38
446 275 50 84
174 5 63 93
142 308 68 73
157 68 42 52
404 215 117 120
78 363 172 172
2 358 91 147
192 445 90 152
75 173 106 106
268 208 12 29
269 301 75 82
321 89 3 12
480 417 1 2
106 139 99 122
24 445 45 62
240 235 102 108
406 177 8 10
27 162 97 126
423 254 12 27
65 364 15 116
46 390 65 137
180 132 26 109
293 103 101 122
167 39 99 139
385 491 24 31
482 479 13 20
424 363 14 44
217 421 106 123
40 254 88 136
249 235 21 84
471 397 7 55
242 195 4 6
64 328 110 134
211 103 130 131
177 257 142 144
356 156 20 23
230 483 48 92
219 9 34 47
268 334 26 39
449 98 123 127
62 120 25 107
291 207 137 156
145 102 78 78
85 74 47 66
1 256 11 86
445 150 57 66
383 25 146 164
360 185 23 87
468 61 15 115
102 338 41 55
435 417 76 115
221 454 10 88
37 441 142 143
417 93 11 16
394 319 20 22
338 329 144 174
227 494 136 147
268 258 13 109
23 413 63 78
57 458 7 14
252 125 40 72
166 5 0 2
402 185 11 91
185 244 31 37
365 220 114 124
125 39 3 4
491 484 59 68
37 477 1 14
309 406 127 139
447 191 11 125
487 485 16 71
353 254 6 35
117 345 8 43
102 312 130 162
370 451 113 114
492 198 46 76
388 59 31 32
390 420 140 149
90 311 14 42
400 320 11 41
392 22 19 45
111 271 40 51
41 102 7 14
444 269 67 76
482 88 47 112
446 39 76 87
323 475 153 166
494 62 48 87
402 79 35 42
201 486 6 16
91 148 54 166
331 242 57 58
417 237 34 96
239 366 104 113
451 415 35 35
481 178 3 12
242 376 74 82
34 449 6 14
490 330 91 114
75 10 72 75
52 37 42 50
190 369 34 96
202 363 5 17
250 169 13 16
221 31 38 47
27 338 32 49
460 46 81 94
345 375 79 108
161 136 14 153
178 337 44 47
1 344 41 75
465 23 76 179
390 92 19 22
456 447 73 126
81 154 21 40
49 384 97 127
327 269 37 94
410 64 56 88
352 41 34 40
152 96 55 80
201 351 62 76
469 460 61 63
387 196 58 58
412 124 104 108
453 475 0 2
198 431 45 91
364 169 11 11
284 355 0 2
307 272 140 166
370 425 24 123
146 271 29 104
198 398 46 56
163 20 2 6
418 274 45 70
258 75 112 159
220 379 80 85
112 433 3 36
458 116 38 41
420 266 10 11
350 109 34 39
395 310 27 31
61 433 69 76
140 49 15 77
444 354 4 41
59 52 37 54
457 115 2 42
13 286 0 0
325 424 0 6
398 494 36 38
355 182 72 93
126 498 68 69
388 369 17 26
426 249 60 68
346 64 60 61
344 95 159 175
288 453 21 22
70 369 2 15
34 221 147 182
180 163 16 28
347 396 21 47
353 294 8 56
83 242 1 33
186 40 38 55
296 209 49 95
9 231 87 123
297 36 118 118
274 333 12 12
14 176 29 34
454 119 6 6
400 134 6 18
360 232 7 7
393 203 117 134
265 376 13 13
194 341 4 6
318 74 32 55
380 304 96 143
141 210 45 62
340 209 69 73
189 425 8 11
281 58 28 28
483 68 79 137
193 98 91 135
103 291 89 105
368 436 6 26
173 53 63 112
391 210 9 12
259 489 60 75
199 215 36 80
360 321 22 31
152 468 43 46
301 84 111 121
471 184 89 116
52 179 26 45
192 363 51 87
438 191 25 37
0 476 6 8
191 100 11 15
64 454 110 119
481 263 0 1
400 37 9 9
416 70 38 40
101 125 45 51
1 28 107 132
36 416 40 45
121 159 1 1
36 446 7 7
52 150 16 62
289 424 26 183
305 179 7 16
142 319 91 148
206 308 37 100
402 11 118 132
176 159 10 79
239 446 98 130
33 344 68 69
353 387 23 53
336 165 80 125
290 347 123 152
223 358 17 42
368 240 50 75
144 419 32 41
264 321 4 7
186 0 13 64
69 290 68 141
146 48 39 150
429 14 57 91
412 257 29 63
366 357 20 68
441 219 28 30
251 94 26 45
137 347 48 51
410 432 19 19
294 451 33 68
355 466 49 53
128 365 66 154
344 53 94 100
221 393 18 96
451 15 33 56
335 177 25 49
489 31 64 115
215 383 8 11
207 247 45 67
471 47 21 63
416 311 53 103
194 157 43 70
468 420 5 26
482 314 29 29
26 100 2 10
302 13 27 30
395 490 116 142
197 427 34 34
329 397 76 76
345 61 148 158
303 256 73 86
370 246 51 74
2 467 24 69
220 369 22 30
182 487 81 90
357 355 74 79
23 132 75 76
75 263 40 65
83 27 28 35
469 467 23 60
100 384 58 119
147 17 168 172
426 457 65 125
169 269 72 156
232 364 4 7
159 424 7 34
338 411 12 29
72 375 37 53
20 492 103 133
302 305 114 129
200 171 82 82
107 112 84 115
20 384 27 40
368 433 15 83
45 332 87 87
293 104 19 58
176 257 1 2
340 116 44 91
454 368 26 27
234 125 85 100
386 426 56 111
70 408 15 16
315 338 135 156
336 31 162 162
406 437 17 32
469 139 114 140
247 271 32 45
440 389 0 0
165 337 92 102
226 450 24 52
52 336 14 57
41 401 85 144
312 93 8 133
10 188 1 3
145 463 104 105
385 321 60 68
312 42 24 177
310 495 29 31
187 415 21 81
480 4 6 23
152 240 20 20
487 297 76 104
344 394 97 169
212 460 15 140
401 478 72 78
371 260 64 127
191 305 123 129
94 101 14 18
292 323 5 33
382 442 17 29
316 323 1 4
382 387 11 125
108 350 15 120
189 258 7 30
453 347 5 71
209 6 26 59
162 377 26 37
109 82 26 39
315 158 76 77
359 350 14 63
344 225 103 108
338 175 85 129
339 252 70 74
181 59 4 12
352 495 11 37
482 439 45 45
474 331 55 59
254 277 35 37
289 431 7 86
451 76 65 70
419 134 109 125
46 421 32 32
478 37 4 6
443 41 53 117
100 27 13 20
264 120 4 9
398 34 21 42
398 405 73 153
100 476 107 131
141 299 18 24
447 133 53 57
61 338 11 42
479 77 86 102
325 131 111 137
444 240 95 107
329 461 14 14
293 21 20 51
327 16 0 2
102 438 75 78
407 44 46 61
392 18 39 121
219 57 8 11
32 76 82 99
301 12 37 38
413 273 163 176
427 371 27 31
282 465 81 81
462 121 19 21
52 197 4 12
22 26 126 141
455 239 36 64
355 420 119 132
10 177 69 182
383 52 34 76
85 440 109 156
449 20 13 19
110 349 128 140
238 358 50 74
75 361 152 166
352 9 25 29
70 104 69 74
210 468 67 122
334 233 63 112
70 151 114 120
160 222 16 19
224 332 40 83
293 131 134 136
458 67 152 155
313 45 94 102
185 52 1 2
437 197 106 112
101 90 3 17
303 421 39 87
471 221 7 13
82 147 5 6
123 289 24 24
270 196 106 124
262 435 77 90
351 216 85 89
119 386 40 66
182 442 28 41
383 326 6 72
243 168 26 77
16 6 19 47
431 211 43 74
437 47 89 160
213 218 84 98
80 12 37 76
155 279 8 17
70 77 78 114
438 47 159 161
281 276 59 101
254 256 53 140
353 229 99 102
39 169 64 90
327 155 10 100
64 339 49 50
414 162 83 130
398 80 1 5
211 116 118 158
453 225 25 39
307 247 33 43
299 187 104 117
244 367 19 96
453 468 2 4
187 142 27 32
201 223 13 13
482 464 1 1
117 471 83 87
486 224 73 73
212 269 95 95
188 386 41 42
32 315 21 56
293 30 100 105
489 213 4 18
437 326 40 61
431 231 27 64
288 434 51 126
87 380 15 27
129 348 54 68
156 494 5 33
449 395 50 57
126 467 13 14
81 472 32 152
101 51 51 179
330 198 11 30
217 153 20 44
464 53 9 10
202 46 9 18
481 249 56 98
375 358 83 166
414 60 26 64
334 481 1 5
447 101 171 171
450 287 27 31
392 488 24 61
298 43 22 22
251 133 19 66
451 399 24 64
61 62 11 44
254 72 16 38
333 247 32 52
330 399 75 80
397 375 65 69
98 362 84 104
302 183 14 17
11 250 30 31
175 61 18 40
495 230 106 107
274 323 14 25
488 32 41 42
432 133 40 73
4 126 134 137
211 217 59 68
3 6 87 111
125 62 10 61
324 454 9 13
482 379 18 35
328 290 48 50
185 399 12 60
92 81 147 171
332 360 9 90
207 106 10 22
286 295 23 25
91 226 78 98
405 480 105 117
199 393 163 169
485 210 88 130
329 388 13 61
162 450 4 59
249 397 97 116
154 124 61 72
319 348 46 72
70 36 71 133
224 332 59 61
470 395 44 102
199 181 81 85
187 21 5 6
392 395 21 34
63 205 18 150
359 469 28 28
266 337 148 152
168 25 66 132
50 287 78 119
304 420 23 24
192 114 0 2
484 488 65 65
456 141 11 113
47 76 96 109
3 249 83 94
122 39 32 77
208 247 16 52
361 464 26 36
120 194 14 25
177 450 75 98
208 77 20 30
366 294 20 43
114 213 18 155
48 8 13 74
274 157 96 106
193 200 13 96
387 438 99 110
380 144 19 55
346 434 23 25
299 10 53 86
281 247 76 77
169 17 28 34
42 126 58 74
22 256 66 140
209 305 13 25
70 230 21 24
299 296 48 173
383 293 9 65
383 439 19 38
330 250 12 43
239 300 123 160
125 229 52 112
74 28 56 96
102 280 41 146
481 445 40 43
324 30 134 155
363 237 45 51
271 38 9 132
369 292 22 34
206 13 114 145
359 9 33 57
203 204 1 1
301 275 101 117
130 185 63 134
468 464 24 43
338 215 6 74
188 30 93 146
474 449 20 73
73 143 9 39
470 434 2 17
452 180 19 40
302 338 13 22
461 28 0 0
41 88 76 78
423 463 95 119
292 189 61 64
225 480 15 136
342 479 7 88
232 373 138 168
416 252 36 82
243 13 18 52
106 155 17 52
240 497 90 121
24 351 57 121
448 345 12 71
317 114 60 136
19 125 2 3
46 77 39 76
182 24 71 79
193 255 88 127
401 233 96 103
226 434 13 17
103 27 15 23
403 240 2 10
80 331 35 58
468 82 51 71
384 478 33 110
253 314 85 142
88 211 63 101
203 233 91 97
389 497 17 25
279 272 15 72
369 45 102 151
323 204 60 127
164 370 16 31
197 462 30 43
442 165 33 67
81 461 58 67
201 233 75 141
440 263 11 16
144 87 29 45
456 173 80 146
4 472 52 100
485 474 83 127
13 359 10 12
295 68 114 120
154 252 62 73
435 440 113 127
267 162 8 36
467 9 39 61
384 481 4 7
170 373 0 5
285 223 81 137
35 105 27 32
484 493 14 31
285 437 2 9
298 407 5 64
468 166 25 31
430 191 91 101
226 423 5 11
12 111 41 53
264 46 31 32
389 213 35 52
483 179 3 3
43 113 9 27
276 462 149 156
441 410 111 116
188 469 36 69
196 385 28 30
24 161 77 138
116 74 2 7
442 261 49 141
443 365 21 38
405 65 12 63
204 175 12 22
356 244 7 8
442 299 40 51
237 214 58 81
104 373 46 164
80 322 7 80
98 450 0 2
307 232 31 100
498 289 1 2
236 342 182 184
47 369 4 36
473 59 4 10
495 174 14 27
82 320 96 146
350 233 38 61
27 255 7 9
43 269 32 139
227 141 10 14
420 264 6 63
452 445 39 39
332 7 103 109
287 165 11 37
465 50 17 29
157 101 10 29
392 461 19 40
361 80 9 15
73 163 76 97
125 453 84 118
331 383 36 57
166 462 26 88
486 455 32 40
253 329 153 164
386 424 9 21
31 380 108 110
81 314 84 94
180 423 5 6
112 224 34 125
340 69 1 6
215 171 43 78
356 363 30 32
96 52 30 30
377 90 79 140
448 313 6 9
334 423 101 128
476 168 9 9
56 345 77 126
395 222 42 134
356 90 5 19
371 317 102 121
310 444 123 132
74 27 42 63
411 353 24 66
436 215 28 31
120 83 73 94
165 374 31 32
86 440 128 133
91 29 84 89
432 43 1 3
167 7 21 33
350 92 40 83
48 150 6 21
413 387 104 106
89 220 1 1
228 101 57 59
482 496 161 162
114 30 20 33
383 243 37 43
72 271 1 3
342 282 14 18
301 8 85 101
187 34 95 96
387 300 61 75
17 177 13 14
354 112 24 26
177 184 146 153
372 209 89 109
112 179 164 164
488 48 6 18
286 377 16 20
8 242 14 80
248 476 52 55
185 57 69 175
462 49 90 91
422 300 7 9
163 275 63 85
218 309 49 55
205 333 175 179
215 195 121 165
266 176 61 91
393 79 7 24
3 188 32 65
349 290 10 17
265 7 21 27
50 104 111 117
331 217 8 30
123 481 7 17
395 217 28 86
50 487 83 137
152 463 24 38
365 199 69 153
487 456 140 151
423 301 77 104
490 146 17 39
127 163 11 11
188 460 46 83
15 310 11 26
78 449 14 14
467 424 77 168
360 375 50 50
205 95 9 14
133 464 31 44
344 110 67 71
392 431 11 23
407 236 46 90
356 132 7 16
341 68 28 28
372 405 83 159
465 17 48 51
350 145 15 16
452 292 16 18
64 89 22 56
345 170 4 8
14 229 102 116
257 334 159 159
208 364 25 60
391 91 71 87
2 31 92 105
400 151 3 13
278 170 10 24
182 459 122 180
458 242 81 113
16 55 8 17
330 496 27 37
394 164 45 77
312 68 102 114
252 208 1 1
17 287 101 155
435 396 72 94
34 420 67 93
274 309 79 96
496 283 53 91
264 451 50 69
216 11 56 158
222 173 106 120
190 132 79 85
142 31 47 76
456 458 152 152
446 410 91 104
154 52 18 19
487 105 49 116
415 489 1 4
376 272 55 66
23 376 79 143
450 478 77 77
293 413 31 36
312 107 15 147
267 464 19 20
272 241 10 11
178 330 38 51
412 237 73 81
26 137 36 38
452 460 17 50
280 101 27 29
433 252 30 64
96 217 19 33
226 248 72 82
193 494 98 101
470 462 126 130
188 282 136 141
434 86 53 55
322 33 12 14
57 411 97 143
192 248 20 29
155 461 6 51
7 172 142 161
481 210 88 109
126 213 54 79
55 81 1 13
281 341 59 71
239 382 91 116
454 143 47 80
10 288 128 158
464 140 38 89
220 414 17 17
454 312 57 76
270 66 12 13
307 65 109 140
174 474 89 91
474 0 84 85
127 271 148 149
423 309 1 8
432 149 64 105
414 240 143 165
246 260 1 18
371 185 15 24
379 15 80 110
100 41 0 3
122 192 99 110
28 75 100 101
166 95 74 89
391 404 74 74
477 80 21 77
443 366 92 94
231 20 62 91
140 466 153 189
10 344 1 2
281 494 20 21
272 12 32 50
391 100 60 61
348 451 5 6
269 466 54 85
181 261 46 78
485 174 4 54
473 353 18 37
357 216 6 25
426 94 4 8
250 33 55 150
478 387 13 17
90 80 37 40
431 19 48 74
20 305 112 123
70 52 144 156
82 12 110 121
5 395 77 77
411 269 43 101
354 359 3 22
358 147 34 55
299 229 80 185
175 368 26 88
92 330 138 158
412 356 111 129
110 2 20 21
442 481 32 60
459 338 80 91
433 442 29 30
92 448 69 178
213 89 25 30
313 104 18 20
343 53 18 20
190 51 23 75
147 315 119 134
416 10 50 53
111 155 58 60
385 79 24 45
428 104 41 53
411 75 105 136
151 78 15 86
277 355 3 3
90 166 46 54
468 96 76 105
419 220 85 85
304 119 113 135
306 123 7 7
496 346 4 5
168 32 3 9
125 378 72 81
153 218 23 35
81 16 35 77
64 30 63 78
113 400 87 104
394 260 103 103
331 73 21 69
353 376 22 27
248 127 125 129
338 200 8 8
373 143 42 47
144 258 148 149
244 176 126 139
163 390 74 96
127 349 37 42
344 472 56 57
237 147 21 23
458 485 34 37
140 336 69 129
318 130 128 144
245 250 48 55
425 83 54 74
76 303 16 39
358 351 11 24
84 226 30 121
73 417 27 28
327 108 9 29
460 159 49 74
47 391 39 96
43 433 18 21
180 469 8 11
369 111 32 59
233 161 34 54
80 1 111 133
477 296 28 29
52 161 67 143
443 207 4 6
84 446 32 140
355 443 27 188
313 373 66 74
61 8 76 94
215 26 14 22
356 439 90 95
8 100 47 142
225 326 6 20
362 15 53 94
322 39 7 32
205 335 71 80
102 92 23 24
388 33 36 37
314 182 119 165
1 284 61 66
16 303 3 13
355 485 30 46
328 211 32 68
43 84 153 177
457 243 111 165
259 96 13 22
213 483 92 116
395 291 4 5
42 476 8 12
378 355 106 133
381 355 6 48
144 103 88 103
25 214 17 50
237 379 97 133
208 180 34 96
405 57 126 175
291 160 11 47
117 152 12 13
390 285 21 39
122 136 47 47
481 46 9 17
217 87 17 36
128 486 89 113
275 95 116 133
319 11 63 137
78 286 174 182
316 126 43 52
138 465 4 23
259 263 29 58
256 68 24 102
211 459 109 120
385 468 49 123
332 214 24 82
403 283 147 150
283 200 149 169
282 35 52 59
142 218 45 45
127 87 17 142
93 81 10 24
19 293 78 83
91 178 69 75
74 124 125 144
468 41 62 93
417 332 52 65
91 141 86 123
245 71 110 159
57 191 9 33
228 332 52 79
156 355 6 17
4 243 105 148
29 129 15 56
227 484 18 27
402 5 48 56
295 488 18 90
301 276 14 24
229 36 168 171
76 19 9 51
289 97 40 76
318 128 28 121
281 106 15 18
389 208 18 64
61 477 44 144
266 274 86 92
57 277 123 137
184 340 68 122
424 214 37 86
218 482 60 111
472 100 23 40
424 220 106 106
440 268 60 123
384 4 29 70
320 450 122 130
399 452 4 8
214 134 7 10
40 64 34 34
387 330 36 52
372 370 89 105
425 63 3 4
54 80 36 151
370 118 128 139
102 340 86 91
272 196 74 75
132 223 34 61
308 386 74 131
234 365 36 133
83 341 19 23
253 12 112 138
452 170 5 5
360 161 2 14
352 9 1 5
102 57 80 155
466 25 10 24
206 105 16 24
210 283 99 145
493 24 70 139
343 304 85 121
457 420 7 10
297 435 73 78
318 251 17 24
362 163 9 16
288 21 17 17
374 256 162 168
337 240 15 15
233 245 92 92
256 431 82 145
47 150 21 23
275 49 45 118
454 188 15 84
340 192 23 40
118 484 33 39
34 288 82 117
488 151 51 87
75 227 26 34
383 480 1 2
236 18 85 88
202 450 5 18
121 226 34 34
173 16 100 120
324 128 5 32
450 466 10 11
155 334 58 115
6 462 25 38
46 15 6 115
164 460 9 26
310 106 17 17
251 345 6 6
360 244 41 53
149 468 19 26
393 174 20 78
148 31 51 57
417 206 53 54
289 206 20 28
373 144 9 14
302 331 24 26
178 387 64 69
136 349 105 152
233 286 40 96
483 405 81 189
64 452 1 13
394 115 24 24
141 101 12 18
472 153 38 40
433 455 28 39
392 74 119 119
490 111 141 158
183 104 100 107
110 348 7 9
66 281 43 49
266 383 7 39
174 99 48 52
149 111 78 98
300 296 95 153
381 214 26 45
142 162 54 63
198 161 22 37
39 467 116 116
356 195 89 95
297 304 3 3
138 215 46 111
330 454 121 136
272 68 30 112
121 184 91 93
9 10 88 89
46 220 109 138
2 11 87 126
369 230 13 14
443 277 7 8
276 367 61 70
266 275 11 12
275 118 99 130
0 187 66 66
54 433 24 68
153 301 21 30
233 100 5 7
144 209 39 39
97 80 42 73
