500 5000
0 1 90 124
1 2 66 77
2 3 21 23
3 4 17 27
4 5 56 65
5 6 57 74
6 7 57 70
7 8 34 45
8 9 3 6
9 10 51 64
10 11 85 95
11 12 62 68
12 13 2 4
13 14 42 42
14 15 7 11
15 16 74 87
16 17 6 8
17 18 9 10
18 19 56 92
19 20 35 53
20 21 46 50
21 22 19 20
22 23 48 50
23 24 52 57
24 25 62 66
25 26 73 77
26 27 6 11
27 28 25 31
28 29 56 58
29 30 86 90
30 31 2 4
31 32 39 50
32 33 78 79
33 34 44 46
34 35 95 100
35 36 57 61
36 37 60 69
37 38 81 84
38 39 24 24
39 40 45 49
40 41 104 105
41 42 110 114
42 43 82 101
43 44 114 117
44 45 74 78
45 46 42 49
46 47 86 86
47 48 46 69
48 49 20 21
49 50 56 76
50 51 47 50
51 52 52 62
52 53 50 78
53 54 34 39
54 55 15 19
55 56 31 46
56 57 11 13
57 58 75 125
58 59 78 83
59 60 97 101
60 61 63 87
61 62 43 60
62 63 80 87
63 64 16 20
64 65 23 39
65 66 83 84
66 67 6 6
67 68 49 61
68 69 2 2
69 70 61 75
70 71 27 28
71 72 64 84
72 73 10 17
73 74 84 87
74 75 50 61
75 76 65 93
76 77 82 83
77 78 91 114
78 79 81 88
79 80 44 45
80 81 27 29
81 82 40 47
82 83 8 9
83 84 64 86
84 85 69 82
85 86 22 24
86 87 30 41
87 88 65 65
88 89 63 69
89 90 5 5
90 91 42 67
91 92 29 29
92 93 56 63
93 94 79 98
94 95 60 69
95 96 71 102
96 97 117 122
97 98 47 50
98 99 2 4
99 100 72 74
100 101 7 10
101 102 91 91
102 103 33 35
103 104 72 87
104 105 118 123
105 106 24 27
106 107 44 54
107 108 13 14
108 109 43 47
109 110 122 122
110 111 48 63
111 112 41 62
112 113 36 36
113 114 97 105
114 115 53 62
115 116 66 71
116 117 108 111
117 118 53 53
118 119 65 71
119 120 19 21
120 121 66 88
121 122 9 9
122 123 53 76
123 124 21 22
124 125 47 48
125 126 27 29
126 127 3 4
127 128 23 23
128 129 27 32
129 130 27 28
130 131 53 60
131 132 129 130
132 133 34 37
133 134 55 94
134 135 78 80
135 136 33 48
136 137 10 11
137 138 16 19
138 139 99 105
139 140 70 74
140 141 6 7
141 142 28 35
142 143 46 51
143 144 52 87
144 145 72 126
145 146 32 51
146 147 27 37
147 148 23 23
148 149 53 63
149 150 44 49
150 151 55 67
151 152 28 28
152 153 70 75
153 154 2 2
154 155 19 20
155 156 105 107
156 157 80 126
157 158 80 88
158 159 65 65
159 160 107 114
160 161 26 31
161 162 50 53
162 163 96 117
163 164 58 64
164 165 74 111
165 166 5 9
166 167 62 63
167 168 56 72
168 169 65 77
169 170 1 1
170 171 82 103
171 172 116 116
172 173 69 71
173 174 85 103
174 175 3 3
175 176 41 47
176 177 16 18
177 178 34 36
178 179 37 59
179 180 9 10
180 181 69 70
181 182 6 6
182 183 95 97
183 184 15 20
184 185 19 20
185 186 37 37
186 187 1 3
187 188 31 35
188 189 89 111
189 190 45 46
190 191 69 81
191 192 26 42
192 193 114 123
193 194 28 31
194 195 115 116
195 196 113 116
196 197 30 42
197 198 8 13
198 199 106 124
199 200 62 63
200 201 105 108
201 202 21 22
202 203 98 98
203 204 60 72
204 205 16 18
205 206 50 53
206 207 76 76
207 208 52 58
208 209 102 106
209 210 16 16
210 211 27 34
211 212 99 99
212 213 71 87
213 214 58 61
214 215 20 31
215 216 52 52
216 217 65 90
217 218 127 131
218 219 66 68
219 220 62 87
220 221 9 9
221 222 19 24
222 223 23 39
223 224 79 84
224 225 84 94
225 226 7 7
226 227 60 75
227 228 17 17
228 229 25 25
229 230 53 56
230 231 42 49
231 232 89 98
232 233 92 98
233 234 10 10
234 235 58 77
235 236 20 21
236 237 56 104
237 238 53 56
238 239 0 0
239 240 37 41
240 241 42 47
241 242 102 107
242 243 25 29
243 244 45 50
244 245 13 14
245 246 41 41
246 247 24 24
247 248 67 68
248 249 63 68
249 250 13 14
250 251 69 121
251 252 85 86
252 253 42 46
253 254 83 83
254 255 6 6
255 256 104 106
256 257 88 98
257 258 11 12
258 259 46 62
259 260 82 96
260 261 108 109
261 262 62 62
262 263 61 68
263 264 1 2
264 265 46 46
265 266 53 60
266 267 59 65
267 268 76 86
268 269 45 49
269 270 14 14
270 271 69 84
271 272 40 42
272 273 20 23
273 274 75 79
274 275 95 96
275 276 32 36
276 277 75 87
277 278 14 14
278 279 62 68
279 280 42 42
280 281 76 81
281 282 84 88
282 283 51 57
283 284 26 26
284 285 67 78
285 286 66 69
286 287 72 90
287 288 60 61
288 289 76 77
289 290 59 59
290 291 17 20
291 292 61 61
292 293 85 86
293 294 11 15
294 295 50 65
295 296 38 61
296 297 4 6
297 298 3 4
298 299 35 35
299 300 58 68
300 301 92 101
301 302 76 76
302 303 28 31
303 304 52 54
304 305 68 91
305 306 59 78
306 307 89 108
307 308 5 10
308 309 11 15
309 310 38 40
310 311 36 37
311 312 57 58
312 313 72 80
313 314 46 61
314 315 21 27
315 316 33 37
316 317 102 102
317 318 21 29
318 319 83 114
319 320 57 57
320 321 74 78
321 322 13 16
322 323 72 85
323 324 55 93
324 325 61 76
325 326 79 84
326 327 69 78
327 328 103 118
328 329 5 5
329 330 28 31
330 331 20 36
331 332 15 15
332 333 2 2
333 334 20 27
334 335 3 4
335 336 37 47
336 337 52 62
337 338 76 76
338 339 37 38
339 340 4 4
340 341 107 112
341 342 52 52
342 343 37 40
343 344 71 73
344 345 53 54
345 346 98 112
346 347 107 121
347 348 47 51
348 349 74 80
349 350 63 94
350 351 3 4
351 352 110 115
352 353 53 62
353 354 4 4
354 355 94 108
355 356 83 112
356 357 54 57
357 358 12 15
358 359 40 40
359 360 11 11
360 361 21 33
361 362 68 85
362 363 35 36
363 364 92 102
364 365 123 125
365 366 5 5
366 367 13 14
367 368 16 19
368 369 8 11
369 370 30 40
370 371 87 121
371 372 9 13
372 373 68 95
373 374 60 69
374 375 29 37
375 376 82 108
376 377 21 23
377 378 84 91
378 379 60 65
379 380 39 60
380 381 27 33
381 382 88 94
382 383 32 32
383 384 78 91
384 385 40 45
385 386 52 71
386 387 60 68
387 388 29 31
388 389 53 90
389 390 91 104
390 391 65 93
391 392 1 1
392 393 55 68
393 394 35 41
394 395 60 61
395 396 21 21
396 397 39 48
397 398 32 36
398 399 2 3
399 400 74 78
400 401 23 24
401 402 52 53
402 403 24 36
403 404 102 104
404 405 98 110
405 406 108 108
406 407 11 15
407 408 67 92
408 409 15 20
409 410 22 25
410 411 33 54
411 412 3 3
412 413 48 50
413 414 105 113
414 415 9 11
415 416 63 90
416 417 57 58
417 418 40 53
418 419 6 7
419 420 41 41
420 421 31 48
421 422 16 24
422 423 63 100
423 424 72 105
424 425 18 22
425 426 27 34
426 427 19 37
427 428 36 41
428 429 63 73
429 430 49 55
430 431 64 86
431 432 76 92
432 433 40 50
433 434 4 4
434 435 96 106
435 436 34 46
436 437 28 30
437 438 25 41
438 439 63 63
439 440 34 52
440 441 84 97
441 442 32 50
442 443 58 59
443 444 20 25
444 445 104 107
445 446 101 106
446 447 30 32
447 448 77 80
448 449 77 81
449 450 25 36
450 451 55 85
451 452 54 63
452 453 67 69
453 454 49 50
454 455 10 12
455 456 6 6
456 457 72 76
457 458 64 79
458 459 51 69
459 460 34 46
460 461 63 103
461 462 38 42
462 463 54 85
463 464 71 96
464 465 81 86
465 466 20 23
466 467 91 92
467 468 62 89
468 469 2 3
469 470 9 14
470 471 125 125
471 472 5 8
472 473 54 54
473 474 74 79
474 475 33 34
475 476 50 63
476 477 18 19
477 478 85 88
478 479 66 74
479 480 47 51
480 481 12 19
481 482 108 115
482 483 38 44
483 484 45 47
484 485 39 52
485 486 87 96
486 487 65 76
487 488 33 60
488 489 27 28
489 490 68 96
490 491 101 127
491 492 56 58
492 493 67 71
493 494 27 43
494 495 67 68
495 496 47 49
496 497 121 123
497 498 98 101
498 499 6 7
499 0 26 28
368 102 19 26
423 11 76 92
79 444 47 50
334 220 53 83
133 359 80 82
426 261 71 97
284 402 25 25
291 166 43 55
481 20 23 23
44 71 60 90
299 209 86 97
420 339 78 92
115 376 10 13
159 292 21 21
359 24 63 64
29 412 30 38
268 457 19 20
427 106 2 4
480 145 73 91
143 446 71 71
467 170 41 43
81 402 5 5
309 249 31 31
367 44 32 34
5 172 57 66
353 387 33 55
431 203 63 72
497 453 26 27
413 467 75 99
128 53 51 58
150 435 103 104
29 244 30 50
58 212 15 15
424 475 66 67
338 213 21 21
322 171 26 30
438 358 98 99
404 60 7 8
367 220 54 102
284 96 0 2
388 423 52 55
439 6 103 112
436 267 77 88
384 359 74 91
352 143 8 10
34 111 28 31
426 85 1 1
358 277 63 93
331 467 71 71
392 2 73 93
70 376 7 10
430 487 42 42
405 184 99 102
324 473 54 71
259 342 22 24
64 385 51 51
244 287 33 40
362 166 77 90
271 283 63 66
123 250 51 66
172 181 66 114
252 489 61 79
394 482 70 73
191 322 16 30
64 163 46 52
148 309 95 108
446 298 17 21
191 276 97 97
26 217 34 41
415 278 45 49
309 331 67 74
243 53 80 83
114 200 105 111
256 69 40 44
38 110 47 55
485 267 91 96
7 432 9 11
362 217 25 32
274 55 53 59
355 212 55 61
63 363 74 74
86 349 73 84
158 73 86 89
124 364 61 80
47 231 100 103
493 235 86 103
466 193 115 119
445 3 56 56
355 47 77 116
482 83 95 100
95 205 76 112
442 413 80 80
173 83 2 2
88 235 51 56
452 99 25 34
474 126 23 27
133 48 31 42
264 285 31 42
310 335 33 38
65 22 61 103
83 132 98 110
448 31 12 14
280 429 49 55
87 93 28 40
217 299 19 27
215 178 88 91
115 137 90 98
36 278 27 27
243 124 76 94
128 113 108 112
353 189 30 38
306 174 79 79
19 256 41 41
129 159 21 21
32 163 18 23
239 357 59 60
108 424 4 6
255 239 58 92
46 162 48 58
487 477 36 43
440 397 60 73
11 313 51 54
36 418 17 17
42 353 107 117
381 324 82 92
89 402 54 84
54 103 90 107
306 176 1 2
254 497 27 29
209 303 43 54
358 462 39 39
494 130 31 33
374 240 90 90
114 39 86 117
399 498 97 101
132 286 71 116
248 21 31 33
464 498 15 20
289 134 87 90
315 237 16 17
410 432 69 73
199 4 83 88
180 340 47 62
411 25 79 89
4 281 60 71
108 490 19 22
52 54 44 64
339 34 69 115
9 416 2 3
174 306 47 63
157 473 33 48
348 289 13 23
67 363 112 120
487 272 27 43
243 269 109 110
181 2 31 51
108 386 16 20
13 371 70 124
136 299 90 90
51 69 75 101
5 180 47 56
96 288 48 51
14 123 39 46
416 481 41 46
484 142 71 95
257 164 47 53
182 357 43 49
158 217 42 49
339 66 98 105
301 302 12 24
267 222 96 98
276 30 90 107
176 275 21 27
283 443 102 105
191 185 21 24
398 415 62 63
213 278 2 3
145 91 35 37
467 270 126 127
50 439 61 62
226 180 19 23
65 107 78 91
83 182 19 19
59 401 94 103
276 419 89 105
205 346 104 106
318 418 43 47
198 103 23 27
392 322 22 25
221 108 94 95
469 229 65 106
370 70 24 25
248 420 56 58
201 321 60 78
73 309 64 68
483 333 25 30
39 170 33 49
277 288 113 114
9 284 92 97
487 397 77 85
395 483 3 3
198 306 82 109
492 490 86 104
380 21 46 46
398 138 40 47
317 89 46 47
387 266 117 124
377 333 0 1
238 110 65 75
44 259 45 47
124 55 42 50
464 87 23 32
127 27 23 28
23 90 58 67
354 198 91 94
238 252 61 71
207 251 85 90
16 88 84 87
419 454 2 3
32 59 49 53
111 6 53 55
423 91 45 45
67 263 25 31
337 364 47 53
184 466 6 8
20 489 73 82
13 256 51 53
283 314 8 14
393 425 53 65
133 48 39 41
146 208 4 4
73 91 53 57
390 490 25 27
159 496 11 19
452 335 35 38
70 35 56 72
225 456 15 16
310 48 35 41
268 359 59 60
460 317 21 33
411 113 48 49
6 437 11 11
103 403 65 79
424 219 33 34
273 403 8 8
157 269 31 31
408 394 108 111
304 167 65 79
314 393 29 44
478 404 108 115
29 194 56 66
385 293 6 11
305 390 48 50
359 343 121 123
387 490 12 13
309 482 100 105
251 373 32 40
389 468 13 13
202 77 14 17
439 223 84 98
310 70 35 56
51 415 84 86
297 473 55 61
88 61 64 90
260 177 55 60
396 410 45 74
152 481 59 60
366 374 88 88
409 4 116 116
126 335 43 46
47 162 61 68
143 330 16 16
12 178 102 105
415 32 53 56
265 52 80 91
192 379 45 49
211 434 53 61
20 361 16 27
287 276 50 70
198 178 25 38
187 251 40 48
318 209 70 70
380 189 86 92
20 176 123 124
252 276 29 33
433 59 61 68
324 449 25 25
59 378 16 18
377 34 20 25
191 325 93 101
30 343 21 21
96 102 75 95
105 371 16 16
423 142 36 36
203 168 34 39
34 217 48 51
402 99 11 11
325 415 7 10
252 215 31 31
111 385 25 25
363 282 63 67
216 429 59 93
164 295 46 49
431 300 102 105
314 470 76 91
197 452 119 121
211 398 52 65
491 252 61 75
230 219 6 7
225 268 28 28
381 227 16 20
116 267 7 9
476 5 117 118
201 53 36 45
59 420 82 90
181 472 24 39
239 80 60 82
294 334 77 106
488 164 81 83
163 179 48 51
87 330 52 60
107 55 10 10
448 113 80 87
280 113 70 91
273 16 93 112
401 39 18 19
266 29 79 101
341 196 48 57
271 246 58 60
373 446 75 80
373 296 68 76
330 46 95 98
431 430 59 81
289 427 64 99
87 135 37 38
245 328 5 6
0 276 2 6
239 390 98 130
154 387 44 49
453 309 32 40
100 400 4 8
272 419 53 73
201 317 23 35
241 13 54 57
414 401 76 82
336 236 38 45
258 194 84 84
159 333 57 86
88 120 23 27
354 6 76 83
274 5 7 8
151 95 66 77
450 429 42 49
465 339 7 7
427 402 41 41
158 192 113 114
87 166 102 104
192 121 26 26
232 418 0 1
497 335 78 87
82 397 56 64
123 238 77 101
60 77 62 77
235 110 34 34
391 128 102 104
438 304 37 39
398 455 38 42
58 52 41 41
408 481 41 57
393 311 93 93
211 322 40 43
418 236 23 38
290 479 37 48
53 458 10 11
196 192 13 15
498 160 14 26
442 424 18 25
400 394 5 9
203 221 68 70
480 331 60 61
388 404 0 0
261 75 13 13
216 377 12 15
405 496 21 21
402 203 7 8
143 31 42 50
329 106 75 86
157 495 30 32
179 286 44 44
37 97 28 28
391 360 10 10
162 77 64 88
107 361 77 81
262 14 88 105
409 313 76 76
358 282 11 16
183 18 42 45
204 274 12 16
172 399 74 78
310 180 76 83
150 193 8 11
40 181 41 42
104 136 45 81
142 144 100 100
156 390 43 43
65 290 20 28
112 19 49 50
303 97 68 109
439 343 78 94
273 58 47 79
237 407 29 29
236 27 61 71
467 426 51 55
308 252 127 127
138 217 80 84
327 156 78 101
390 285 28 30
43 369 92 94
185 353 94 108
490 143 68 72
93 226 45 56
396 210 19 26
340 160 24 32
303 274 75 75
84 92 35 39
362 168 4 6
370 164 44 46
319 432 90 113
366 130 45 45
83 251 22 25
137 264 29 48
78 192 43 58
61 475 6 12
225 416 15 18
275 95 43 49
376 84 20 20
109 336 64 74
311 468 3 3
385 20 16 16
324 250 42 46
49 156 9 16
103 194 37 61
72 329 78 84
33 83 69 75
82 469 30 33
298 94 86 90
90 318 61 80
254 143 18 26
389 257 42 56
140 416 89 98
404 324 50 71
49 235 108 114
315 51 56 82
328 434 2 4
259 86 21 27
343 424 75 97
216 193 4 6
476 416 82 111
197 399 63 78
225 347 45 49
297 316 1 1
489 410 86 94
139 107 39 46
490 194 51 53
19 244 40 65
370 65 55 87
421 461 45 49
329 336 39 56
259 382 86 87
404 445 93 117
74 60 102 116
254 390 67 68
110 406 45 46
182 220 17 17
207 407 8 9
93 409 66 80
337 422 33 46
341 236 1 1
69 472 60 77
139 402 100 117
265 473 69 116
105 225 2 2
377 497 111 111
181 175 33 37
283 146 92 105
57 20 81 84
250 124 78 96
298 304 71 92
285 306 11 11
51 422 23 24
73 291 29 30
200 30 7 9
41 189 19 23
156 358 75 94
379 181 24 26
418 444 14 15
103 265 15 19
48 205 66 79
434 92 84 123
18 496 91 91
39 303 54 66
356 165 124 124
334 311 5 5
84 358 111 113
190 385 82 98
155 496 67 94
5 273 16 30
470 352 23 27
337 97 40 57
110 240 23 27
37 435 104 109
485 479 16 21
486 14 33 33
484 231 76 84
8 351 70 116
359 268 31 32
370 61 8 12
239 389 19 27
200 305 13 23
441 23 78 87
349 378 90 109
165 407 96 99
399 208 6 9
53 24 10 11
1 76 39 52
476 393 42 58
452 175 6 6
405 48 66 78
109 310 39 40
328 81 44 44
260 481 70 95
489 351 37 48
299 191 48 50
73 14 65 76
431 493 112 114
392 200 39 55
218 215 92 104
38 295 43 74
438 336 113 120
412 422 113 114
52 57 57 74
31 34 84 93
222 210 36 44
43 417 117 120
192 268 100 103
464 371 63 77
151 9 52 53
224 117 60 60
344 130 57 58
432 389 96 129
185 95 80 118
463 492 116 119
63 310 56 58
91 228 53 74
242 398 23 25
73 292 13 15
286 471 64 71
305 379 74 74
165 288 73 91
376 298 24 25
418 430 36 39
205 456 48 69
175 261 63 98
444 36 61 64
383 320 34 40
33 118 93 116
291 173 73 95
136 212 42 63
220 320 89 91
59 246 68 88
493 41 47 67
345 58 60 60
419 454 67 79
426 451 99 105
209 147 37 39
253 318 87 89
104 159 65 71
197 430 12 12
471 323 65 72
13 300 22 22
307 335 63 89
246 385 13 13
422 365 16 17
148 312 17 27
80 495 49 67
166 436 16 20
448 475 42 64
465 124 8 11
296 5 54 71
189 209 2 3
149 118 73 88
80 205 91 91
209 367 45 58
75 200 30 33
468 129 59 67
219 489 6 7
175 272 50 62
174 494 40 45
87 142 54 55
450 411 11 12
154 274 35 49
324 254 5 6
246 323 57 79
498 432 41 49
174 372 38 38
100 386 27 32
325 374 94 101
464 64 16 16
297 495 99 106
201 111 33 34
209 417 25 37
370 348 12 13
107 437 34 34
198 219 42 50
250 424 51 86
45 58 101 125
71 233 13 16
493 316 5 10
427 96 76 82
407 85 67 106
32 411 55 78
55 380 54 98
263 367 40 40
313 172 74 75
32 101 74 94
302 97 14 14
48 234 77 98
176 193 28 35
132 316 29 37
466 58 77 96
373 363 48 71
462 411 41 57
351 39 19 20
299 404 29 37
92 260 72 73
159 298 27 37
394 178 78 80
367 33 16 17
305 41 26 26
396 209 15 15
324 453 64 88
329 334 56 69
362 163 1 2
48 0 66 70
230 356 64 72
261 12 98 100
152 127 83 91
166 498 29 32
332 32 90 94
460 391 67 112
86 326 52 53
252 4 76 83
143 14 55 57
333 167 17 25
282 378 2 5
384 336 64 83
228 20 10 13
348 380 14 15
450 8 56 60
455 203 113 120
283 45 96 96
184 469 43 57
252 486 12 21
100 214 78 106
54 74 44 71
111 330 41 42
152 412 104 121
60 366 9 10
288 382 44 47
30 231 62 69
255 376 13 15
364 28 86 102
180 201 24 29
308 263 35 50
284 100 4 6
471 253 36 41
167 317 45 57
112 314 37 37
321 49 6 9
174 220 56 59
8 288 37 40
76 416 4 6
444 217 4 5
351 6 22 29
190 211 118 118
39 391 87 108
376 478 49 53
344 86 26 28
199 238 40 55
470 5 62 68
272 432 71 75
125 465 53 73
213 276 51 55
369 345 45 68
80 434 19 20
420 418 43 44
56 338 69 84
175 70 66 69
332 368 16 20
398 233 23 23
191 5 39 43
301 428 27 29
397 84 22 23
260 234 91 110
128 141 49 76
352 58 74 78
198 317 22 32
214 202 114 115
256 251 77 97
60 120 33 34
261 234 26 33
90 158 16 17
402 356 9 13
130 341 34 49
400 64 69 117
23 70 19 21
142 473 53 58
283 303 2 3
375 155 110 114
474 226 46 52
36 34 87 90
489 126 94 97
13 262 68 76
201 425 96 97
16 201 46 55
497 315 55 62
214 60 81 85
444 335 27 28
449 176 51 81
135 390 43 45
55 478 31 39
493 341 70 82
304 450 80 87
168 219 110 111
108 41 65 77
298 358 1 3
374 302 117 118
336 349 78 78
118 260 43 46
326 164 66 70
4 451 49 58
193 217 38 49
428 11 64 92
2 57 57 57
402 491 33 36
172 250 62 65
168 364 23 24
140 145 97 106
94 346 50 58
243 54 89 97
332 43 38 44
27 322 124 129
489 423 19 26
134 324 26 26
333 185 11 11
63 424 99 102
230 303 38 45
333 428 37 40
300 373 31 34
491 29 65 69
465 75 47 53
130 98 115 122
147 288 12 14
68 475 44 46
152 394 81 96
207 3 40 48
246 326 62 74
6 295 25 32
95 353 16 20
53 446 82 88
189 495 90 103
70 98 44 48
381 490 44 65
201 404 7 10
407 380 39 42
282 332 38 39
492 187 63 84
310 282 30 40
373 474 28 28
364 288 70 90
215 462 36 36
67 280 78 83
364 235 26 32
230 196 61 109
301 372 23 28
449 43 88 89
224 433 61 83
242 387 40 41
250 23 11 14
480 417 114 121
93 340 93 93
31 260 2 2
422 318 51 60
377 309 55 58
397 162 69 82
170 306 62 66
264 168 60 67
339 242 35 44
268 69 52 53
485 9 42 44
312 250 100 104
31 269 10 11
440 418 73 83
24 308 121 121
98 393 36 38
398 49 56 78
138 472 118 131
319 355 38 38
381 383 10 13
333 24 34 35
320 456 78 80
4 349 65 79
422 65 82 101
235 277 42 43
287 418 2 3
47 95 103 105
378 134 105 110
279 262 89 98
93 336 62 67
95 294 95 109
211 186 92 98
132 309 15 16
324 248 47 51
35 352 13 20
272 14 67 101
80 219 9 9
277 104 20 20
223 468 68 94
92 161 91 99
36 312 21 34
132 108 70 111
426 407 90 99
124 23 38 65
424 4 33 41
456 402 69 79
75 440 63 63
351 70 61 66
450 496 77 91
166 76 83 105
247 143 31 35
225 68 26 29
147 381 97 99
417 125 83 84
4 195 49 60
284 25 25 30
353 288 78 80
44 320 74 87
194 19 103 104
328 225 41 50
315 393 111 114
263 320 10 11
367 444 74 74
350 194 82 86
14 385 33 63
103 144 28 32
345 467 89 91
250 6 29 32
147 328 62 89
325 280 46 56
213 174 39 41
146 227 20 24
462 444 123 123
486 192 55 88
379 143 49 63
184 26 122 123
488 379 105 118
399 318 62 68
260 461 13 15
4 467 72 75
344 37 114 116
234 294 50 51
469 304 70 83
250 229 5 11
427 120 39 53
283 367 11 12
473 167 36 36
389 347 61 71
382 240 101 104
485 353 93 109
215 375 67 73
32 270 40 45
402 494 70 86
356 33 22 22
15 408 89 91
461 27 4 6
4 393 50 50
344 95 8 8
294 437 22 30
173 488 35 57
159 424 48 51
227 190 1 1
374 208 64 69
96 137 17 20
378 346 30 30
256 175 46 48
490 327 38 40
286 19 15 16
326 94 54 62
478 183 48 49
233 426 9 10
202 466 43 49
48 3 31 35
416 20 3 4
386 277 35 38
331 452 53 63
223 250 109 110
161 188 108 118
408 317 82 105
415 45 65 115
444 353 3 4
363 249 4 6
334 343 76 103
47 70 77 78
158 375 70 72
345 169 16 20
395 494 38 41
120 298 13 14
259 493 79 81
15 224 46 66
156 351 9 11
106 464 23 42
435 479 64 75
261 192 42 56
452 153 31 33
300 467 29 41
336 352 116 118
105 230 40 42
354 181 72 94
93 182 51 58
217 225 63 76
316 78 53 69
380 436 49 52
396 138 51 55
393 120 35 35
255 125 19 21
166 279 49 68
343 20 76 87
123 190 45 76
47 271 51 53
148 26 108 109
123 187 35 43
257 237 28 29
225 396 38 40
253 7 103 106
244 64 59 89
10 177 34 35
457 138 74 80
324 183 42 57
477 293 5 8
7 194 1 2
315 16 74 77
28 120 7 14
169 209 76 85
256 178 2 3
82 447 38 44
458 291 80 89
98 194 75 80
469 365 21 27
303 190 3 3
156 25 47 55
397 417 9 11
32 364 63 63
130 221 120 121
434 239 38 49
10 361 74 85
318 145 37 40
352 215 0 2
143 268 56 105
78 314 30 30
47 265 40 48
109 326 37 44
135 402 46 53
355 423 40 46
193 228 27 32
392 457 81 91
63 188 18 20
84 331 86 93
88 195 46 55
410 243 84 84
306 416 86 99
235 269 25 29
229 70 59 65
123 210 85 85
471 95 113 121
446 70 31 32
227 415 10 18
66 231 95 96
384 470 34 35
417 67 61 73
135 236 61 89
473 126 12 16
347 440 17 26
469 307 8 11
91 27 3 4
56 320 58 58
272 412 55 65
372 145 116 118
78 177 51 62
164 285 91 111
486 19 103 103
100 148 53 59
241 150 94 96
418 465 81 96
34 124 15 21
344 120 53 94
4 282 40 40
296 22 92 95
211 421 74 74
148 204 2 4
334 82 84 117
198 27 27 43
323 293 42 47
461 468 68 68
256 490 54 65
319 105 15 15
478 215 50 69
66 388 15 29
83 289 63 92
267 280 31 32
474 16 59 60
297 349 43 55
371 194 70 71
180 89 64 66
3 95 59 80
133 399 66 86
194 384 36 41
472 103 22 36
150 465 39 42
208 380 11 17
268 214 67 78
449 231 93 100
375 146 94 99
139 332 44 51
498 11 105 105
167 163 55 68
181 272 10 17
284 312 42 42
208 219 2 4
343 202 70 88
325 241 42 43
413 444 11 18
260 453 60 70
261 476 57 62
331 197 11 20
323 88 7 9
343 117 96 98
151 51 49 53
237 123 50 69
410 83 40 53
279 246 50 50
104 50 17 18
81 226 37 40
342 116 88 91
474 167 111 119
333 323 114 116
340 247 2 4
475 20 66 82
354 19 24 25
269 438 34 37
220 258 96 99
362 269 94 95
205 346 66 69
286 89 94 98
95 73 34 34
365 36 61 73
376 412 31 50
79 56 11 11
85 238 2 2
415 78 29 43
91 354 18 18
118 216 126 127
184 167 2 2
152 454 7 10
423 24 43 47
102 323 38 53
51 257 71 72
80 401 44 50
92 34 73 87
162 184 73 116
300 234 49 75
213 30 51 57
64 494 5 8
241 325 67 94
49 439 37 47
185 442 83 92
162 473 25 27
425 454 115 120
406 460 95 96
199 129 50 51
274 167 16 16
62 65 47 60
333 241 115 120
301 408 77 102
142 82 4 4
166 3 23 23
38 444 88 105
52 430 70 75
370 482 80 123
15 110 51 55
461 203 67 69
112 323 9 16
291 18 61 76
389 439 79 81
359 390 81 86
471 24 32 41
141 233 13 15
348 443 12 18
39 124 50 52
327 64 22 38
226 20 73 99
191 376 52 53
180 247 6 8
31 226 17 22
20 168 69 88
170 175 74 77
154 175 4 7
450 33 34 42
342 409 39 56
75 162 86 103
424 4 109 122
92 218 110 110
42 489 107 110
353 420 80 90
143 21 95 112
363 44 86 99
352 304 79 80
153 418 4 5
133 485 65 69
113 127 29 34
81 324 86 97
276 125 39 43
307 182 19 23
481 475 25 38
3 446 5 6
451 436 93 95
26 146 79 93
480 124 43 43
422 388 46 48
261 366 71 77
57 61 104 104
7 61 7 9
222 446 64 104
443 422 24 35
351 100 33 36
101 250 24 25
93 248 104 104
486 268 86 107
65 334 60 75
238 243 90 102
490 211 99 102
395 321 50 59
309 453 39 51
143 242 2 6
51 338 19 21
135 73 52 53
481 235 66 117
268 480 53 57
57 363 9 11
114 1 96 106
175 307 72 74
31 400 60 63
346 203 9 14
103 101 19 25
14 145 119 123
468 103 91 93
271 69 75 85
272 469 3 4
429 282 39 40
92 233 63 63
135 313 30 32
187 376 15 20
227 367 7 8
167 338 36 38
285 308 58 63
134 444 12 13
164 371 60 62
87 1 29 42
90 249 94 99
357 34 84 85
354 484 9 10
103 29 41 61
119 397 41 57
190 123 66 74
342 486 17 25
282 91 57 92
158 34 36 36
440 251 65 99
41 260 58 89
383 171 39 39
201 299 54 55
23 283 94 102
77 153 68 69
163 204 66 77
357 476 9 10
365 447 6 11
19 201 59 61
471 436 86 91
391 165 62 62
475 481 27 27
20 34 14 15
456 206 34 42
387 5 41 43
455 227 9 11
472 110 52 53
487 82 52 76
184 389 5 6
195 25 1 2
179 131 33 44
199 232 70 104
156 155 77 113
189 178 42 57
47 205 61 88
48 302 54 59
352 5 69 74
460 174 67 112
13 368 18 21
259 106 61 71
52 149 26 30
340 479 76 88
331 230 26 28
252 447 92 92
92 199 68 86
327 39 59 60
29 98 48 50
434 471 89 99
245 290 7 11
455 52 86 105
0 362 73 97
458 310 85 94
408 413 83 92
132 57 35 43
251 482 86 87
33 177 11 12
147 296 56 71
222 445 101 105
253 184 36 43
54 175 59 60
428 62 87 102
64 73 76 92
411 226 13 15
202 378 116 117
224 118 2 3
486 47 39 43
203 3 53 57
27 208 99 102
105 197 6 8
233 69 56 59
26 143 6 6
150 126 41 46
361 303 90 91
383 312 43 63
438 377 93 97
374 439 78 94
375 186 20 21
397 378 12 17
83 186 48 52
406 213 8 12
152 26 50 64
366 198 38 54
106 365 16 16
103 22 12 14
224 321 60 62
372 360 19 22
41 212 86 95
285 9 41 42
84 30 4 4
258 243 62 72
85 188 82 104
401 304 16 23
308 213 110 113
28 407 20 20
491 28 50 56
305 164 28 31
447 414 23 25
410 346 27 28
48 306 33 33
447 308 44 53
359 262 35 47
216 440 86 117
466 10 13 19
0 81 117 120
484 464 25 25
481 170 47 50
60 201 78 99
250 139 99 102
376 41 23 24
31 80 6 8
139 15 6 8
239 388 64 65
267 15 7 7
471 328 48 48
223 78 47 48
413 94 80 85
293 34 21 21
333 49 96 102
399 164 17 30
18 278 5 7
135 234 90 90
185 32 6 7
352 124 53 67
302 249 18 19
274 316 29 34
152 73 87 126
238 105 103 103
435 4 70 75
108 155 2 3
28 211 23 30
130 21 49 57
192 180 57 87
46 486 67 77
267 490 21 25
141 396 6 8
95 118 78 95
146 258 68 76
242 280 26 33
337 444 4 4
176 139 89 101
280 458 39 40
42 137 76 82
350 269 95 99
25 86 26 34
353 1 78 84
4 170 62 62
288 461 29 52
382 462 6 8
437 32 48 76
402 163 92 108
220 184 54 59
338 295 68 77
302 316 84 87
151 35 19 23
406 411 81 84
326 313 59 63
180 118 25 35
269 381 77 94
143 359 74 127
391 193 71 75
492 259 47 72
261 124 45 49
31 160 51 53
136 438 12 13
23 420 1 1
187 487 110 111
64 239 68 71
376 274 61 61
174 279 39 47
247 214 78 98
477 399 52 52
303 33 17 17
175 432 24 33
409 43 13 14
447 197 98 99
11 475 78 98
236 369 86 89
218 204 7 8
135 115 56 58
139 71 10 11
244 204 65 71
302 493 74 75
231 268 4 6
260 169 90 94
171 254 43 46
457 5 33 39
457 232 74 74
146 441 2 3
367 476 49 55
46 178 61 73
277 100 77 81
381 387 0 0
257 180 33 35
27 190 44 49
105 45 33 37
185 156 28 37
159 19 10 12
328 253 27 28
128 437 95 105
472 181 90 95
21 421 61 81
270 29 83 86
159 34 97 118
452 477 98 99
438 281 35 56
2 290 51 66
467 28 80 85
207 62 1 2
281 125 3 4
263 486 7 9
378 382 68 76
106 381 54 56
84 312 73 114
485 425 112 116
116 1 52 52
432 410 54 57
159 299 78 113
130 39 66 92
249 182 3 4
107 482 19 30
106 314 100 100
111 336 84 104
104 54 31 32
445 370 14 19
260 394 18 25
76 259 17 19
258 75 57 64
308 214 52 66
22 168 40 43
31 113 25 29
425 28 10 13
377 309 45 61
486 208 9 14
449 14 46 72
230 428 34 61
187 421 18 22
478 294 15 16
370 110 18 25
404 342 55 64
370 218 23 26
342 134 36 39
234 325 90 112
345 37 56 56
173 303 104 107
212 330 39 41
352 259 38 39
295 188 64 67
4 72 4 4
491 189 54 61
431 497 54 55
27 256 25 34
54 129 76 77
388 222 92 94
264 476 89 94
211 341 17 24
261 108 69 106
378 144 94 121
25 402 99 102
274 65 20 23
89 54 22 22
158 96 53 53
372 334 51 53
241 29 57 58
253 257 67 78
193 130 45 52
398 30 91 109
195 50 55 76
137 496 23 25
328 25 52 57
115 424 51 71
269 382 48 55
376 13 31 32
185 124 10 11
435 308 44 53
36 26 73 75
365 29 10 11
485 172 87 94
286 5 21 34
375 188 15 18
119 425 90 90
402 365 48 56
324 27 42 51
296 144 48 58
413 14 66 66
72 179 119 124
248 418 75 78
449 376 114 114
324 98 38 46
290 437 88 89
85 237 16 17
170 160 89 103
279 352 66 93
484 163 95 111
242 38 48 74
199 2 24 41
369 75 18 30
265 495 6 6
264 458 20 21
490 326 90 112
97 75 16 27
90 205 2 4
316 35 80 80
69 311 53 67
470 327 2 3
390 435 91 114
326 177 85 88
130 295 6 7
34 284 29 31
176 298 56 57
14 156 88 94
255 436 42 60
52 185 84 85
62 200 26 35
374 179 7 7
364 351 49 64
41 473 39 45
370 415 12 14
91 346 67 68
497 230 68 84
23 4 4 5
245 314 79 82
485 108 10 18
96 315 95 96
360 104 19 23
276 40 121 126
235 76 34 36
89 297 24 33
178 127 73 92
251 285 69 70
228 251 23 24
51 59 71 110
363 487 70 88
226 298 60 64
40 34 83 94
191 413 3 4
407 260 11 14
234 44 33 36
169 56 18 33
32 182 37 55
44 4 18 20
383 209 86 88
284 442 18 19
404 166 23 27
463 263 124 127
226 233 93 101
103 136 62 71
176 139 123 124
310 476 30 34
207 411 62 62
23 215 25 25
328 423 59 66
91 77 6 7
306 357 24 30
92 116 5 5
274 346 101 107
115 122 80 93
259 401 86 89
405 97 69 88
494 35 2 3
494 451 57 58
15 356 82 88
74 122 23 24
143 345 85 86
408 177 40 47
186 65 79 84
444 177 49 55
244 33 120 120
318 435 6 8
318 74 59 85
39 279 80 110
369 91 80 121
405 138 10 13
319 196 88 95
52 270 73 75
323 402 64 65
68 120 21 33
409 319 45 73
34 62 101 109
284 359 82 122
214 465 83 99
12 92 106 120
378 467 17 19
178 80 70 112
372 6 9 14
469 68 35 37
497 298 116 122
52 495 30 38
450 434 50 76
163 89 60 108
89 180 10 12
61 419 70 78
483 342 20 26
378 8 10 15
278 99 22 25
165 412 78 89
296 36 95 103
346 261 16 19
262 118 33 47
13 347 94 95
445 16 10 10
94 16 22 27
57 8 74 94
119 324 87 96
439 85 47 50
413 364 68 82
332 28 29 29
67 328 67 82
15 67 60 88
433 185 88 93
397 31 27 33
349 319 86 93
37 250 41 41
189 66 88 106
394 448 18 25
253 366 40 41
9 336 81 98
475 144 96 97
193 30 63 74
225 253 33 45
48 191 53 55
215 182 61 73
327 419 16 18
1 150 49 71
387 66 51 63
482 140 36 42
38 68 6 8
316 37 38 41
117 40 108 109
330 344 25 29
330 425 44 44
408 473 18 21
159 55 53 79
333 106 81 102
31 436 101 105
66 230 69 78
135 77 60 73
295 366 85 129
139 57 31 31
77 279 5 8
452 267 5 7
423 255 22 23
378 208 27 32
170 442 110 121
41 370 87 115
116 363 51 69
369 213 75 81
182 184 40 40
332 340 15 24
302 305 55 65
365 392 78 79
138 450 63 64
294 73 54 56
56 391 35 45
229 455 7 7
203 238 30 30
298 357 53 100
55 128 24 27
391 419 22 23
329 148 67 76
385 134 39 51
431 118 11 12
243 242 52 63
223 137 25 26
370 26 63 77
473 479 12 14
413 236 3 3
466 187 102 106
212 119 51 64
253 391 41 45
54 162 28 37
79 158 32 34
204 416 32 42
424 256 36 39
351 92 66 66
112 482 17 19
233 10 73 75
37 442 18 24
359 53 29 33
259 174 43 63
206 335 12 24
456 206 47 54
305 229 88 88
407 139 112 123
388 399 72 116
167 441 15 23
145 390 34 41
449 249 42 44
325 41 59 89
216 477 79 124
277 160 58 65
491 278 1 2
479 340 84 87
90 105 69 81
450 216 26 29
360 62 80 86
362 36 101 117
486 439 31 39
495 439 76 89
432 277 7 12
401 231 10 11
312 180 64 79
144 21 43 63
96 167 108 118
403 463 91 95
304 339 98 100
413 446 4 5
283 460 124 125
469 121 27 36
174 224 99 99
389 496 81 89
190 465 44 51
346 254 4 5
486 13 53 63
483 51 30 50
385 435 56 72
392 56 67 87
220 345 38 46
337 341 48 69
182 143 15 15
348 114 31 49
174 103 64 75
409 252 10 11
461 455 37 38
398 205 37 42
95 314 3 5
429 416 80 81
96 330 10 12
492 165 50 51
496 68 54 65
227 377 73 73
170 413 83 101
498 384 50 54
339 288 93 98
159 476 91 99
52 261 30 35
496 128 46 51
346 73 9 10
307 251 63 66
342 430 13 16
426 326 6 8
263 291 27 28
115 396 93 97
383 284 78 100
340 299 14 15
393 337 66 88
120 387 1 2
365 343 14 19
389 51 40 44
80 43 40 43
210 401 2 4
74 277 52 60
371 252 23 27
482 450 81 85
487 204 6 7
367 350 64 78
455 48 73 81
426 243 96 100
141 119 42 51
141 205 45 52
108 181 94 116
298 241 50 51
431 4 29 33
224 80 31 41
137 124 108 112
62 12 54 61
266 456 70 110
146 344 68 100
264 144 73 73
338 404 92 104
197 57 58 61
200 391 119 123
10 222 50 50
54 304 44 54
401 298 17 19
443 84 62 81
334 26 41 42
108 231 82 85
85 497 15 21
57 375 16 26
99 321 83 85
86 353 34 44
303 277 100 100
452 44 4 5
457 34 78 79
214 59 16 19
291 442 93 119
373 186 5 6
162 78 17 20
156 439 31 46
492 7 51 64
313 318 11 13
267 233 28 35
41 339 70 114
148 243 3 4
448 89 81 86
1 299 39 40
374 123 75 90
45 62 1 3
78 94 81 86
411 222 68 76
83 81 36 36
330 133 39 39
208 442 75 75
462 38 61 71
338 468 94 94
422 227 110 125
266 60 4 5
49 389 15 15
133 362 76 76
438 123 106 108
304 194 78 109
440 135 40 49
130 252 10 12
34 76 44 52
79 129 50 63
227 397 116 116
52 78 53 78
154 483 30 32
229 405 34 63
304 348 24 28
366 141 70 71
302 293 83 101
309 261 81 112
294 17 20 24
80 145 22 25
109 392 87 88
201 342 28 29
480 393 95 105
431 433 44 53
239 319 3 4
122 417 39 42
225 245 44 58
317 0 57 61
76 402 29 38
314 208 107 108
170 150 10 15
33 91 54 67
248 385 50 56
235 48 40 58
112 283 95 97
351 390 30 47
101 269 1 1
11 242 104 104
43 93 38 45
26 470 9 15
209 268 71 72
272 417 11 14
429 324 28 39
292 219 70 89
322 386 42 47
289 92 13 20
220 68 62 76
128 484 59 109
280 244 68 69
70 45 3 3
148 420 13 20
487 450 73 114
354 52 83 93
273 102 77 80
286 451 77 114
40 180 23 23
269 96 50 51
59 44 18 19
310 191 110 127
49 21 88 105
352 167 49 49
205 14 47 71
151 439 79 79
286 190 41 48
456 264 24 24
17 302 6 6
219 45 107 108
491 45 62 69
149 45 4 8
309 402 76 79
189 240 57 81
160 405 15 15
287 307 62 86
392 25 86 123
82 244 57 67
263 160 90 117
196 496 84 101
18 153 85 93
271 267 21 23
7 279 40 54
10 131 49 55
258 443 31 31
111 146 12 14
231 346 23 28
467 97 22 33
33 263 2 3
490 115 106 121
323 218 7 12
495 175 33 38
456 249 54 90
387 271 27 36
304 212 70 114
432 122 9 11
410 319 49 59
256 10 43 53
136 190 93 100
244 172 8 15
461 164 60 90
103 436 27 46
266 384 13 13
254 20 62 64
447 143 42 53
226 267 1 1
436 363 64 66
396 417 30 37
167 460 59 60
187 168 57 62
152 390 20 23
454 480 38 40
460 264 67 104
5 309 16 19
106 361 97 102
441 81 3 5
336 231 54 65
299 306 2 4
14 210 18 22
459 192 33 45
305 147 80 103
28 251 61 62
195 49 12 16
245 7 65 84
297 211 45 45
167 310 68 69
292 44 27 37
138 159 112 113
402 418 43 45
58 249 17 24
199 174 23 23
49 175 32 33
107 100 75 81
329 109 90 116
168 264 101 115
251 136 4 5
401 191 63 64
396 328 114 128
10 112 57 75
121 46 18 28
378 427 24 24
6 55 13 20
256 8 18 32
62 150 35 43
200 56 18 22
19 259 76 100
157 6 104 105
392 358 72 115
238 287 27 33
493 496 31 38
280 398 78 114
272 343 41 41
477 286 41 42
133 196 11 17
104 163 79 107
99 110 92 94
466 498 56 58
288 343 33 44
481 32 76 77
406 457 35 59
155 382 121 124
425 249 50 51
399 218 16 21
179 449 40 40
275 135 105 107
417 40 84 98
431 494 44 45
334 156 67 67
221 196 21 21
134 442 3 4
305 261 59 66
30 473 0 2
392 250 107 113
418 393 60 65
138 451 64 90
158 71 60 73
284 78 34 42
13 97 25 25
146 418 23 23
54 43 86 92
147 96 49 54
292 350 11 11
385 121 36 42
421 482 32 34
325 229 19 25
232 80 75 88
78 198 97 103
425 144 3 5
82 194 92 98
332 440 116 124
96 320 65 72
256 366 68 71
188 275 60 66
313 70 10 14
243 285 2 2
448 55 29 29
280 167 28 31
270 443 80 101
162 188 77 93
394 140 17 17
95 418 5 5
297 13 20 35
332 459 84 88
477 97 4 6
50 441 95 98
340 22 79 105
200 187 12 17
327 462 73 85
134 10 62 96
45 293 21 30
471 299 67 85
7 139 67 78
380 123 21 23
79 60 20 25
427 19 20 32
273 105 31 34
70 351 44 48
269 278 72 78
54 427 34 34
189 149 44 57
184 150 64 80
409 263 54 56
12 213 19 23
115 73 106 123
90 118 60 69
228 365 82 88
125 197 91 97
321 113 72 98
232 155 10 15
434 167 49 58
123 314 43 43
482 477 46 59
146 408 23 35
345 437 35 38
283 412 58 63
157 368 32 39
398 11 42 51
164 458 39 43
335 97 39 57
393 478 69 88
128 170 107 123
223 110 37 39
462 277 54 65
83 101 91 92
76 159 50 84
385 131 56 57
433 192 112 115
429 212 26 36
164 42 82 92
440 448 103 108
59 14 90 113
440 382 61 64
372 285 44 79
337 329 13 24
152 256 12 12
66 217 3 3
113 89 102 104
350 161 43 45
174 432 10 13
405 251 70 109
199 325 26 36
50 413 40 45
442 435 102 102
443 344 92 108
208 162 110 117
329 116 68 72
221 397 100 102
404 372 45 72
229 173 14 22
199 305 4 7
246 279 59 66
254 34 114 116
41 328 17 17
443 37 14 15
44 59 32 32
177 81 42 60
48 130 27 42
135 175 17 21
378 303 67 85
112 343 76 78
148 129 34 36
138 71 76 80
359 203 64 98
175 194 42 45
46 313 33 54
67 117 94 97
134 262 52 83
378 355 19 24
126 147 30 33
125 214 28 34
444 328 71 97
388 190 68 89
2 256 58 67
276 316 85 105
176 106 124 127
305 311 49 76
51 440 33 38
326 81 44 65
41 105 40 57
257 105 41 42
216 218 37 40
157 225 47 56
19 218 69 78
30 415 99 103
169 120 7 8
314 328 55 62
268 214 82 87
433 65 113 115
45 263 68 91
117 310 57 61
194 496 59 66
486 405 31 36
78 286 32 38
106 330 6 9
102 167 10 11
80 83 98 106
187 93 98 100
456 81 67 68
82 119 20 28
130 156 25 29
428 363 66 67
351 168 59 68
422 136 42 47
114 471 13 20
210 271 39 60
188 284 22 25
292 432 82 91
461 396 36 37
74 430 35 35
17 424 6 8
60 74 66 66
347 18 4 6
413 22 52 79
434 413 28 30
462 286 12 15
351 401 61 91
493 117 30 37
476 339 49 60
290 458 11 12
324 439 60 60
393 94 30 37
77 470 87 100
408 352 55 64
357 462 71 71
367 317 75 77
87 448 79 83
325 374 75 76
340 51 109 117
424 306 26 27
81 335 59 65
156 8 73 99
350 353 12 14
197 43 39 54
274 9 14 19
465 295 39 45
68 63 36 59
138 362 82 84
84 9 41 41
69 179 4 5
121 43 52 84
38 67 26 32
454 227 103 108
299 475 102 103
63 497 70 70
368 254 42 50
246 485 62 85
10 207 93 93
347 2 55 76
56 205 85 104
173 84 63 71
104 113 69 86
462 287 68 71
36 171 4 5
109 131 22 37
290 253 59 63
316 59 73 80
412 28 59 70
275 403 54 57
420 99 69 77
161 315 51 58
427 200 74 87
260 490 77 98
10 38 53 66
97 1 60 73
262 114 27 30
106 224 49 52
185 99 71 99
427 405 32 34
380 298 28 28
493 217 77 80
310 295 107 116
24 345 115 125
49 42 53 60
286 481 37 38
232 427 18 26
25 36 4 4
488 54 15 23
298 1 22 35
69 235 21 40
277 91 37 52
218 250 40 54
436 74 104 109
26 276 25 43
179 433 62 82
200 29 109 116
39 241 89 92
94 492 10 11
112 84 63 88
452 93 100 100
369 458 63 67
39 184 19 21
482 136 57 60
447 161 11 14
480 47 69 78
492 98 27 27
356 141 1 2
131 5 111 111
250 81 17 24
348 347 86 89
228 72 52 62
301 119 42 44
427 110 8 8
67 328 2 2
197 82 47 66
301 1 65 77
470 184 88 93
225 352 39 43
13 273 53 53
31 260 23 24
184 488 11 16
328 433 71 97
452 362 85 88
180 422 29 32
110 298 85 92
244 222 35 35
27 451 68 79
461 451 2 4
287 407 93 96
6 235 62 66
49 209 42 46
426 326 106 110
218 75 50 74
309 272 66 74
367 330 102 103
13 340 56 73
26 304 25 37
298 322 109 109
243 293 44 58
252 178 31 37
384 46 77 82
332 237 21 21
439 356 102 102
406 413 33 47
102 47 20 32
52 191 74 84
257 307 9 10
310 149 109 120
104 320 5 6
295 335 63 78
54 239 5 5
228 169 38 50
17 484 19 20
496 64 15 22
454 95 12 15
258 197 119 119
236 321 7 8
443 18 16 18
192 106 13 16
184 29 45 47
213 340 31 38
276 341 15 17
431 401 54 57
351 378 6 7
69 210 21 24
394 15 63 79
47 484 92 92
237 301 125 129
345 280 45 47
61 142 31 42
476 255 80 94
48 331 98 107
394 330 41 44
157 469 15 20
467 322 35 56
104 401 89 111
141 495 48 69
251 274 82 86
237 26 67 75
170 276 67 79
348 222 22 28
195 441 42 57
183 288 70 79
50 335 38 58
279 74 94 98
498 68 48 50
133 249 69 99
413 7 10 15
286 32 52 65
491 378 6 6
321 240 37 52
338 493 7 11
426 50 102 106
63 23 6 9
43 495 41 41
196 335 10 12
426 493 83 85
345 265 14 14
132 363 70 96
275 222 42 66
148 123 14 15
387 450 95 95
156 237 74 114
202 259 33 37
155 73 66 97
90 89 48 84
60 288 112 127
341 287 63 73
260 236 54 85
230 416 9 13
472 428 39 40
307 194 56 69
458 316 21 27
310 21 38 47
357 231 113 115
91 413 40 55
404 438 66 76
110 153 15 17
399 377 43 71
46 65 49 63
245 5 108 115
206 241 16 17
267 114 31 48
212 357 49 50
82 309 27 27
449 370 53 79
165 350 60 73
270 243 71 81
2 288 47 51
295 235 91 92
493 12 64 106
405 128 101 111
216 50 97 98
349 366 116 124
323 305 46 74
204 387 79 95
168 149 47 62
318 47 16 17
132 262 108 114
128 414 34 36
418 323 35 41
134 223 20 31
7 201 31 32
247 86 56 63
413 249 39 48
382 483 32 42
41 156 32 49
101 39 8 10
84 421 68 71
35 483 19 22
307 362 63 63
44 352 39 43
50 14 99 104
188 68 105 107
239 187 77 88
497 328 92 99
149 372 2 2
177 218 97 100
142 59 11 13
119 34 124 125
268 139 60 92
464 143 42 46
300 53 74 87
244 163 5 6
451 278 4 6
406 94 47 69
307 149 86 101
151 460 26 49
49 124 46 46
188 492 36 37
0 317 35 35
443 203 41 46
453 310 3 4
388 234 22 25
49 404 111 111
388 270 10 13
144 403 64 81
49 54 110 120
453 455 45 49
135 242 3 4
296 89 81 87
439 470 61 72
419 460 50 57
89 264 75 78
373 168 38 44
218 372 67 77
372 340 49 60
267 19 105 124
156 444 42 54
60 367 99 101
468 246 12 16
422 380 98 102
122 95 15 16
485 324 62 67
221 185 65 65
93 406 92 106
150 475 18 19
280 392 16 17
368 176 34 36
308 401 7 8
363 326 95 110
22 293 71 93
40 421 13 13
21 383 75 85
188 223 36 47
85 453 28 32
467 425 54 84
283 382 75 75
368 283 68 71
208 0 27 40
480 40 83 101
348 409 0 2
72 304 72 92
420 159 63 68
471 186 20 30
219 426 1 3
271 178 69 69
238 477 110 128
218 50 11 13
319 447 85 97
414 415 20 24
101 159 42 56
438 425 79 80
412 450 41 77
135 422 3 3
49 327 77 79
298 368 68 84
426 222 20 30
494 210 68 71
281 142 31 33
123 412 14 15
428 330 56 57
321 61 70 71
497 271 45 49
246 198 29 44
22 7 30 31
20 299 80 82
76 212 43 45
318 496 76 103
427 466 55 56
29 299 65 121
197 339 87 88
250 247 49 71
417 276 44 53
475 316 9 10
423 227 19 34
313 498 36 45
156 174 34 36
165 265 33 37
388 1 86 99
134 3 56 57
423 327 58 66
218 354 9 9
304 398 39 43
311 428 17 21
283 87 76 85
419 199 5 10
374 484 44 44
476 206 46 64
498 149 17 22
281 413 66 66
65 10 38 38
261 238 13 13
329 251 51 64
315 456 7 13
107 183 69 79
216 148 35 41
88 257 67 78
478 482 34 39
250 405 55 69
416 284 62 97
57 481 26 38
320 421 63 69
297 30 46 46
368 453 91 96
98 466 12 14
321 341 69 74
104 75 48 51
150 318 99 99
380 189 22 24
188 194 37 43
125 57 56 66
100 161 26 27
439 135 80 81
18 252 78 79
177 132 94 103
33 408 33 35
121 395 31 31
91 283 72 103
496 460 85 93
301 33 51 61
95 334 8 10
373 346 88 89
349 227 46 62
55 433 19 29
226 400 30 31
316 440 67 86
176 410 30 38
42 304 80 80
279 49 27 27
270 175 59 59
18 59 60 67
448 51 59 59
451 224 25 34
335 225 72 91
60 117 52 66
331 374 29 30
410 64 114 123
110 164 71 100
141 24 75 93
65 362 38 47
471 310 44 48
380 441 25 25
402 196 52 89
444 267 43 63
317 484 41 41
74 31 22 22
431 273 55 70
487 405 24 28
338 244 59 64
324 180 108 109
373 269 16 19
276 178 1 1
410 498 16 18
373 80 40 41
69 453 13 15
152 50 84 95
321 258 55 62
116 351 55 58
460 386 43 47
118 342 7 7
392 404 35 40
288 243 35 57
478 266 106 109
117 388 89 104
250 165 27 42
300 313 41 46
439 382 54 65
83 62 75 80
462 225 36 42
197 245 9 9
481 115 75 75
335 297 47 63
206 3 91 98
234 1 113 122
426 69 76 82
482 297 21 32
483 278 85 128
83 307 31 32
382 85 60 86
290 493 105 110
114 186 75 81
27 278 30 30
313 281 14 16
394 445 41 61
65 448 21 21
33 476 78 84
471 255 47 65
159 99 42 74
158 228 27 40
426 178 17 19
309 244 43 74
365 123 69 113
163 137 9 9
109 292 20 24
294 461 2 3
330 16 39 50
268 194 73 81
414 125 116 119
268 450 22 28
253 96 18 20
404 338 57 70
182 331 53 68
49 5 33 34
39 218 62 89
405 488 49 49
89 313 67 72
485 308 13 13
69 359 15 23
113 150 29 34
288 412 72 77
37 6 34 36
124 489 39 70
342 289 0 0
99 475 67 76
224 194 8 9
320 277 67 77
245 119 84 90
378 182 22 23
174 177 28 29
16 64 63 67
227 476 37 46
327 441 62 74
401 195 47 72
363 195 13 17
349 307 99 99
455 185 18 19
248 60 2 3
432 151 32 39
327 288 56 72
295 126 55 61
34 378 79 88
53 476 10 13
15 206 18 33
30 79 31 31
379 468 111 111
442 437 2 2
52 53 12 13
383 339 18 20
335 152 38 43
70 36 52 53
276 199 93 110
56 173 41 52
382 337 71 74
103 236 117 117
90 379 46 56
307 184 73 99
183 488 59 80
244 111 61 67
484 162 30 30
71 130 93 97
142 422 14 15
160 227 23 29
328 438 50 59
61 201 63 102
52 133 87 87
405 233 52 54
205 479 38 39
149 329 87 88
10 428 36 49
462 456 122 123
91 85 60 70
21 385 59 80
484 224 44 49
332 203 103 105
418 282 74 89
417 181 12 14
217 3 70 96
186 108 59 59
157 494 43 44
254 255 37 70
175 277 26 26
242 175 11 11
477 12 76 88
434 446 31 50
365 276 29 51
192 450 74 76
63 202 82 82
248 223 60 61
325 358 30 33
404 437 13 13
75 73 47 51
490 42 100 107
137 130 79 108
472 328 34 57
200 485 86 87
192 193 24 32
84 459 75 84
458 424 41 44
322 262 96 96
26 217 89 91
85 234 51 59
465 48 46 70
407 378 41 43
271 24 12 19
54 90 113 126
305 58 10 11
445 439 44 73
301 7 68 68
47 29 43 47
253 153 8 15
386 263 43 51
487 288 23 26
173 374 78 96
31 119 52 64
70 470 71 76
196 418 27 28
75 298 40 57
149 152 80 93
76 495 30 39
424 89 101 102
54 114 74 76
260 54 49 53
112 351 65 67
46 451 5 7
96 250 30 33
27 26 4 10
394 262 9 14
103 110 7 10
276 147 53 55
45 299 5 6
372 136 40 62
337 224 36 41
468 120 62 91
334 78 38 38
166 20 56 60
85 60 98 108
105 138 86 92
437 74 51 52
108 281 84 90
221 242 64 90
70 197 30 50
231 28 67 72
448 244 8 16
323 183 92 94
83 437 34 37
278 390 24 39
53 358 38 38
337 154 48 56
107 397 118 123
18 149 68 89
36 478 2 3
413 111 1 1
68 67 54 71
344 10 67 93
166 210 45 74
209 223 66 74
454 32 86 86
111 197 10 12
418 180 88 92
350 6 54 67
380 17 28 39
30 10 51 76
217 77 98 121
124 167 53 64
489 250 71 94
191 388 117 118
148 241 61 71
196 129 19 23
495 91 11 18
498 210 61 74
226 483 32 56
322 45 51 53
137 295 17 29
361 292 71 83
233 212 65 108
110 296 31 38
411 290 30 31
348 311 102 106
260 242 31 32
78 408 47 54
142 175 51 81
153 109 91 106
430 251 14 18
144 490 85 90
214 389 20 28
264 250 36 39
101 311 64 64
283 83 40 41
427 102 11 11
49 46 61 66
129 81 25 33
374 337 54 89
206 250 85 91
333 51 56 57
409 461 91 95
68 117 53 59
350 193 34 36
312 237 46 47
402 387 83 95
494 88 46 50
464 199 28 29
278 216 42 49
173 189 32 32
108 206 5 5
114 257 75 83
375 10 42 49
216 454 51 61
312 333 58 73
170 327 66 80
168 77 32 33
421 155 39 41
315 196 122 124
198 276 74 93
289 184 35 53
321 111 31 35
273 221 59 60
159 447 71 92
383 449 69 76
8 52 77 82
387 160 81 102
221 150 9 10
309 34 72 82
392 62 47 50
51 132 23 23
279 124 42 52
49 429 4 9
78 266 70 73
320 470 36 58
362 167 69 95
88 84 75 88
115 64 19 19
69 1 23 37
336 196 62 101
468 187 117 123
263 427 113 116
417 313 52 58
198 272 73 85
125 465 9 13
111 48 6 9
367 211 79 82
188 496 111 111
176 266 48 52
111 60 89 93
77 116 96 114
99 187 41 57
144 221 79 108
349 283 83 100
160 390 55 61
375 117 1 1
152 49 40 41
286 385 101 101
180 33 42 49
199 214 8 15
400 136 36 37
488 464 49 50
103 302 44 80
67 476 37 39
473 275 75 80
186 54 106 111
305 286 42 43
379 133 95 112
24 463 7 10
494 198 20 23
365 14 88 89
46 219 64 64
202 323 69 82
266 84 38 43
132 433 53 76
181 495 55 65
493 202 56 60
293 309 56 60
397 52 21 30
5 493 1 1
190 307 60 68
81 111 96 112
426 436 9 10
119 373 62 63
67 32 9 9
248 66 51 55
448 372 62 62
458 68 66 79
114 480 106 117
347 178 84 84
294 283 5 7
490 71 68 76
58 413 9 9
288 29 80 93
361 77 80 83
277 390 41 44
63 398 65 90
185 250 9 12
2 362 22 28
423 234 67 91
277 412 55 60
164 18 86 88
441 101 36 36
488 211 92 97
268 380 56 80
58 402 110 114
105 290 71 71
154 367 89 105
109 378 29 31
469 403 74 79
267 319 43 43
322 192 93 115
189 382 43 47
471 192 12 14
368 437 78 82
339 279 77 124
219 240 2 2
361 383 76 94
243 389 18 19
252 37 60 104
66 95 12 16
461 108 72 84
16 60 44 46
48 219 102 106
218 401 6 10
176 212 72 80
377 74 58 64
224 116 53 54
289 297 10 11
42 205 39 68
201 93 14 15
6 96 17 25
241 477 16 25
54 437 16 23
320 209 85 88
182 303 13 14
477 315 89 91
401 30 6 8
319 457 96 99
162 21 76 97
330 448 27 48
108 121 45 56
1 74 64 80
38 297 106 106
7 274 22 24
411 257 60 84
213 9 65 65
191 171 107 119
297 194 41 42
171 263 11 13
396 471 12 12
304 59 32 37
392 274 99 104
224 105 77 80
170 147 52 53
141 478 30 38
283 330 66 78
237 170 86 95
385 9 27 27
269 207 34 35
422 102 116 121
149 51 49 59
240 63 86 91
142 473 2 3
156 288 100 110
316 364 54 69
448 267 16 16
256 169 72 73
207 128 91 91
363 96 84 85
277 60 42 48
297 300 114 119
37 158 105 111
133 313 1 2
44 374 47 61
337 229 39 49
440 169 60 92
497 447 70 91
423 8 79 102
191 337 49 55
297 450 5 8
334 219 53 53
388 286 70 107
139 197 33 48
55 253 2 3
169 328 12 13
255 47 42 57
304 172 72 75
173 153 73 102
203 398 79 103
117 25 19 26
327 394 55 69
214 472 61 81
130 342 18 19
214 415 34 53
70 247 78 81
270 205 14 16
232 415 36 36
259 94 12 19
260 352 52 68
92 396 59 63
361 335 23 23
103 479 41 53
245 382 33 33
196 367 12 17
365 2 81 86
378 305 2 2
367 224 52 60
273 393 26 43
153 12 9 14
443 375 74 91
380 134 87 99
315 334 74 79
222 53 89 97
316 357 46 54
346 230 75 77
253 122 113 113
2 179 26 29
282 58 33 39
230 429 63 75
169 402 28 34
150 51 9 10
471 169 44 48
444 179 80 95
11 434 72 81
7 489 0 1
162 468 66 66
153 274 32 34
33 30 110 120
136 54 62 63
329 181 43 66
288 81 96 96
396 9 51 52
344 253 8 8
386 69 10 10
270 491 42 43
232 185 2 5
237 134 65 77
496 135 2 4
473 175 4 4
211 105 44 59
376 0 115 122
495 11 76 82
455 394 105 112
385 59 75 86
474 69 23 34
473 168 69 74
495 325 40 52
243 34 2 2
476 356 99 111
357 376 9 9
99 75 24 25
42 366 85 107
458 406 41 48
32 490 29 29
451 156 79 82
264 167 16 17
268 480 61 74
230 92 113 114
484 93 8 8
330 296 6 8
347 127 39 41
141 357 29 38
428 49 9 11
38 94 52 69
107 315 11 12
247 376 2 5
149 225 34 39
167 433 46 53
243 26 58 65
210 111 10 10
8 187 32 46
236 420 61 76
367 258 53 65
358 398 100 112
92 171 17 19
361 424 65 68
60 198 99 115
46 143 26 39
371 190 49 66
326 107 34 41
399 453 69 73
482 195 30 34
363 128 59 67
476 80 105 108
32 11 107 108
431 279 13 13
177 60 21 34
470 232 22 32
315 386 68 69
315 343 29 36
187 473 77 78
259 125 39 46
106 334 80 100
451 341 53 66
33 177 62 72
284 141 52 52
234 196 70 75
123 374 11 12
51 471 44 46
71 423 106 110
170 450 77 86
329 390 29 43
209 367 17 18
367 0 77 79
41 209 57 61
122 0 1 3
465 350 93 96
333 87 94 113
333 47 97 98
398 12 14 17
24 194 14 25
495 15 15 19
265 90 40 59
82 311 60 63
473 401 28 29
278 138 55 55
270 475 56 78
83 429 59 62
242 44 27 39
17 249 74 94
281 168 87 103
179 358 27 29
404 326 23 23
440 147 12 13
18 98 9 12
254 175 64 98
301 354 32 42
106 316 66 67
182 48 105 105
287 201 49 51
360 439 45 60
280 58 44 50
73 399 7 7
183 94 21 31
154 336 61 70
343 62 10 15
415 322 101 110
399 196 77 110
100 191 16 16
386 62 20 28
348 253 111 117
64 356 28 34
467 272 62 66
282 6 4 8
81 329 52 68
247 201 13 14
201 237 97 98
340 57 67 67
448 392 40 55
447 406 97 109
179 343 65 65
16 131 59 59
254 251 10 11
6 128 102 118
451 333 74 81
2 82 2 3
351 459 48 69
35 174 28 49
150 395 34 46
481 124 99 99
325 9 21 21
400 263 83 103
278 477 75 103
251 89 2 3
3 6 116 124
2 482 49 60
468 484 42 43
357 329 95 97
445 215 25 32
208 390 25 36
181 458 16 25
265 417 57 57
333 344 50 66
275 450 65 65
488 464 15 18
265 308 2 2
152 377 48 56
370 162 82 107
126 450 12 15
137 235 87 95
240 428 78 115
80 183 15 15
184 168 22 22
74 312 53 81
430 195 39 42
288 234 61 61
158 164 70 75
407 180 58 70
243 131 74 80
434 228 41 41
6 346 44 46
397 473 31 31
136 64 84 111
183 486 62 62
310 89 61 62
168 282 10 11
121 324 11 11
378 129 83 108
361 242 82 87
82 292 87 100
11 146 5 10
227 474 48 52
107 307 11 13
234 188 54 86
20 433 67 96
325 79 54 54
128 364 23 23
340 91 71 112
189 93 70 81
32 339 15 18
473 284 53 62
407 447 14 22
118 385 47 69
82 211 22 23
376 265 59 63
220 483 32 33
497 357 61 64
19 333 54 56
213 121 51 51
294 186 48 50
253 279 32 50
304 383 36 48
403 459 101 105
128 152 80 109
136 427 3 3
184 329 9 16
356 313 21 21
288 342 68 74
94 5 105 111
431 429 38 38
25 486 66 71
234 227 8 8
409 250 12 13
364 249 107 107
153 236 82 100
427 352 28 33
402 29 85 99
494 317 20 23
185 58 69 82
271 415 14 14
26 157 39 69
203 171 73 79
243 302 78 92
60 135 72 113
267 123 96 112
118 407 22 28
362 233 23 28
465 155 53 75
226 161 10 12
233 64 36 37
160 495 48 54
11 57 32 33
222 394 34 35
454 77 26 36
8 153 2 4
143 66 98 100
466 152 20 27
233 61 65 66
168 363 18 18
285 158 93 94
154 207 69 78
397 352 44 64
303 438 61 62
420 223 67 68
248 206 69 78
318 494 73 77
216 439 53 65
216 367 14 20
76 238 97 120
445 403 44 58
392 115 58 63
290 354 18 19
274 18 13 21
125 484 56 71
244 29 2 3
444 174 18 19
413 302 2 4
292 260 101 104
433 105 57 59
433 0 73 90
108 268 39 65
381 326 9 9
477 354 21 24
108 265 84 120
295 360 86 86
422 419 27 27
290 224 18 24
111 349 9 9
224 147 102 102
133 128 47 77
459 124 63 64
229 40 55 62
10 102 77 80
275 160 41 51
22 415 70 75
104 25 107 108
456 204 67 70
7 203 49 56
34 255 120 123
398 55 93 96
250 463 75 85
383 337 76 98
406 448 61 88
357 386 74 102
190 213 2 3
467 52 8 11
299 213 94 103
90 478 55 60
104 479 32 41
316 163 16 19
211 297 67 67
210 120 39 42
382 324 21 22
260 473 8 10
99 192 63 90
181 434 15 23
285 494 23 28
203 69 13 19
125 463 8 8
386 312 53 53
472 410 44 46
443 290 50 50
40 234 63 79
109 200 99 115
86 433 63 86
172 139 97 106
357 158 22 22
299 480 93 106
88 225 96 97
266 471 65 91
245 259 38 42
458 221 11 11
203 49 39 46
103 274 106 108
259 425 114 122
129 147 90 100
82 265 76 80
488 54 46 47
61 482 2 3
265 87 77 79
166 384 44 46
302 281 21 23
2 70 47 65
135 415 75 79
364 35 46 51
215 163 36 42
271 202 66 67
292 190 92 98
440 46 44 48
360 395 29 34
361 15 2 4
199 239 79 83
295 338 29 40
274 172 75 100
49 53 48 48
173 187 91 96
434 276 24 27
299 364 80 106
441 166 94 96
214 81 73 79
416 152 95 105
298 68 72 73
309 478 82 92
392 9 0 0
124 364 83 101
420 207 62 82
304 233 26 44
111 31 21 29
252 146 8 9
211 469 76 76
414 379 67 69
349 214 37 37
313 412 41 48
201 471 80 81
388 485 23 24
39 52 27 38
53 46 44 46
92 373 76 107
278 193 82 90
457 250 77 116
135 129 45 64
22 429 91 98
378 497 32 40
31 39 13 17
386 100 26 29
88 223 32 43
296 15 27 28
94 314 77 78
301 494 11 11
93 4 16 22
183 45 66 80
335 105 88 94
312 184 104 107
382 150 38 38
273 248 66 71
108 457 88 88
390 350 86 117
480 438 50 56
122 6 7 7
17 137 31 35
488 314 35 36
97 365 97 115
496 272 53 54
38 292 111 124
432 292 32 38
357 224 40 49
42 386 106 111
428 32 55 59
31 160 96 99
453 85 46 46
7 132 32 36
205 229 79 92
465 109 4 5
258 108 9 15
107 395 99 102
194 253 53 56
178 78 90 109
7 102 52 55
197 360 114 118
450 55 72 80
366 390 45 45
468 163 52 53
320 355 18 23
454 369 12 14
417 92 73 74
339 153 60 79
392 194 26 27
397 314 57 65
248 485 28 37
453 338 45 67
418 213 62 74
309 81 42 64
83 319 35 53
241 108 116 117
307 160 109 110
354 477 8 8
19 467 49 51
212 151 11 11
261 375 46 53
113 368 78 78
158 364 41 41
48 126 87 88
371 317 92 116
208 181 82 97
273 424 55 64
343 294 37 37
39 184 1 3
101 403 13 15
9 391 51 52
128 462 45 48
309 252 111 115
32 420 58 61
142 47 12 15
209 269 71 85
204 470 7 7
152 76 80 88
101 276 45 46
261 346 91 91
101 351 59 73
473 50 20 25
409 224 115 115
113 395 26 33
386 301 87 90
450 142 17 24
394 480 22 27
62 489 11 12
424 354 22 25
490 142 64 66
286 158 90 96
130 20 88 97
245 300 3 6
280 360 41 66
49 177 42 55
36 180 53 73
80 196 93 100
479 356 106 123
64 366 94 105
398 107 41 50
203 237 23 31
232 204 62 67
332 480 49 59
352 166 37 50
482 275 33 46
457 306 62 68
35 370 57 62
484 491 38 38
301 448 121 122
211 258 76 81
209 152 10 13
486 46 4 5
336 419 17 19
79 118 87 88
60 356 12 20
291 55 60 63
52 92 1 1
337 275 13 15
453 131 6 12
7 265 70 73
322 43 1 2
468 337 54 80
440 126 48 73
360 315 43 50
83 254 28 34
14 464 54 87
337 325 84 84
480 460 19 22
263 296 24 25
148 198 82 90
358 291 18 19
415 22 9 16
123 475 51 54
293 112 49 57
461 260 39 50
212 396 46 58
94 318 63 111
129 325 17 18
76 328 123 128
7 203 19 20
424 403 110 117
490 340 53 85
103 361 4 4
346 493 47 78
213 139 11 19
170 424 27 34
289 331 35 58
229 344 50 55
93 443 102 102
436 468 7 9
101 434 52 53
263 105 3 3
291 241 10 14
116 233 19 25
108 133 1 3
133 346 5 5
474 77 84 101
257 278 72 76
238 227 83 111
91 50 83 89
448 312 35 37
293 55 87 112
447 289 79 84
172 269 48 57
252 281 31 48
80 242 17 17
356 350 69 96
211 198 31 32
396 337 54 54
484 107 56 71
312 376 80 85
315 481 72 80
196 387 67 74
232 282 105 107
483 290 113 122
160 405 16 25
51 314 59 71
163 44 54 58
428 16 21 24
297 291 53 61
138 162 6 6
117 450 6 7
168 276 65 112
474 461 10 11
455 119 30 37
364 39 37 52
441 97 83 88
385 391 84 104
180 369 45 58
224 112 60 68
390 312 31 41
220 394 58 70
387 305 39 42
359 125 22 26
60 290 5 6
19 23 50 51
383 165 3 3
22 126 97 99
448 373 8 12
177 424 3 4
463 6 44 44
91 85 19 24
363 89 12 13
195 149 41 61
228 286 66 93
320 338 29 32
9 423 48 63
491 176 55 62
247 461 102 119
258 139 27 28
299 399 11 20
105 129 50 52
35 182 32 33
168 253 52 55
197 215 13 13
472 350 69 72
395 218 12 20
373 395 24 44
378 438 6 8
124 382 61 108
191 9 40 41
257 175 5 10
494 143 70 71
131 478 99 111
230 49 80 81
135 126 38 42
453 117 92 98
55 370 46 46
33 200 45 48
435 322 19 19
1 319 19 32
111 99 50 56
238 243 93 115
44 249 23 33
138 478 71 110
230 350 51 94
39 213 66 73
486 416 32 39
196 4 40 46
165 254 106 106
12 88 82 82
331 127 51 53
389 250 54 55
490 290 79 110
108 491 34 34
28 125 56 60
199 18 35 35
5 43 81 90
375 48 63 70
469 249 64 77
69 124 67 73
415 126 14 14
132 179 55 58
121 357 97 98
233 374 69 85
8 144 62 72
63 498 99 107
306 193 32 46
407 488 99 125
189 82 95 104
306 199 75 82
467 381 43 57
17 487 1 2
53 190 117 121
181 129 100 105
197 382 49 56
222 12 28 33
487 168 46 55
187 417 23 28
452 29 45 48
121 25 66 74
32 175 21 22
446 110 39 50
392 62 23 23
425 208 40 41
399 189 17 19
376 327 36 41
194 296 12 12
448 252 83 84
481 178 32 32
163 66 17 21
401 193 59 102
466 410 3 4
14 70 73 90
387 408 29 40
253 108 2 3
485 24 54 72
237 94 58 66
281 404 75 75
75 497 16 21
144 462 4 6
74 158 98 108
238 165 88 121
228 162 70 80
176 490 92 103
456 308 55 61
20 195 35 56
203 270 5 7
425 327 47 75
333 282 31 36
142 198 31 37
29 356 42 55
391 33 122 125
3 266 48 57
475 402 74 76
118 244 40 40
372 329 75 100
137 297 47 48
264 118 57 78
333 92 22 23
323 456 61 86
227 282 12 16
456 37 7 9
428 299 62 76
87 276 0 0
122 97 66 79
452 107 17 24
453 426 27 34
334 61 9 11
437 43 49 59
332 45 79 79
353 100 21 28
149 326 31 33
436 176 19 22
105 489 72 72
130 496 9 9
318 338 101 104
62 303 41 44
106 112 65 76
384 388 29 37
492 137 15 17
385 166 75 78
369 324 94 96
149 409 118 119
429 260 28 31
337 9 92 101
132 474 43 59
456 60 84 110
346 76 70 71
9 3 18 23
273 191 82 108
95 401 41 48
176 380 38 50
231 207 17 24
417 281 102 119
216 411 11 13
422 54 28 30
276 372 28 28
17 122 102 115
23 446 59 71
348 323 18 27
252 39 70 70
290 98 47 63
27 25 84 98
414 430 66 83
279 419 7 7
222 411 46 49
413 209 82 104
462 82 80 81
288 289 44 47
362 242 19 19
414 70 33 42
483 332 8 9
95 316 44 49
156 468 76 77
356 288 51 53
23 66 60 72
184 64 71 112
191 289 53 66
296 44 4 10
429 243 8 10
346 261 26 27
144 236 120 127
103 1 27 48
254 293 73 75
421 483 77 120
296 303 42 57
57 429 13 13
29 254 44 51
380 220 68 86
269 291 8 15
339 124 118 122
172 246 36 49
398 455 11 11
300 153 55 57
284 64 70 110
100 474 37 46
470 300 67 89
211 235 40 64
372 487 19 30
365 36 30 41
122 73 50 90
346 91 3 4
327 138 82 94
307 284 82 95
462 33 91 92
146 141 2 4
234 50 121 124
182 211 63 75
387 470 67 69
160 202 37 43
212 173 39 50
416 346 39 39
407 37 88 90
487 24 33 33
159 215 0 2
146 360 92 95
432 80 111 119
164 298 13 13
416 57 87 98
269 89 38 51
355 38 11 13
429 19 52 62
389 28 74 88
386 421 32 44
470 134 51 56
363 342 20 24
21 303 58 60
93 226 75 112
216 62 63 68
245 302 64 71
275 103 67 70
120 66 33 33
28 5 79 98
399 128 67 74
343 32 38 38
432 332 42 48
386 228 43 61
122 136 33 37
274 170 65 69
275 443 28 29
47 0 67 70
114 49 105 112
276 379 65 65
461 437 75 79
169 30 45 58
394 385 33 35
134 449 2 2
278 99 55 59
391 87 88 127
246 50 50 65
291 35 90 105
230 184 36 37
431 261 106 111
10 339 11 13
241 230 24 25
176 463 12 13
11 199 41 42
472 115 80 103
315 381 83 104
1 198 57 58
413 287 99 107
273 228 78 95
474 482 107 107
292 452 91 92
348 236 119 123
410 5 42 48
16 393 98 100
251 479 39 47
146 277 12 15
494 485 54 65
206 114 5 6
456 404 40 40
333 175 36 39
387 352 20 21
439 300 51 52
143 376 20 24
495 195 56 66
17 451 2 4
53 60 7 10
448 391 11 17
201 309 17 21
356 205 37 47
393 346 65 70
291 495 46 58
73 354 55 61
299 5 49 57
456 302 80 81
268 210 77 93
324 42 6 10
112 137 17 17
468 470 92 106
43 262 23 35
392 178 58 59
218 389 71 85
224 135 64 88
98 315 41 48
233 396 44 50
175 139 50 55
199 142 66 69
117 270 23 37
13 414 91 106
33 419 88 94
254 2 40 40
386 364 20 20
69 457 62 63
118 167 27 27
491 243 37 37
448 49 51 51
191 48 15 19
136 143 107 110
380 75 44 66
391 83 65 75
342 272 57 78
433 309 26 36
405 26 68 83
415 293 7 8
348 193 11 18
76 249 85 88
404 367 37 38
232 430 10 17
453 399 15 25
331 217 22 31
484 72 54 61
215 103 8 9
134 80 26 31
174 426 34 41
429 432 22 30
120 286 10 15
183 271 55 72
196 252 84 84
17 245 9 10
376 323 0 1
159 314 47 47
337 171 54 73
382 190 40 56
265 325 8 10
96 397 20 25
59 141 15 19
383 211 41 43
20 205 85 86
262 250 46 51
423 246 104 112
277 213 101 102
135 302 28 34
141 71 41 41
470 16 7 9
207 361 85 86
72 425 7 9
413 65 16 17
16 103 84 89
488 410 47 52
171 2 10 14
437 209 40 44
44 447 63 68
17 221 64 65
279 399 37 51
120 136 104 112
483 90 13 21
217 104 7 9
244 198 62 63
363 82 10 11
445 178 14 14
106 132 7 7
367 121 54 65
283 471 61 97
278 165 42 71
103 475 110 119
94 135 37 39
137 17 44 53
216 258 57 72
191 390 39 39
144 114 25 36
53 217 65 66
310 2 79 83
132 202 85 101
360 301 38 65
59 471 76 76
40 187 47 47
474 287 5 7
327 199 24 30
474 156 13 14
298 68 22 32
88 174 90 90
391 178 66 108
179 324 109 115
348 253 81 86
497 421 57 72
61 367 69 94
318 90 84 96
3 330 46 58
315 349 104 116
122 274 40 43
190 159 75 94
2 221 22 41
339 55 23 37
183 375 4 4
325 475 29 42
412 75 72 75
283 50 82 120
70 299 60 62
106 443 31 39
188 281 97 98
81 311 46 49
114 299 8 9
352 305 63 82
142 493 74 89
63 232 71 74
225 111 27 42
396 52 46 72
161 246 81 106
264 77 10 14
473 289 13 16
365 328 58 75
23 184 84 104
221 172 38 58
456 185 111 114
174 282 36 39
476 358 64 65
89 66 4 9
446 24 26 29
74 459 77 85
214 484 79 93
337 355 77 77
451 312 114 123
237 259 15 21
450 283 43 53
471 247 28 48
297 427 74 89
131 429 38 55
31 177 45 64
388 393 51 73
161 449 13 16
344 398 37 41
266 351 52 54
284 29 125 127
454 163 94 103
273 121 33 33
104 11 22 39
90 251 30 55
219 210 68 76
413 473 15 21
345 453 70 86
61 460 30 40
119 89 104 119
15 389 61 83
31 208 22 35
395 239 32 45
425 371 23 24
34 263 60 74
390 128 22 23
292 56 14 16
446 393 79 81
125 137 44 46
185 193 92 109
373 318 76 105
481 419 29 32
143 220 50 56
351 305 61 83
30 286 11 15
81 491 73 87
445 411 85 88
43 91 87 102
411 38 25 36
405 186 93 111
20 171 10 15
491 465 2 3
457 316 35 41
468 377 4 5
358 419 64 66
10 243 45 59
307 168 61 71
295 401 39 44
337 166 46 59
162 3 9 11
340 82 66 80
269 114 6 6
184 422 86 88
37 461 12 13
203 459 62 66
467 152 13 21
443 249 78 86
478 12 103 124
296 470 61 101
483 420 64 80
129 262 53 55
98 13 64 84
28 370 82 121
361 100 8 12
267 192 104 113
134 377 7 7
245 42 31 39
357 378 30 33
33 467 66 67
489 458 82 97
143 58 49 49
71 135 11 16
289 6 28 29
295 73 15 15
11 468 78 96
115 211 89 92
126 263 83 106
344 357 25 35
218 468 26 38
386 139 14 17
353 409 58 81
199 403 83 104
113 202 80 84
111 280 70 76
232 183 67 77
267 106 46 72
28 478 52 92
299 418 16 29
288 373 34 49
391 36 13 15
44 253 3 4
125 483 31 46
467 427 46 63
48 198 50 62
301 153 64 76
61 64 50 62
269 328 83 91
362 139 16 27
461 393 66 75
154 60 38 64
346 167 40 40
53 52 63 64
59 451 67 84
120 474 23 29
136 175 53 66
272 200 40 46
162 106 63 71
348 474 110 123
397 12 72 85
64 228 59 72
426 476 62 94
485 77 73 80
11 367 112 116
399 148 2 3
445 169 77 77
483 19 95 101
424 72 96 101
104 325 54 82
351 198 58 81
438 428 44 58
447 474 41 41
8 316 90 91
23 393 99 126
263 7 55 60
352 191 39 43
98 142 40 40
329 2 79 99
368 277 42 62
93 406 65 94
399 471 26 28
12 198 83 85
147 90 2 3
225 235 54 65
84 286 49 49
297 400 28 30
7 433 52 52
368 251 1 1
93 119 88 91
223 493 19 20
392 59 14 16
415 116 53 71
147 340 33 45
171 237 107 108
299 351 42 44
45 63 60 61
285 170 2 2
453 141 79 96
48 249 40 43
286 172 41 50
234 418 2 3
161 349 70 76
283 178 44 44
244 336 21 22
32 132 80 82
292 124 80 83
243 178 28 29
209 417 98 108
86 483 67 67
469 284 20 30
447 220 11 12
367 407 35 57
436 474 16 16
85 20 50 71
308 382 35 35
145 251 52 55
133 146 14 15
240 413 27 28
283 277 60 61
276 72 70 81
38 58 27 31
109 367 43 50
463 75 14 18
256 251 35 42
417 350 65 72
211 39 34 35
470 86 12 14
108 298 44 50
59 98 42 62
275 71 18 23
152 203 94 112
482 361 63 88
314 315 71 74
453 458 10 12
11 239 58 69
65 125 76 77
224 18 73 93
226 123 62 82
427 264 10 10
359 434 69 94
194 377 27 27
246 358 2 2
477 388 8 10
226 34 117 120
420 234 63 69
54 118 75 92
237 326 62 75
491 417 15 15
488 32 65 85
202 353 22 23
36 264 42 43
461 404 12 12
174 443 37 53
70 262 75 91
434 96 83 89
26 254 81 81
109 319 69 93
78 66 22 25
370 123 38 41
414 24 9 15
96 288 70 88
23 442 99 118
392 96 36 42
248 489 1 1
136 497 27 32
353 188 9 12
288 83 18 19
145 30 9 9
268 410 37 46
492 228 47 53
215 30 52 57
486 15 26 29
276 431 41 50
137 168 42 47
351 9 86 125
32 170 44 47
353 379 86 90
295 188 51 61
199 268 126 126
386 404 88 94
222 17 25 25
213 346 44 57
136 75 61 87
325 298 8 8
158 191 8 12
160 355 93 93
452 6 15 17
344 390 42 76
200 97 62 63
155 187 41 43
465 481 19 21
312 148 52 54
308 153 40 42
202 274 7 12
366 156 104 107
353 130 43 54
300 341 39 49
315 60 57 61
318 375 72 73
11 87 12 12
265 330 70 72
249 152 50 50
498 260 47 50
388 171 56 68
442 302 64 69
219 469 28 41
451 486 28 30
27 297 28 31
482 432 56 62
471 366 57 96
346 335 89 96
45 255 62 70
247 14 102 128
405 73 1 1
313 225 23 33
222 142 49 49
180 24 92 103
423 311 102 106
493 442 92 104
123 437 47 47
1 384 105 105
132 372 55 55
252 47 51 76
246 297 19 23
403 275 62 67
123 370 14 26
127 4 10 11
105 400 57 63
406 369 21 28
445 65 53 56
191 252 104 105
96 206 67 72
366 94 82 82
77 209 40 56
74 380 99 100
31 281 69 81
397 460 41 46
162 193 79 91
494 84 23 24
383 346 65 76
368 436 103 104
301 489 48 50
151 116 29 35
175 368 28 34
379 368 45 77
8 443 58 77
48 453 8 14
276 408 63 74
28 340 61 86
309 139 43 47
369 346 92 94
132 91 19 24
495 451 21 22
295 245 65 68
257 476 75 77
159 17 25 25
17 313 81 114
270 336 70 103
323 375 28 34
393 356 47 66
238 418 34 49
409 157 59 63
66 67 42 45
10 391 42 43
35 77 36 46
127 52 41 43
487 179 39 39
370 25 29 42
44 119 59 63
79 437 116 121
446 314 8 9
183 498 82 117
335 384 20 22
299 111 61 63
16 190 74 75
416 54 36 44
405 351 11 13
427 156 8 10
287 83 63 102
365 97 31 31
295 116 40 42
316 55 40 46
172 108 76 76
350 189 74 80
453 22 87 87
176 267 8 9
114 344 50 64
288 418 41 43
231 197 57 65
165 352 18 24
50 208 38 43
271 448 104 113
465 218 85 85
456 124 82 116
168 116 88 96
481 160 66 67
440 13 19 19
7 414 58 59
337 135 130 131
489 143 53 56
337 318 102 113
217 91 16 17
7 72 25 25
298 430 70 73
308 433 33 34
495 276 51 66
88 8 25 27
313 149 5 5
165 73 3 3
452 136 7 11
474 359 33 37
266 373 39 58
219 343 31 32
360 353 13 20
172 321 15 19
109 257 32 42
283 316 7 7
53 57 58 61
209 1 46 55
386 275 79 93
477 106 34 37
191 199 61 62
374 72 40 54
79 59 28 32
352 391 31 47
29 345 30 54
108 347 83 86
457 145 29 32
486 321 36 40
388 357 39 40
9 340 38 55
2 24 67 81
404 190 89 113
17 97 21 24
161 485 113 119
192 4 75 77
31 403 41 42
129 59 45 53
277 126 20 20
335 213 73 93
132 314 69 82
36 361 70 82
407 269 103 110
462 404 51 60
149 17 46 53
369 287 3 4
154 135 61 66
25 376 72 85
153 275 110 122
294 338 4 8
396 169 29 30
354 59 8 10
320 245 23 27
407 47 64 95
78 453 20 24
101 99 30 38
468 358 50 52
488 431 93 119
23 33 36 36
376 408 36 42
476 494 80 103
335 30 97 109
368 36 62 67
253 96 18 25
412 368 93 96
2 340 46 49
312 496 3 5
136 407 73 96
165 70 79 120
322 346 36 38
449 290 33 48
430 287 46 67
15 266 71 71
197 67 73 77
409 332 74 76
121 382 80 80
146 220 15 27
453 488 33 40
204 118 51 52
365 12 78 80
423 81 17 19
23 368 58 68
259 243 67 75
425 50 26 30
403 39 69 81
1 105 12 19
390 199 55 65
185 411 68 88
165 415 91 104
248 445 4 7
428 229 15 16
441 54 94 101
2 223 55 78
434 435 72 85
230 152 79 79
54 391 30 48
80 357 8 10
175 333 72 104
168 137 82 88
230 396 43 57
245 496 39 59
396 318 64 65
375 464 27 28
233 225 64 78
184 79 2 4
333 483 60 75
372 94 47 60
253 284 58 58
321 487 41 52
189 386 81 112
252 249 76 78
290 244 4 5
419 244 73 81
429 141 24 24
415 88 92 107
142 5 26 29
305 382 29 29
402 36 6 11
459 407 89 92
378 492 12 12
216 448 33 34
319 227 3 6
406 170 87 107
360 226 60 92
248 399 54 58
200 389 55 61
441 146 68 69
402 427 28 43
385 412 63 70
80 450 6 10
215 38 75 93
494 411 41 49
146 40 32 39
137 130 23 31
167 463 28 34
127 324 19 20
458 30 57 59
61 431 49 50
258 28 64 72
136 199 57 57
309 446 7 7
468 266 49 49
218 294 82 82
291 390 68 85
254 245 11 12
129 298 12 17
286 411 9 13
464 134 54 69
248 174 39 40
393 473 47 55
117 179 89 110
2 295 50 55
430 270 3 4
117 131 59 60
64 334 25 38
298 464 44 44
66 176 4 5
363 471 41 63
24 33 63 65
312 300 86 111
95 142 81 92
447 403 12 24
266 220 25 35
129 382 61 61
55 417 37 37
233 93 40 42
9 373 9 10
239 497 56 80
100 301 109 115
321 132 24 24
134 60 72 82
435 16 60 70
187 134 118 123
321 146 25 26
26 220 9 12
228 263 74 99
121 480 56 79
428 349 1 2
23 103 70 70
453 318 41 49
31 489 64 66
230 18 86 94
385 270 103 103
20 483 27 29
306 484 84 87
233 188 28 28
309 171 86 89
492 11 74 115
246 138 43 45
159 491 17 19
101 451 74 89
307 352 51 64
343 186 96 102
13 396 74 92
347 65 76 76
380 200 2 3
265 30 30 31
409 247 63 86
286 457 24 25
78 73 47 67
134 483 109 110
95 410 47 47
110 348 98 110
153 471 100 116
24 190 86 88
246 175 34 34
435 489 32 35
146 200 5 6
450 343 14 16
483 248 71 71
2 168 31 46
243 280 54 62
173 167 5 6
359 233 118 118
396 74 5 6
