400 3200
0 1 94 129
1 2 59 68
2 3 37 41
3 4 21 33
4 5 53 61
5 6 40 52
6 7 69 86
7 8 53 69
8 9 42 58
9 10 76 95
10 11 40 45
11 12 9 10
12 13 12 15
13 14 109 110
14 15 51 74
15 16 1 2
16 17 10 12
17 18 79 88
18 19 6 12
19 20 25 39
20 21 107 116
21 22 66 68
22 23 60 62
23 24 63 69
24 25 113 119
25 26 62 66
26 27 49 80
27 28 31 38
28 29 8 8
29 30 32 34
30 31 6 10
31 32 91 114
32 33 33 33
33 34 63 66
34 35 69 72
35 36 47 50
36 37 25 29
37 38 57 59
38 39 24 24
39 40 69 75
40 41 71 72
41 42 86 89
42 43 2 3
43 44 30 31
44 45 54 57
45 46 75 88
46 47 1 1
47 48 35 52
48 49 78 82
49 50 34 47
50 51 9 9
51 52 6 8
52 53 54 84
53 54 30 35
54 55 24 29
55 56 73 106
56 57 75 87
57 58 13 24
58 59 60 64
59 60 35 36
60 61 63 87
61 62 43 60
62 63 34 37
63 64 40 49
64 65 20 34
65 66 17 17
66 67 74 76
67 68 12 15
68 69 103 103
69 70 3 4
70 71 115 118
71 72 7 10
72 73 23 39
73 74 78 81
74 75 10 13
75 76 10 15
76 77 107 108
77 78 29 37
78 79 67 73
79 80 94 95
80 81 102 106
81 82 49 56
82 83 81 85
83 84 19 27
84 85 20 24
85 86 30 32
86 87 40 54
87 88 74 74
88 89 22 24
89 90 11 11
90 91 4 9
91 92 87 87
92 93 48 54
93 94 82 102
94 95 42 48
95 96 77 110
96 97 44 47
97 98 11 12
98 99 10 18
99 100 100 103
100 101 68 86
101 102 4 4
102 103 47 49
103 104 72 87
104 105 3 4
105 106 90 99
106 107 53 66
107 108 60 63
108 109 91 100
109 110 22 22
110 111 53 70
111 112 55 83
112 113 117 117
113 114 67 73
114 115 13 15
115 116 85 91
116 117 44 45
117 118 65 65
118 119 46 50
119 120 38 43
120 121 53 72
121 122 9 10
122 123 66 95
123 124 17 18
124 125 70 72
125 126 32 34
126 127 2 3
127 128 111 113
128 129 31 36
129 130 73 76
130 131 100 114
131 132 67 67
132 133 86 94
133 134 20 35
134 135 118 122
135 136 38 55
136 137 69 73
137 138 12 14
138 139 23 25
139 140 104 110
140 141 55 62
141 142 62 77
142 143 66 74
143 144 56 95
144 145 47 85
145 146 4 7
146 147 25 34
147 148 51 51
148 149 40 47
149 150 63 70
150 151 41 50
151 152 123 124
152 153 82 88
153 154 70 73
154 155 75 81
155 156 10 10
156 157 65 104
157 158 55 60
158 159 79 79
159 160 54 58
160 161 84 98
161 162 71 75
162 163 94 115
163 164 102 110
164 165 60 90
165 166 30 47
166 167 59 60
167 168 96 122
168 169 6 8
169 170 79 88
170 171 38 49
171 172 55 55
172 173 55 57
173 174 52 64
174 175 9 9
175 176 41 47
176 177 85 92
177 178 65 69
178 179 45 73
179 180 25 27
180 181 101 102
181 182 26 27
182 183 17 17
183 184 4 6
184 185 73 76
185 186 21 21
186 187 24 40
187 188 70 79
188 189 26 33
189 190 101 104
190 191 11 13
191 192 22 36
192 193 73 79
193 194 87 95
194 195 107 107
195 196 26 27
196 197 51 71
197 198 9 14
198 199 37 44
199 200 79 80
200 201 28 29
201 202 30 31
202 203 93 93
203 204 38 46
204 205 33 37
205 206 22 23
206 207 19 19
207 208 35 39
208 209 24 25
209 210 25 26
210 211 19 25
211 212 1 1
212 213 61 75
213 214 62 65
214 215 68 101
215 216 41 41
216 217 59 81
217 218 2 3
218 219 73 75
219 220 5 8
220 221 48 51
221 222 56 69
222 223 10 17
223 224 52 55
224 225 88 99
225 226 124 125
226 227 40 50
227 228 84 85
228 229 99 99
229 230 48 51
230 231 44 51
231 232 32 35
232 233 64 68
233 234 35 37
234 235 27 37
235 236 60 65
236 237 29 54
237 238 32 33
238 239 63 68
239 240 48 53
240 241 24 27
241 242 87 91
242 243 25 29
243 244 16 18
244 245 27 29
245 246 80 80
246 247 14 14
247 248 13 13
248 249 39 42
249 250 102 105
250 251 0 2
251 252 79 80
252 253 84 93
253 254 78 78
254 255 55 57
255 256 41 42
256 257 30 33
257 258 24 26
258 259 78 107
259 260 74 87
260 261 23 23
261 262 13 13
262 263 74 82
263 264 17 21
264 265 103 103
265 266 63 71
266 267 61 67
267 268 10 11
268 269 10 11
269 270 9 9
270 271 3 5
271 272 88 93
272 273 7 9
273 274 13 14
274 275 84 85
275 276 79 89
276 277 63 73
277 278 23 23
278 279 32 35
279 280 75 75
280 281 25 27
281 282 13 14
282 283 96 106
283 284 3 3
284 285 57 66
285 286 116 121
286 287 54 69
287 288 67 68
288 289 11 11
289 290 29 29
290 291 18 21
291 292 26 26
292 293 35 35
293 294 77 98
294 295 23 30
295 296 48 79
296 297 65 85
297 298 40 47
298 299 27 27
299 300 77 91
300 301 44 49
301 302 50 50
302 303 79 88
303 304 104 109
304 305 52 70
305 306 11 16
306 307 73 89
307 308 11 18
308 309 32 40
309 310 65 69
310 311 32 33
311 312 98 100
312 313 7 8
313 314 71 93
314 315 49 63
315 316 48 53
316 317 54 54
317 318 78 101
318 319 76 104
319 320 47 47
320 321 83 88
321 322 47 54
322 323 59 69
323 324 60 100
324 325 4 6
325 326 50 53
326 327 43 49
327 328 62 72
328 329 31 32
329 330 66 73
330 331 26 45
331 332 55 56
332 333 61 62
333 334 100 126
334 335 3 4
335 336 49 62
336 337 70 83
337 338 72 72
338 339 14 15
339 340 2 2
340 341 54 57
341 342 94 94
342 343 3 4
343 344 97 99
344 345 18 18
345 346 37 43
346 347 103 116
347 348 65 71
348 349 91 98
349 350 61 91
350 351 40 46
351 352 41 43
352 353 83 97
353 354 74 83
354 355 16 19
355 356 47 64
356 357 46 49
357 358 2 3
358 359 32 32
359 360 26 26
360 361 9 15
361 362 49 61
362 363 55 57
363 364 76 85
364 365 75 76
365 366 69 72
366 367 88 89
367 368 72 85
368 369 54 68
369 370 72 95
370 371 73 103
371 372 68 100
372 373 46 64
373 374 102 115
374 375 27 34
375 376 55 73
376 377 74 79
377 378 80 87
378 379 91 99
379 380 77 118
380 381 20 24
381 382 81 86
382 383 41 41
383 384 11 13
384 385 49 55
385 386 77 104
386 387 99 111
387 388 73 78
388 389 44 75
389 390 17 20
390 391 25 36
391 392 47 49
392 393 9 11
393 394 1 1
394 395 79 80
395 396 66 67
396 397 88 106
397 398 10 12
398 399 28 37
399 0 94 99
66 212 69 71
208 27 14 14
311 362 40 59
61 362 101 103
154 388 98 110
102 367 24 24
75 275 58 76
148 311 7 11
239 156 11 16
237 249 48 54
114 306 7 14
276 73 99 100
389 33 33 34
269 173 79 85
148 252 99 109
39 226 6 10
217 35 14 14
309 83 41 54
103 151 107 114
37 251 4 4
284 287 12 20
120 17 9 14
224 248 70 110
294 80 24 36
246 253 35 42
295 250 75 94
307 265 55 101
267 245 101 115
222 178 36 42
92 122 75 85
54 119 49 67
102 313 47 57
88 336 15 19
286 34 16 16
239 190 29 33
256 363 83 109
9 91 84 89
5 105 0 1
106 152 66 66
5 211 56 84
15 97 11 14
142 328 61 94
40 225 83 85
190 350 9 12
54 229 49 51
66 243 122 128
192 382 111 117
164 313 3 4
302 12 56 59
20 268 44 63
25 363 50 76
398 148 20 24
272 2 16 17
181 199 15 16
358 271 42 47
218 132 94 97
57 214 107 112
209 175 7 9
130 311 78 106
322 90 58 77
62 373 36 60
87 381 46 51
277 255 32 52
298 51 23 32
35 203 48 51
365 303 37 42
306 271 14 15
380 255 49 71
353 146 91 104
339 143 23 33
102 366 21 21
62 89 43 62
53 183 70 71
256 46 67 72
57 360 53 55
333 153 61 76
115 366 9 10
324 339 71 74
121 241 18 20
164 119 64 70
302 149 0 2
20 278 50 54
134 175 73 83
51 201 75 79
212 93 68 90
262 98 87 96
220 190 9 11
0 375 53 96
318 161 70 73
29 9 32 46
273 326 17 22
311 0 97 100
178 75 78 82
7 285 25 40
217 249 29 29
3 323 1 2
168 119 13 14
47 202 103 106
149 294 123 126
31 372 10 11
133 66 71 92
359 166 75 90
289 371 47 50
291 312 75 116
157 16 34 34
376 265 47 66
127 164 10 10
173 228 50 64
2 65 56 57
142 102 56 85
109 264 64 72
22 152 73 86
284 180 14 18
157 59 45 46
154 37 44 45
269 133 13 18
152 279 39 41
77 24 6 9
319 136 3 4
199 21 5 5
87 210 104 108
314 219 74 76
248 205 40 40
189 264 96 100
24 86 53 61
166 294 58 93
294 237 21 24
179 120 38 40
161 324 69 91
12 274 0 0
321 350 83 84
25 185 40 65
183 23 108 109
368 145 87 89
59 350 5 5
167 58 38 44
156 149 41 41
290 19 32 35
244 176 3 7
149 127 42 58
153 74 53 56
86 245 53 58
218 306 7 9
16 59 56 68
379 279 17 21
41 58 5 5
297 367 54 56
203 142 40 60
159 137 54 54
15 246 43 55
221 374 27 36
5 364 68 68
158 143 102 105
373 270 68 89
173 259 12 13
312 249 48 48
374 300 7 9
112 33 58 68
121 397 84 88
154 388 46 59
155 144 20 36
250 316 13 17
58 319 90 94
192 270 30 56
268 97 27 31
364 137 28 33
389 395 53 64
120 381 1 1
338 298 93 109
6 33 16 17
243 373 36 40
60 84 86 90
263 107 37 40
158 30 25 27
87 314 56 65
308 41 85 90
247 176 41 50
310 253 63 77
364 327 110 122
124 353 7 8
220 156 100 100
280 197 42 48
353 130 39 40
4 194 21 29
14 79 6 6
30 397 57 69
398 251 38 39
192 261 35 35
123 250 25 38
380 58 110 116
62 173 3 6
219 284 100 100
34 63 75 76
182 359 44 49
295 217 80 106
283 240 45 52
31 151 15 21
274 284 42 55
35 373 58 67
231 152 7 15
300 272 57 64
58 162 96 104
251 99 20 23
390 265 40 57
41 295 59 80
352 343 26 27
179 286 99 107
367 116 71 72
348 4 15 19
197 92 46 48
85 364 12 15
209 225 66 66
37 236 14 14
14 270 68 69
365 283 10 13
186 41 101 103
365 274 76 97
268 98 54 84
198 17 57 69
186 362 17 21
387 79 10 12
42 44 9 10
365 363 81 83
70 60 59 65
91 340 29 33
244 160 82 126
347 341 94 112
16 226 92 105
248 340 29 31
167 224 32 41
259 66 20 20
147 31 13 14
195 47 113 113
305 328 8 12
209 367 7 7
163 394 9 17
283 79 57 61
382 139 37 48
309 136 51 52
48 81 48 52
70 380 30 31
123 131 102 107
144 354 12 17
310 43 87 98
11 261 100 118
237 48 70 80
354 377 19 29
17 107 11 20
341 374 30 36
48 308 13 18
331 118 35 50
99 318 66 110
274 21 50 54
317 238 20 34
7 269 72 73
64 310 30 50
56 176 103 121
38 236 70 124
55 257 95 95
369 396 51 69
200 44 77 90
148 131 113 119
277 229 22 26
244 386 42 47
150 1 35 47
5 37 47 53
163 125 44 50
143 298 69 81
247 1 106 114
342 168 49 89
10 326 99 101
290 148 96 114
356 386 38 48
173 349 75 77
10 108 106 119
333 105 66 67
213 130 56 68
341 398 33 35
301 310 54 54
106 78 92 93
289 343 103 117
335 127 38 44
102 24 83 83
326 218 80 88
212 203 26 31
27 87 102 104
32 349 38 42
125 257 15 17
207 374 81 90
327 279 102 103
185 128 65 105
124 115 79 82
389 14 60 63
303 376 25 33
346 337 6 6
177 315 9 11
35 341 42 62
271 64 91 92
128 63 103 108
138 75 32 35
100 85 23 25
225 116 21 29
255 110 50 62
134 283 48 48
387 29 74 86
379 327 29 29
310 260 82 87
211 66 48 59
122 110 27 31
208 61 70 73
391 113 29 34
176 23 50 67
183 174 18 22
144 372 67 78
169 240 64 66
127 359 0 1
372 321 14 15
397 111 39 40
177 340 22 27
108 362 39 42
223 331 33 34
58 335 11 11
321 45 35 42
364 181 114 128
387 53 31 41
191 188 10 11
256 242 93 97
194 165 55 84
258 310 5 7
359 111 26 27
190 254 82 84
251 354 66 71
384 325 3 4
63 170 76 116
336 288 94 103
93 309 5 7
342 246 51 53
331 315 8 10
304 337 114 115
64 150 50 77
65 66 76 77
322 304 59 61
104 46 2 3
385 370 10 11
319 47 3 3
274 391 89 89
243 17 98 101
115 318 24 29
155 223 11 17
277 50 112 119
62 131 97 114
236 228 51 82
278 160 72 74
284 301 76 77
153 292 44 47
172 192 12 13
317 139 75 92
26 186 69 69
355 70 33 38
310 137 13 15
338 187 35 56
209 28 108 110
72 242 53 59
343 261 18 26
201 75 41 45
79 78 54 88
140 257 77 78
23 155 98 98
52 386 9 9
74 83 63 67
326 144 108 119
147 11 25 25
344 388 35 36
62 167 80 84
144 255 14 16
303 7 32 35
85 178 83 95
225 125 62 101
289 256 11 16
7 8 60 89
92 314 76 92
396 90 37 37
117 264 9 9
268 328 106 106
108 389 61 68
235 276 72 80
336 322 111 113
284 152 38 42
102 371 44 53
222 337 29 32
187 372 29 29
47 136 73 93
92 347 32 32
102 95 10 10
317 147 69 78
156 69 37 39
378 191 79 82
0 170 77 95
332 97 75 76
73 105 39 40
348 24 109 115
337 195 42 68
352 227 97 103
70 263 17 18
101 346 48 58
247 153 13 13
7 168 44 55
344 60 26 33
254 360 107 115
143 338 19 19
311 395 67 82
355 19 50 58
154 196 61 61
380 130 26 33
398 156 63 69
101 321 49 78
227 59 54 74
43 365 15 22
143 392 72 74
118 363 64 69
303 268 89 101
316 35 0 0
197 243 29 31
54 252 9 13
207 143 80 96
35 67 19 20
268 112 25 33
295 287 30 36
106 56 63 65
127 303 83 88
226 12 54 60
372 308 22 22
258 85 69 94
386 353 70 108
351 180 16 16
376 34 108 114
184 269 57 93
229 90 98 130
35 312 82 92
185 94 40 50
55 381 24 35
209 295 29 41
325 213 37 55
168 69 70 73
109 268 103 111
99 195 63 74
103 153 75 75
353 366 0 2
101 270 70 81
311 155 25 27
320 326 88 94
91 28 38 45
25 51 80 92
16 329 71 74
354 247 1 1
319 58 32 33
389 60 1 2
114 89 81 81
253 271 55 73
283 66 6 7
23 374 21 24
350 352 23 32
341 1 29 36
310 104 37 37
357 251 121 124
300 199 32 34
256 72 33 37
192 13 10 10
276 123 37 51
304 334 65 65
388 169 25 27
156 302 76 119
178 124 56 72
251 98 9 9
157 163 62 70
7 354 43 77
339 327 61 81
132 12 52 80
183 220 80 83
135 248 46 46
77 43 50 52
113 237 21 21
361 214 39 45
10 149 1 1
265 305 104 113
380 316 1 2
73 191 66 75
149 305 65 69
249 358 53 53
388 255 83 85
380 55 4 4
103 102 10 14
158 163 37 39
283 268 4 6
84 159 61 61
190 340 26 35
275 247 47 51
88 158 26 34
322 206 18 20
163 211 89 98
283 60 56 70
263 344 19 20
128 61 47 85
21 114 1 1
154 147 101 102
391 77 63 86
234 247 102 103
167 215 25 41
312 335 25 30
182 142 39 66
279 54 42 42
388 305 13 15
270 38 62 66
216 191 74 74
170 236 47 50
349 31 80 103
26 167 95 101
82 353 70 72
127 268 84 97
239 33 39 41
202 277 21 27
33 392 77 102
26 259 3 5
53 109 96 97
307 293 34 38
83 74 30 37
13 303 21 23
317 287 91 114
209 342 7 7
356 78 67 78
19 346 50 79
25 172 87 116
158 359 12 23
198 338 84 101
263 390 83 94
398 316 26 26
351 33 61 71
42 57 52 53
220 352 85 85
93 290 91 100
177 392 41 69
269 95 66 108
235 397 5 5
167 140 2 3
165 134 70 78
218 284 43 45
27 68 2 3
383 104 20 29
236 322 23 31
204 80 32 36
181 183 74 104
99 146 8 9
53 325 3 5
339 217 36 46
246 230 47 61
57 261 45 58
114 189 89 103
276 7 69 94
78 261 36 45
119 95 76 82
132 232 84 84
385 276 81 88
101 185 35 42
211 213 11 12
131 386 48 79
275 149 11 19
156 85 89 98
87 15 65 90
322 237 2 2
388 285 14 19
314 157 93 105
13 77 5 5
396 74 72 74
239 144 71 71
7 149 3 4
95 369 45 54
275 60 15 22
41 258 16 17
359 353 31 40
361 58 41 48
3 398 15 27
211 298 22 22
16 291 88 88
49 129 28 32
161 232 19 22
274 314 48 49
374 186 69 85
354 95 52 67
29 207 60 60
98 234 49 51
64 59 20 21
359 146 61 76
2 83 89 108
322 136 23 29
151 358 40 42
358 303 103 105
228 157 29 36
293 224 6 8
198 112 56 82
390 195 64 64
155 260 51 63
254 282 35 35
108 125 6 6
157 28 101 103
310 231 14 17
261 258 48 67
85 4 55 100
133 69 83 96
329 8 24 35
249 213 100 115
370 2 31 32
87 151 31 39
16 50 90 92
394 88 83 91
327 78 55 92
292 224 31 32
332 326 49 68
107 282 90 122
296 272 11 19
228 251 69 76
151 122 71 87
247 55 86 89
94 116 80 99
136 380 111 119
206 43 44 58
212 7 70 96
70 82 18 18
276 287 40 48
112 279 101 103
97 76 57 57
337 243 11 16
231 76 82 106
162 17 31 32
341 177 15 18
319 91 113 115
351 4 30 42
308 398 86 98
266 356 30 51
104 214 83 88
260 208 19 19
53 316 37 48
113 391 60 67
311 235 46 56
284 184 71 73
162 297 60 62
177 291 91 111
366 149 11 12
12 272 75 75
171 292 56 57
127 110 33 46
82 353 12 19
233 304 89 91
121 280 36 38
300 346 9 14
167 125 7 8
387 344 93 102
226 374 105 117
397 231 1 1
169 188 29 37
81 193 62 66
117 48 46 50
208 239 58 84
57 295 62 96
72 230 107 112
262 55 104 120
388 61 25 32
332 336 30 39
57 215 47 70
335 18 51 52
17 8 22 30
286 378 72 102
352 252 55 55
65 244 50 59
236 292 56 60
233 177 81 84
148 42 97 99
270 223 68 75
243 3 45 45
298 193 38 43
301 13 122 123
214 396 39 55
142 215 113 116
80 3 73 79
148 295 59 87
388 378 0 1
108 342 101 119
243 163 51 77
257 9 27 35
14 187 16 22
314 16 10 11
129 286 92 111
194 398 29 29
343 385 29 38
388 226 11 12
29 221 43 50
162 219 67 75
232 63 18 23
328 107 74 82
347 363 22 23
260 357 37 40
319 190 76 106
158 45 44 48
180 235 61 84
349 376 22 27
244 353 27 27
328 46 53 62
81 57 120 129
73 376 13 13
268 393 6 7
118 104 120 122
220 10 70 100
123 266 65 68
223 142 12 12
281 340 82 98
240 257 43 72
289 97 18 23
237 141 60 72
85 311 35 53
58 93 20 22
310 140 7 12
266 130 30 44
77 279 48 88
259 162 15 15
3 330 56 56
335 54 2 3
145 262 87 87
308 117 95 120
202 99 35 44
304 71 89 110
391 325 65 82
140 150 69 101
205 9 37 52
201 356 26 27
120 145 64 80
384 130 65 66
33 270 54 72
357 192 114 116
65 361 12 13
114 88 59 60
95 272 55 57
147 397 20 28
387 260 56 69
240 350 50 62
385 112 68 72
112 69 48 54
65 75 47 48
232 27 36 40
366 353 43 48
189 362 49 51
165 152 44 75
212 164 23 23
230 214 14 16
19 189 26 27
270 61 81 118
130 198 56 78
92 229 47 62
396 374 10 13
154 127 58 62
311 123 24 26
148 343 62 66
22 264 37 37
182 180 62 82
135 312 32 55
88 274 12 18
114 84 74 117
255 69 34 35
90 333 50 59
270 337 103 114
308 75 52 55
237 93 39 44
297 241 19 22
236 194 65 77
156 369 19 23
334 303 64 91
5 24 29 34
190 92 16 19
107 380 36 46
181 160 62 63
148 192 10 14
242 14 54 57
267 375 57 62
342 344 84 102
284 14 62 76
0 299 11 15
121 53 53 53
202 203 10 13
279 252 22 24
350 93 30 32
16 96 18 25
255 78 10 11
2 130 124 130
225 118 57 79
320 205 31 33
33 136 54 80
387 75 25 26
254 131 3 3
360 69 7 9
333 302 20 21
237 216 62 75
31 226 89 89
99 72 50 55
158 338 61 66
4 203 93 95
6 198 58 70
296 8 17 28
62 10 1 1
7 236 55 78
161 394 41 42
5 60 83 104
81 237 84 85
168 285 47 59
126 340 28 30
202 32 69 91
246 207 39 54
125 49 12 21
39 256 5 6
69 290 8 9
22 297 39 40
21 261 108 112
170 69 44 49
326 157 23 24
325 267 59 61
252 393 7 8
385 330 14 14
37 124 41 49
138 159 73 82
381 71 15 16
131 258 23 24
188 5 33 53
375 137 57 61
171 219 68 85
190 3 4 6
323 352 53 58
95 78 59 60
206 355 37 44
395 56 37 56
2 29 7 7
140 360 86 87
132 123 85 91
121 59 39 41
118 219 20 24
3 52 5 7
49 194 27 40
398 288 110 110
227 316 6 7
155 167 56 58
169 167 52 54
29 295 97 106
244 102 1 2
193 330 31 34
131 128 22 26
362 247 108 112
32 82 35 47
206 193 21 21
227 303 79 79
334 126 85 88
112 105 5 6
398 377 5 6
169 10 110 118
224 128 25 27
104 232 58 65
373 365 69 73
68 195 31 35
368 353 75 79
178 358 28 34
235 307 63 75
94 339 44 52
213 82 80 100
68 131 63 78
172 340 65 69
370 104 80 92
184 138 93 102
336 308 41 61
103 320 5 7
52 281 42 45
136 322 34 35
285 256 32 43
261 319 36 48
85 393 59 59
108 356 71 91
75 7 66 67
253 332 18 19
137 33 76 90
108 325 65 117
342 100 100 118
314 242 86 87
20 137 39 53
288 133 48 50
116 313 51 63
248 356 9 10
74 242 68 68
150 354 7 7
179 117 6 7
94 283 16 17
2 129 31 37
298 147 49 52
381 5 80 89
233 187 104 127
32 109 116 119
242 222 2 2
394 277 4 4
46 242 5 6
380 231 37 42
180 23 91 91
301 156 65 70
378 208 23 33
17 175 116 129
48 294 8 8
46 170 51 64
18 75 34 36
80 288 17 17
210 52 29 35
312 162 63 78
141 21 79 82
359 24 46 61
136 320 99 101
121 202 100 105
127 153 94 103
147 188 82 88
65 67 8 10
266 240 85 90
55 167 31 33
150 385 41 45
296 295 69 100
372 360 33 50
167 198 40 40
88 45 125 126
115 149 82 112
198 115 93 101
134 395 52 83
83 262 27 45
47 195 16 18
329 119 53 90
261 278 49 61
312 310 82 93
210 128 18 18
279 225 88 96
158 205 76 90
202 253 69 89
262 171 5 6
125 46 56 61
358 128 80 82
60 344 32 32
321 358 73 89
208 314 76 88
124 63 98 101
313 91 59 69
133 340 39 40
27 124 94 115
157 376 108 111
301 85 35 39
109 284 82 82
163 189 61 64
113 77 60 113
193 251 61 69
322 115 26 26
56 50 109 119
47 243 23 33
68 283 29 36
393 98 81 85
174 89 96 111
285 90 112 112
89 55 67 105
189 290 22 29
21 143 70 71
144 93 104 116
88 201 1 1
334 124 6 7
347 126 42 44
378 15 16 17
271 197 28 29
135 28 22 26
117 247 26 47
10 320 11 15
249 159 46 51
82 270 13 13
398 179 9 11
86 133 31 32
262 315 53 63
392 210 91 99
72 263 61 69
206 346 76 93
153 282 18 18
37 107 125 129
222 190 4 6
10 34 3 3
313 238 39 39
77 96 45 61
340 26 18 31
65 300 9 10
354 176 55 58
305 332 1 1
173 0 115 126
219 268 78 79
102 293 83 87
293 28 41 43
373 159 11 12
338 389 63 72
332 311 113 114
188 332 89 94
286 133 14 16
252 242 91 103
48 230 19 21
88 206 55 59
156 263 75 88
218 42 22 23
193 290 31 35
6 195 67 86
252 191 41 72
185 150 67 76
311 356 20 26
156 137 44 61
330 25 86 88
53 168 69 71
140 260 66 81
83 0 68 73
344 130 121 124
165 77 19 20
14 253 28 41
16 366 4 5
191 154 63 112
226 29 30 36
284 159 57 76
377 114 70 75
317 36 30 42
345 372 121 123
311 368 33 35
262 281 4 6
307 73 96 109
257 154 46 56
254 381 25 33
278 184 49 52
154 239 92 98
297 325 5 5
243 169 88 92
27 127 25 37
342 239 76 87
389 213 7 15
303 217 51 53
367 219 129 130
259 43 57 71
126 149 118 122
334 230 44 46
143 23 55 57
124 323 52 80
130 304 117 119
179 270 91 98
224 128 30 41
202 201 49 72
276 298 19 26
278 42 25 26
172 141 60 104
347 285 52 58
386 158 27 38
230 300 52 60
87 363 16 18
76 143 38 41
329 377 24 31
228 177 41 45
356 192 12 14
210 52 39 47
206 382 80 80
105 340 111 112
389 229 13 17
123 369 37 42
97 50 77 84
393 377 20 36
322 299 21 41
269 99 17 17
395 42 4 5
269 320 79 94
272 39 71 81
26 317 40 45
296 393 44 52
87 262 11 13
274 350 70 78
41 257 34 37
39 63 11 14
122 21 65 65
183 59 35 40
370 162 48 55
360 109 12 13
6 211 64 64
69 163 5 6
162 377 78 81
97 230 2 6
107 242 115 116
139 104 82 84
245 39 45 54
349 161 18 28
42 212 2 3
277 318 49 72
8 25 26 33
29 326 45 57
357 194 23 23
331 80 54 64
87 64 121 123
389 267 106 128
36 172 20 25
162 166 104 104
231 126 55 61
358 11 76 78
182 86 4 6
303 252 93 125
221 147 66 115
228 170 98 100
227 331 59 61
184 64 37 37
71 136 77 117
150 5 72 102
100 102 42 66
242 16 99 109
121 59 36 36
344 134 73 88
116 149 107 108
364 242 56 77
316 228 67 118
363 60 52 77
220 235 95 97
324 92 6 6
3 285 26 34
27 86 83 85
31 185 33 34
226 8 33 45
206 63 12 17
175 280 22 25
252 46 19 31
67 194 21 22
84 79 1 3
307 351 44 51
91 175 23 25
377 162 47 49
168 15 82 94
292 45 70 70
344 211 60 75
105 130 24 38
233 376 44 44
37 82 30 44
305 240 43 54
293 382 7 7
59 179 2 3
366 305 32 38
108 114 73 80
102 112 38 69
81 60 64 77
347 9 43 44
168 136 13 14
373 12 24 34
250 71 26 35
122 305 89 90
133 160 62 65
249 375 44 47
309 16 57 59
156 370 113 121
174 360 98 100
269 19 32 43
20 338 21 27
313 267 5 5
174 81 64 70
221 166 27 28
255 14 79 80
170 318 51 54
228 188 86 90
21 103 92 93
117 197 37 44
22 374 38 62
166 325 88 89
159 185 33 35
139 297 1 3
360 130 51 52
75 313 28 28
122 387 58 59
12 322 28 39
193 96 51 56
301 390 69 97
283 99 93 95
60 23 103 115
389 178 90 106
344 100 17 29
203 53 1 3
100 109 77 86
308 374 0 2
11 384 23 33
283 121 12 17
314 333 21 23
200 297 22 23
91 15 11 12
67 237 47 47
301 60 2 3
324 57 12 12
328 301 5 7
16 327 28 30
294 21 73 97
188 215 26 29
241 51 93 93
130 177 14 18
154 3 52 56
266 395 61 94
99 379 84 91
68 387 103 105
325 0 26 47
112 393 52 65
71 339 88 91
21 326 7 8
324 83 68 85
115 2 52 55
213 58 52 72
339 398 76 79
194 244 47 78
214 298 20 28
49 62 107 108
359 55 34 40
281 62 94 120
180 238 50 64
117 163 29 30
78 139 63 99
378 19 85 104
342 229 60 86
385 160 29 36
26 198 13 15
67 159 35 35
32 154 61 63
139 44 19 22
41 167 29 35
370 283 35 41
356 367 126 128
49 359 42 53
46 360 42 45
102 222 60 70
145 92 87 98
344 377 33 37
295 314 43 51
133 131 50 76
71 72 75 88
279 71 13 13
107 238 11 14
241 186 35 35
82 311 39 40
151 92 41 45
242 84 117 117
121 243 78 92
273 238 51 84
61 398 25 36
343 35 41 45
39 117 100 105
243 116 115 115
357 361 86 107
306 361 31 40
394 187 63 71
85 339 12 12
295 339 73 86
180 34 61 79
23 368 64 101
334 308 101 110
187 9 31 32
101 194 57 100
73 262 45 49
351 370 6 8
97 109 63 70
224 44 43 44
41 380 92 96
162 203 37 51
398 1 3 5
2 195 110 113
211 146 112 114
84 36 99 112
285 393 48 56
121 395 91 92
335 395 78 78
231 61 44 47
331 265 55 73
272 57 43 47
335 130 13 14
22 362 4 5
10 321 90 94
356 40 79 81
376 242 91 127
22 54 49 52
352 192 30 30
54 336 43 47
57 102 1 2
348 216 29 41
69 80 46 52
147 61 2 4
299 244 4 8
27 388 15 15
113 246 65 97
218 254 67 104
55 277 28 28
316 281 115 116
236 239 19 21
312 78 42 43
66 41 39 46
193 345 92 95
293 348 67 97
375 52 42 44
21 369 39 41
189 89 63 63
18 227 56 56
283 272 86 89
226 172 44 54
92 7 47 49
189 37 86 96
84 129 14 15
86 393 21 31
373 264 21 22
143 254 67 77
69 245 27 36
93 59 71 106
380 99 23 34
40 153 36 49
329 93 53 77
81 322 36 39
124 79 18 19
303 299 26 44
335 80 35 40
394 4 83 96
339 265 62 71
165 57 40 47
391 197 41 45
13 8 15 15
374 276 36 46
193 69 34 35
344 329 78 81
334 115 17 19
178 247 26 38
74 26 23 29
114 299 5 8
256 93 77 85
91 360 13 14
64 92 27 33
317 331 73 74
335 333 117 123
143 250 69 87
301 393 41 44
374 95 9 12
295 152 102 103
184 336 6 8
220 116 61 74
289 112 66 78
278 340 98 99
58 218 6 8
188 9 86 94
346 311 90 97
62 88 80 83
350 162 49 64
141 74 90 94
44 298 90 92
126 283 49 55
354 49 50 51
82 144 65 94
181 125 57 60
374 54 8 10
193 331 42 44
43 265 27 37
278 26 82 89
58 370 36 49
196 329 13 17
201 326 62 89
100 50 36 37
259 34 56 64
173 348 45 46
242 142 23 26
244 101 69 77
389 35 4 4
171 374 76 81
174 221 60 69
181 40 77 99
324 370 43 60
25 98 104 107
298 179 34 34
314 330 83 93
310 181 6 7
97 2 33 37
311 115 73 75
391 228 87 87
314 89 55 65
193 195 44 59
199 179 15 21
310 88 47 63
128 381 28 29
64 375 5 5
362 328 67 71
214 336 75 95
67 117 56 58
1 108 1 2
128 111 58 67
204 182 92 102
147 209 28 28
1 210 24 24
240 2 72 72
188 341 54 55
165 166 47 51
304 49 10 10
156 190 98 104
210 317 33 55
270 323 88 109
321 222 78 78
391 363 94 106
393 111 58 75
146 1 81 82
238 234 60 71
387 128 34 50
6 325 80 80
162 380 119 127
274 161 60 63
322 216 67 88
330 392 16 19
116 366 55 84
185 390 31 36
161 205 70 78
113 110 6 8
58 135 20 25
12 280 69 77
289 149 18 23
319 322 46 49
87 108 80 91
274 136 46 47
233 135 24 26
98 389 86 90
171 77 17 23
130 213 63 68
95 300 78 78
28 222 18 32
248 293 10 12
330 201 3 7
12 118 19 23
38 22 48 52
172 139 37 42
330 280 7 8
318 160 13 16
309 141 34 35
318 262 48 51
73 333 30 43
144 281 41 51
206 124 63 109
202 275 45 47
300 246 75 115
352 131 59 63
143 277 83 86
365 146 38 41
268 338 51 56
212 58 65 65
277 189 37 39
103 223 83 84
318 287 34 41
311 338 4 6
297 15 2 2
88 193 23 23
126 312 2 4
20 136 15 17
294 350 84 85
20 299 44 56
200 279 110 113
205 291 76 80
306 94 78 80
281 146 61 69
250 32 33 36
89 264 23 23
110 216 14 20
68 324 80 83
139 74 19 20
158 66 2 2
19 326 58 58
167 246 47 60
304 337 55 62
239 206 58 69
281 167 44 46
118 388 92 94
204 156 22 23
322 317 60 67
85 346 66 74
239 9 52 68
297 201 16 20
342 243 61 63
337 145 24 27
197 108 5 5
283 306 50 66
379 385 17 18
119 95 50 61
354 161 29 30
357 100 24 38
308 184 55 71
295 177 15 16
267 156 41 49
380 287 29 34
294 69 42 52
38 307 97 110
97 212 11 12
67 104 15 25
66 201 39 40
389 75 22 22
73 89 37 39
290 157 58 85
170 350 38 54
215 166 61 69
178 253 37 56
131 95 102 102
171 307 63 78
395 288 51 53
130 119 61 80
297 270 58 80
77 319 9 10
92 188 16 19
256 377 1 3
243 222 38 41
303 124 89 102
310 384 47 58
147 3 29 39
172 328 51 73
240 175 18 30
349 164 39 69
8 131 76 88
396 36 67 70
31 201 85 112
312 245 17 20
52 379 69 77
51 184 90 96
282 244 48 60
270 214 98 98
159 100 58 60
120 282 11 12
203 283 57 58
367 109 29 30
128 286 74 77
104 121 35 40
237 281 104 105
244 52 51 69
189 69 27 27
356 220 70 71
139 4 61 65
113 246 40 55
125 54 22 36
323 172 61 79
62 290 112 115
1 286 79 89
153 356 123 125
60 138 60 60
214 166 26 27
215 241 66 67
257 71 9 12
384 333 0 0
84 111 81 96
19 356 45 62
192 188 63 69
325 142 6 7
21 129 76 105
338 203 16 19
52 291 87 91
37 312 106 112
144 106 78 93
234 82 106 109
133 31 94 100
308 393 17 19
385 383 8 13
339 290 29 35
173 336 69 69
32 203 83 96
199 188 75 92
376 317 57 70
193 156 10 10
51 262 100 104
168 82 86 90
141 206 95 95
285 125 14 18
184 386 99 100
175 7 29 32
214 267 54 62
359 78 75 105
49 96 71 83
233 165 68 104
116 82 36 61
68 59 35 56
0 205 55 57
355 120 50 53
306 20 82 102
288 148 40 67
374 49 80 115
81 270 37 37
348 334 69 87
176 363 48 69
29 352 77 96
333 75 13 14
315 255 22 24
270 263 88 93
181 395 68 69
214 206 79 85
18 330 73 102
46 366 15 15
201 100 32 42
132 4 3 3
321 148 49 64
148 195 50 57
292 176 75 86
100 31 2 2
393 387 39 49
29 382 8 9
247 324 106 110
357 153 62 102
389 388 51 52
282 203 56 66
93 276 28 29
81 250 103 110
296 361 70 93
393 158 53 67
310 47 22 22
312 336 110 112
72 249 34 53
319 256 46 58
314 17 22 23
88 217 57 64
33 81 15 17
355 215 43 53
385 70 57 63
357 31 36 63
259 379 71 103
395 49 40 44
321 63 43 44
161 389 31 32
73 119 71 84
265 193 44 45
334 189 71 77
191 293 98 112
360 332 46 47
385 142 14 16
193 300 43 43
27 359 33 33
391 264 69 77
60 8 34 39
41 29 23 29
152 295 43 48
161 291 30 32
200 135 13 15
176 25 32 33
21 270 44 57
367 36 53 72
275 300 76 77
129 108 82 88
142 269 17 17
1 275 65 65
372 18 93 109
312 73 11 12
365 357 87 97
65 123 31 31
39 307 57 76
262 215 62 89
328 51 47 66
281 32 21 33
121 77 51 62
160 280 54 58
375 368 63 64
309 157 38 38
330 99 52 78
362 379 1 3
158 345 93 101
291 135 50 75
227 284 2 3
245 218 115 129
296 339 83 94
117 217 63 101
158 318 21 33
130 16 2 2
335 219 90 94
206 60 67 84
176 303 38 60
89 346 16 31
366 92 31 37
335 213 6 7
280 87 19 25
316 247 47 71
49 346 46 52
112 39 52 60
355 283 21 23
47 41 26 31
365 92 17 25
10 229 2 2
260 339 2 2
318 395 37 44
284 146 42 54
101 398 31 34
310 295 38 41
341 199 39 47
277 51 31 31
275 76 93 113
230 362 28 42
56 295 9 9
27 176 80 97
144 131 18 20
277 317 25 25
282 235 41 50
66 194 15 21
149 32 46 47
236 167 82 100
7 185 118 119
237 29 51 60
219 266 12 17
11 141 58 60
363 95 4 6
320 107 8 9
288 186 3 6
314 162 67 82
212 300 11 14
155 273 3 4
254 59 103 111
304 243 90 91
112 168 55 63
272 167 88 88
151 340 21 24
225 46 14 21
386 54 83 105
155 79 118 123
83 232 49 55
294 348 22 28
139 42 54 82
313 168 7 7
207 391 42 59
159 172 61 71
288 256 12 12
121 375 23 28
240 67 77 85
377 147 58 77
42 143 36 50
153 290 73 79
350 152 26 26
0 380 6 11
153 80 11 14
51 363 89 90
385 210 1 1
320 30 5 5
333 56 29 37
81 100 32 33
1 22 88 89
29 332 32 59
96 127 0 0
28 356 13 14
42 120 106 120
231 339 74 96
244 143 16 17
113 255 73 88
164 246 72 75
322 9 73 89
140 127 108 124
191 356 67 69
26 275 39 40
282 309 43 54
268 132 63 70
232 277 62 82
178 286 20 21
294 192 51 67
115 335 18 19
211 256 15 15
149 0 40 44
55 231 89 91
117 38 70 90
343 11 97 107
329 205 65 95
293 285 52 97
352 175 18 21
200 75 35 35
110 278 48 53
328 345 14 24
235 361 26 39
284 373 31 37
102 292 106 112
275 43 41 62
177 314 70 110
361 12 28 31
268 141 38 47
391 25 99 103
172 306 10 12
166 198 40 44
376 38 38 41
332 248 93 109
155 126 57 71
374 335 51 60
386 251 30 50
21 80 8 9
241 11 15 20
316 392 67 97
158 341 31 34
263 317 54 56
276 49 100 102
242 205 50 57
296 197 57 58
2 373 78 101
176 295 26 26
146 390 81 89
285 284 65 75
19 105 37 43
60 210 86 101
66 22 17 29
375 373 39 49
80 307 49 63
118 13 88 107
341 365 80 115
135 215 98 100
185 291 3 6
127 339 44 52
270 328 13 15
57 300 32 33
16 393 102 115
242 243 65 81
160 137 72 73
85 89 64 76
16 307 28 29
294 346 69 82
36 265 58 58
234 83 43 53
141 206 1 1
272 92 85 89
363 294 26 28
187 99 86 99
309 341 74 81
56 326 9 10
252 271 116 121
269 24 91 108
324 349 19 24
375 111 70 73
198 216 36 37
352 311 0 2
132 270 109 114
180 359 42 57
42 269 35 41
33 321 86 109
249 74 76 84
8 150 1 1
116 370 42 69
308 257 32 37
250 34 69 81
248 396 25 26
150 331 52 55
384 3 21 27
121 192 29 32
390 237 62 65
275 315 78 94
169 368 80 93
320 382 46 58
297 208 79 82
153 244 61 70
75 80 30 40
234 258 25 26
305 353 15 17
253 258 1 3
306 309 76 112
86 280 78 78
151 206 28 32
362 278 42 44
167 5 80 82
130 301 28 28
87 65 24 30
252 126 47 52
287 280 59 77
275 180 57 58
270 140 65 68
271 201 39 51
145 47 19 30
281 395 38 38
385 351 20 27
379 264 62 62
203 222 32 37
231 344 76 77
361 61 59 67
335 107 65 84
37 337 20 22
382 30 5 7
354 33 70 102
80 21 17 22
211 95 10 11
318 27 37 47
318 324 58 95
80 380 69 85
113 239 16 18
358 106 45 46
48 270 27 33
383 62 47 75
259 105 84 89
355 191 87 97
263 368 17 17
234 17 67 67
261 13 11 11
81 350 88 102
326 35 43 43
314 14 94 107
175 45 12 13
25 61 100 101
241 9 25 25
330 218 121 123
342 297 14 21
225 372 32 38
369 96 15 17
41 157 10 13
18 21 80 100
363 191 110 110
283 336 50 74
8 142 120 126
306 42 40 73
68 351 102 115
359 16 72 73
88 279 80 97
190 286 58 81
60 289 86 102
281 7 18 20
56 83 62 62
168 374 66 70
267 186 74 82
56 121 86 104
128 177 15 16
179 265 89 96
234 105 83 108
366 54 92 99
250 36 62 79
148 41 1 1
350 157 57 82
80 72 25 31
242 337 78 88
376 176 9 14
65 118 5 5
98 231 11 17
216 157 80 89
209 348 87 87
280 173 45 53
95 309 37 60
145 353 26 26
306 260 55 65
194 134 58 78
13 5 28 37
344 169 60 66
349 37 72 105
170 174 56 69
64 10 44 81
124 223 46 47
56 62 80 83
350 37 78 111
225 220 57 90
203 204 107 119
282 183 82 85
31 135 47 69
261 124 107 109
51 271 22 22
331 129 108 110
318 64 3 4
169 93 98 117
362 179 52 52
245 197 30 47
239 149 103 103
195 293 68 79
362 374 3 3
149 113 19 19
160 178 9 9
385 371 14 16
93 376 40 64
389 179 43 45
169 215 43 63
150 309 28 29
25 252 54 75
234 24 51 74
391 170 8 10
350 260 52 68
345 185 38 46
230 347 88 96
70 304 25 27
103 278 46 62
124 395 26 29
359 316 80 80
101 374 12 14
64 378 104 122
81 40 83 123
264 158 16 20
174 123 95 109
371 42 4 7
161 37 11 13
385 199 51 86
300 286 99 127
331 48 28 47
267 384 5 7
358 81 75 90
360 229 17 21
313 390 41 44
238 34 65 101
201 106 53 79
361 319 28 49
49 50 81 81
203 57 49 51
266 197 31 40
264 319 29 29
318 300 68 70
78 289 59 72
242 146 16 16
8 200 13 14
140 49 48 55
395 184 81 85
219 259 16 26
390 25 22 26
345 106 65 69
3 101 54 77
169 173 38 46
2 4 52 96
100 49 51 63
259 363 14 20
385 303 89 116
262 232 40 40
148 319 55 70
74 65 71 92
265 288 83 83
165 85 19 19
228 235 33 45
73 181 90 91
324 384 120 124
159 314 82 110
388 168 57 58
263 310 36 37
130 360 47 51
199 318 59 76
123 99 61 70
255 278 32 36
56 28 69 70
179 265 59 67
375 315 42 55
159 144 77 114
149 17 5 5
313 316 15 23
50 164 64 105
287 375 12 15
213 269 81 98
134 20 77 102
40 229 85 86
243 336 9 15
153 91 0 1
387 390 39 46
365 113 61 89
37 61 82 82
2 199 58 60
97 31 56 80
166 197 35 47
288 371 26 26
96 155 14 14
141 360 64 83
166 61 75 76
293 235 27 46
91 171 108 110
39 6 35 36
219 125 52 67
154 159 80 80
309 350 110 112
304 115 29 34
277 347 15 15
239 8 39 39
225 197 32 32
135 13 26 34
33 100 60 67
18 205 92 124
167 244 30 32
56 183 27 29
239 236 80 113
306 234 38 46
306 351 20 25
263 200 48 48
191 240 111 112
100 183 101 108
59 22 49 54
82 224 87 87
385 356 32 37
259 24 86 92
291 190 84 110
217 30 63 74
295 234 45 48
165 10 69 93
287 7 61 66
162 163 1 2
240 220 69 77
104 148 82 85
374 371 36 40
270 172 47 63
150 24 101 102
379 359 63 63
58 114 24 26
375 347 14 18
362 144 42 51
242 270 33 34
368 22 5 5
32 70 29 50
338 370 81 84
233 151 63 86
180 384 71 73
274 383 44 59
185 298 80 105
333 201 39 46
195 10 53 81
85 124 32 46
192 397 70 89
19 280 69 80
358 276 37 40
254 91 62 76
15 99 12 20
37 62 80 88
146 19 55 60
154 204 99 106
320 186 67 68
181 347 31 41
82 21 13 17
322 191 10 11
64 265 83 99
374 66 67 78
307 382 93 107
202 251 84 90
70 168 73 78
162 186 39 54
311 397 11 16
223 217 55 65
295 36 66 66
258 163 64 81
131 296 13 20
157 369 29 32
353 132 70 76
64 369 65 78
160 186 73 88
352 210 10 11
115 70 35 53
365 138 64 82
3 377 97 112
387 379 85 89
10 287 16 20
236 54 87 88
123 201 37 62
348 352 80 82
213 129 30 31
373 7 72 99
307 384 2 3
136 298 3 3
228 179 68 86
28 84 43 45
387 394 14 28
228 350 3 7
238 325 66 68
374 132 24 24
344 153 79 81
181 338 10 11
10 89 33 42
211 36 15 25
311 170 20 28
386 143 29 33
35 90 19 19
221 369 83 97
353 328 77 82
151 375 43 46
157 308 19 20
19 129 65 101
93 59 3 5
354 208 79 104
354 292 42 47
323 52 79 81
163 140 9 9
285 195 3 3
353 239 29 29
189 171 50 71
83 298 78 116
64 257 44 54
78 360 0 1
246 186 83 85
398 231 1 1
189 274 118 124
38 295 25 40
378 47 5 5
396 139 15 25
66 256 111 114
279 186 22 35
22 204 6 8
35 215 69 77
181 113 8 10
336 211 36 49
361 355 17 23
265 5 62 72
229 132 40 50
372 40 20 21
125 81 27 42
313 368 73 83
289 64 14 22
58 130 37 52
100 362 43 44
264 306 26 28
133 369 47 56
389 364 36 41
202 263 97 101
309 339 18 21
25 304 75 84
65 251 60 64
143 338 5 5
89 179 65 87
272 55 3 3
172 137 30 33
284 290 106 120
77 42 16 19
302 72 75 94
358 250 8 9
267 338 108 117
381 134 17 17
45 276 68 69
316 178 71 100
284 72 12 14
297 254 69 70
247 355 66 76
59 21 30 34
328 282 79 113
348 172 64 98
95 66 93 104
132 299 55 61
69 352 95 96
73 23 48 48
346 34 14 19
134 5 40 40
280 73 39 50
38 120 12 20
330 309 67 71
71 176 5 7
182 81 32 48
386 397 83 101
91 24 22 27
306 195 18 20
58 217 2 2
273 226 9 12
240 6 62 71
149 27 58 68
310 240 114 114
13 142 9 9
283 90 17 19
141 147 89 91
297 167 62 67
90 143 114 116
390 38 12 14
229 301 16 23
6 193 54 60
198 381 28 38
148 46 86 116
369 39 55 63
337 240 12 21
130 219 86 88
175 247 47 47
164 266 92 103
172 156 73 115
212 140 84 101
314 63 57 60
2 150 57 58
279 232 13 13
211 5 10 12
40 83 55 76
265 173 106 106
98 384 25 35
315 174 47 58
40 390 91 102
122 370 17 21
292 159 88 92
389 365 82 94
338 241 44 72
392 116 63 67
101 130 18 20
150 368 49 59
12 248 18 19
62 359 9 10
374 339 96 109
288 300 21 25
164 76 20 25
106 371 33 41
275 88 36 44
314 344 63 70
325 188 93 100
284 105 13 20
273 54 19 20
297 324 82 84
372 14 35 37
280 116 9 10
361 233 69 75
51 71 31 35
276 136 5 5
11 183 54 75
205 267 65 69
166 291 34 49
312 73 38 58
2 24 40 73
319 121 5 9
222 136 18 24
145 367 119 125
366 194 54 89
13 44 18 25
263 397 21 22
315 131 76 78
250 54 73 78
201 166 7 11
13 229 111 111
348 316 56 60
27 336 83 92
219 247 53 56
396 226 65 80
211 360 54 61
173 8 109 110
177 138 84 97
152 106 57 57
113 24 48 66
365 366 102 106
357 328 58 69
123 42 31 32
389 84 108 110
332 391 2 2
301 217 62 88
18 300 77 91
360 382 68 72
234 330 21 23
249 86 99 100
213 371 27 28
218 192 9 13
142 264 37 51
330 190 74 77
21 110 23 25
361 368 27 29
224 80 18 18
347 202 47 55
77 173 16 22
181 199 51 53
155 395 51 54
376 370 86 94
151 225 82 85
347 68 40 59
257 26 6 7
46 329 98 99
153 198 45 59
124 369 34 48
5 137 116 116
384 168 67 88
101 170 63 75
44 65 9 10
225 273 41 41
191 305 79 79
363 115 40 56
8 231 73 112
371 112 39 44
175 331 9 10
363 250 62 69
216 52 5 6
245 52 72 89
139 379 105 106
379 0 61 79
101 216 65 70
338 247 3 5
345 119 83 96
331 192 112 112
197 207 13 15
296 148 53 58
303 12 107 126
80 33 5 5
98 153 50 61
22 59 45 51
133 76 84 89
312 323 49 53
381 64 70 79
354 293 54 68
184 16 68 68
112 372 125 129
8 275 0 0
225 395 8 12
217 9 31 37
312 80 37 41
278 361 3 4
215 372 65 81
145 209 45 71
387 139 33 41
378 282 15 23
285 173 20 21
341 75 8 10
200 26 90 105
382 310 10 13
72 64 31 42
344 15 36 41
16 244 53 80
56 41 105 110
65 9 98 101
4 316 72 104
329 215 44 62
283 287 15 19
286 118 32 33
239 183 91 126
139 294 51 69
74 264 98 102
329 284 58 82
88 1 9 9
353 385 46 52
367 271 120 123
346 353 33 33
73 358 79 110
170 71 19 32
250 83 8 9
275 42 16 16
151 41 42 65
117 252 89 97
332 8 28 41
89 124 26 47
308 63 42 49
343 83 38 45
329 60 62 97
121 62 45 57
221 284 2 3
72 132 48 60
374 76 42 54
335 176 50 62
243 95 108 110
245 99 2 4
397 276 3 3
134 26 10 11
100 302 40 66
123 174 20 26
65 13 65 69
51 24 29 31
90 320 48 73
315 208 62 63
265 58 40 40
282 300 14 22
198 101 87 106
270 159 6 7
298 114 65 71
115 206 100 101
195 141 58 97
131 311 74 81
101 279 43 44
275 377 42 46
189 117 9 16
366 388 18 22
112 268 55 72
254 103 98 101
196 199 118 124
340 66 54 58
61 243 18 21
286 281 30 46
67 180 88 91
58 333 12 13
262 86 18 23
368 127 31 41
38 313 61 91
35 346 17 20
144 375 27 28
295 89 52 60
186 128 54 54
64 1 62 68
381 237 18 19
41 128 92 94
354 166 3 4
67 357 91 98
283 354 122 125
251 298 87 90
48 6 37 42
171 20 36 36
285 351 40 62
6 80 90 98
180 260 30 36
290 12 62 68
258 31 69 85
163 267 38 56
82 73 16 20
310 26 13 25
251 145 84 85
1 227 80 81
12 242 19 19
283 388 22 25
262 168 109 118
34 67 117 129
365 194 123 123
207 77 23 28
170 386 66 83
316 233 8 10
34 381 6 7
302 284 75 89
304 284 28 30
115 82 72 86
20 171 43 49
189 303 88 92
167 143 45 52
324 45 92 106
233 128 70 85
93 122 7 10
312 228 17 22
97 109 37 38
384 37 17 23
174 69 27 28
102 389 77 78
220 76 73 79
255 8 65 65
62 229 105 121
253 101 38 41
111 372 25 26
207 210 36 38
205 54 80 84
169 367 76 87
308 374 50 66
266 171 56 58
322 226 76 86
226 160 68 88
225 28 85 94
114 174 47 72
101 70 101 101
74 65 26 27
15 234 48 71
73 142 54 66
59 99 57 95
374 33 63 81
334 265 42 45
73 112 63 92
196 57 74 119
45 153 22 22
182 265 53 63
125 283 16 19
3 194 85 96
23 103 33 39
181 387 40 54
321 4 27 27
235 390 56 106
240 220 21 22
183 28 128 131
61 15 31 40
231 77 48 70
254 102 96 100
224 85 11 12
311 166 69 74
48 381 89 91
213 219 96 97
45 221 106 115
147 272 78 117
339 171 67 70
174 385 92 94
377 79 27 28
339 176 45 61
352 214 76 77
307 3 27 50
256 360 85 86
319 361 6 10
171 107 12 15
32 51 20 21
309 264 23 41
298 296 41 51
340 51 32 34
43 64 93 105
296 94 92 106
81 272 103 104
218 157 45 51
106 179 31 32
246 308 69 77
187 292 82 98
66 273 15 17
202 10 53 87
361 136 3 3
287 128 8 12
281 7 17 22
82 46 97 97
373 20 32 32
165 84 15 15
168 226 72 91
394 19 63 100
274 243 47 54
365 336 14 17
238 348 51 60
254 201 109 123
289 130 18 23
230 17 6 11
299 204 82 117
270 192 8 9
186 196 61 61
204 344 93 98
37 119 10 11
220 39 92 98
363 150 75 81
271 154 23 23
95 387 61 65
27 230 84 98
390 121 56 66
60 181 23 24
306 383 1 1
189 14 62 63
161 359 12 14
96 181 21 22
138 13 55 56
259 102 21 31
360 372 5 5
124 267 62 74
4 369 34 42
37 12 64 64
131 368 15 21
247 85 10 16
201 276 2 2
288 195 69 89
119 374 25 32
314 139 57 57
118 25 42 42
333 165 49 49
231 164 14 16
298 115 9 9
241 264 11 16
143 309 38 49
109 279 83 104
186 229 83 85
386 324 119 128
51 362 13 20
315 92 13 17
113 81 7 9
377 122 22 24
346 364 53 54
313 59 47 81
391 88 68 102
146 83 76 76
88 278 96 97
52 224 57 72
213 306 26 31
139 79 22 24
119 88 98 99
240 236 107 123
305 171 30 30
114 129 33 38
158 129 25 25
31 373 77 84
285 156 58 66
237 243 2 3
110 172 53 56
264 363 91 99
217 55 65 70
97 147 62 69
7 8 41 66
37 176 85 87
2 9 82 96
295 184 12 19
354 221 18 20
220 293 34 41
212 220 7 8
220 94 74 86
0 149 48 49
43 346 52 52
122 240 18 25
186 80 10 11
115 167 25 28
78 64 74 80
126 379 68 96
325 220 36 55
73 194 67 68
317 126 1 3
313 52 70 73
169 260 82 88
180 341 66 67
227 45 5 6
378 72 24 36
122 47 55 55
213 123 91 98
288 67 84 113
371 346 56 98
99 9 12 19
240 68 47 51
5 295 16 29
281 9 55 91
224 78 40 41
59 172 15 18
361 142 81 92
134 258 15 20
6 40 32 36
381 48 66 68
194 392 24 31
297 306 82 88
229 31 73 89
305 131 16 21
256 203 28 29
116 384 1 3
375 9 20 20
281 166 43 46
108 387 72 75
44 194 21 32
37 106 99 114
330 349 17 18
39 333 73 76
373 70 47 83
136 60 72 79
211 275 22 25
249 379 6 7
211 316 15 18
367 327 97 103
49 384 110 112
327 180 36 38
396 56 109 116
120 63 100 121
207 364 77 91
79 76 22 35
374 140 42 54
141 206 11 11
191 51 104 110
57 177 46 54
362 195 63 75
327 332 60 76
355 151 14 16
168 225 26 29
359 382 85 108
249 396 25 45
170 134 70 71
176 27 19 19
287 3 68 68
1 373 32 35
343 275 78 86
211 241 23 26
346 272 13 13
277 156 73 87
127 147 25 32
66 93 25 26
56 281 78 78
148 32 43 53
281 212 12 17
221 91 57 78
232 173 1 2
264 297 44 44
33 322 24 25
356 351 53 55
8 256 23 29
159 287 41 49
101 265 38 63
140 291 80 80
60 59 34 35
361 396 6 6
269 55 87 88
340 320 73 99
300 19 3 3
96 65 88 102
9 31 76 102
247 114 106 116
306 5 35 36
35 186 82 98
61 112 98 107
357 74 14 20
57 349 101 101
302 382 9 9
282 76 23 43
344 326 17 17
227 72 99 99
152 232 100 115
212 247 60 95
145 125 64 109
374 281 19 19
60 9 38 38
320 302 63 64
147 33 39 42
353 342 13 13
199 269 107 116
229 268 31 33
51 356 66 91
141 331 33 56
361 231 90 91
17 101 42 55
230 210 27 31
315 10 94 100
215 28 3 3
105 233 7 7
285 349 64 73
361 110 25 38
53 109 55 58
254 267 8 15
200 346 33 38
391 262 68 75
82 380 57 93
349 331 83 83
226 344 57 62
94 281 83 127
47 296 66 78
118 353 76 84
192 92 71 88
332 379 19 24
249 370 12 13
171 370 65 67
157 361 70 98
344 152 25 29
184 201 66 85
309 98 16 17
25 126 121 125
369 380 100 108
289 388 15 16
296 148 23 29
333 373 6 7
144 311 24 39
77 55 15 23
334 198 8 11
262 96 39 41
128 344 49 55
39 6 6 11
162 255 45 51
0 25 19 29
7 345 70 70
32 249 22 24
188 333 63 69
169 216 19 20
259 148 82 84
118 184 11 12
278 317 77 109
317 256 14 23
335 299 76 82
224 20 24 44
299 293 91 93
354 121 3 4
99 244 15 25
258 285 85 85
297 56 53 61
252 104 66 69
212 81 64 84
350 384 72 75
