500 5000
0 1 82 114
1 2 12 15
2 3 28 31
3 4 73 108
4 5 23 27
5 6 55 71
6 7 5 7
7 8 5 7
8 9 51 71
9 10 90 112
10 11 76 85
11 12 81 88
12 13 2 4
13 14 107 108
14 15 23 34
15 16 104 123
16 17 8 10
17 18 99 110
18 19 42 71
19 20 2 4
20 21 3 4
21 22 40 41
22 23 44 46
23 24 63 69
24 25 55 59
25 26 18 20
26 27 13 22
27 28 24 30
28 29 40 41
29 30 47 49
30 31 17 26
31 32 93 117
32 33 20 20
33 34 29 30
34 35 107 112
35 36 23 24
36 37 68 78
37 38 36 38
38 39 1 1
39 40 24 27
40 41 109 110
41 42 95 99
42 43 33 41
43 44 13 13
44 45 54 57
45 46 80 93
46 47 68 68
47 48 57 84
48 49 83 88
49 50 35 49
50 51 37 39
51 52 32 38
52 53 74 115
53 54 2 2
54 55 93 111
55 56 45 65
56 57 30 35
57 58 56 93
58 59 76 81
59 60 41 43
60 61 65 90
61 62 62 85
62 63 31 34
63 64 77 93
64 65 20 34
65 66 31 31
66 67 62 63
67 68 47 59
68 69 96 96
69 70 2 3
70 71 11 12
71 72 16 22
72 73 20 35
73 74 3 3
74 75 49 60
75 76 12 19
76 77 126 128
77 78 25 32
78 79 23 26
79 80 114 116
80 81 42 44
81 82 82 94
82 83 56 59
83 84 53 72
84 85 45 53
85 86 89 93
86 87 32 44
87 88 49 49
88 89 86 94
89 90 60 61
90 91 45 70
91 92 9 9
92 93 76 85
93 94 23 29
94 95 43 49
95 96 66 94
96 97 50 53
97 98 42 45
98 99 45 76
99 100 49 50
100 101 78 99
101 102 16 16
102 103 50 52
103 104 18 22
104 105 46 49
105 106 88 97
106 107 7 9
107 108 79 82
108 109 47 52
109 110 1 1
110 111 70 91
111 112 71 108
112 113 53 53
113 114 11 12
114 115 15 18
115 116 98 105
116 117 25 26
117 118 26 26
118 119 18 20
119 120 37 41
120 121 31 42
121 122 64 69
122 123 39 56
123 124 23 24
124 125 6 6
125 126 75 80
126 127 91 116
127 128 39 40
128 129 54 63
129 130 20 21
130 131 36 42
131 132 48 48
132 133 68 74
133 134 5 10
134 135 98 101
135 136 67 95
136 137 3 4
137 138 91 107
138 139 46 49
139 140 78 83
140 141 92 102
141 142 43 54
142 143 57 64
143 144 43 73
144 145 14 27
145 146 1 3
146 147 40 55
147 148 61 61
148 149 10 13
149 150 37 41
150 151 24 30
151 152 23 23
152 153 53 57
153 154 24 25
154 155 37 40
155 156 62 63
156 157 14 24
157 158 15 17
158 159 28 28
159 160 65 70
160 161 79 92
161 162 88 93
162 163 104 127
163 164 97 105
164 165 79 119
165 166 41 65
166 167 4 4
167 168 24 32
168 169 69 81
169 170 49 55
170 171 47 59
171 172 109 109
172 173 8 8
173 174 13 17
174 175 58 61
175 176 8 10
176 177 76 82
177 178 56 60
178 179 72 116
179 180 72 78
180 181 83 84
181 182 16 17
182 183 41 42
183 184 54 69
184 185 44 46
185 186 7 7
186 187 65 103
187 188 49 55
188 189 79 99
189 190 6 7
190 191 16 19
191 192 24 38
192 193 81 87
193 194 78 86
194 195 109 109
195 196 32 34
196 197 8 11
197 198 46 66
198 199 12 15
199 200 94 95
200 201 62 64
201 202 16 17
202 203 21 21
203 204 27 33
204 205 86 96
205 206 15 16
206 207 12 12
207 208 48 54
208 209 84 88
209 210 44 45
210 211 78 98
211 212 64 64
212 213 32 39
213 214 54 57
214 215 51 75
215 216 72 72
216 217 2 3
217 218 112 115
218 219 109 112
219 220 28 40
220 221 50 53
221 222 7 10
222 223 13 23
223 224 79 84
224 225 32 36
225 226 45 46
226 227 16 21
227 228 40 40
228 229 27 27
229 230 109 115
230 231 21 24
231 232 93 102
232 233 40 43
233 234 63 67
234 235 12 17
235 236 37 40
236 237 4 8
237 238 80 84
238 239 23 25
239 240 99 109
240 241 38 42
241 242 2 3
242 243 90 102
243 244 29 33
244 245 50 54
245 246 45 45
246 247 33 33
247 248 78 79
248 249 75 80
249 250 57 59
250 251 51 91
251 252 99 101
252 253 91 100
253 254 6 6
254 255 50 52
255 256 17 17
256 257 88 98
257 258 4 5
258 259 82 112
259 260 8 10
260 261 78 78
261 262 91 91
262 263 10 12
263 264 79 92
264 265 46 46
265 266 54 61
266 267 30 33
267 268 15 17
268 269 29 32
269 270 14 14
270 271 21 26
271 272 61 64
272 273 17 19
273 274 8 8
274 275 42 42
275 276 99 112
276 277 57 67
277 278 80 80
278 279 3 3
279 280 57 57
280 281 51 55
281 282 28 30
282 283 24 27
283 284 51 51
284 285 69 80
285 286 104 108
286 287 61 77
287 288 71 72
288 289 30 30
289 290 65 65
290 291 26 29
291 292 24 24
292 293 68 69
293 294 28 36
294 295 50 65
295 296 11 19
296 297 37 49
297 298 71 84
298 299 70 70
299 300 67 79
300 301 28 32
301 302 88 88
302 303 29 32
303 304 54 56
304 305 6 9
305 306 87 114
306 307 50 61
307 308 26 40
308 309 25 31
309 310 89 94
310 311 34 35
311 312 22 23
312 313 9 10
313 314 12 16
314 315 43 55
315 316 72 79
316 317 1 1
317 318 30 40
318 319 36 50
319 320 14 14
320 321 16 17
321 322 63 72
322 323 48 57
323 324 17 29
324 325 42 53
325 326 50 53
326 327 55 62
327 328 78 90
328 329 21 22
329 330 93 102
330 331 8 15
331 332 97 99
332 333 46 47
333 334 100 126
334 335 94 102
335 336 37 47
336 337 39 46
337 338 93 93
338 339 113 116
339 340 48 48
340 341 39 41
341 342 54 54
342 343 77 82
343 344 52 53
344 345 24 24
345 346 72 82
346 347 64 73
347 348 41 45
348 349 83 90
349 350 2 3
350 351 25 29
351 352 12 12
352 353 47 55
353 354 5 6
354 355 8 10
355 356 52 71
356 357 109 115
357 358 53 65
358 359 28 28
359 360 58 58
360 361 26 40
361 362 23 29
362 363 84 87
363 364 43 48
364 365 103 105
365 366 46 48
366 367 107 108
367 368 67 80
368 369 15 19
369 370 52 69
370 371 69 96
371 372 50 72
372 373 26 36
373 374 39 45
374 375 50 63
375 376 46 61
376 377 54 58
377 378 60 65
378 379 63 69
379 380 13 22
380 381 51 61
381 382 27 29
382 383 75 75
383 384 46 54
384 385 66 74
385 386 47 64
386 387 47 54
387 388 72 77
388 389 11 20
389 390 31 36
390 391 29 42
391 392 81 84
392 393 79 98
393 394 46 54
394 395 94 96
395 396 81 82
396 397 65 79
397 398 5 7
398 399 90 115
399 400 72 76
400 401 45 46
401 402 54 55
402 403 40 60
403 404 73 74
404 405 89 100
405 406 9 9
406 407 63 82
407 408 67 92
408 409 71 96
409 410 0 1
410 411 66 106
411 412 58 58
412 413 115 120
413 414 90 97
414 415 25 28
415 416 66 95
416 417 24 25
417 418 83 109
418 419 26 28
419 420 23 23
420 421 61 92
421 422 26 39
422 423 68 108
423 424 51 76
424 425 14 18
425 426 64 81
426 427 64 115
427 428 110 125
428 429 88 102
429 430 103 115
430 431 22 30
431 432 71 86
432 433 54 66
433 434 51 52
434 435 34 38
435 436 91 119
436 437 96 101
437 438 1 2
438 439 20 20
439 440 74 112
440 441 19 23
441 442 61 94
442 443 84 86
443 444 55 68
444 445 80 82
445 446 106 111
446 447 84 89
447 448 84 87
448 449 33 34
449 450 34 48
450 451 18 28
451 452 58 67
452 453 64 66
453 454 27 28
454 455 36 41
455 456 94 97
456 457 75 79
457 458 79 97
458 459 8 13
459 460 68 89
460 461 44 73
461 462 33 37
462 463 43 69
463 464 51 69
464 465 85 90
465 466 24 27
466 467 105 106
467 468 7 11
468 469 93 107
469 470 65 90
470 471 91 91
471 472 73 103
472 473 1 1
473 474 66 70
474 475 96 99
475 476 25 32
476 477 68 73
477 478 112 117
478 479 4 5
479 480 25 27
480 481 50 73
481 482 19 21
482 483 2 3
483 484 24 25
484 485 76 100
485 486 94 104
486 487 1 2
487 488 26 48
488 489 103 108
489 490 9 14
490 491 2 3
491 492 57 59
492 493 67 71
493 494 76 117
494 495 88 90
495 496 97 101
496 497 117 119
497 498 13 14
498 499 49 50
499 0 70 75
242 238 60 79
305 98 77 93
103 384 71 76
314 121 24 39
33 497 45 46
302 60 79 109
187 150 32 32
77 104 18 24
27 405 57 58
145 35 68 102
296 59 103 115
7 286 51 60
317 299 18 22
404 168 33 34
255 468 44 45
470 277 77 97
446 109 29 30
233 448 18 25
245 160 67 84
55 442 128 128
493 369 110 115
187 73 83 86
398 262 18 18
216 458 44 47
466 378 77 88
30 231 48 77
247 126 53 60
208 158 51 53
215 490 17 24
84 186 55 62
409 407 80 81
248 15 16 28
133 183 121 122
373 166 57 58
400 276 31 31
314 233 13 15
425 392 68 68
422 62 95 105
174 264 21 40
156 241 71 96
351 73 44 47
244 405 18 20
317 403 2 3
166 330 15 19
443 365 62 76
222 189 31 34
78 29 86 90
291 255 25 38
99 378 65 65
287 448 18 23
62 157 30 40
495 286 26 26
461 60 7 7
201 439 35 46
391 201 75 82
354 10 9 9
100 13 93 113
230 329 49 58
329 451 22 23
316 240 56 71
11 373 69 120
84 439 78 101
395 443 22 23
260 173 44 82
456 329 59 68
296 13 31 36
365 81 87 104
166 246 111 111
482 393 65 77
121 498 16 17
184 474 40 45
28 465 63 66
291 215 63 67
453 403 24 26
85 416 28 33
439 123 76 80
359 218 50 61
429 174 3 4
437 214 14 16
289 422 56 62
56 101 86 86
420 325 41 47
440 143 4 4
485 475 84 111
455 171 24 25
225 491 12 15
231 418 32 33
111 450 43 43
342 426 0 2
240 359 53 56
207 303 85 126
386 18 100 100
185 402 95 97
310 441 0 0
395 223 13 17
247 112 12 14
270 236 30 40
420 474 63 83
46 123 51 59
451 120 51 86
121 209 108 121
286 454 69 75
417 159 46 52
201 71 62 87
316 52 2 3
155 80 52 54
447 40 79 86
355 358 9 9
456 480 22 28
381 219 74 77
368 31 64 79
32 321 3 3
319 451 90 90
465 271 69 70
494 166 28 36
43 244 9 10
363 154 6 8
0 488 41 65
488 288 23 28
190 444 72 85
314 344 61 74
226 373 53 56
232 13 14 14
69 264 30 33
206 264 98 110
147 268 82 126
167 2 81 98
367 459 44 51
337 363 7 8
491 151 75 92
389 215 26 26
383 443 1 1
68 275 60 60
255 171 67 91
333 392 87 91
339 90 3 6
391 492 51 55
311 12 4 6
205 241 28 29
195 178 21 23
159 197 71 75
52 154 125 131
490 494 19 26
75 186 58 66
377 74 32 38
266 425 33 38
153 86 60 85
29 294 18 31
285 231 78 92
156 300 50 66
39 476 24 35
6 454 36 61
451 179 30 33
377 350 40 63
11 334 45 46
385 478 55 90
275 125 34 40
330 399 38 69
381 408 7 7
309 174 51 69
49 481 16 19
207 484 73 77
388 107 25 29
451 30 95 107
44 277 27 36
431 179 40 45
332 328 24 28
247 104 35 41
47 226 9 10
495 365 58 105
98 418 13 13
257 200 43 52
273 196 80 101
38 189 85 87
323 366 84 95
222 471 118 119
477 164 68 82
2 488 17 18
54 242 29 29
361 339 39 39
108 407 34 39
427 119 61 71
59 346 4 4
38 60 49 54
52 425 72 85
337 413 7 7
273 184 25 28
184 491 104 118
206 104 63 70
161 93 19 19
375 332 4 8
40 204 109 114
297 179 10 11
51 153 68 89
475 103 27 29
434 147 19 23
9 395 68 99
327 363 13 13
319 386 21 22
329 314 0 0
138 157 3 3
456 34 71 94
299 215 24 30
244 446 45 45
158 420 95 110
237 248 46 47
224 442 110 116
21 397 3 5
347 149 64 74
291 157 57 60
200 273 81 96
67 279 73 96
173 208 29 35
266 134 29 34
405 158 64 66
155 23 20 24
5 394 33 35
158 129 26 27
248 283 57 69
184 449 15 16
135 220 92 96
388 434 60 60
32 351 20 25
285 158 110 124
293 467 84 109
422 290 24 27
188 348 29 30
254 383 58 88
472 283 39 48
15 480 16 17
157 212 82 84
41 366 57 61
306 201 54 58
223 330 78 119
422 246 98 108
231 145 23 30
215 245 104 107
184 7 97 113
467 368 87 88
474 488 53 82
353 480 53 54
91 371 23 24
373 114 76 92
189 0 26 27
496 134 65 65
377 144 65 65
385 56 56 58
420 125 2 3
226 315 69 102
303 368 7 8
46 227 59 70
133 191 21 35
41 321 102 105
253 104 26 26
303 190 71 76
234 477 69 73
324 4 43 53
54 25 16 16
77 272 57 66
191 145 83 96
390 264 38 61
490 118 32 33
489 436 40 44
298 433 40 56
133 429 61 66
251 275 52 85
32 246 10 10
249 413 86 86
200 263 34 34
50 116 36 38
453 0 44 49
485 136 6 6
114 18 73 75
380 391 27 28
300 139 63 72
55 317 16 17
68 361 9 10
169 112 42 68
398 339 51 71
376 253 61 90
283 269 44 53
190 240 57 57
48 450 74 79
64 492 23 23
97 484 107 119
196 316 92 103
353 234 51 52
469 126 52 57
461 394 17 21
213 331 65 71
387 202 7 7
438 285 38 49
116 262 63 63
463 101 19 19
466 221 21 24
378 59 18 19
488 59 61 63
107 428 1 2
162 125 47 48
464 331 40 41
354 52 30 32
309 129 16 27
43 305 13 14
30 153 32 33
53 16 84 101
138 191 43 44
84 490 16 20
377 49 89 109
221 149 71 76
115 172 39 40
470 37 15 18
296 243 28 33
220 493 53 53
260 97 30 38
307 129 22 25
143 211 63 100
336 395 38 52
229 472 64 88
346 64 44 45
128 271 57 61
215 114 60 68
200 217 68 69
484 134 68 74
24 366 83 108
429 456 37 45
39 343 85 91
327 90 73 94
284 256 49 58
76 303 105 108
189 313 27 29
343 442 89 100
460 395 44 45
356 414 40 55
68 117 71 109
37 297 58 60
48 353 2 3
397 218 38 63
103 169 40 54
387 54 94 106
230 212 61 75
68 484 60 86
30 75 19 28
166 249 11 18
424 484 76 79
68 25 39 42
108 111 80 95
453 473 40 40
138 296 18 28
136 200 74 86
473 4 12 13
356 43 112 119
282 496 78 91
125 22 100 115
131 217 75 78
50 176 34 34
64 58 122 123
137 159 10 11
334 143 59 59
393 58 63 83
98 368 94 105
169 69 80 92
491 394 12 17
143 292 59 73
121 346 78 79
94 98 58 59
58 483 90 96
282 16 77 85
69 121 23 23
124 51 44 61
331 183 20 20
377 104 54 59
355 366 23 38
10 453 88 113
262 87 42 45
383 299 26 30
182 283 40 70
64 197 84 112
125 415 70 108
106 455 16 16
468 197 102 103
27 343 25 26
359 400 69 69
420 436 66 76
54 497 39 40
311 476 34 37
7 210 30 36
22 146 86 98
388 163 15 16
238 423 2 2
1 424 83 85
420 36 8 8
301 177 60 82
53 4 13 14
406 140 16 20
200 99 41 41
118 394 12 17
258 490 12 13
296 477 47 59
408 41 63 66
63 2 34 37
348 412 63 78
36 405 75 77
426 119 31 56
330 84 109 109
313 335 55 56
297 322 4 7
33 164 68 69
358 479 26 44
56 496 11 14
206 325 59 101
300 433 29 29
375 144 0 0
321 371 80 85
490 450 96 96
213 74 55 58
450 303 10 14
454 63 34 36
82 62 64 65
304 344 68 78
3 278 20 21
166 378 54 67
161 426 74 98
349 39 49 64
77 284 100 101
150 400 84 93
59 138 82 100
283 339 93 97
492 315 1 2
252 291 50 50
402 391 7 8
200 47 11 20
13 296 55 73
164 70 16 31
217 494 55 66
71 249 22 25
92 47 77 78
263 420 56 65
276 37 91 93
102 190 35 35
271 324 59 65
105 258 54 90
478 116 23 39
410 202 59 63
173 313 64 70
58 219 18 20
171 165 94 98
366 48 35 47
429 493 71 101
237 403 32 43
7 84 24 26
230 480 47 66
410 93 47 50
95 290 22 33
255 334 10 13
431 174 49 64
85 235 53 69
345 449 40 47
192 303 23 32
346 165 19 24
352 437 62 67
427 160 27 27
87 468 18 20
107 398 5 7
221 160 43 44
415 157 29 48
86 93 48 76
228 457 96 105
299 287 13 19
379 66 23 23
429 347 80 101
96 109 55 63
410 118 78 79
288 222 26 27
76 385 10 10
94 453 79 90
125 383 18 22
272 472 78 106
103 399 27 30
412 448 55 71
191 436 11 14
212 90 67 114
274 313 7 7
279 268 40 40
282 307 47 53
320 345 35 40
313 355 46 47
243 419 20 26
220 413 59 76
12 339 27 27
83 133 19 20
93 446 65 67
150 3 58 73
138 338 44 54
303 491 5 7
372 283 38 40
335 215 129 131
433 274 44 54
268 140 1 2
171 323 7 12
62 53 88 88
206 467 75 92
425 418 116 116
365 336 107 113
52 95 10 10
186 440 70 83
453 478 13 20
233 149 40 74
398 461 51 59
87 106 67 95
239 173 21 25
363 150 41 43
192 22 63 78
136 201 96 98
442 110 9 10
61 188 28 48
477 203 26 26
209 170 25 36
126 246 50 68
73 193 19 34
338 182 45 50
221 219 55 67
498 52 49 50
56 231 4 6
85 423 106 114
108 256 57 75
55 80 32 45
313 382 14 14
105 164 66 77
200 185 51 52
309 9 54 54
262 4 49 67
6 312 44 58
171 159 67 70
127 75 70 82
318 55 92 94
353 84 45 63
75 29 15 17
238 484 0 2
387 308 24 26
142 402 112 113
116 195 34 44
303 182 86 96
422 118 31 39
391 405 9 10
232 433 22 23
161 83 67 82
45 406 44 45
420 324 62 62
219 63 118 120
345 275 46 62
204 212 57 85
462 291 52 53
161 497 111 116
194 313 21 30
174 110 43 45
90 405 68 75
133 108 68 76
379 166 26 26
217 86 17 22
365 417 74 79
468 119 24 26
456 459 33 49
439 368 16 27
205 381 98 103
20 246 52 61
270 368 2 3
12 97 46 60
425 408 31 47
313 279 27 27
119 299 78 100
259 214 24 34
145 5 89 89
197 110 37 44
478 7 116 123
331 271 18 19
223 271 43 44
405 322 39 43
467 323 82 83
62 365 78 87
324 313 92 93
491 468 11 16
487 143 50 52
72 138 86 93
471 43 53 78
238 12 63 88
448 477 33 40
385 6 8 15
428 469 39 49
90 403 35 46
489 189 7 8
382 236 66 80
243 228 1 1
322 176 14 19
238 419 86 95
470 292 62 71
453 198 55 62
311 355 39 48
53 93 92 103
127 110 87 89
374 58 39 42
416 119 40 57
278 269 63 69
156 25 46 63
115 95 54 65
438 183 60 60
252 18 25 30
345 375 99 107
290 84 29 29
408 79 49 53
392 473 44 45
52 35 3 6
267 361 20 21
8 166 39 39
354 336 4 6
303 12 28 48
254 202 18 23
381 28 2 3
137 462 56 85
225 368 79 85
389 347 30 48
272 6 30 44
74 460 68 123
283 424 120 120
95 326 87 88
188 329 6 9
328 74 78 78
454 114 43 54
392 215 75 95
491 321 78 96
138 240 36 46
330 9 59 87
329 108 24 35
335 419 30 31
360 396 23 29
473 308 51 52
45 486 74 98
93 354 114 116
432 472 5 5
344 474 45 45
289 363 10 10
435 15 32 43
339 103 74 91
73 322 0 1
123 301 79 83
321 190 39 44
369 433 10 10
145 482 60 66
350 185 85 94
40 110 64 67
346 157 25 42
427 291 56 57
86 259 32 35
46 131 46 48
274 243 26 39
376 315 48 67
168 76 30 40
280 33 71 89
201 286 88 94
86 255 101 108
493 436 51 54
36 88 34 34
71 398 72 94
9 224 71 119
439 404 21 31
426 162 78 124
480 114 84 86
175 484 80 93
188 333 32 36
243 288 52 55
324 313 39 44
77 367 83 97
161 461 82 97
184 74 10 13
260 413 9 13
71 160 39 45
337 333 93 105
365 477 88 110
328 354 106 107
270 316 5 7
62 486 109 116
376 332 78 85
29 110 77 94
43 34 52 64
354 80 94 119
323 340 117 117
316 13 55 68
31 15 98 104
487 123 84 88
8 428 77 107
74 334 105 115
179 14 16 17
386 82 56 77
156 349 16 17
109 102 49 72
402 233 37 39
353 2 55 56
115 451 46 56
271 136 2 2
287 187 45 54
135 351 62 62
313 475 114 124
68 152 62 67
36 116 58 60
467 349 20 24
342 469 78 120
121 258 29 30
405 243 78 109
66 379 115 116
313 243 31 40
61 55 41 42
467 204 71 88
41 379 28 30
157 343 27 36
189 292 23 33
58 464 0 2
253 382 28 31
358 494 12 13
304 425 11 12
98 477 15 16
473 67 71 80
310 158 75 78
143 467 13 13
442 7 24 27
42 383 14 14
88 409 20 24
467 124 51 57
105 383 23 24
166 360 122 126
259 380 57 90
466 378 14 15
397 30 10 13
487 439 83 98
401 305 13 14
149 460 41 42
466 100 67 80
493 402 52 80
34 420 121 122
147 485 61 61
132 438 5 5
151 75 31 33
31 71 79 94
7 170 72 92
217 350 41 59
357 361 38 38
327 282 86 91
121 419 80 83
24 417 50 52
170 369 46 51
365 194 34 40
192 471 66 72
112 452 45 52
281 126 99 103
452 267 15 22
102 284 34 34
23 290 75 75
304 17 109 113
436 266 4 5
483 213 70 77
453 3 72 77
357 303 25 27
204 250 11 12
33 445 102 108
164 303 33 37
139 166 104 110
429 115 62 74
62 447 54 64
9 104 35 42
78 213 41 52
204 479 47 58
374 102 80 85
43 358 90 103
460 386 90 99
83 250 20 31
210 94 13 17
144 355 58 62
47 367 75 78
303 51 46 63
174 356 49 65
192 456 13 13
19 185 55 70
450 194 72 73
398 331 38 40
122 465 48 58
370 321 25 45
252 228 44 53
452 429 96 97
293 137 23 31
283 165 24 25
107 430 35 43
183 279 55 59
305 304 126 126
189 227 34 35
33 137 30 36
325 187 91 95
330 65 78 91
150 154 74 79
114 219 81 90
149 135 49 61
471 450 92 95
172 390 27 28
452 481 27 28
470 253 33 37
466 92 33 38
73 371 80 80
318 319 24 26
226 16 75 105
359 385 90 101
118 232 63 64
434 426 78 98
61 84 69 72
164 63 10 10
51 103 2 3
372 291 39 48
107 423 12 12
158 345 73 97
299 165 41 42
265 44 45 47
107 111 62 68
408 476 5 6
83 216 42 49
288 463 39 42
272 18 118 122
190 70 87 93
94 74 30 44
15 314 5 10
300 332 12 12
248 163 66 66
235 339 41 56
257 412 19 21
95 132 66 105
240 164 16 28
119 377 24 27
304 79 12 22
361 33 44 55
322 107 61 70
313 64 90 90
20 351 41 45
433 391 95 112
180 133 45 58
62 421 8 9
179 44 19 21
209 237 92 94
37 228 26 26
261 114 47 58
116 195 79 91
216 146 115 118
331 287 100 117
245 351 46 47
406 471 89 109
277 443 17 17
119 4 23 26
394 89 23 23
24 247 100 105
38 485 41 77
348 136 69 79
32 59 101 104
247 25 64 70
249 187 40 58
411 160 21 26
343 111 64 67
361 450 14 17
87 97 18 18
317 179 45 73
163 282 33 42
439 381 99 100
134 97 47 53
439 317 85 93
148 493 114 122
130 455 17 18
279 369 63 64
235 64 94 95
314 8 74 88
467 206 68 120
146 219 3 5
67 468 20 22
393 376 59 59
290 366 17 20
456 317 26 27
63 451 21 25
253 462 12 13
21 333 66 74
150 101 69 85
334 452 27 28
438 197 81 83
340 473 87 98
166 124 28 28
153 154 8 8
326 158 52 71
494 102 25 41
88 403 79 84
492 179 68 72
338 343 1 1
57 5 95 104
142 401 39 39
494 91 42 44
192 200 116 121
357 201 45 46
238 117 79 90
126 304 128 129
417 343 69 73
47 13 79 90
415 155 54 61
451 454 46 51
210 413 78 84
264 70 77 91
424 375 114 115
337 249 13 15
55 65 90 115
347 344 16 29
176 312 0 0
449 108 29 36
212 182 24 33
398 439 46 47
355 299 82 84
451 24 15 18
251 46 1 2
452 370 39 40
465 215 1 2
412 155 18 26
475 351 38 47
218 450 46 83
171 321 74 87
388 157 61 81
293 301 25 27
359 99 85 119
97 487 84 85
158 434 11 12
191 62 64 84
488 399 45 51
471 39 17 21
498 213 17 22
438 229 103 109
482 130 33 36
268 323 91 91
425 221 47 50
407 411 28 41
318 165 54 61
89 253 4 8
436 321 37 39
423 92 117 118
118 36 57 71
285 386 5 6
261 313 106 109
52 8 126 130
234 108 3 6
222 95 110 112
439 490 40 43
332 456 4 6
39 147 41 60
20 297 63 83
59 388 48 50
445 125 71 124
303 368 42 47
155 379 5 8
281 22 91 104
369 434 18 20
239 16 35 38
262 418 71 91
228 15 38 42
440 477 33 39
255 328 35 42
254 168 64 64
73 307 96 97
440 127 9 11
398 331 73 84
11 74 37 40
176 30 11 22
289 377 37 68
121 274 0 0
180 410 29 35
136 479 20 24
66 222 100 114
170 492 46 52
369 208 5 6
71 131 32 36
174 483 77 86
37 285 90 97
326 4 35 42
180 458 31 31
139 426 41 47
83 165 32 37
237 21 25 28
215 462 91 91
428 232 20 22
490 229 90 93
395 95 12 20
192 270 14 14
311 52 121 123
16 186 37 45
236 129 38 56
230 266 21 28
423 92 10 15
71 380 94 115
195 76 67 84
107 187 78 78
366 416 62 73
15 465 5 6
453 438 82 99
277 207 30 38
343 304 100 100
45 164 70 78
275 321 2 2
88 223 105 124
348 57 77 104
487 163 42 74
459 72 54 55
18 389 92 95
107 431 103 103
474 269 74 113
322 442 28 40
69 294 36 56
432 128 25 28
289 341 67 67
327 443 67 81
148 266 60 61
92 208 26 36
483 7 37 67
387 114 45 66
61 474 6 7
35 376 104 106
72 51 12 16
392 365 32 33
498 158 93 96
476 449 72 97
294 139 84 108
446 323 49 55
205 178 64 100
16 72 20 21
377 345 21 30
351 425 25 29
383 430 28 30
17 75 62 65
191 163 6 7
75 322 21 21
21 343 61 76
455 411 70 109
469 112 69 69
476 319 25 37
199 481 10 13
380 195 1 1
178 38 49 73
65 488 15 19
370 214 63 69
473 25 18 33
72 273 78 93
189 281 2 2
105 182 73 79
293 150 30 43
271 165 5 7
238 338 95 96
316 190 76 79
319 488 11 12
386 400 35 36
20 324 115 123
14 135 31 32
153 364 76 99
121 126 62 77
345 9 62 65
183 375 69 75
47 477 83 86
13 113 77 78
115 113 72 76
123 210 8 8
47 489 31 31
422 96 47 56
21 158 38 62
445 416 88 89
7 74 4 5
245 232 22 32
330 447 74 75
205 195 88 88
140 388 3 3
475 170 24 33
27 459 11 12
336 41 75 104
77 141 105 107
102 95 47 53
204 94 3 4
29 90 12 20
274 244 22 34
133 383 85 94
185 111 74 102
466 287 23 33
102 153 67 85
385 193 34 38
136 487 52 55
372 97 13 14
317 299 23 23
420 158 41 42
343 130 88 90
180 357 40 51
325 376 97 102
131 335 47 63
448 189 71 79
387 164 72 72
273 56 41 49
97 68 93 99
459 73 44 68
374 213 51 55
277 440 107 110
320 415 42 75
186 414 53 67
275 94 27 28
477 154 63 68
85 377 33 42
494 316 98 104
77 123 71 98
7 445 87 90
439 52 39 68
456 429 47 63
161 157 68 69
336 64 2 3
345 146 7 10
154 483 32 41
193 189 66 68
371 15 55 87
125 342 81 100
460 152 56 81
390 420 36 44
473 253 59 66
26 299 88 88
232 272 115 118
44 60 104 117
127 453 5 7
423 313 2 3
396 436 110 111
497 76 53 66
415 33 10 11
493 96 29 34
337 490 4 5
43 21 46 51
18 42 36 43
29 215 67 101
397 144 73 86
93 429 2 2
489 429 46 54
245 136 2 2
64 380 100 103
191 419 89 97
236 379 6 6
227 312 76 90
359 394 42 70
24 418 57 81
486 112 9 10
82 176 47 49
346 44 96 96
448 30 59 75
170 198 13 17
275 494 85 96
53 150 38 39
335 17 80 94
309 154 90 117
458 413 5 10
152 118 110 119
458 321 109 110
191 56 2 6
412 135 8 9
297 158 77 91
254 246 103 114
344 230 24 24
436 105 92 96
443 251 48 66
134 382 38 50
379 446 69 72
319 474 119 121
104 218 70 79
214 96 35 40
70 220 85 86
291 412 103 103
414 382 13 14
158 243 8 11
44 14 15 17
456 0 38 40
197 193 18 20
286 147 54 56
61 133 4 4
7 225 51 72
379 324 66 70
71 222 102 103
184 274 93 101
443 268 23 35
115 272 57 80
299 432 42 47
471 264 54 78
110 326 53 85
389 266 73 74
341 81 47 71
126 36 25 41
376 444 99 100
166 56 20 21
368 133 92 100
312 75 66 67
114 255 7 8
185 429 28 29
28 251 30 45
435 49 9 10
350 439 76 80
481 272 25 25
124 119 10 10
416 380 74 77
181 0 9 12
384 316 83 86
480 177 104 116
475 337 100 101
306 447 15 22
82 90 12 13
15 12 16 19
329 172 20 27
67 213 9 15
452 270 29 43
397 444 68 91
451 113 40 58
307 475 29 32
455 379 41 44
197 479 0 2
68 89 80 90
354 80 57 66
466 386 28 33
491 253 24 28
163 234 81 89
352 438 78 78
477 49 23 30
277 275 124 126
171 424 107 111
86 142 44 49
406 213 48 70
36 49 62 76
308 242 75 100
414 340 6 7
176 82 39 43
434 192 73 88
277 405 122 124
460 450 90 95
320 125 74 93
91 145 92 96
151 184 41 49
44 194 85 86
323 332 37 44
304 27 84 101
71 404 31 37
476 215 48 49
62 286 51 62
390 34 8 9
158 126 16 17
67 330 55 57
121 217 30 40
399 419 41 43
397 292 124 126
122 293 39 43
18 183 41 42
2 256 42 61
269 97 5 5
195 90 81 97
368 37 76 81
344 14 56 77
63 147 45 49
2 332 45 62
240 361 21 27
164 154 40 58
395 469 62 65
176 459 50 57
383 345 36 37
205 243 66 75
412 221 19 22
178 117 6 6
233 205 23 24
15 154 43 49
420 281 34 44
9 184 54 75
213 11 62 63
292 282 3 3
129 209 49 55
400 309 36 40
250 350 74 82
273 301 110 113
44 383 12 12
225 112 79 94
193 415 87 115
2 175 67 92
402 127 81 107
405 129 72 74
456 182 108 110
416 209 52 55
104 419 34 43
224 102 17 18
258 114 94 96
440 498 103 118
87 451 96 106
495 259 39 39
8 226 76 77
369 289 13 13
201 163 21 21
234 164 38 41
103 163 37 37
399 49 13 14
289 498 72 119
245 281 80 99
226 225 31 31
286 199 96 108
376 446 70 89
156 218 125 126
225 370 4 5
55 479 12 19
443 9 94 94
329 269 5 6
395 196 84 88
164 257 18 24
405 117 25 29
184 327 33 52
240 196 41 47
222 82 71 79
354 367 72 81
219 349 94 115
431 341 49 55
167 294 27 34
331 228 31 33
419 85 93 106
376 221 92 94
406 478 57 61
446 483 76 80
290 469 22 28
148 345 22 24
331 333 66 66
265 59 30 55
4 425 42 49
53 208 67 107
481 378 63 75
4 457 108 117
240 399 64 73
224 272 120 124
132 328 63 73
216 404 50 52
176 113 66 70
128 60 65 92
393 238 100 121
56 366 64 110
151 107 28 30
41 68 13 21
232 250 9 10
206 106 78 81
156 334 20 21
447 262 82 89
436 186 15 15
255 246 119 124
2 486 36 36
69 476 35 43
241 280 25 33
281 293 83 83
212 456 75 75
205 252 30 41
398 390 25 28
66 173 40 40
489 213 34 43
194 110 57 59
230 42 92 97
194 406 76 78
417 311 7 8
251 97 54 59
138 183 34 35
422 194 50 67
155 443 62 65
485 314 18 19
400 375 50 60
455 239 79 79
182 95 58 74
8 335 26 29
489 202 5 7
97 338 29 30
418 474 28 28
259 46 23 25
349 22 79 88
276 447 22 25
407 446 16 22
398 393 48 57
337 76 27 28
476 410 17 19
457 107 63 66
9 13 78 102
132 213 24 25
467 272 43 52
322 79 110 111
344 94 53 85
122 232 42 54
192 340 3 4
72 401 101 120
285 498 37 43
31 180 45 56
296 48 46 52
446 451 38 40
257 453 70 109
130 324 50 52
60 3 29 29
93 336 26 27
409 482 30 45
262 355 23 33
493 486 17 20
467 420 67 99
213 199 109 109
456 432 37 46
243 88 125 129
311 409 3 5
62 440 26 37
254 174 71 77
132 205 13 15
310 20 20 26
25 231 53 57
238 249 75 86
124 373 61 76
358 177 64 85
224 50 27 40
33 265 35 55
450 491 54 94
182 109 92 106
277 122 51 53
439 223 34 46
464 65 54 63
68 397 51 57
214 381 38 41
274 79 71 88
317 387 8 8
445 485 91 94
78 167 9 10
289 338 99 101
176 217 79 83
410 6 11 11
120 178 61 69
153 27 102 103
28 349 68 91
335 219 114 116
210 494 88 90
266 92 84 89
158 248 72 98
295 438 48 74
345 262 82 105
227 54 22 23
380 445 13 15
225 5 24 24
224 263 34 34
2 28 35 36
114 483 59 60
273 38 1 2
137 253 55 63
287 255 27 33
58 353 63 86
425 90 15 16
64 138 31 34
369 255 15 22
471 303 52 59
449 173 102 106
21 395 60 63
381 97 0 0
274 242 113 117
311 483 24 26
243 350 14 15
134 243 66 98
103 52 56 66
296 20 28 28
354 494 92 107
491 111 54 66
328 53 18 23
496 67 50 50
346 434 123 128
61 410 27 28
405 59 52 52
473 24 69 82
372 248 114 115
267 46 6 7
231 155 2 3
193 486 45 63
140 495 52 61
103 7 8 13
1 393 25 44
256 473 58 92
14 67 55 57
111 329 26 28
448 385 13 17
443 254 0 2
436 250 74 107
460 136 116 116
270 278 1 2
199 308 27 39
121 394 12 16
461 494 79 82
398 76 61 66
470 344 20 21
38 484 35 35
130 380 113 121
293 453 71 99
309 341 32 32
132 464 46 60
140 185 44 44
349 327 93 121
42 285 2 3
40 89 21 25
347 452 34 34
337 239 31 39
137 374 59 68
299 475 27 28
280 283 32 53
115 38 96 97
458 195 25 30
97 332 110 114
325 43 21 23
9 42 57 77
472 381 33 42
160 236 72 73
55 303 71 73
40 413 32 51
19 64 92 115
317 201 5 5
57 117 106 119
395 109 101 109
85 347 45 55
473 458 55 61
128 231 35 62
170 114 47 68
178 172 3 3
403 269 94 96
71 296 13 14
106 460 67 80
350 171 13 14
209 120 19 21
129 230 66 76
208 31 19 20
478 466 69 77
372 304 25 25
74 158 50 50
461 143 17 19
7 95 10 12
238 37 54 67
276 275 41 46
396 201 45 48
304 490 76 88
216 137 67 70
93 278 90 115
302 145 26 36
275 52 11 11
395 162 5 5
236 175 27 28
276 370 76 76
20 476 41 49
247 144 74 79
436 211 35 40
339 211 77 77
125 6 28 38
289 485 50 72
320 172 34 48
462 344 25 40
145 124 30 37
4 158 113 122
107 172 25 26
309 73 22 22
86 400 69 103
334 384 44 70
146 349 105 114
5 394 47 70
341 225 15 18
101 75 56 63
93 187 25 28
289 148 60 96
172 194 33 49
355 285 54 58
69 442 29 31
192 218 24 30
214 331 52 81
179 498 2 6
426 214 5 7
480 188 18 20
219 39 82 104
325 75 36 55
328 296 50 57
252 242 30 35
177 428 31 34
228 356 14 17
342 304 55 78
6 452 60 60
248 222 72 74
275 347 94 111
139 203 41 53
286 399 41 46
479 239 26 28
446 100 82 99
393 274 19 19
311 121 49 60
313 165 41 60
278 273 61 64
267 148 45 55
494 410 93 101
371 174 92 92
84 362 81 98
498 45 73 99
150 323 54 55
226 443 45 55
17 150 114 115
490 70 67 79
286 79 24 33
347 214 100 104
169 193 14 17
46 309 32 37
298 430 78 113
31 140 92 113
394 17 72 84
297 207 3 4
190 141 21 23
417 59 67 68
480 405 5 6
389 47 111 111
146 64 70 78
154 76 36 54
421 114 15 20
186 272 46 48
131 318 35 39
453 248 24 30
184 467 69 106
376 465 94 96
119 157 70 99
274 491 25 29
169 421 51 53
462 276 62 72
119 348 117 129
271 134 90 120
119 353 8 11
357 496 79 86
489 338 26 26
97 90 78 114
465 28 84 100
108 173 60 60
158 19 103 105
341 92 40 42
464 329 20 25
90 132 8 8
110 419 86 87
15 475 26 50
234 161 80 89
413 143 60 63
266 14 66 75
278 149 55 72
117 259 89 96
357 42 53 64
269 308 78 81
363 40 35 43
326 355 51 59
409 331 32 33
412 197 92 95
84 347 7 10
60 183 17 19
214 234 0 1
25 337 27 29
409 59 10 14
97 429 50 54
348 141 20 20
381 400 12 14
19 61 1 1
199 169 82 106
315 275 77 85
148 142 47 69
69 409 60 111
42 236 104 119
449 282 92 92
96 235 51 56
430 266 8 15
204 207 8 12
481 39 38 46
46 9 105 111
410 167 70 106
297 438 10 19
4 196 52 59
289 482 56 69
390 292 78 81
221 337 59 69
363 322 80 87
25 411 75 81
466 97 80 93
58 5 64 80
463 205 24 29
23 216 44 73
42 459 44 51
35 43 71 88
329 282 44 64
22 328 65 71
65 50 26 27
31 33 82 84
201 275 37 42
75 471 105 106
264 206 78 101
176 13 30 30
88 76 23 26
101 389 42 48
7 127 24 28
440 45 24 29
242 131 53 85
426 482 20 26
387 262 10 13
314 357 3 5
423 397 62 88
414 385 86 88
191 121 16 25
283 490 8 10
469 145 7 8
228 319 49 51
23 289 6 8
355 13 20 25
423 113 58 58
72 243 64 76
64 202 45 46
58 301 84 100
65 363 68 68
474 58 38 46
373 469 3 3
73 229 7 8
89 134 88 96
433 207 73 83
138 112 80 88
1 81 89 94
230 372 41 43
363 86 60 71
290 0 53 65
342 272 54 56
333 337 24 25
193 137 61 78
268 180 84 88
8 271 68 90
150 270 112 129
335 52 103 130
278 173 39 43
100 280 48 51
15 353 13 23
322 105 29 34
311 411 17 20
349 442 11 12
70 449 107 113
100 50 26 32
210 275 32 36
466 58 1 1
390 381 56 68
413 263 75 86
406 99 52 65
84 293 76 78
373 114 80 91
156 197 68 88
49 430 51 53
180 30 59 66
129 300 1 3
287 377 54 80
172 416 79 79
90 355 41 47
106 492 100 106
219 442 39 40
42 163 53 53
429 59 44 55
413 314 16 18
338 285 66 87
316 331 32 32
79 450 71 74
27 86 88 112
297 133 31 47
51 482 62 63
0 384 38 50
21 126 6 6
35 134 57 65
395 268 108 109
116 492 104 117
444 405 2 4
196 197 22 24
443 64 98 114
219 31 57 82
276 184 97 121
216 225 64 70
232 483 82 102
191 420 8 14
361 204 26 32
181 86 96 102
324 256 30 31
129 240 57 68
297 467 76 121
402 492 37 39
392 317 31 35
199 189 48 48
248 424 68 68
198 89 14 14
229 46 104 121
17 198 5 5
30 443 71 81
201 286 43 47
27 138 66 66
352 74 79 79
173 242 46 47
102 62 90 126
428 370 65 79
6 115 56 60
256 351 92 108
53 405 45 57
376 159 114 114
455 330 57 84
412 471 68 72
170 150 7 15
432 227 50 56
233 113 4 4
463 294 95 115
100 130 9 14
287 28 4 5
247 163 36 41
206 346 102 103
345 207 62 65
432 382 86 95
324 271 55 67
244 237 50 51
209 384 72 77
191 115 18 25
112 415 29 32
370 212 84 107
83 241 11 11
2 189 33 48
351 159 43 54
248 488 75 85
347 105 91 127
185 272 13 13
307 399 59 90
103 26 42 46
484 444 47 47
137 486 66 77
245 277 43 70
114 461 112 114
417 369 69 80
75 479 45 61
72 363 0 1
18 248 18 21
475 170 44 64
435 397 95 115
240 392 40 75
286 125 39 40
411 445 23 24
58 244 33 47
496 259 71 112
185 145 103 115
180 30 89 93
85 408 66 98
348 441 91 93
130 398 53 54
291 2 10 11
61 420 6 8
344 141 86 103
282 348 99 100
365 225 64 97
189 118 30 30
90 434 6 8
401 483 32 33
384 441 17 17
189 192 45 45
149 326 77 85
313 117 32 52
358 172 6 6
442 205 73 105
230 65 16 16
224 102 61 84
245 67 45 65
227 345 10 12
372 274 84 109
334 134 47 56
151 28 24 26
166 293 122 128
156 86 28 39
8 435 27 30
464 84 10 10
185 209 23 26
158 495 50 59
74 442 26 39
107 325 96 114
303 212 88 101
168 476 78 113
481 238 43 49
161 353 24 41
462 122 97 125
283 326 38 63
450 135 73 85
88 59 34 41
115 358 62 75
448 369 10 11
381 462 6 11
64 209 17 27
436 159 15 26
311 353 87 87
72 263 30 31
143 311 76 96
15 352 5 5
266 268 41 42
238 87 55 68
488 199 59 60
461 479 75 82
126 392 11 13
36 134 52 55
461 275 77 119
262 479 2 3
61 211 44 47
175 333 20 30
268 130 11 14
81 139 61 112
57 67 60 74
61 89 24 32
203 384 58 75
61 44 3 3
495 196 36 46
169 396 61 79
252 464 86 86
148 451 53 54
112 203 24 33
318 199 109 110
33 163 22 23
480 181 26 36
269 420 27 27
307 472 85 88
372 272 101 110
418 118 45 58
481 89 55 63
200 376 8 9
206 383 17 17
109 419 14 16
32 189 56 73
256 400 43 65
421 212 24 24
207 210 8 13
409 390 67 110
213 340 61 74
388 147 45 55
335 347 55 73
99 206 64 64
352 57 4 9
222 331 21 25
239 310 70 84
306 6 49 71
162 106 13 13
54 107 103 106
255 100 46 67
327 397 62 83
20 256 47 48
151 334 66 69
428 150 3 6
31 497 40 41
379 180 17 30
264 206 9 10
317 71 9 9
496 380 55 72
78 384 33 33
90 436 56 57
491 419 65 76
173 349 99 101
375 36 16 16
392 23 34 35
69 240 99 126
312 250 18 21
382 228 30 41
347 387 71 75
64 60 98 106
344 296 20 30
457 75 37 45
472 100 75 91
80 323 69 69
288 488 9 9
243 55 39 42
295 350 45 50
241 336 53 53
20 186 81 92
148 284 55 59
220 478 84 109
490 67 17 20
141 436 43 46
70 371 30 41
41 407 25 27
378 244 104 112
262 481 103 114
16 80 10 10
20 81 47 51
12 426 54 72
78 29 50 50
312 490 59 59
330 204 52 57
368 396 62 78
335 316 57 69
430 415 67 69
165 16 32 33
150 153 54 91
409 293 12 12
411 34 36 50
47 437 4 4
109 446 56 75
125 325 49 65
196 192 48 56
10 475 61 93
456 304 38 53
251 465 72 92
196 353 80 92
173 268 10 11
453 300 8 11
68 389 13 21
479 184 22 25
299 431 55 60
191 141 2 2
249 2 69 70
439 138 69 90
51 226 0 1
414 98 90 92
341 239 17 21
271 187 100 116
18 189 80 92
482 422 57 61
245 220 36 39
383 53 9 13
283 475 51 69
295 143 0 1
267 258 26 26
112 177 63 79
230 375 26 39
140 19 51 54
80 365 27 29
171 209 73 88
111 1 28 34
477 194 73 80
44 35 42 63
53 229 15 19
312 321 101 117
321 408 81 85
483 438 19 24
206 7 97 98
345 195 68 112
227 114 83 85
449 232 63 65
50 59 14 20
80 264 4 5
36 346 68 72
84 241 64 81
307 177 72 76
35 36 46 81
467 451 35 58
369 447 62 64
180 30 67 67
325 496 110 112
456 223 84 87
54 404 5 7
138 30 12 20
356 34 53 72
52 134 99 111
379 321 50 50
399 353 90 106
420 382 99 106
433 360 65 69
483 221 94 96
38 34 75 118
309 390 60 89
352 415 4 7
332 360 79 88
155 12 3 4
268 37 60 62
423 95 41 44
229 76 12 12
44 47 83 115
50 286 86 127
418 395 44 54
462 137 20 26
148 302 90 93
348 230 37 39
453 318 31 33
145 85 41 62
18 297 65 69
30 340 69 110
415 424 26 27
473 330 27 43
125 170 7 9
266 93 75 84
433 399 46 55
121 421 26 36
268 19 0 1
102 173 27 31
425 176 14 17
99 76 54 56
391 117 68 106
27 70 27 32
220 387 64 95
20 432 38 54
65 230 29 30
268 228 56 61
349 159 38 45
494 25 100 113
61 3 46 48
340 367 55 63
449 337 13 15
397 310 48 51
246 340 81 82
333 30 24 33
40 165 9 9
446 291 1 1
336 206 111 126
100 314 6 8
96 261 93 117
143 165 65 74
199 479 25 28
243 458 30 31
97 148 2 2
33 277 56 79
453 249 15 17
436 274 65 66
405 145 34 40
294 8 87 97
129 207 84 120
293 43 73 112
45 356 17 19
201 399 28 32
119 209 53 54
107 131 34 34
224 349 45 55
269 404 80 80
441 326 58 74
480 49 74 111
489 251 81 86
411 23 51 59
67 348 56 83
25 147 22 28
60 215 72 87
318 370 67 75
473 213 36 36
324 476 30 37
344 428 66 76
249 481 17 20
302 42 110 110
138 174 64 66
297 305 61 65
17 477 35 35
294 200 49 53
323 101 54 55
184 392 93 102
137 363 9 14
361 168 15 17
72 18 70 95
246 381 0 2
252 275 48 55
398 234 45 75
91 417 87 89
63 466 54 54
324 221 2 2
272 383 61 97
245 469 10 13
24 450 77 81
355 32 108 109
474 415 101 101
413 49 13 15
228 349 36 50
234 85 100 100
306 326 28 40
340 261 16 21
153 376 22 25
43 267 39 49
419 304 68 71
21 481 8 10
327 331 5 10
391 367 72 77
148 151 16 18
418 78 12 15
203 421 64 68
202 98 38 43
268 416 63 72
235 377 28 33
413 9 42 53
197 101 104 126
89 46 88 106
260 96 90 100
277 351 15 17
173 484 81 113
282 207 104 108
297 93 59 60
349 458 45 47
65 299 71 77
27 383 110 120
63 22 32 36
255 237 69 71
160 157 19 27
111 24 21 22
168 75 52 75
50 297 15 24
118 195 12 24
193 19 67 94
21 87 40 54
282 480 60 63
175 204 1 3
112 1 72 94
396 293 25 27
418 300 102 105
11 82 18 19
260 367 11 16
16 59 58 58
225 223 103 109
8 81 85 94
203 169 28 29
229 34 40 49
285 325 61 69
237 80 56 57
311 391 66 76
143 455 90 90
30 302 85 118
117 162 127 131
451 196 90 107
77 22 7 7
214 185 28 28
317 264 108 112
479 374 32 46
132 364 73 86
270 189 104 110
35 354 50 54
481 72 41 41
167 75 63 64
117 286 51 68
124 260 47 64
19 461 91 94
342 27 8 9
21 463 50 54
438 264 63 63
255 318 68 79
244 315 52 70
294 390 97 100
305 201 57 61
34 348 18 20
486 193 71 73
134 283 71 104
330 440 34 39
283 364 26 27
72 300 74 95
218 150 8 12
235 231 94 94
158 194 68 89
455 125 30 36
29 39 30 32
469 326 3 3
417 75 124 125
93 364 43 60
173 218 56 86
255 123 22 25
64 396 87 98
231 98 10 12
117 435 23 27
123 179 62 77
3 120 28 28
158 470 57 73
220 188 17 18
58 7 42 61
393 156 45 53
231 255 117 117
163 76 18 20
491 480 107 117
390 365 54 64
450 381 38 40
336 352 44 54
29 242 79 89
391 449 100 106
138 267 35 38
48 303 80 90
274 103 28 35
66 263 121 122
395 104 87 90
73 372 24 25
78 480 2 3
364 476 78 91
270 365 75 82
129 42 95 100
189 371 28 36
478 344 26 42
232 223 13 17
106 309 39 57
65 135 35 37
420 415 28 32
380 54 72 85
275 134 83 106
32 53 28 38
61 352 47 54
144 474 66 101
127 184 72 75
292 144 31 32
383 422 26 38
398 37 21 30
442 332 65 81
347 283 88 90
371 284 24 35
423 206 49 65
224 237 32 33
213 164 69 97
252 206 69 69
79 271 48 54
172 455 13 14
131 473 2 2
315 194 31 44
454 238 10 17
64 368 11 12
495 157 119 119
139 207 45 70
278 400 97 106
353 2 37 55
144 328 27 48
480 441 2 3
498 72 66 76
37 391 58 92
404 196 54 69
206 473 116 118
163 318 56 70
165 17 64 81
364 276 51 63
264 279 66 68
218 347 28 39
307 184 79 91
65 276 101 109
333 114 2 6
24 113 61 78
242 385 77 82
390 327 47 51
166 171 64 96
198 40 51 52
168 42 40 40
111 380 54 81
437 406 44 54
73 211 82 94
307 380 15 16
204 148 45 45
418 4 36 60
294 470 17 19
51 177 104 105
470 167 54 58
208 60 26 42
124 212 36 44
239 271 28 37
67 15 28 29
404 15 15 16
71 387 34 36
60 120 32 37
88 228 4 7
354 447 49 50
350 83 48 54
390 96 77 95
92 185 13 18
259 169 39 59
321 109 51 59
37 27 75 79
246 78 11 13
398 175 11 11
471 160 0 0
328 298 112 118
7 209 26 26
478 467 60 68
199 22 42 45
267 392 39 40
369 278 86 89
26 275 55 62
166 238 27 27
105 353 51 77
487 253 12 13
367 218 63 74
338 95 85 93
211 484 86 106
125 420 75 109
68 25 68 80
258 412 58 104
196 223 10 10
93 67 106 107
267 186 38 38
20 465 47 53
386 445 99 107
495 76 36 40
275 403 57 57
297 306 80 97
263 40 4 7
285 426 8 10
127 204 14 15
406 186 14 18
395 478 95 102
97 226 51 60
260 55 38 43
55 316 66 69
79 245 59 68
296 65 92 106
183 331 55 67
161 221 73 87
1 269 40 51
437 247 37 38
156 256 84 110
121 99 55 57
87 114 19 20
197 420 76 82
304 446 61 61
384 431 86 100
103 380 62 66
84 19 80 85
423 374 109 114
346 175 69 72
368 31 23 27
419 347 13 17
352 287 19 19
194 442 45 51
30 237 9 12
218 415 59 66
6 56 42 64
142 204 56 56
69 206 75 78
197 376 39 58
339 370 89 107
20 16 28 47
136 15 92 118
486 89 2 3
43 473 62 90
324 280 2 6
232 117 81 81
406 47 64 75
90 486 38 43
229 376 54 61
356 265 5 6
183 214 3 6
271 394 73 74
118 413 34 64
419 361 30 32
150 393 24 25
150 497 19 25
25 274 83 121
98 416 87 91
312 192 7 8
332 477 45 48
209 250 11 11
8 354 34 34
49 247 60 65
251 61 73 109
266 3 22 23
126 437 44 45
414 168 95 99
302 323 2 3
286 53 26 26
98 343 50 92
192 188 36 36
295 63 73 105
299 79 4 6
443 394 69 73
106 172 77 129
427 38 56 70
411 479 67 71
130 45 13 15
456 186 67 77
23 45 115 116
206 332 8 10
88 391 68 71
252 185 0 0
308 321 102 122
268 261 51 57
447 407 20 33
2 264 10 10
291 235 53 74
465 277 66 79
213 443 116 116
435 10 49 49
33 465 77 78
304 37 5 7
346 451 57 90
143 360 14 16
229 360 38 44
447 293 58 67
379 254 15 18
409 423 28 35
177 492 2 4
165 322 64 90
431 456 42 46
31 472 16 16
420 425 26 27
379 396 80 90
74 19 8 9
134 326 74 80
454 205 98 98
401 310 73 79
480 336 60 70
64 140 40 47
221 310 84 87
476 171 116 118
109 412 6 7
149 297 38 42
337 342 11 11
397 95 19 19
484 3 14 22
325 349 71 78
345 149 14 17
274 294 25 30
309 248 26 26
31 328 2 4
476 251 53 77
242 239 59 61
493 192 78 101
478 48 2 4
415 304 34 34
364 22 18 18
152 403 119 119
8 365 82 92
386 483 24 24
314 120 73 98
488 334 100 126
8 111 50 63
341 418 88 90
219 459 63 69
378 84 45 64
406 209 38 48
25 108 6 8
246 445 28 31
123 329 26 26
473 318 28 51
62 49 33 50
89 35 104 104
15 230 80 81
38 375 37 46
142 126 56 65
131 477 37 40
366 319 62 63
53 192 58 67
490 161 64 65
33 156 0 0
187 467 69 71
392 20 2 3
51 397 13 15
351 80 50 57
322 491 73 77
3 381 50 54
303 419 5 5
95 255 8 10
172 372 69 111
42 212 8 8
356 206 10 12
213 459 11 18
327 242 51 57
435 203 36 43
125 105 39 42
337 106 74 86
205 20 9 9
40 7 7 7
100 219 28 37
218 214 79 85
298 151 99 107
295 395 37 40
99 250 12 19
2 149 7 12
240 298 124 125
282 4 70 100
244 490 99 103
260 131 63 68
248 103 77 78
262 200 93 100
372 152 66 98
405 399 12 12
52 305 38 41
285 436 66 90
496 344 14 26
271 90 59 86
372 159 7 8
487 468 72 123
83 262 51 84
377 416 30 31
387 243 11 13
141 163 70 79
59 32 9 13
425 350 64 71
206 281 45 46
486 143 21 27
96 170 43 47
465 345 67 82
192 219 65 84
46 407 57 58
92 380 81 114
404 52 114 115
436 404 65 69
326 201 19 20
427 355 14 22
495 40 108 124
351 81 78 84
200 94 85 89
380 298 11 22
403 313 27 30
179 484 23 26
312 419 55 59
74 218 66 76
129 434 32 34
373 21 83 84
160 152 81 85
28 472 5 6
92 473 45 55
266 158 80 94
290 168 47 72
284 4 10 14
478 470 20 20
447 36 80 85
230 348 4 5
332 359 95 113
33 205 53 68
402 403 64 72
380 335 69 77
217 163 48 61
111 131 24 42
433 58 10 10
412 347 53 53
450 170 110 110
238 20 89 97
437 254 18 20
495 1 42 47
364 459 78 79
251 442 3 4
466 53 48 61
51 470 2 2
414 448 113 113
451 10 74 90
418 459 30 41
341 433 48 66
160 155 81 89
400 168 14 14
120 226 10 10
355 443 83 87
137 38 6 8
27 34 65 77
119 280 62 101
216 174 19 19
245 9 16 16
221 311 94 97
315 104 92 93
254 294 23 31
145 282 128 129
342 69 103 120
288 103 66 89
426 38 58 64
43 471 90 92
41 69 61 73
38 197 63 69
171 495 52 72
449 133 68 68
68 398 68 70
476 438 46 85
393 151 34 35
451 1 115 115
85 410 58 67
313 226 19 31
249 459 22 39
206 468 22 22
305 446 71 71
18 28 105 107
103 400 59 62
292 163 97 97
199 59 30 33
380 455 71 76
276 45 71 97
104 438 46 76
133 174 122 123
472 238 53 69
472 2 16 18
402 375 74 79
188 337 18 18
13 65 23 23
128 387 74 85
305 362 60 91
401 170 48 50
164 261 26 41
420 336 102 114
245 17 24 27
172 84 7 13
59 184 71 71
430 13 8 10
159 354 25 40
267 342 59 71
302 191 99 109
413 146 42 53
279 417 70 86
353 120 45 48
417 234 65 67
303 488 8 12
414 217 18 21
401 429 65 84
160 3 105 106
163 225 65 67
410 284 13 14
5 129 6 6
367 35 16 21
40 153 57 63
195 352 51 81
61 469 18 27
224 165 53 68
242 339 31 32
394 463 39 43
77 231 1 3
6 265 62 70
416 353 13 20
120 495 58 58
286 289 12 13
350 161 1 1
383 263 105 112
207 175 47 48
380 19 39 42
323 332 68 96
399 54 44 72
122 391 18 19
383 117 73 126
53 70 109 111
485 39 58 63
126 287 12 21
24 361 18 18
420 439 43 50
480 188 21 23
252 173 14 20
28 495 79 82
251 478 1 1
446 356 80 105
490 66 80 113
442 415 71 116
302 234 29 33
109 189 30 30
58 206 93 106
350 309 123 129
66 31 76 95
339 289 11 16
491 391 27 40
227 427 1 2
215 293 28 34
236 244 14 19
494 394 23 23
194 446 24 28
40 165 32 38
163 29 72 103
188 430 71 86
225 188 58 98
123 401 62 65
368 45 12 21
225 50 3 4
329 395 14 25
76 215 1 2
423 248 48 50
427 435 104 108
403 238 7 8
41 88 4 5
201 11 32 51
186 341 27 32
424 388 37 46
280 465 35 37
133 226 1 3
367 445 14 15
335 367 74 75
183 212 94 97
396 319 36 38
316 15 28 30
262 106 29 38
439 479 60 100
481 495 6 6
348 14 65 67
309 280 31 32
160 23 21 24
386 424 40 43
478 152 58 59
306 417 89 102
401 53 6 6
380 409 29 31
56 254 76 88
80 371 90 92
309 55 90 92
188 200 104 115
259 18 18 22
103 135 17 21
254 5 63 79
363 253 26 32
57 29 58 60
36 53 51 53
154 0 78 80
157 345 11 15
81 249 38 57
182 353 46 52
423 188 118 119
405 313 70 90
129 370 56 62
170 193 94 100
436 249 70 89
347 238 58 65
352 59 9 10
147 78 14 15
492 69 44 44
156 150 3 4
68 371 31 52
176 418 40 42
236 202 54 85
209 76 41 57
256 428 50 59
458 58 116 116
447 31 12 20
229 248 34 57
95 199 17 19
189 258 68 70
254 117 72 79
209 311 81 94
180 349 54 68
58 15 58 75
348 139 23 24
306 164 57 57
427 141 103 111
260 389 34 36
16 302 73 86
155 153 5 8
287 55 14 20
417 257 59 71
418 47 77 86
54 345 89 97
84 136 18 18
482 141 95 95
453 267 79 91
494 203 57 93
292 420 41 42
361 102 71 72
39 432 42 76
88 379 64 68
90 127 91 96
382 311 48 50
132 76 59 61
168 204 65 77
89 225 70 85
92 458 98 108
159 397 4 4
126 100 19 19
381 240 80 95
127 330 36 41
205 110 75 107
204 284 24 28
63 298 108 115
211 448 102 110
330 125 28 40
267 178 66 73
420 293 31 35
435 393 32 38
115 199 71 72
191 97 66 67
178 243 17 17
247 16 104 112
192 246 92 92
419 131 26 32
297 452 74 82
152 244 105 105
5 146 66 85
497 328 86 96
184 367 82 83
210 136 15 18
35 352 63 65
314 20 62 67
406 465 65 90
361 11 65 81
367 53 68 84
163 155 12 17
189 261 26 29
488 415 45 46
359 380 5 5
215 5 18 19
227 323 54 77
176 195 124 128
16 86 49 49
267 440 92 108
251 4 54 57
78 170 13 14
244 189 53 53
19 418 76 94
129 476 41 45
331 247 63 68
155 277 32 34
250 194 82 131
127 436 112 114
51 361 55 68
239 82 84 90
209 29 23 40
193 246 63 80
112 488 76 88
41 314 67 70
151 140 93 97
364 94 57 85
442 211 47 53
59 248 30 33
353 272 46 47
87 478 67 73
275 104 7 14
472 407 65 71
64 136 59 85
57 460 79 122
305 222 1 3
363 131 96 99
222 394 64 68
200 153 119 122
124 362 91 110
262 250 54 55
189 74 16 22
206 31 8 16
67 383 40 50
62 90 36 45
441 158 119 119
420 147 75 81
174 336 51 71
180 355 107 108
327 460 7 9
433 302 58 59
16 410 34 39
270 396 107 107
140 42 19 23
234 172 42 45
475 446 23 24
374 146 91 93
375 387 74 92
35 302 93 108
274 495 109 120
302 76 95 96
480 240 61 63
129 24 102 106
21 353 69 83
296 25 85 90
477 249 112 125
247 31 71 79
392 277 14 19
364 386 34 34
158 137 26 26
205 198 46 46
463 465 80 81
246 361 34 39
307 261 101 106
42 256 31 33
390 487 115 119
49 358 18 24
472 420 34 42
325 196 42 65
370 120 37 48
317 372 57 73
182 78 95 106
198 57 57 74
476 66 12 12
114 202 23 37
453 50 78 111
168 370 37 43
71 341 19 20
248 138 15 21
179 107 7 8
17 153 9 14
455 426 40 53
61 147 22 32
107 351 86 108
129 63 68 92
400 34 53 56
452 176 63 95
235 30 71 74
90 150 59 66
397 25 11 11
93 295 14 22
378 202 67 88
144 431 49 52
21 431 47 47
371 438 41 53
334 442 77 77
263 113 49 66
35 368 75 79
143 439 28 29
160 470 16 19
239 401 28 45
378 184 36 51
166 315 74 91
319 59 22 26
132 81 80 86
42 230 9 10
366 453 50 58
271 177 8 8
344 434 83 83
397 65 75 83
279 370 44 52
103 453 63 75
217 47 13 16
378 413 17 18
242 355 57 63
250 160 73 87
275 468 75 84
465 467 46 56
390 347 47 47
109 493 27 29
353 249 102 111
168 197 89 90
230 409 27 42
494 473 55 55
144 290 14 14
481 92 28 28
411 239 26 27
162 243 50 51
200 181 67 91
256 264 90 106
334 260 28 46
311 185 81 87
451 353 26 36
262 0 72 77
312 178 17 18
188 419 38 41
320 129 43 49
14 346 69 97
318 7 118 127
302 285 27 36
99 114 23 23
488 135 89 99
293 271 64 64
132 282 44 46
277 274 14 18
221 117 0 0
375 324 70 71
120 35 7 8
155 318 16 17
15 251 3 5
105 94 87 87
258 193 8 8
352 405 100 124
431 396 28 30
76 331 9 12
128 186 1 2
351 365 57 75
345 239 88 90
158 42 2 3
144 66 65 74
130 131 39 45
121 200 47 52
57 200 58 61
251 300 63 90
492 353 96 119
391 377 30 36
480 472 83 93
118 370 64 70
432 141 12 13
89 256 68 79
120 217 81 119
407 107 74 99
216 243 30 36
196 108 1 1
39 156 33 37
99 487 73 83
425 9 10 11
129 285 84 85
135 460 75 76
293 226 9 16
389 159 38 54
255 175 9 10
476 438 78 95
392 276 109 111
7 325 100 116
275 482 90 112
476 40 74 92
29 491 55 64
302 319 16 16
285 136 3 3
447 207 2 2
352 434 82 86
100 23 7 8
85 487 12 14
88 482 65 93
180 55 71 77
296 299 87 89
319 107 105 112
313 267 2 4
475 1 52 54
370 160 4 6
355 377 6 6
219 225 107 126
14 4 19 34
453 393 72 86
382 421 37 54
280 65 62 65
46 111 19 20
18 152 96 96
442 175 2 4
361 428 79 83
0 322 21 32
84 245 19 25
139 349 106 125
249 313 60 64
178 59 64 64
334 437 32 34
405 289 58 71
9 366 48 75
36 173 52 69
360 28 1 1
425 457 72 72
78 31 56 58
310 102 48 64
445 447 30 34
108 309 51 51
452 483 34 48
125 204 38 44
190 32 52 71
315 302 45 50
287 271 74 104
49 482 9 9
365 348 38 53
75 199 60 64
45 387 34 41
372 367 52 56
140 257 42 63
29 197 98 128
281 385 59 62
77 188 63 64
283 35 12 12
455 36 53 73
102 37 8 10
6 81 35 35
98 262 29 29
353 13 67 70
130 34 68 78
350 104 94 103
399 88 54 56
206 153 41 59
428 143 44 76
392 471 39 51
223 445 58 58
34 189 99 99
103 390 23 29
206 405 36 50
6 32 26 33
314 351 97 103
338 441 11 14
6 421 97 101
202 176 19 19
69 440 88 108
261 457 51 72
158 276 11 18
23 102 84 85
259 108 33 45
460 385 48 48
182 145 61 74
347 251 64 65
259 478 44 51
165 263 13 17
182 372 25 30
253 462 41 45
217 159 17 26
150 39 19 19
97 147 40 40
143 21 7 13
475 44 34 37
34 315 30 30
70 307 3 3
205 328 90 110
75 274 63 68
366 10 121 121
413 63 7 8
2 206 37 37
122 466 18 25
13 174 38 38
78 388 70 71
23 285 45 47
187 32 20 20
20 97 88 113
294 85 30 32
186 441 19 22
51 88 57 87
157 220 89 95
494 344 38 47
307 276 32 52
24 19 37 54
465 486 124 124
53 0 60 61
124 352 26 42
279 422 57 67
162 304 60 69
36 304 93 109
394 123 38 57
372 14 11 17
101 342 107 110
165 158 111 118
190 125 73 75
300 164 56 58
452 326 29 30
496 488 42 42
24 314 66 68
60 387 12 19
290 393 34 46
7 157 94 98
373 442 66 90
471 355 19 21
292 2 70 110
477 181 1 1
253 305 16 17
300 274 78 83
283 233 72 72
272 442 24 26
271 412 57 59
45 331 4 5
273 75 25 25
183 375 70 85
480 0 108 121
247 342 55 64
159 478 72 81
324 107 29 35
310 158 90 93
222 424 68 118
233 70 21 23
276 243 33 39
436 329 32 51
44 432 53 62
403 145 19 25
398 220 85 103
203 125 33 46
320 342 113 124
461 288 1 2
92 497 33 37
181 305 18 18
275 256 63 66
220 141 68 93
36 235 82 108
293 335 53 54
59 90 32 42
367 237 63 63
115 129 61 62
264 324 126 127
97 373 76 86
368 140 38 55
404 163 26 26
133 307 27 27
337 400 71 81
231 398 11 12
76 15 53 65
475 105 38 53
7 259 39 49
460 266 79 103
241 78 17 19
413 171 2 2
418 205 81 117
87 346 31 40
258 454 28 37
389 134 13 14
242 384 15 21
433 470 24 24
72 281 15 16
195 138 60 73
378 382 2 6
357 100 29 29
148 319 20 23
281 256 0 2
113 487 77 77
204 322 107 107
49 415 91 115
291 386 38 40
407 239 39 39
433 285 16 28
467 189 51 52
422 122 74 83
197 416 77 80
413 487 83 102
293 267 36 38
75 215 106 107
78 483 78 81
55 206 50 57
267 102 90 92
220 144 66 68
306 322 5 6
89 125 23 30
468 24 8 13
57 318 30 42
71 325 27 37
66 225 54 67
280 358 84 93
262 281 12 13
333 309 63 80
63 127 17 20
435 373 122 122
101 453 90 97
480 221 19 20
427 18 55 63
43 193 22 33
381 23 26 39
241 170 45 54
50 199 54 74
347 457 35 36
327 425 25 25
346 333 87 92
164 181 101 101
382 80 24 30
91 278 27 32
255 281 31 42
405 113 8 9
257 444 18 18
442 315 31 36
297 246 118 120
379 468 23 33
336 418 82 91
410 22 47 48
96 377 105 123
297 131 103 105
470 245 116 124
6 183 37 41
351 159 75 79
429 452 105 108
299 434 45 53
473 10 17 17
29 23 67 70
245 78 15 16
210 252 21 30
468 108 42 45
275 409 59 66
354 361 38 44
225 240 53 54
103 160 57 61
391 326 27 30
315 352 81 93
411 392 7 14
225 333 107 112
187 428 34 47
300 466 73 97
139 191 67 67
7 282 104 110
345 200 15 17
144 225 88 117
489 252 97 99
351 64 56 60
92 31 103 114
302 464 36 36
323 438 20 23
220 219 73 75
78 303 15 19
371 241 70 92
237 57 48 80
251 480 88 117
405 307 89 104
11 79 74 74
104 381 59 61
460 219 53 53
420 196 88 102
103 228 98 99
179 406 8 8
476 441 75 104
192 297 70 73
250 268 46 66
419 91 62 68
197 329 2 5
433 192 56 80
59 477 79 85
178 294 73 89
169 0 48 58
312 118 45 50
136 357 10 15
3 245 13 13
365 491 16 17
395 404 104 104
210 18 13 19
336 194 43 52
235 363 32 34
474 269 121 125
355 183 92 93
420 96 56 60
462 123 77 77
306 75 41 56
375 51 13 15
354 248 26 27
173 242 96 108
274 453 67 69
256 396 93 110
484 39 45 46
479 476 107 119
60 402 88 103
27 119 33 40
387 455 15 16
266 127 70 75
251 406 43 44
329 479 50 51
65 29 23 26
51 299 38 44
245 308 23 26
341 344 21 35
166 173 68 70
277 3 27 29
179 487 67 82
363 198 74 78
240 227 87 91
93 444 26 29
155 323 26 26
440 205 21 21
163 187 82 103
217 207 60 69
386 78 33 33
117 247 19 26
398 48 56 58
199 456 62 70
64 140 17 23
168 205 18 28
441 170 38 46
273 241 51 77
231 172 74 108
154 160 93 93
362 65 74 74
103 378 11 12
69 234 24 25
280 41 30 30
439 433 93 108
98 180 12 12
32 4 1 1
206 170 51 51
473 141 3 5
142 51 49 58
360 441 12 15
490 414 59 59
457 14 39 56
244 19 24 28
234 20 69 70
327 206 62 67
129 63 100 103
316 23 110 115
201 367 92 111
413 461 49 58
332 404 86 89
297 299 110 122
374 53 54 55
456 397 28 28
256 456 27 33
282 312 62 76
46 126 47 47
164 477 79 100
422 464 61 63
473 139 67 92
28 173 81 96
41 104 86 94
406 369 55 62
413 266 115 118
290 492 7 7
115 66 51 56
394 447 77 102
326 440 29 48
306 369 9 13
331 316 56 77
221 471 37 40
434 492 22 26
418 319 61 68
128 135 72 88
28 437 29 40
49 457 37 40
247 438 84 101
138 6 53 72
422 56 14 20
31 464 71 78
489 277 103 112
442 284 24 24
274 10 70 71
367 153 76 81
433 257 6 8
408 495 11 14
99 272 81 90
355 284 16 16
316 359 61 96
365 21 81 86
165 416 77 77
490 353 17 20
62 2 65 110
291 247 76 79
119 314 17 19
393 291 45 68
484 443 43 65
390 480 58 66
272 228 78 93
194 36 47 77
339 260 54 54
61 103 4 5
264 185 86 89
224 261 73 80
395 188 89 93
440 381 5 10
426 498 7 7
237 319 20 23
60 3 65 83
186 452 67 85
314 92 31 55
458 233 4 4
438 38 84 88
73 262 52 53
167 266 109 116
36 166 44 69
10 411 83 86
183 80 45 74
238 28 61 97
297 202 5 7
64 209 39 65
141 262 24 27
460 444 50 50
275 163 72 85
449 177 9 9
391 479 95 98
409 155 62 80
4 328 28 36
56 148 33 46
200 147 15 16
150 55 58 70
450 316 84 89
346 63 3 5
352 365 58 62
277 240 117 122
423 137 59 76
123 187 8 8
223 79 64 75
315 121 8 14
276 287 43 43
235 247 59 83
29 241 3 3
358 89 12 12
108 233 1 2
54 370 101 107
94 266 23 26
215 34 10 11
285 169 78 80
169 269 101 109
305 453 60 89
27 139 56 68
101 472 67 72
140 247 6 7
269 487 34 39
355 222 29 31
25 31 17 20
23 275 41 71
396 447 13 14
128 256 15 20
470 248 34 48
325 361 61 65
15 265 13 18
372 69 45 58
285 271 39 44
126 152 22 30
104 80 81 97
222 72 79 84
299 57 69 80
104 54 31 34
171 475 41 41
350 152 58 58
476 40 71 72
143 158 2 4
163 307 75 92
380 209 14 14
21 376 43 54
94 289 64 70
50 119 3 5
143 137 69 97
450 43 101 111
197 91 76 98
316 19 71 80
212 389 46 54
14 328 97 100
236 34 34 57
69 236 78 81
436 269 59 62
156 367 58 61
464 237 43 44
223 360 21 22
59 356 38 58
36 77 49 88
2 189 72 85
65 364 49 89
469 213 12 12
415 44 50 82
434 154 22 22
382 210 35 40
271 36 40 41
226 395 18 20
133 91 102 109
90 13 99 100
71 438 119 125
290 243 77 78
312 267 27 45
22 80 86 95
333 287 47 59
11 30 53 73
236 412 38 61
259 78 12 23
162 493 80 89
268 321 48 58
439 486 12 14
430 295 53 53
361 490 57 57
293 450 50 52
425 35 71 73
365 473 72 101
169 345 3 3
256 308 112 120
477 236 22 22
262 238 19 22
301 449 33 37
263 137 45 54
190 334 50 55
393 376 95 97
87 221 2 2
162 224 125 126
98 213 34 43
134 451 40 47
291 43 99 107
335 255 10 15
223 481 86 109
311 133 56 62
306 272 75 82
56 93 83 109
439 255 69 79
160 105 73 76
289 88 93 97
184 254 3 4
274 354 66 77
369 169 67 80
35 251 3 4
322 345 54 58
93 418 91 103
327 203 33 34
34 118 73 93
476 14 79 79
183 79 59 60
291 216 96 102
424 468 113 125
70 181 50 52
35 369 53 53
156 389 52 53
3 291 69 85
408 312 2 6
360 389 61 73
234 127 27 34
346 301 66 89
160 392 6 7
46 343 3 4
192 385 33 38
37 339 99 99
117 237 39 51
469 393 39 49
119 256 47 52
240 109 27 38
162 87 87 100
190 308 42 47
172 4 52 57
162 68 42 68
481 191 67 87
258 396 3 7
372 471 20 23
66 14 33 39
402 495 40 51
326 467 15 16
37 26 62 74
187 490 34 35
184 154 89 89
339 133 7 11
124 254 64 66
107 388 16 23
350 19 53 55
16 138 24 34
28 353 43 55
395 14 7 9
129 227 80 98
426 89 22 24
79 274 23 28
242 462 19 29
290 69 5 7
323 231 35 40
115 32 14 17
247 283 13 13
38 193 20 27
238 244 77 80
315 20 30 34
326 115 87 87
58 382 92 92
327 337 69 72
414 5 90 97
189 428 96 112
457 14 28 36
92 185 55 61
182 462 12 12
8 261 80 82
273 349 107 108
210 452 77 86
74 300 88 97
132 298 39 54
229 248 79 105
417 365 122 124
129 169 29 36
88 312 4 6
151 491 48 56
496 29 6 8
393 129 89 119
403 369 68 80
210 148 19 22
87 95 1 2
393 192 87 87
486 356 21 24
139 481 107 127
362 70 68 95
402 494 115 115
342 394 57 76
264 57 66 77
418 128 0 1
5 242 37 37
137 171 28 30
176 323 69 88
46 69 58 59
253 241 25 27
371 282 10 10
324 332 18 23
74 94 71 77
212 215 26 29
241 65 88 89
400 386 92 95
392 256 8 10
376 155 27 43
348 153 60 75
160 482 42 78
119 490 35 43
61 452 75 76
143 132 113 120
281 294 46 79
337 356 36 37
106 240 23 37
293 123 63 85
416 447 10 10
10 410 101 116
137 282 1 2
337 11 43 74
317 372 17 18
192 312 1 3
197 87 37 38
209 412 14 14
444 59 34 53
479 279 101 124
255 333 8 12
90 448 35 56
224 317 60 91
25 297 1 2
29 374 0 2
104 107 22 27
470 61 8 10
353 479 0 1
256 425 104 105
6 131 57 75
315 45 103 105
131 244 54 65
155 476 80 82
60 98 33 39
267 302 5 7
213 455 51 51
469 369 42 43
479 27 73 74
198 289 25 43
119 79 90 93
324 385 81 87
253 39 53 53
136 193 4 5
496 104 68 90
435 479 91 105
455 318 49 59
292 416 55 66
461 394 19 27
123 229 35 39
150 31 30 35
223 367 29 30
99 117 66 99
462 245 3 4
135 387 56 63
246 180 45 47
32 382 49 49
453 25 13 17
297 147 31 34
495 109 31 31
397 286 70 79
278 193 40 57
374 274 67 74
326 143 96 103
82 12 118 120
211 487 28 29
94 414 87 93
34 52 36 36
171 228 100 104
142 276 73 94
400 53 7 8
25 389 69 78
435 153 95 100
239 207 45 66
216 402 61 80
197 430 21 25
386 495 14 14
67 272 6 7
142 136 46 53
305 284 42 44
209 140 102 108
393 331 23 24
487 201 69 89
225 213 14 19
13 105 60 61
92 162 24 26
16 182 41 50
160 25 106 106
301 87 115 116
381 486 26 27
377 224 100 112
326 361 97 99
121 120 58 70
367 219 51 62
313 455 8 10
458 26 16 17
114 222 93 93
441 111 52 56
71 19 27 28
426 122 48 49
371 153 16 20
313 122 91 106
462 288 25 39
468 279 0 1
456 434 66 89
376 123 29 36
60 277 80 101
307 327 42 46
361 291 2 3
315 212 61 68
99 148 66 77
246 482 122 124
280 48 89 107
402 52 15 21
372 338 98 99
300 404 72 84
361 416 16 24
56 301 19 20
333 418 60 71
60 448 4 7
289 442 89 102
424 57 76 86
249 430 88 96
191 197 51 54
338 333 18 30
94 409 3 4
131 240 37 40
375 160 122 122
77 457 60 61
69 165 3 3
299 97 20 20
378 214 76 76
76 35 20 20
297 286 26 32
49 389 59 60
42 223 13 21
462 141 42 48
134 219 86 118
148 389 47 64
235 327 64 78
147 464 88 96
157 164 49 72
262 472 47 49
436 366 56 58
121 489 48 74
381 279 51 79
181 166 62 87
10 143 54 61
38 241 30 32
85 457 13 16
277 28 87 106
302 284 81 107
92 208 44 61
46 498 10 14
427 367 69 69
19 226 69 73
142 285 83 111
195 84 6 6
426 187 38 52
187 372 55 76
417 111 6 8
204 146 56 67
404 220 69 84
386 394 41 43
220 81 95 96
337 82 48 53
173 463 98 106
208 323 58 59
127 464 32 39
112 15 111 111
24 260 42 51
87 423 119 120
194 248 17 21
53 49 59 60
59 332 92 98
289 209 82 91
333 430 23 31
197 27 51 56
75 340 42 45
388 214 87 88
446 386 29 40
346 323 29 32
77 232 67 105
210 422 81 101
296 464 9 9
246 93 68 74
157 383 36 37
401 257 27 27
179 297 5 7
187 318 36 59
139 331 23 39
402 144 14 15
462 59 53 56
28 486 82 99
466 35 52 66
414 35 27 27
318 50 69 97
476 418 44 44
377 478 38 40
219 353 26 32
220 5 52 88
58 347 39 39
384 92 46 46
433 410 71 92
465 135 60 72
393 495 19 20
82 119 19 28
130 348 24 24
382 23 66 108
58 271 93 98
402 107 52 55
426 0 49 62
447 456 60 81
483 199 6 7
194 135 49 61
221 206 32 36
275 22 54 58
239 411 71 89
123 380 9 17
168 50 11 18
149 289 38 40
116 455 60 85
41 79 76 79
217 169 17 26
173 36 80 82
494 8 22 28
284 261 100 101
243 412 70 75
8 476 57 62
50 340 24 32
186 50 32 38
296 56 77 81
365 434 12 20
341 310 61 96
87 67 9 13
327 362 57 76
291 137 27 31
227 384 39 50
182 107 85 105
434 474 21 33
88 413 64 66
465 14 30 33
427 272 42 43
134 194 10 19
103 433 68 76
136 226 67 74
322 37 67 79
209 342 78 78
218 446 5 6
152 5 83 109
92 163 43 53
92 323 16 28
428 53 75 90
108 62 68 97
24 20 28 41
42 11 60 85
256 407 37 44
8 446 71 79
439 74 58 61
243 418 16 17
480 476 46 51
253 302 86 87
422 331 13 25
230 187 2 4
337 372 88 97
415 97 29 40
161 30 64 79
113 15 48 64
106 346 57 66
384 13 88 119
389 46 26 41
255 212 20 29
310 275 48 50
449 67 69 84
299 138 80 83
387 487 50 57
72 249 29 30
253 310 27 28
293 421 37 44
355 312 47 65
266 9 66 74
109 217 92 103
393 425 36 49
102 303 21 27
187 148 37 45
177 165 92 95
54 121 42 50
135 413 69 100
298 343 12 15
142 371 95 127
362 458 80 105
259 28 55 65
390 283 2 2
249 283 48 50
281 238 43 57
86 283 3 4
257 97 29 33
9 85 58 75
19 35 0 1
288 220 22 27
209 417 36 38
208 151 67 69
155 214 109 116
303 407 46 49
286 376 11 18
42 347 7 7
467 36 41 50
87 69 36 61
279 31 23 29
250 177 5 5
56 171 60 79
434 243 61 91
25 416 56 83
280 274 32 35
105 100 79 83
33 335 1 2
27 220 91 99
123 373 42 42
440 407 2 3
399 302 64 64
29 33 5 8
102 110 14 15
348 174 40 41
275 83 14 17
22 439 107 110
130 36 4 7
460 398 13 19
318 369 48 71
173 50 63 74
291 165 33 47
354 235 3 5
393 472 123 129
24 462 84 92
378 480 99 113
410 465 15 25
205 103 33 61
78 190 54 93
462 186 25 36
43 467 78 84
85 446 111 112
331 498 65 94
19 59 20 28
222 2 82 101
10 209 3 4
461 345 48 59
417 116 73 80
426 46 58 93
414 67 92 104
121 221 23 40
38 379 13 13
440 111 69 71
335 489 2 3
226 440 9 12
403 184 23 29
5 318 25 28
367 404 82 92
209 157 84 94
224 464 31 37
374 332 81 98
301 118 69 104
27 138 40 44
20 335 86 89
249 132 54 68
450 496 88 88
369 355 100 106
346 411 17 18
449 239 49 76
415 213 23 33
167 42 31 41
46 137 70 70
95 339 101 102
414 96 63 81
197 38 46 51
288 20 6 7
185 132 27 27
50 486 44 55
189 249 19 28
360 493 7 11
252 100 61 65
298 203 50 52
360 51 103 122
412 344 3 4
172 299 18 18
166 69 24 26
243 101 64 64
279 246 113 115
163 491 56 58
449 221 18 19
23 349 66 73
264 139 81 107
428 353 0 1
273 445 38 38
498 313 60 63
158 50 17 17
463 167 61 61
431 419 7 10
233 458 80 85
367 284 86 102
130 56 63 68
294 391 60 65
180 302 104 105
381 301 13 14
409 307 5 5
302 417 43 45
143 428 83 85
342 407 116 128
309 177 69 69
450 254 55 78
123 466 54 58
20 325 58 93
436 469 99 102
129 334 52 74
14 112 28 28
343 169 78 82
348 481 39 42
124 6 107 112
176 446 69 70
318 34 28 33
220 61 33 37
309 412 63 74
206 309 76 96
396 439 39 47
367 200 95 106
198 63 6 6
237 445 21 24
475 325 60 68
423 172 46 69
276 1 91 113
64 255 91 109
128 455 58 80
398 482 6 7
355 96 75 86
242 108 51 61
191 151 29 29
178 217 26 33
472 25 15 21
424 242 27 27
81 437 83 114
183 262 91 91
480 238 16 18
31 114 44 50
339 306 115 118
262 482 19 21
147 325 68 83
387 278 36 44
342 143 85 85
340 195 10 15
400 424 34 36
162 182 98 100
320 323 3 3
432 33 68 96
427 85 100 121
375 73 121 129
52 335 68 68
194 395 54 74
33 464 112 123
472 486 35 38
122 111 47 70
411 170 41 52
435 438 94 113
56 399 13 15
490 266 71 82
127 82 63 72
171 349 28 34
468 131 87 91
425 368 4 4
140 148 76 92
238 345 12 14
238 400 27 30
440 419 72 79
455 373 78 95
132 297 60 67
463 264 56 82
231 274 17 18
89 191 110 114
337 286 63 76
2 273 31 31
249 482 15 16
49 52 36 36
263 92 15 20
308 196 11 17
390 398 75 80
153 19 6 10
90 454 1 1
470 426 100 106
159 297 22 40
160 328 92 94
418 369 33 34
12 424 91 100
174 404 53 55
442 25 111 114
469 246 85 124
455 183 112 115
322 394 53 66
281 328 86 107
441 190 72 76
85 384 88 89
90 189 16 16
168 57 99 101
381 49 103 104
432 400 3 4
158 105 64 77
230 425 70 75
392 460 59 85
62 421 66 70
493 344 78 86
216 318 9 10
411 105 7 15
265 473 14 15
241 69 25 29
288 200 68 85
91 139 57 62
7 156 47 66
20 459 5 5
307 66 60 67
62 177 117 121
96 459 50 57
337 211 65 65
63 431 64 64
98 342 28 28
17 246 27 41
138 416 66 79
443 266 42 46
198 260 53 91
411 103 68 74
82 292 76 84
13 347 36 48
324 428 43 45
63 257 79 79
252 186 60 64
31 237 84 84
287 324 73 102
203 187 90 91
174 130 7 9
66 162 101 112
409 333 52 60
281 398 52 53
286 85 81 95
66 452 85 86
55 486 44 46
110 414 85 100
116 201 76 91
263 64 2 4
199 110 75 99
254 198 43 64
403 345 12 15
38 206 73 104
298 131 82 90
85 352 42 43
192 358 37 45
378 370 85 89
405 306 61 64
325 322 21 22
316 311 3 3
331 290 44 62
345 492 11 18
199 140 26 32
259 359 75 105
112 30 63 91
474 120 27 29
428 177 14 15
461 159 55 56
127 88 17 22
263 377 32 33
280 264 43 43
352 497 65 94
194 126 34 36
398 452 83 86
274 132 12 13
170 167 36 52
267 8 91 97
470 26 114 117
400 264 41 42
127 192 69 83
457 125 29 32
450 467 27 31
226 354 39 65
216 45 82 83
473 50 45 47
257 239 89 103
189 378 103 103
127 283 75 81
32 214 16 16
248 27 59 62
37 455 64 82
412 122 97 102
498 200 88 101
101 369 65 86
171 401 79 88
37 472 47 52
144 291 15 15
413 462 81 114
234 400 55 60
351 321 33 33
329 305 12 12
114 436 24 24
340 299 97 98
166 355 67 71
216 376 72 80
128 51 84 88
412 491 62 62
270 209 70 73
393 146 60 62
493 284 84 107
81 5 50 53
183 325 48 49
428 89 34 39
400 247 75 101
425 84 66 75
65 201 51 76
377 476 41 42
406 470 0 1
168 239 91 110
380 249 59 77
246 159 92 97
10 305 57 60
64 209 72 87
21 4 42 49
216 3 9 10
399 337 87 89
87 183 66 89
95 277 36 41
493 406 72 108
205 199 55 97
180 226 85 88
463 231 61 68
98 462 78 87
118 157 25 25
199 379 8 13
320 393 12 15
25 128 78 99
62 440 39 45
408 267 72 76
216 324 18 18
414 258 48 49
390 78 103 120
364 345 43 44
32 401 5 7
260 366 46 55
89 343 57 66
173 346 36 39
5 349 12 15
491 453 48 55
75 198 25 28
78 79 46 50
240 409 110 129
429 213 86 96
158 66 9 19
448 216 60 63
272 65 21 26
126 330 53 61
421 51 54 81
373 333 37 43
438 91 51 64
215 423 70 73
135 335 0 2
418 323 42 42
228 229 79 92
21 204 54 70
217 1 71 79
328 373 78 84
220 491 26 37
200 434 72 74
185 175 22 24
99 61 47 63
414 78 42 56
7 186 28 43
441 119 96 100
303 272 63 90
88 495 16 24
474 152 25 25
188 157 85 91
259 370 64 66
49 56 74 74
112 224 41 70
266 491 18 23
280 215 24 25
249 169 43 44
116 260 38 41
357 242 95 111
43 246 108 119
1 24 6 7
0 374 75 88
391 62 8 13
77 309 99 117
55 178 23 30
320 253 38 44
333 87 47 65
92 175 59 64
355 418 41 44
72 497 50 71
370 133 58 69
65 388 17 17
118 224 11 18
444 379 56 70
216 362 9 14
146 145 67 72
220 93 71 95
114 348 30 46
392 446 48 49
72 452 53 55
149 2 14 17
429 268 13 16
352 88 6 8
120 0 54 68
188 475 113 113
273 375 84 107
292 380 27 39
102 61 3 3
49 79 10 12
137 115 48 53
25 266 115 115
487 104 93 108
176 26 22 25
353 458 70 71
449 231 39 60
220 188 37 38
436 316 21 21
28 16 18 19
103 173 65 83
410 76 12 15
235 49 80 121
462 272 27 29
213 304 16 19
481 407 51 52
396 404 41 63
241 263 32 35
250 80 64 84
30 142 40 50
370 330 94 111
361 10 72 85
492 81 59 77
158 90 78 91
491 465 26 28
187 265 74 76
269 384 30 31
65 108 34 38
420 326 80 80
29 292 75 76
220 98 19 19
166 244 109 109
351 281 61 77
18 97 49 51
322 162 25 34
473 338 36 50
84 127 75 95
410 245 85 88
82 378 70 81
82 106 89 110
0 151 43 48
3 142 92 111
430 465 13 13
271 208 22 34
338 323 91 92
105 435 25 27
48 207 9 14
421 139 54 56
483 165 49 64
233 303 62 70
366 389 59 111
337 21 37 50
171 23 20 20
319 171 79 80
81 401 8 8
476 215 33 36
353 212 61 87
364 281 112 118
389 338 4 4
39 83 88 101
283 275 95 110
334 489 5 6
148 298 72 75
386 420 20 24
47 477 9 13
99 107 88 123
111 231 4 6
298 279 66 66
271 436 68 80
414 68 80 82
135 144 61 67
388 160 49 49
374 335 107 114
65 237 118 122
203 484 14 14
410 289 28 29
139 119 29 47
167 274 36 38
150 302 90 98
204 50 36 44
399 81 63 79
342 339 2 2
161 458 4 6
332 418 48 48
445 280 58 60
121 102 38 40
264 257 50 70
389 433 69 73
289 254 33 47
453 152 111 112
370 334 48 48
420 384 16 19
396 236 34 40
32 332 41 42
295 251 44 45
124 284 54 58
441 451 88 90
385 214 87 97
333 356 30 30
202 388 80 114
249 427 34 39
300 404 33 36
394 90 75 75
417 242 34 39
