400 3200
0 1 80 181
1 2 40 55
2 3 5 18
3 4 58 173
4 5 31 64
5 6 13 46
6 7 17 40
7 8 63 133
8 9 76 173
9 10 64 108
10 11 17 24
11 12 119 146
12 13 21 52
13 14 106 109
14 15 6 49
15 16 60 86
16 17 20 32
17 18 85 112
18 19 21 110
19 20 20 72
20 21 77 91
21 22 171 176
22 23 14 16
23 24 113 137
24 25 27 31
25 26 145 159
26 27 16 111
27 28 15 59
28 29 14 17
29 30 44 48
30 31 7 36
31 32 32 60
32 33 19 19
33 34 33 38
34 35 90 101
35 36 43 54
36 37 69 93
37 38 31 33
38 39 4 6
39 40 17 21
40 41 162 163
41 42 104 114
42 43 44 86
43 44 99 104
44 45 0 0
45 46 7 11
46 47 167 168
47 48 26 77
48 49 23 29
49 50 20 70
50 51 12 25
51 52 10 16
52 53 27 104
53 54 52 88
54 55 57 89
55 56 2 15
56 57 89 127
57 58 20 109
58 59 32 38
59 60 62 68
60 61 6 27
61 62 53 117
62 63 109 131
63 64 11 20
64 65 9 78
65 66 68 70
66 67 97 103
67 68 72 122
68 69 91 91
69 70 86 137
70 71 98 104
71 72 10 32
72 73 16 86
73 74 137 149
74 75 66 113
75 76 1 7
76 77 160 164
77 78 62 120
78 79 125 150
79 80 97 101
80 81 86 94
81 82 25 35
82 83 28 31
83 84 22 50
84 85 50 91
85 86 22 25
86 87 19 40
87 88 150 150
88 89 124 153
89 90 65 67
90 91 17 91
91 92 134 134
92 93 33 46
93 94 74 122
94 95 42 63
95 96 46 141
96 97 68 74
97 98 87 105
98 99 8 133
99 100 15 16
100 101 5 11
101 102 80 80
102 103 156 170
103 104 57 99
104 105 88 95
105 106 64 81
106 107 11 57
107 108 170 181
108 109 123 152
109 110 144 144
110 111 13 37
111 112 28 122
112 113 163 165
113 114 113 135
114 115 7 21
115 116 118 136
116 117 67 71
117 118 97 97
118 119 120 144
119 120 10 19
120 121 4 25
121 122 10 23
122 123 0 5
123 124 9 11
124 125 12 12
125 126 9 11
126 127 81 140
127 128 85 89
128 129 16 34
129 130 6 7
130 131 44 61
131 132 7 7
132 133 21 27
133 134 12 145
134 135 108 115
135 136 32 95
136 137 147 168
137 138 76 122
138 139 100 112
139 140 76 87
140 141 37 49
141 142 8 22
142 143 11 26
143 144 19 114
144 145 7 74
145 146 12 70
146 147 33 93
147 148 28 28
148 149 67 99
149 150 6 18
150 151 13 43
151 152 50 51
152 153 96 114
153 154 6 7
154 155 28 38
155 156 44 46
156 157 16 70
157 158 21 27
158 159 50 50
159 160 133 150
160 161 16 29
161 162 97 116
162 163 1 2
163 164 48 57
164 165 1 10
165 166 2 28
166 167 11 14
167 168 10 19
168 169 64 94
169 170 68 89
170 171 50 99
171 172 9 9
172 173 8 9
173 174 6 11
174 175 44 51
175 176 65 85
176 177 105 127
177 178 23 30
178 179 16 115
179 180 32 42
180 181 54 56
181 182 5 6
182 183 81 85
183 184 13 50
184 185 37 45
185 186 113 116
186 187 9 38
187 188 117 153
188 189 36 62
189 190 18 19
190 191 57 100
191 192 5 41
192 193 64 76
193 194 101 123
194 195 33 33
195 196 28 30
196 197 10 71
197 198 49 147
198 199 15 23
199 200 78 79
200 201 5 6
201 202 75 86
202 203 7 7
203 204 35 53
204 205 47 66
205 206 16 19
206 207 71 72
207 208 22 30
208 209 143 152
209 210 59 61
210 211 28 52
211 212 13 13
212 213 2 6
213 214 6 8
214 215 4 20
215 216 82 82
216 217 3 25
217 218 57 61
218 219 41 44
219 220 0 6
220 221 2 3
221 222 44 83
222 223 27 143
223 224 48 54
224 225 50 73
225 226 95 97
226 227 105 168
227 228 131 135
228 229 51 51
229 230 80 88
230 231 54 79
231 232 35 45
232 233 64 73
233 234 34 43
234 235 4 10
235 236 10 12
236 237 6 97
237 238 77 87
238 239 58 75
239 240 147 177
240 241 40 58
241 242 162 178
242 243 103 141
243 244 26 44
244 245 111 128
245 246 40 41
246 247 16 18
247 248 34 36
248 249 27 32
249 250 104 109
250 251 4 72
251 252 160 163
252 253 26 36
253 254 56 56
254 255 67 73
255 256 59 61
256 257 38 49
257 258 115 137
258 259 31 79
259 260 72 106
260 261 55 56
261 262 92 92
262 263 38 48
263 264 39 55
264 265 33 33
265 266 32 48
266 267 129 157
267 268 48 67
268 269 3 4
269 270 27 27
270 271 36 63
271 272 20 25
272 273 78 103
273 274 71 85
274 275 15 15
275 276 68 89
276 277 14 26
277 278 32 32
278 279 58 79
279 280 21 21
280 281 85 97
281 282 47 51
282 283 20 26
283 284 15 15
284 285 7 13
285 286 79 86
286 287 93 160
287 288 51 53
288 289 9 9
289 290 81 82
290 291 32 44
291 292 113 113
292 293 99 103
293 294 86 159
294 295 11 25
295 296 7 51
296 297 39 79
297 298 18 48
298 299 132 132
299 300 12 25
300 301 115 138
301 302 42 42
302 303 134 172
303 304 21 24
304 305 37 113
305 306 28 56
306 307 69 123
307 308 6 24
308 309 100 154
309 310 59 74
310 311 86 90
311 312 14 15
312 313 53 81
313 314 28 97
314 315 1 5
315 316 86 112
316 317 103 103
317 318 1 5
318 319 22 60
319 320 164 165
320 321 27 32
321 322 42 57
322 323 49 92
323 324 0 2
324 325 31 53
325 326 96 116
326 327 0 1
327 328 59 83
328 329 20 22
329 330 97 122
330 331 36 190
331 332 84 88
332 333 23 26
333 334 70 124
334 335 54 65
335 336 8 41
336 337 3 6
337 338 65 65
338 339 26 28
339 340 75 75
340 341 89 98
341 342 73 74
342 343 82 93
343 344 157 165
344 345 14 18
345 346 60 82
346 347 75 98
347 348 20 25
348 349 69 81
349 350 0 11
350 351 125 159
351 352 106 117
352 353 55 96
353 354 37 57
354 355 100 136
355 356 6 16
356 357 75 85
357 358 83 140
358 359 137 138
359 360 181 182
360 361 61 180
361 362 1 3
362 363 47 50
363 364 29 38
364 365 141 145
365 366 28 31
366 367 91 92
367 368 68 102
368 369 7 13
369 370 18 58
370 371 59 143
371 372 0 3
372 373 21 72
373 374 21 29
374 375 10 49
375 376 34 73
376 377 122 138
377 378 68 82
378 379 6 8
379 380 11 46
380 381 22 36
381 382 2 2
382 383 38 38
383 384 12 23
384 385 34 53
385 386 28 72
386 387 136 176
387 388 47 57
388 389 8 70
389 390 99 140
390 391 15 49
391 392 117 125
392 393 23 47
393 394 4 15
394 395 63 66
395 396 100 103
396 397 66 114
397 398 50 64
398 399 31 56
399 0 48 56
198 274 37 39
89 207 148 157
298 397 11 80
86 109 133 140
378 360 10 14
197 102 95 95
39 196 17 42
391 7 13 35
321 270 17 71
93 239 87 124
302 272 10 62
3 187 26 26
291 234 94 102
85 197 120 143
12 73 19 24
3 71 49 125
141 148 69 72
267 61 33 68
147 386 59 67
249 101 62 62
7 255 0 5
274 325 22 122
385 54 12 128
13 107 0 4
120 146 21 34
347 310 21 62
185 242 6 91
295 21 109 143
295 48 15 23
228 317 42 54
62 140 42 88
193 277 10 18
52 96 46 77
318 91 45 49
118 165 69 86
389 108 15 32
256 221 170 187
343 140 10 83
191 9 120 121
84 112 29 133
129 159 26 37
204 232 10 117
56 220 33 35
249 124 7 47
356 19 145 151
308 203 152 167
313 72 38 43
294 129 67 72
100 233 29 39
324 265 7 27
199 20 18 72
273 263 2 4
1 223 156 165
134 389 15 16
77 236 121 156
155 19 136 148
129 0 113 124
317 261 55 98
149 14 1 6
344 351 30 86
198 114 11 68
380 222 126 151
52 90 22 104
308 61 27 71
335 265 156 175
284 53 59 91
275 371 177 181
195 135 16 48
356 379 5 8
171 201 50 124
397 8 90 91
100 154 45 110
352 309 82 86
60 263 50 60
117 315 97 102
242 87 6 30
125 328 68 81
31 229 111 120
267 12 1 4
213 52 79 99
94 320 53 140
154 212 26 31
273 355 100 138
375 258 32 36
183 202 50 99
9 375 34 44
206 272 39 66
21 253 1 26
172 147 88 100
289 194 12 33
98 339 93 160
48 272 44 46
279 314 48 57
87 15 24 83
34 192 68 74
156 267 55 59
395 89 136 141
266 363 120 128
302 327 104 110
75 193 49 66
258 79 20 74
164 10 33 67
124 172 26 33
353 130 22 95
88 80 65 69
392 200 48 107
319 249 138 143
114 51 20 52
354 243 45 48
390 287 38 125
393 92 8 11
149 50 20 33
65 211 13 45
19 136 6 7
369 110 49 52
173 158 85 147
176 273 26 30
180 286 25 78
394 208 75 125
55 308 100 100
356 271 135 148
101 386 32 35
224 363 110 111
135 73 12 14
384 359 116 162
242 347 9 94
6 213 25 55
100 203 11 17
294 222 81 160
152 154 11 17
361 76 82 83
141 308 39 183
294 302 1 1
149 208 78 82
355 352 122 126
222 270 120 161
103 12 66 67
270 211 23 31
354 326 8 141
172 224 8 20
267 128 28 34
159 13 21 26
274 212 61 89
382 91 0 1
284 135 28 68
267 313 3 10
104 58 72 79
357 153 41 118
280 158 133 133
222 132 46 108
236 373 69 145
338 115 60 61
297 100 88 95
357 396 38 73
42 143 3 5
285 103 50 51
234 237 12 20
182 23 106 148
154 322 45 49
157 287 24 72
381 130 0 16
90 63 31 57
187 236 28 31
146 289 11 185
66 311 6 9
70 355 75 99
58 252 12 21
196 1 136 137
103 366 30 43
273 342 3 10
194 145 96 127
285 46 25 27
340 103 57 65
262 328 68 84
104 327 72 99
322 205 1 1
225 291 50 98
32 131 21 34
122 4 66 82
370 166 13 19
386 226 143 143
361 350 45 81
218 125 31 33
346 66 46 106
79 44 9 10
285 134 73 119
134 229 73 79
29 111 60 63
143 146 16 58
134 178 140 158
326 196 26 77
257 266 44 44
131 173 102 107
299 159 46 70
69 5 21 56
22 281 6 13
273 215 4 16
244 49 17 36
295 81 11 37
169 84 7 51
264 296 106 138
227 266 45 53
161 75 12 26
84 391 47 136
315 261 31 91
60 192 104 110
41 154 5 7
299 391 16 16
311 85 46 89
74 206 32 35
191 314 65 112
99 256 54 54
289 275 30 30
276 81 67 71
112 34 0 2
346 259 131 134
252 50 9 26
282 316 12 50
1 86 70 115
26 219 38 61
106 114 9 24
138 371 68 76
131 173 1 1
111 367 79 97
64 236 61 79
301 370 0 2
130 329 71 107
250 181 30 40
329 149 13 15
82 397 115 182
340 55 59 64
63 351 58 65
279 328 19 19
334 153 16 36
61 82 145 158
131 175 4 33
58 197 1 2
103 17 32 82
282 216 8 9
107 376 8 11
234 243 19 29
289 221 110 121
299 347 76 159
256 84 74 101
31 351 92 142
230 377 8 17
216 191 36 119
121 88 14 101
222 85 71 107
215 313 1 4
328 152 56 138
100 92 1 9
279 106 97 112
314 29 25 137
142 145 9 10
215 267 6 33
188 333 54 80
240 265 3 37
38 286 88 89
143 342 3 11
331 172 36 54
370 231 20 23
164 109 27 58
162 156 14 19
206 219 28 75
306 216 144 181
56 332 92 120
334 390 17 33
130 164 74 86
351 183 11 152
288 81 104 109
66 250 54 82
327 25 16 31
73 63 95 101
331 225 36 47
185 311 88 90
184 11 41 79
273 38 2 5
252 32 141 143
21 327 90 93
178 395 49 64
106 140 38 55
297 17 66 66
156 146 63 76
46 333 40 65
114 165 47 49
307 75 62 76
188 55 50 68
10 243 49 67
240 340 39 40
192 227 9 124
166 222 77 85
161 141 113 123
194 5 50 120
87 175 0 0
314 172 10 21
201 105 9 28
311 397 7 7
81 250 22 25
59 209 51 72
15 22 12 19
19 343 0 1
347 324 104 163
186 225 10 10
185 341 30 45
147 174 54 58
271 321 144 161
372 311 25 44
376 233 22 35
79 283 101 113
276 151 1 3
197 356 52 102
15 133 7 13
265 24 11 16
283 174 66 71
57 215 42 64
195 233 14 16
147 278 65 72
15 165 78 115
173 342 21 34
214 266 30 34
152 316 167 169
377 386 116 178
172 271 80 103
92 290 68 127
186 239 40 54
62 172 17 18
386 292 18 117
330 183 81 127
68 129 147 156
22 193 2 2
229 83 37 52
48 283 88 99
326 258 55 186
276 152 30 37
151 25 75 131
317 71 58 61
200 231 6 9
220 91 93 96
299 253 9 104
371 178 5 6
270 32 21 30
105 312 64 115
90 251 18 20
152 373 6 7
207 115 137 139
287 225 155 165
167 229 23 39
374 49 41 129
100 152 42 48
8 72 35 54
123 196 34 166
130 314 117 124
156 31 31 32
319 242 5 6
144 254 112 124
396 167 28 49
82 206 85 87
296 87 55 84
13 90 92 137
391 304 22 88
355 127 92 96
356 193 59 85
29 337 15 68
241 2 33 52
356 263 11 127
8 142 21 22
162 196 11 11
254 29 127 127
86 90 31 37
4 112 134 165
142 320 48 49
397 92 139 150
355 172 8 9
392 192 105 140
76 312 23 35
70 202 48 75
196 322 5 25
114 306 74 162
302 106 27 88
365 395 45 77
353 46 41 41
120 264 62 78
21 227 26 26
80 170 54 70
346 310 9 13
233 72 133 138
196 2 37 47
187 328 13 26
221 42 60 71
127 278 50 50
36 392 48 96
183 257 3 3
344 337 14 14
210 311 54 86
200 211 1 2
148 238 33 39
315 194 16 28
292 180 18 19
311 292 48 50
363 58 117 129
139 244 28 124
184 121 91 106
214 280 87 93
289 205 15 25
211 325 21 22
221 207 2 6
16 105 87 136
309 244 33 39
195 342 31 35
393 26 1 6
171 112 39 60
337 241 47 48
133 357 19 37
393 184 119 144
47 343 30 131
237 315 62 144
381 16 8 32
107 51 5 5
75 10 72 84
232 245 41 55
12 349 22 23
122 233 95 114
357 381 22 54
251 352 2 4
384 248 3 4
343 364 33 68
49 134 1 5
99 350 34 37
358 382 7 8
38 60 9 13
154 379 16 17
344 208 16 52
356 67 27 123
213 192 29 32
333 99 161 178
190 247 22 98
118 289 84 168
315 2 54 76
200 225 16 28
170 109 0 3
288 68 31 75
136 362 57 171
337 55 128 141
78 88 68 79
9 157 81 130
30 277 56 56
163 18 13 56
160 84 92 133
389 72 22 31
108 123 112 128
168 260 103 142
162 18 100 139
144 88 11 14
215 177 74 74
186 227 55 56
325 319 47 49
246 392 40 40
275 197 19 59
149 34 7 10
229 272 67 94
174 330 30 59
274 333 59 105
87 277 86 89
5 40 163 171
22 226 107 124
102 276 18 23
273 374 83 85
53 352 7 38
157 159 152 152
296 189 4 9
309 397 20 83
277 129 62 120
144 380 23 36
18 124 90 120
81 105 15 149
9 364 9 23
355 208 13 91
176 266 37 40
287 299 112 116
209 298 44 50
321 80 25 25
133 212 140 184
16 76 6 6
57 285 92 110
167 330 83 126
271 343 25 35
301 56 4 9
233 100 92 92
19 229 4 4
329 117 27 27
365 74 75 162
85 13 76 92
116 275 27 44
357 218 175 177
136 138 12 28
322 18 92 109
199 92 81 137
35 103 3 4
138 214 52 71
310 189 46 98
162 336 174 183
362 145 14 154
373 308 47 47
42 222 34 35
348 318 4 11
195 151 22 23
169 46 17 130
379 223 70 109
170 68 9 103
137 93 99 99
286 353 34 64
48 31 91 107
176 308 108 108
77 1 131 143
338 208 81 155
5 359 121 138
213 315 117 124
287 303 70 101
115 43 7 8
89 160 31 80
68 3 55 116
222 281 23 71
374 219 111 113
2 354 14 19
301 29 78 132
389 166 139 151
147 342 68 117
379 222 44 44
273 114 7 12
308 228 11 75
229 130 62 129
132 276 7 95
226 214 15 28
200 266 35 49
144 368 93 94
391 242 23 52
385 232 51 54
257 91 12 12
130 164 45 55
247 341 32 170
238 71 8 64
221 309 4 5
173 127 129 153
223 258 27 44
264 267 73 80
42 259 14 32
160 350 25 76
55 144 0 6
88 168 79 108
214 343 1 4
345 43 94 108
173 97 12 68
44 190 26 73
170 243 1 9
290 240 4 17
279 359 40 56
58 298 20 45
291 277 7 14
185 342 109 132
188 359 177 177
154 386 145 171
3 245 97 137
38 374 170 178
66 326 3 30
164 343 19 130
330 276 33 43
66 4 12 32
188 245 162 166
79 120 94 165
101 115 28 39
38 160 90 93
228 132 56 62
268 188 23 23
18 322 9 15
105 352 53 100
25 36 39 91
343 262 19 24
74 134 21 52
239 94 57 80
142 278 8 46
109 316 1 1
222 105 82 83
99 347 13 21
90 357 56 84
151 126 70 76
139 251 5 9
205 145 5 22
127 85 12 12
130 95 89 93
285 183 34 37
339 24 31 64
191 284 11 18
129 196 69 133
381 151 97 115
317 305 5 6
250 178 4 9
334 84 12 18
282 393 52 144
259 279 27 27
322 266 7 14
83 338 105 106
141 3 75 85
397 99 63 66
242 161 68 106
370 176 48 143
104 107 12 139
192 282 16 26
31 360 13 85
398 327 36 50
229 389 66 73
16 100 82 145
398 74 86 90
107 372 68 87
189 75 13 128
346 373 13 15
3 266 16 51
272 205 58 135
20 309 0 2
225 235 26 33
392 97 11 18
43 212 83 91
27 374 1 3
333 4 57 66
245 223 29 58
378 146 8 62
231 68 23 24
290 380 125 178
218 143 78 82
215 334 67 67
1 153 4 21
309 60 1 4
297 387 5 8
239 306 9 14
55 373 3 3
144 185 5 22
230 166 2 4
98 198 27 156
385 159 146 168
114 345 84 86
131 159 5 29
286 150 31 42
174 210 36 75
53 316 110 116
241 69 97 103
177 311 67 105
24 343 67 69
220 90 40 42
354 353 67 70
148 72 71 148
332 190 22 72
222 11 54 57
73 198 125 139
215 397 2 12
351 197 77 85
143 64 19 24
85 307 20 26
146 64 17 17
321 315 30 66
335 384 49 57
276 357 100 115
334 145 7 45
83 86 25 124
258 92 73 81
86 331 115 161
183 374 79 133
56 81 27 64
336 176 25 76
257 285 25 26
247 334 83 160
266 119 1 9
136 149 96 96
230 366 0 1
227 359 156 175
317 352 135 147
386 18 39 41
245 377 116 145
392 317 80 83
17 204 98 126
110 163 105 108
71 189 47 123
213 390 128 135
266 2 53 65
88 284 2 12
207 161 12 35
44 200 110 160
69 93 13 47
21 105 1 4
71 213 27 78
158 291 78 90
202 254 49 76
201 289 7 7
70 343 61 124
363 6 8 10
47 252 27 37
5 222 102 135
73 143 2 9
210 94 99 124
291 159 67 69
373 22 5 6
391 294 1 4
205 169 83 100
251 44 8 70
340 202 18 33
38 121 53 54
167 13 17 25
73 261 130 150
391 79 38 39
396 53 143 165
268 120 25 26
28 219 30 83
365 47 20 28
38 130 75 76
287 191 82 132
254 117 27 150
90 145 2 4
349 62 3 11
322 293 39 146
175 102 83 98
322 45 3 41
215 103 52 141
315 353 8 109
133 268 119 119
314 137 110 113
323 366 3 8
155 225 138 140
234 34 62 110
312 150 67 119
274 389 90 145
392 48 35 75
385 328 33 93
299 134 60 141
374 45 22 27
62 59 102 168
178 335 85 89
56 172 2 10
332 261 111 115
378 253 26 30
48 335 82 84
142 281 116 127
328 256 7 31
384 208 71 120
299 338 74 128
3 393 34 39
268 170 9 13
129 206 40 42
264 58 4 5
142 343 113 142
25 225 65 73
41 292 13 75
303 223 63 65
347 236 7 9
289 78 100 107
221 212 21 66
142 116 15 51
200 167 51 103
167 211 51 103
151 385 8 9
141 380 61 72
220 106 128 146
47 265 57 58
359 77 3 11
302 55 22 140
27 94 29 68
260 311 2 14
274 86 32 34
82 329 25 37
297 74 114 143
113 127 40 47
134 156 1 3
174 155 42 75
79 48 61 96
331 26 23 48
172 127 3 23
307 78 103 135
226 203 61 80
343 289 22 44
236 175 141 145
240 327 54 100
376 312 67 75
361 377 55 67
318 240 113 176
201 228 21 48
175 22 48 86
215 135 132 132
182 94 15 30
213 30 160 180
4 367 71 77
42 156 8 20
336 276 49 60
377 116 84 93
64 266 14 63
267 392 165 184
131 285 14 51
143 170 29 31
263 184 28 29
44 47 65 116
90 285 20 27
90 338 68 101
13 388 131 132
31 76 85 100
23 344 85 102
157 260 100 105
197 212 87 133
357 263 33 130
236 253 58 68
36 343 61 152
344 297 112 113
341 323 13 27
108 146 95 96
262 13 1 2
221 14 19 27
312 398 7 28
309 182 69 161
247 130 6 39
320 24 68 86
335 231 34 46
254 111 93 94
11 178 149 160
321 252 24 44
189 155 42 48
155 314 29 32
266 294 20 26
96 90 108 111
4 346 54 84
4 21 26 37
76 238 51 63
343 155 163 173
271 37 11 115
322 165 50 57
153 346 7 18
132 316 52 75
97 95 34 45
334 1 186 189
268 286 4 12
318 212 10 42
190 312 22 22
62 256 55 56
88 128 51 65
102 333 8 21
243 125 41 78
364 147 4 12
41 129 38 121
385 222 136 138
248 287 72 80
258 222 114 126
188 113 55 62
383 153 17 21
366 52 40 58
153 49 75 101
128 78 52 85
339 83 143 154
315 30 32 68
176 242 95 95
264 216 43 43
323 2 89 95
60 67 34 54
301 41 52 72
397 93 112 131
162 22 12 17
25 171 20 38
85 292 51 58
396 170 53 66
229 159 9 10
78 123 41 78
287 49 40 59
61 263 27 39
289 329 36 72
11 357 18 58
250 235 121 137
226 50 34 50
14 140 60 73
219 44 19 61
319 239 73 119
144 333 27 33
154 39 6 7
144 127 6 23
108 250 15 38
115 313 7 7
311 166 8 19
232 86 33 34
15 150 73 85
78 369 116 169
274 309 5 94
46 262 63 91
325 110 48 50
22 306 48 127
340 190 25 31
202 392 11 26
174 259 107 121
124 315 148 148
228 95 16 17
295 312 27 44
282 375 149 166
114 264 20 31
180 231 126 143
168 82 66 90
127 124 70 111
219 260 26 28
73 140 20 27
134 16 80 89
131 141 49 69
345 354 87 118
104 188 31 31
200 103 22 28
211 160 12 30
153 183 19 25
380 34 58 61
332 68 45 84
76 169 102 113
67 61 18 19
269 335 21 52
374 9 70 122
16 65 46 53
200 140 5 14
125 46 37 39
155 198 20 22
263 332 8 10
66 234 24 29
375 151 65 93
75 292 26 30
254 278 90 95
114 83 129 147
206 236 11 42
332 375 46 148
259 219 2 2
188 394 119 120
41 305 34 95
347 12 68 83
68 117 17 106
339 392 20 83
154 14 96 125
332 349 11 71
319 279 36 67
278 174 64 89
252 1 70 72
327 286 30 38
86 137 105 158
155 159 3 7
195 222 101 128
52 297 112 135
368 181 89 95
268 174 57 59
306 267 60 107
356 371 18 25
48 396 91 95
312 213 27 39
325 186 69 70
176 53 37 64
325 39 27 29
327 306 10 28
337 149 102 102
189 2 14 16
377 290 2 53
321 362 32 51
378 351 23 25
180 11 112 136
397 360 6 41
140 157 62 99
116 391 18 20
16 310 64 90
99 307 107 107
243 386 12 88
245 35 6 14
337 70 26 27
233 93 60 77
24 34 10 13
151 75 51 59
286 334 132 142
144 92 155 159
355 42 39 40
212 69 3 8
164 238 19 165
73 376 0 3
397 310 0 1
243 236 133 134
132 395 17 41
249 15 27 29
287 381 52 74
308 332 31 39
396 325 1 2
218 89 69 124
281 101 37 43
78 222 40 42
192 75 11 15
348 375 13 13
383 67 91 94
11 113 59 147
185 295 0 3
281 390 123 137
214 161 111 124
49 39 33 44
311 84 62 76
244 72 60 63
18 292 46 55
302 358 60 65
325 357 150 153
166 27 11 16
19 29 1 1
61 158 163 181
314 240 93 129
140 18 63 94
38 242 31 39
248 129 60 75
65 137 63 91
385 391 133 134
178 239 58 71
266 58 2 5
271 345 25 189
365 313 17 30
212 174 46 76
374 30 51 109
224 350 105 110
385 330 151 158
371 41 4 11
312 24 12 14
335 177 78 82
170 34 153 160
364 153 8 56
312 371 14 52
231 121 0 4
156 179 15 26
265 275 4 23
179 345 48 62
396 148 15 37
379 370 180 186
365 51 60 71
195 73 27 63
289 193 80 113
72 59 74 111
45 229 28 92
239 244 113 128
256 132 95 108
342 300 98 98
90 334 148 163
115 164 72 170
261 140 47 68
325 355 1 15
197 306 32 40
126 26 44 45
365 232 21 42
345 108 74 79
192 176 111 118
288 47 88 94
285 394 2 15
257 276 20 21
193 335 113 135
323 340 43 116
330 167 21 58
117 202 24 70
348 83 29 33
246 157 21 162
47 377 25 43
236 10 27 80
70 245 91 121
294 197 88 113
36 337 124 139
61 118 33 76
93 64 123 156
231 133 13 44
60 358 98 153
199 371 41 42
40 236 3 4
274 151 4 29
7 119 13 22
273 64 21 30
282 167 13 128
197 60 4 76
114 374 25 27
220 175 17 61
21 140 32 58
271 139 125 168
139 69 17 28
170 360 48 85
42 123 65 86
168 259 40 56
12 196 88 105
326 398 86 129
181 139 93 93
119 80 57 88
102 260 46 74
306 371 4 7
55 238 179 181
328 160 35 41
106 167 150 159
112 296 30 117
65 86 157 161
118 158 80 83
174 200 52 97
265 36 7 21
380 56 51 89
74 394 27 97
25 341 18 31
259 326 7 18
384 26 150 152
250 44 76 116
304 210 136 140
123 250 44 67
281 26 20 34
336 242 37 37
40 39 16 29
303 141 48 51
115 106 82 119
110 373 10 22
358 298 14 130
218 369 81 85
178 281 7 8
92 239 125 125
109 73 29 97
258 127 48 115
147 315 18 69
242 293 9 12
53 244 17 17
87 317 17 37
49 259 143 147
343 263 34 94
225 289 6 61
7 38 0 1
235 184 128 133
266 209 5 5
345 122 15 33
296 132 181 187
99 265 11 12
333 368 69 145
340 69 62 116
177 201 1 2
256 114 0 5
171 266 3 9
77 226 43 119
12 307 7 30
272 182 6 8
44 279 84 97
44 360 1 2
208 364 61 62
388 226 3 9
395 147 51 177
230 201 61 61
61 80 19 65
337 43 3 12
217 89 112 117
132 121 21 109
393 48 98 136
31 230 23 40
176 24 4 81
328 204 83 128
61 291 10 11
353 144 67 78
119 246 37 89
196 227 3 16
12 377 78 79
125 134 99 108
202 89 106 119
123 257 13 14
27 139 70 80
182 6 100 104
133 61 76 148
12 355 48 80
23 281 2 2
85 152 57 69
382 31 105 114
393 300 99 103
157 275 29 32
79 159 48 55
179 376 3 3
222 217 52 95
226 100 39 171
284 170 103 105
164 295 101 115
227 64 49 148
62 336 96 100
152 45 124 126
306 140 3 3
338 266 18 77
58 318 57 70
72 153 0 3
129 240 127 133
97 317 19 26
67 208 61 87
345 102 7 47
238 281 2 16
310 159 78 101
97 171 34 77
350 205 13 56
334 48 19 38
102 209 63 79
102 72 13 18
82 322 123 135
54 104 125 127
148 320 24 25
362 18 21 22
67 114 78 148
221 226 87 97
6 300 19 46
345 379 30 43
232 29 8 8
371 391 30 45
386 10 89 101
260 161 47 161
325 12 60 71
186 398 115 120
229 171 1 22
375 355 65 114
85 359 46 49
288 108 128 145
142 44 40 98
154 394 113 127
248 243 68 160
350 134 75 80
339 86 0 15
335 238 18 74
5 299 113 116
378 269 85 120
298 94 45 86
194 260 13 34
377 3 115 126
234 155 6 58
194 342 1 3
311 1 8 22
181 321 118 178
103 137 64 83
222 134 120 121
93 112 54 57
322 75 90 118
200 194 13 20
388 266 7 11
176 21 120 123
394 391 31 80
81 107 111 122
105 266 24 41
54 51 93 125
315 184 81 100
165 266 44 85
168 240 29 117
110 392 6 9
318 372 24 26
243 104 27 39
380 117 17 17
37 54 165 176
165 121 77 98
382 165 1 1
150 197 72 107
231 5 15 99
113 76 32 99
90 43 148 170
266 151 137 153
369 56 35 35
150 305 68 134
203 160 86 145
26 326 98 129
159 225 78 85
163 393 19 36
326 248 49 96
142 298 52 183
154 291 94 111
316 172 174 177
124 54 11 104
290 291 66 78
95 184 28 47
348 241 92 117
80 359 4 4
347 179 110 123
295 193 59 136
197 200 2 7
57 384 146 155
375 75 124 128
283 24 63 85
5 337 30 55
225 301 111 114
183 317 48 48
270 136 90 103
204 211 16 42
242 271 78 92
133 214 7 9
173 388 2 3
220 249 70 77
388 25 79 85
45 352 67 158
272 19 91 102
377 79 137 141
154 318 12 15
238 111 24 123
396 255 23 87
136 305 21 42
40 266 1 7
117 256 29 153
329 3 105 109
334 338 2 18
335 188 29 104
187 229 141 144
9 38 38 39
326 303 32 39
378 223 98 101
332 74 11 35
215 76 107 112
369 168 24 70
324 106 95 103
45 259 78 87
152 28 117 117
65 217 2 2
313 64 78 84
52 221 11 24
61 178 167 179
324 74 40 52
329 29 118 119
114 105 3 23
340 326 127 144
99 18 57 78
339 3 35 64
364 322 38 119
60 351 48 131
281 56 31 81
360 397 37 118
133 61 137 163
198 114 28 34
180 54 5 40
117 305 130 164
333 100 85 122
3 156 77 102
227 20 24 35
283 230 50 66
35 256 132 133
155 15 12 56
262 180 76 79
252 314 172 184
210 256 11 16
294 355 30 98
280 155 99 156
11 308 19 57
82 115 51 63
276 373 48 71
200 5 15 29
117 262 150 155
260 224 78 86
170 139 35 61
116 181 32 35
369 370 66 112
389 388 74 75
298 303 25 40
229 147 3 7
383 390 12 42
359 319 120 122
234 208 87 141
42 3 133 161
230 275 10 12
354 187 84 91
152 375 11 52
358 200 83 90
29 341 44 46
213 226 80 105
62 378 62 64
111 311 42 120
324 305 58 66
332 388 57 96
331 172 93 108
268 26 35 86
177 321 158 185
310 285 0 7
102 12 14 62
280 369 0 6
15 3 28 37
283 275 16 24
33 235 160 166
102 138 28 58
196 127 107 135
155 182 40 43
3 299 30 38
286 77 12 22
59 302 35 82
134 205 5 35
209 391 91 97
116 228 5 5
47 260 16 23
213 382 51 64
150 186 25 46
24 162 168 176
169 38 1 1
132 333 6 10
10 309 43 91
142 265 77 167
199 178 49 96
334 129 68 71
368 326 106 111
365 332 10 12
350 355 77 134
17 290 85 91
12 267 125 129
317 38 18 26
259 126 110 136
222 276 24 25
76 316 176 179
123 96 97 97
37 207 108 116
245 12 76 86
256 124 115 115
48 85 146 165
127 348 32 179
289 209 41 68
229 361 53 53
140 240 140 178
123 268 60 114
360 84 88 89
159 283 20 37
333 74 25 69
201 174 84 84
230 252 25 29
278 304 152 166
168 317 2 21
165 314 19 30
114 203 13 47
60 133 35 57
208 274 7 10
311 98 55 70
238 38 51 85
247 118 4 6
333 98 43 70
162 205 50 60
91 180 87 120
120 202 2 2
325 195 10 13
299 8 53 59
111 365 15 36
273 259 47 56
204 382 108 109
21 6 3 66
6 252 5 8
306 22 7 41
37 135 45 68
384 204 44 54
9 65 48 78
133 366 103 110
304 78 49 69
239 375 38 45
103 242 58 66
11 125 1 7
264 317 92 145
32 25 19 135
206 104 51 59
369 347 26 90
216 8 92 110
350 254 42 46
177 281 45 54
2 114 69 84
321 62 98 100
118 38 84 92
221 87 80 82
170 108 73 119
167 284 70 132
185 155 77 78
125 314 125 126
304 50 15 46
76 67 75 95
304 70 70 72
186 328 17 47
309 245 136 145
376 188 85 95
114 183 14 15
306 98 6 18
263 376 7 11
381 356 26 27
93 181 14 73
55 52 36 42
299 307 115 136
105 333 6 12
277 107 90 90
281 378 9 25
45 277 95 127
86 375 75 111
35 73 2 3
16 45 61 65
183 217 81 97
220 298 45 56
362 62 44 58
183 131 54 103
364 388 5 8
316 80 27 30
267 192 32 42
344 334 120 136
292 27 10 30
60 275 38 41
294 3 67 105
156 236 9 10
378 169 42 160
248 119 39 72
10 267 29 33
356 159 7 11
129 258 83 111
148 368 79 137
208 205 132 172
269 255 39 41
51 382 20 79
240 52 121 132
86 66 107 107
324 214 6 14
96 379 1 7
188 237 22 86
199 296 60 77
216 143 3 25
207 2 38 38
245 106 64 116
267 155 135 144
135 377 9 24
112 120 83 179
225 166 125 146
55 214 50 66
379 359 43 77
332 300 31 38
363 111 76 105
197 398 2 5
355 134 14 40
276 144 16 67
49 227 23 103
192 167 8 77
11 274 45 64
371 260 80 87
131 330 67 146
60 208 21 54
215 209 83 116
296 265 47 56
59 258 15 28
26 274 37 37
306 121 19 21
158 189 42 45
220 328 23 24
229 223 47 55
169 83 14 15
53 65 5 18
118 274 45 46
315 379 13 40
371 266 112 116
365 272 78 82
9 380 8 9
255 283 2 6
92 215 43 155
123 175 45 87
343 289 89 95
367 164 64 88
218 229 32 33
374 76 10 10
114 292 9 10
280 301 155 157
154 63 15 22
34 68 8 23
6 332 14 23
139 73 50 120
68 94 46 58
392 147 20 28
15 122 29 108
37 338 6 9
159 81 86 95
180 41 86 95
241 64 27 64
168 74 11 12
263 130 59 67
380 239 59 72
263 170 2 12
189 51 57 102
21 193 56 57
362 39 95 139
156 148 85 141
299 129 89 148
124 340 148 148
370 325 155 168
297 159 41 45
151 219 57 57
54 50 15 24
199 266 90 92
398 241 97 118
354 113 20 28
17 133 0 2
84 31 120 167
332 42 16 113
225 296 32 176
378 12 7 38
172 369 52 56
210 89 26 37
48 232 2 5
244 311 15 135
288 287 40 126
265 376 9 9
160 113 47 84
41 278 32 119
52 31 26 45
158 261 23 25
124 181 8 10
389 152 61 74
157 144 30 33
23 25 67 78
69 16 17 51
345 136 19 20
269 123 8 33
21 359 12 12
152 273 75 144
173 60 36 50
321 339 1 2
397 73 67 69
361 33 89 157
338 282 36 68
287 114 8 9
361 291 0 14
365 281 110 112
244 122 95 138
19 107 164 178
208 90 31 36
133 65 36 91
333 220 16 34
139 246 39 41
94 384 176 183
126 2 39 154
18 360 89 155
314 21 21 26
279 384 37 48
226 338 121 141
144 209 63 107
287 46 5 8
326 6 2 24
27 177 41 136
340 354 49 72
119 281 24 25
104 81 85 89
86 74 16 37
334 388 98 103
380 52 90 110
232 190 70 94
327 392 80 82
374 316 55 77
238 247 96 98
163 114 65 65
15 41 69 92
63 108 9 15
158 384 13 40
360 214 59 88
184 45 108 122
40 91 1 2
358 140 95 103
338 25 83 148
216 277 21 55
41 82 25 26
87 11 19 25
380 374 3 5
284 217 24 24
276 218 81 125
17 343 49 59
121 73 67 86
217 108 114 114
100 150 17 71
75 182 30 105
22 134 45 113
172 228 33 112
214 107 89 142
40 131 119 138
207 70 1 1
124 72 59 62
324 285 3 13
268 283 42 174
33 82 8 10
216 95 42 139
207 152 26 41
347 273 142 182
86 226 9 15
296 126 2 14
121 352 8 59
361 33 19 28
274 306 57 63
125 161 17 51
166 18 28 100
352 61 4 55
211 130 54 77
365 285 49 78
25 292 76 142
30 15 14 60
196 376 68 98
289 312 29 43
203 380 92 116
109 16 5 9
41 364 11 48
158 309 3 3
130 364 15 19
34 378 19 31
157 389 9 22
291 147 50 73
18 156 8 9
0 143 27 44
132 159 20 22
328 125 30 50
346 151 25 68
196 37 57 64
291 39 30 63
180 281 3 4
275 367 36 36
362 10 74 119
60 207 12 31
238 41 13 15
91 272 92 151
299 265 88 89
108 201 30 66
280 74 24 59
383 261 12 13
186 23 26 39
150 347 56 90
379 196 38 106
33 364 9 16
317 0 86 123
364 366 88 120
283 326 136 158
390 105 15 15
163 200 50 86
271 27 64 64
34 117 91 111
218 178 59 165
329 203 23 49
156 43 61 67
182 342 4 8
360 51 18 29
347 329 27 88
74 162 121 127
356 179 18 45
11 388 14 20
131 162 0 0
194 22 40 61
345 84 62 77
33 186 11 24
175 20 10 35
19 120 33 40
159 288 88 91
276 306 37 114
198 350 69 109
348 299 153 156
334 300 64 66
72 317 104 114
53 66 44 72
157 325 67 70
44 122 10 10
277 292 4 75
209 84 60 83
83 82 5 6
54 179 92 121
185 298 18 67
106 32 35 44
313 228 1 2
161 67 5 6
18 207 48 79
306 68 49 67
392 320 61 68
89 246 52 57
388 22 94 154
73 393 5 7
204 244 3 25
98 358 37 52
118 328 47 102
82 38 22 33
103 357 73 74
155 287 63 79
151 173 89 96
359 373 1 4
54 0 21 28
367 387 41 141
79 384 3 65
189 48 58 78
302 200 25 25
320 301 12 16
69 25 6 33
22 111 0 4
23 191 60 100
277 214 5 6
22 376 18 91
157 178 6 29
183 330 17 24
260 234 9 16
65 266 15 16
321 319 9 22
91 14 68 84
17 108 37 47
288 148 9 14
18 281 11 26
222 242 53 78
52 219 25 120
138 121 1 6
384 190 21 36
321 348 0 2
234 86 40 49
5 22 45 50
129 104 7 7
214 153 29 43
272 37 185 187
305 214 101 185
74 112 77 78
22 76 34 42
318 116 58 82
296 194 42 66
97 270 88 133
15 140 11 53
343 224 74 139
146 34 3 21
326 280 51 84
325 20 10 31
121 282 1 1
283 3 4 44
193 231 102 151
165 305 58 87
23 349 8 9
248 321 46 61
355 176 32 58
199 270 78 80
323 241 33 63
265 120 15 16
69 324 44 84
390 261 113 114
200 144 11 24
129 215 76 92
299 114 115 127
392 312 54 66
268 393 72 97
221 208 22 29
166 25 48 54
178 109 155 168
43 18 75 119
2 149 102 166
368 51 9 13
224 300 44 51
225 139 52 97
161 197 73 80
329 382 24 82
168 242 10 14
59 140 94 162
116 327 10 13
48 357 6 12
312 8 34 169
394 189 45 75
282 174 4 19
23 108 31 35
224 111 25 28
56 195 45 72
331 241 106 138
233 184 65 73
25 208 21 40
389 136 38 59
158 365 2 4
159 365 73 78
227 117 40 71
8 293 65 141
190 37 52 57
223 221 14 21
370 304 13 106
1 205 13 55
135 21 16 16
150 84 10 14
116 148 39 45
115 127 7 7
32 262 88 88
109 102 57 110
374 377 54 67
329 16 51 116
304 216 4 4
280 127 4 4
364 362 80 153
300 350 27 96
171 1 39 42
208 373 1 6
256 165 24 24
3 225 26 37
10 210 173 177
30 302 111 141
243 85 71 133
171 67 92 108
358 388 105 149
375 93 0 2
156 345 86 147
310 127 83 100
378 104 4 10
339 199 3 52
10 86 56 112
105 85 98 111
307 89 121 125
359 83 13 20
97 356 25 125
68 208 117 132
74 60 54 73
54 206 23 23
212 246 70 70
211 18 61 61
158 24 29 41
94 340 10 10
40 301 89 117
227 389 59 70
51 359 5 5
232 184 151 151
188 149 146 152
71 382 49 113
50 296 5 16
76 323 110 126
299 296 47 71
99 273 29 50
132 187 105 106
378 275 0 9
184 138 102 112
325 169 10 125
127 281 71 92
132 236 44 45
261 3 18 29
15 392 29 68
308 345 59 107
166 22 52 72
123 43 46 47
242 310 50 58
309 211 124 156
301 168 61 101
82 208 40 41
334 302 42 50
392 20 59 123
325 219 17 21
82 71 12 23
63 126 34 35
231 297 40 113
190 192 1 4
174 202 22 38
246 154 21 52
247 318 11 12
371 156 6 21
245 110 123 156
90 262 7 7
240 92 71 110
263 215 14 113
174 300 4 4
110 148 15 26
30 348 50 108
231 29 4 9
247 291 7 10
33 388 8 44
317 228 2 4
106 300 4 70
68 95 161 164
378 322 87 95
187 259 4 12
169 237 11 51
194 330 4 6
216 57 62 67
386 198 56 160
250 359 112 118
368 259 12 13
144 232 161 166
273 68 65 91
57 136 40 61
333 223 126 128
296 387 19 61
340 194 14 14
263 159 1 2
124 295 24 25
92 212 113 120
21 211 147 152
100 392 89 111
395 78 5 28
89 72 50 55
9 253 4 14
248 55 110 113
207 376 29 88
8 312 53 152
358 261 6 20
264 104 54 104
16 27 64 98
127 141 68 85
258 11 55 61
299 204 63 141
200 42 34 46
393 49 66 66
140 299 41 56
21 291 90 128
202 32 56 168
150 295 82 126
36 72 85 117
226 397 15 64
278 19 0 0
20 196 19 112
261 388 21 40
56 77 8 92
297 288 27 38
72 221 1 5
392 188 8 17
125 71 52 64
115 142 7 41
334 200 33 105
269 182 6 79
68 41 22 22
353 290 117 130
275 180 47 90
264 32 0 0
287 152 66 74
8 325 48 81
46 187 16 17
155 135 7 10
98 25 44 61
187 35 1 1
87 306 18 74
323 227 89 138
57 323 51 57
117 370 14 64
386 181 56 84
332 82 3 52
214 141 2 15
378 248 19 85
124 165 80 149
239 18 78 79
90 262 70 132
232 72 3 13
31 244 118 120
126 74 24 25
23 219 47 108
346 91 46 47
291 207 93 98
320 290 46 118
78 273 46 52
28 8 116 127
361 209 6 8
285 367 10 22
98 129 33 46
276 274 32 58
142 170 16 17
51 328 133 170
141 170 18 54
26 371 36 115
348 33 85 85
59 295 0 9
223 356 11 109
73 378 50 93
111 40 45 83
157 292 8 18
216 239 101 103
321 241 1 20
96 100 61 106
255 227 8 14
50 350 20 82
287 387 72 72
372 325 3 3
74 368 22 99
374 79 16 46
64 348 108 114
5 51 78 89
54 176 97 179
238 379 18 19
396 162 31 168
347 237 60 63
131 71 14 19
71 143 1 8
48 335 41 41
386 273 34 35
302 6 11 17
222 79 30 32
132 330 33 35
237 28 38 44
276 209 17 32
209 94 64 81
10 277 75 153
356 13 23 26
75 13 31 37
45 7 46 133
95 259 51 103
351 68 33 58
330 291 99 100
266 22 64 65
53 262 114 132
12 53 37 56
346 148 66 67
317 25 39 54
279 255 76 91
29 200 32 66
151 53 24 59
315 358 30 35
202 292 13 52
7 269 137 155
380 115 122 140
154 24 112 140
180 203 38 43
38 153 61 75
172 145 45 95
261 335 29 29
1 120 85 86
309 53 20 33
385 112 22 45
30 55 4 8
253 30 23 26
93 32 109 124
264 275 5 50
263 340 45 50
326 378 7 21
127 44 51 56
266 84 83 169
25 348 59 127
53 184 71 113
108 61 23 93
236 292 21 107
111 46 28 50
62 223 7 10
361 213 1 2
338 204 14 30
303 166 16 52
136 353 148 177
33 296 34 55
92 290 71 86
295 170 77 82
145 147 24 52
266 271 12 25
242 243 104 109
292 313 69 105
110 359 66 92
235 58 47 68
45 312 43 51
183 364 7 8
162 191 8 29
238 286 53 122
43 102 24 37
313 335 7 7
263 118 44 85
308 107 26 88
344 95 19 22
194 193 43 56
178 109 13 27
296 21 53 88
378 383 14 18
330 189 0 5
373 149 40 102
169 95 66 91
202 312 62 69
43 129 49 75
63 126 68 70
163 332 14 69
339 204 64 68
281 73 110 115
89 385 5 20
186 8 39 60
29 353 22 25
287 42 19 38
207 139 72 81
164 268 2 34
365 165 15 74
244 183 127 136
325 111 185 188
311 319 160 167
133 352 38 41
116 312 11 32
359 199 13 63
260 33 17 81
172 381 105 141
221 128 102 103
392 222 1 2
383 272 110 126
72 84 39 54
360 173 41 43
288 49 37 153
289 29 18 109
389 351 33 67
396 351 82 106
346 222 17 18
320 185 3 4
249 144 38 49
115 17 15 15
77 133 80 187
322 370 56 167
243 271 86 137
330 356 3 7
226 367 170 179
375 97 41 46
139 179 165 183
311 396 23 106
152 372 48 56
277 203 2 10
389 10 90 95
386 41 4 50
308 348 17 47
314 45 73 103
176 276 31 54
269 272 33 85
146 114 3 14
278 91 13 29
139 82 41 79
327 202 21 23
368 364 16 64
318 164 47 61
76 251 2 8
343 333 11 75
76 264 1 2
394 132 13 21
397 54 60 94
181 302 85 109
136 330 141 156
398 307 37 57
271 230 75 104
127 380 126 142
42 209 43 45
396 102 32 73
276 58 0 1
245 200 9 22
273 344 20 27
340 261 3 6
210 233 36 65
92 316 44 78
306 227 130 152
272 239 11 12
314 269 92 97
96 309 0 2
291 274 14 20
311 41 3 4
64 34 33 55
168 321 2 3
59 222 36 101
297 201 8 47
385 359 76 103
389 163 7 10
293 280 113 116
364 39 71 74
341 194 105 163
113 95 29 30
112 163 17 47
86 145 30 132
238 193 59 68
344 3 51 68
179 64 14 54
110 99 79 135
50 10 71 107
212 364 31 58
117 275 130 133
211 115 110 167
270 323 112 154
157 46 73 102
160 312 182 183
8 177 45 48
43 243 83 92
321 238 12 13
354 67 92 108
267 21 79 82
86 185 123 153
67 398 10 27
46 300 24 32
79 257 68 153
68 282 30 71
242 221 93 127
361 35 1 8
366 27 60 65
171 47 25 25
233 353 75 108
298 149 1 8
130 63 15 25
124 351 58 65
393 6 81 83
250 254 16 16
213 186 3 16
33 271 58 149
118 194 7 7
358 71 21 81
1 239 30 50
299 98 107 134
36 50 0 1
62 75 91 101
328 177 65 95
66 64 13 58
264 106 53 61
166 353 24 38
370 30 70 102
270 374 110 126
337 181 106 140
213 48 5 7
39 311 3 8
107 289 39 80
350 98 99 156
243 155 68 115
352 108 71 90
104 202 15 18
27 61 18 59
63 103 85 91
182 317 76 83
41 63 135 143
123 386 29 35
183 324 73 88
243 278 22 30
292 113 70 77
241 234 52 128
247 209 28 40
235 13 18 46
64 116 10 37
87 313 11 131
161 273 15 43
384 314 36 104
345 346 77 85
191 255 0 5
97 333 14 39
180 196 67 78
253 0 93 98
61 321 15 21
251 166 11 84
136 120 22 22
26 72 95 110
198 308 40 58
188 38 41 48
90 227 93 145
280 312 27 40
81 215 1 1
8 194 136 182
34 74 74 74
21 376 9 23
167 214 110 118
218 333 13 21
343 259 38 42
233 175 108 114
257 308 61 66
231 73 14 35
176 55 55 86
102 387 133 150
224 195 73 87
56 35 5 5
118 336 28 29
389 360 39 110
283 41 37 102
218 81 86 93
229 360 126 150
31 144 24 29
215 77 97 98
47 35 7 13
248 153 69 157
39 17 81 89
281 133 25 32
164 11 59 74
120 351 83 91
229 152 17 60
364 211 20 28
13 242 11 12
175 36 60 128
392 36 8 57
119 36 9 9
247 321 72 136
151 191 12 39
128 324 20 23
229 245 63 65
313 20 176 178
66 195 64 148
210 128 22 132
157 396 44 71
15 123 59 86
217 213 25 31
5 223 19 36
8 105 44 78
206 354 43 44
89 117 12 23
185 276 5 9
373 77 3 26
26 210 4 6
392 92 185 186
258 174 15 19
395 140 71 86
365 199 94 135
310 216 43 47
243 169 16 63
346 97 4 7
328 255 89 101
205 8 84 95
109 152 129 166
195 138 4 11
369 131 125 127
82 348 68 73
213 307 2 3
203 16 25 72
357 115 27 47
180 214 2 3
349 290 114 125
317 333 35 57
134 368 21 83
149 134 56 102
122 312 5 26
363 384 61 67
368 211 124 153
4 247 16 25
84 288 76 140
353 65 0 5
269 184 34 52
239 245 0 5
11 168 41 45
367 154 50 55
244 117 41 127
22 201 24 73
156 39 7 15
196 6 57 63
238 169 29 68
134 248 42 101
233 35 41 45
110 127 13 89
322 334 23 23
46 199 30 39
159 139 52 55
39 140 47 47
86 80 32 92
263 87 52 189
134 211 42 62
200 109 10 10
321 152 40 142
316 262 145 175
8 90 41 126
96 37 3 37
302 341 31 41
5 43 27 37
205 7 6 41
50 120 28 57
160 44 37 38
15 207 32 78
126 4 21 74
313 286 117 186
190 229 54 56
394 397 9 34
224 318 102 146
217 274 45 54
382 228 15 70
106 156 1 10
83 130 165 185
79 88 13 27
372 398 34 108
230 274 43 45
385 26 38 39
325 365 4 51
124 305 107 166
340 199 46 72
319 174 8 12
143 359 91 92
220 108 34 168
333 32 122 150
345 395 69 71
267 125 138 157
177 157 11 49
107 353 1 3
244 208 6 39
24 378 1 2
314 200 149 164
334 314 64 76
110 360 22 51
126 56 29 112
227 62 43 47
10 77 12 18
116 334 11 22
43 34 28 80
118 77 25 92
233 280 11 16
308 97 34 39
336 386 32 46
260 183 38 38
186 64 32 56
62 159 125 141
340 115 7 7
65 155 87 119
266 352 88 108
76 256 99 104
204 292 110 118
150 220 9 25
250 56 20 20
194 228 0 2
358 44 28 35
224 134 40 60
216 354 145 171
130 150 68 122
315 112 4 24
76 334 5 9
237 10 3 53
265 367 57 59
381 78 11 12
40 352 167 167
272 17 30 56
160 149 21 26
261 369 123 150
107 8 138 138
36 234 14 30
377 239 64 111
6 111 101 122
304 98 36 44
63 48 29 43
341 15 30 36
218 84 13 25
56 280 7 23
215 222 100 111
43 342 22 35
151 119 37 58
147 119 85 132
327 210 55 80
9 170 8 21
92 58 154 162
72 94 47 97
182 292 94 103
100 158 158 161
256 90 102 124
186 124 8 8
347 133 61 86
98 251 57 69
386 381 46 55
116 326 40 44
276 350 51 56
226 329 62 90
125 294 9 36
318 9 50 54
131 366 18 30
268 77 8 41
314 382 130 160
102 136 56 183
178 88 48 48
369 222 49 55
66 81 49 137
61 127 42 77
308 105 8 80
346 154 96 169
343 169 52 60
131 33 23 122
352 358 29 162
47 11 105 108
352 305 71 100
297 228 82 103
270 263 11 18
121 205 1 5
53 173 2 6
90 71 41 45
280 129 3 66
139 345 18 21
324 200 164 172
159 260 28 53
40 330 24 71
353 347 91 102
354 275 148 165
166 130 144 164
263 93 113 121
177 318 71 75
323 297 76 92
183 138 9 34
159 243 2 2
197 223 87 91
203 27 158 170
33 262 9 29
354 30 10 11
35 47 4 81
142 65 40 42
38 104 15 49
108 139 21 33
302 242 102 115
89 274 18 112
118 103 6 22
110 57 109 119
287 162 67 96
140 155 43 61
37 250 75 76
53 93 113 146
107 209 51 61
302 284 6 12
100 118 35 54
100 171 21 31
355 263 11 118
311 151 134 138
2 205 60 138
221 253 108 162
141 84 142 144
244 248 108 108
41 352 35 37
261 65 34 69
33 84 16 90
206 84 12 31
173 174 32 52
125 180 63 88
15 174 81 106
24 332 40 91
135 95 1 13
251 262 36 96
214 171 74 93
346 52 137 141
36 210 81 93
93 248 50 78
155 396 100 118
389 324 15 20
62 229 48 49
85 264 11 14
82 134 16 23
64 66 90 132
149 74 63 72
365 64 111 115
66 95 43 44
104 125 37 46
342 291 107 125
280 134 23 27
338 109 31 83
91 376 12 16
167 216 33 59
150 227 19 33
233 345 84 86
368 316 13 39
59 344 19 58
13 339 1 1
48 59 49 106
277 14 6 12
330 18 66 67
347 330 47 47
369 229 20 20
280 320 68 95
394 93 59 60
380 271 22 62
231 366 16 28
259 351 46 82
314 75 52 54
62 375 131 153
326 281 23 73
285 369 48 86
293 253 29 68
69 358 68 85
259 299 121 126
271 40 16 166
339 245 9 33
65 268 100 100
125 6 152 155
280 282 13 22
157 34 55 76
219 7 9 13
371 236 67 68
54 50 60 82
110 289 108 114
67 7 3 13
55 143 8 8
96 34 97 116
30 54 36 48
363 181 123 160
239 380 32 44
50 397 82 99
294 203 16 27
197 388 100 129
8 166 7 98
278 1 107 114
45 164 84 126
138 67 25 90
83 90 128 162
369 229 41 72
28 137 8 10
87 104 11 22
232 203 86 89
253 47 168 169
330 23 35 82
220 322 78 90
336 79 108 126
128 252 41 52
341 159 73 178
208 392 53 164
8 30 96 97
77 0 36 104
209 91 44 48
85 179 35 44
148 79 157 160
342 324 42 49
304 238 11 45
394 173 69 71
248 235 131 157
19 276 81 174
39 34 5 85
229 384 25 68
186 341 33 39
20 29 0 11
390 43 4 29
238 1 38 41
55 188 31 45
221 73 42 59
174 200 38 75
348 59 100 128
21 221 57 60
143 346 46 94
160 23 157 180
31 192 60 102
75 393 12 22
90 67 126 133
361 74 43 124
295 366 100 102
31 147 30 35
385 109 70 77
357 129 6 19
384 37 101 137
393 79 12 16
285 113 1 1
105 4 9 142
200 65 6 10
278 277 75 102
182 57 73 86
240 95 38 55
341 88 12 14
53 262 3 4
158 65 47 55
240 1 101 116
375 147 73 119
180 281 45 66
10 218 21 74
24 208 4 16
147 390 28 28
262 346 135 151
361 290 46 79
144 337 30 45
88 238 63 122
195 177 11 19
22 361 68 94
369 361 1 4
229 325 11 147
4 188 56 61
39 167 72 72
341 261 153 154
174 60 69 85
247 217 44 63
294 264 40 65
10 271 116 119
20 243 41 62
238 257 45 103
194 234 23 27
201 142 78 78
307 37 33 66
265 189 6 24
351 284 34 105
324 330 53 65
81 37 38 40
41 152 78 90
205 245 16 18
248 119 98 161
83 256 5 9
236 268 20 111
43 191 7 7
182 135 22 26
13 387 31 33
397 51 41 42
363 76 4 14
206 157 171 173
189 257 7 11
354 14 4 15
153 85 17 22
147 23 69 71
171 271 49 75
221 272 24 30
344 320 6 45
281 302 9 9
55 168 12 14
315 12 10 145
38 387 113 118
189 241 186 187
276 224 87 116
48 114 3 52
380 204 19 160
38 264 99 106
315 264 23 23
125 375 25 26
373 257 73 82
83 321 176 177
112 396 86 103
200 219 111 125
190 21 38 94
136 221 19 117
278 178 38 39
156 352 36 81
146 230 67 95
40 268 63 73
223 59 95 95
398 54 40 43
106 199 65 99
330 5 3 19
229 25 65 74
392 302 3 15
257 192 59 75
270 394 12 15
341 40 20 144
50 18 17 17
34 396 69 82
157 268 4 17
340 394 9 36
276 211 11 14
106 290 60 112
220 178 54 87
118 99 23 27
310 360 118 125
125 190 10 84
162 207 40 56
124 58 48 106
72 71 128 129
48 230 159 171
272 229 62 75
208 188 85 94
184 332 4 11
377 342 15 22
245 155 26 121
366 252 22 55
248 17 10 32
285 184 92 105
73 330 65 84
323 350 20 99
88 122 9 14
319 302 12 66
37 52 73 74
196 4 112 132
165 193 29 37
214 91 58 66
169 286 23 26
66 247 38 45
359 295 48 128
132 279 14 95
216 194 52 68
1 230 13 111
236 188 129 134
394 9 114 136
324 102 24 144
172 40 120 121
279 293 70 108
258 243 101 109
163 309 94 175
135 119 114 122
