400 3200
0 1 59 106
1 2 81 102
2 3 0 0
3 4 21 45
4 5 17 25
5 6 1 4
6 7 56 92
7 8 5 10
8 9 71 129
9 10 62 92
10 11 39 49
11 12 28 33
12 13 31 53
13 14 131 134
14 15 21 54
15 16 38 51
16 17 76 104
17 18 104 127
18 19 27 74
19 20 31 70
20 21 65 74
21 22 71 73
22 23 68 75
23 24 113 131
24 25 8 9
25 26 118 127
26 27 1 6
27 28 30 52
28 29 17 18
29 30 103 111
30 31 30 69
31 32 28 44
32 33 81 82
33 34 42 46
34 35 68 74
35 36 76 87
36 37 17 22
37 38 78 83
38 39 30 33
39 40 46 53
40 41 67 68
41 42 44 47
42 43 39 60
43 44 36 37
44 45 13 15
45 46 76 102
46 47 48 48
47 48 38 80
48 49 23 26
49 50 2 6
50 51 8 10
51 52 2 4
52 53 51 122
53 54 20 27
54 55 31 43
55 56 11 30
56 57 29 38
57 58 28 79
58 59 63 70
59 60 65 69
60 61 18 40
61 62 81 143
62 63 25 29
63 64 25 36
64 65 19 61
65 66 100 102
66 67 93 97
67 68 89 130
68 69 73 73
69 70 7 12
70 71 105 110
71 72 10 19
72 73 32 87
73 74 44 47
74 75 83 121
75 76 34 74
76 77 142 145
77 78 68 106
78 79 111 128
79 80 75 77
80 81 37 40
81 82 43 55
82 83 91 99
83 84 19 35
84 85 36 52
85 86 114 122
86 87 72 121
87 88 148 148
88 89 68 80
89 90 43 44
90 91 1 6
91 92 150 150
92 93 12 15
93 94 35 51
94 95 38 50
95 96 55 114
96 97 13 15
97 98 80 92
98 99 27 94
99 100 70 74
100 101 32 52
101 102 46 46
102 103 66 71
103 104 55 80
104 105 137 146
105 106 97 116
106 107 19 35
107 108 133 140
108 109 58 68
109 110 48 48
110 111 13 24
111 112 24 59
112 113 76 77
113 114 101 115
114 115 18 28
115 116 3 4
116 117 118 124
117 118 142 142
118 119 93 107
119 120 39 52
120 121 40 85
121 122 42 54
122 123 32 78
123 124 49 55
124 125 139 144
125 126 42 47
126 127 20 31
127 128 106 110
128 129 16 24
129 130 54 60
130 131 25 32
131 132 134 136
132 133 41 49
133 134 0 2
134 135 27 29
135 136 67 135
136 137 37 41
137 138 80 109
138 139 109 119
139 140 37 41
140 141 58 71
141 142 43 73
142 143 4 6
143 144 24 71
144 145 37 129
145 146 13 36
146 147 1 4
147 148 57 57
148 149 68 91
149 150 33 45
150 151 29 49
151 152 116 117
152 153 6 7
153 154 5 5
154 155 32 38
155 156 78 81
156 157 16 43
157 158 42 50
158 159 43 43
159 160 13 15
160 161 44 62
161 162 80 90
162 163 58 82
163 164 29 34
164 165 12 29
165 166 25 73
166 167 18 19
167 168 70 108
168 169 53 71
169 170 103 126
170 171 44 70
171 172 105 105
172 173 1 1
173 174 39 57
174 175 11 12
175 176 7 10
176 177 18 21
177 178 11 13
178 179 25 74
179 180 51 61
180 181 45 46
181 182 18 21
182 183 108 112
183 184 37 69
184 185 37 41
185 186 65 66
186 187 62 153
187 188 28 34
188 189 25 39
189 190 149 155
190 191 62 87
191 192 21 60
192 193 77 87
193 194 115 134
194 195 79 80
195 196 41 43
196 197 35 80
197 198 53 107
198 199 58 76
199 200 86 87
200 201 116 121
201 202 7 8
202 203 75 75
203 204 10 15
204 205 44 55
205 206 81 89
206 207 93 93
207 208 43 53
208 209 80 84
209 210 44 45
210 211 9 15
211 212 37 37
212 213 21 34
213 214 49 56
214 215 0 2
215 216 37 37
216 217 41 94
217 218 43 45
218 219 8 9
219 220 9 23
220 221 2 2
221 222 50 76
222 223 42 115
223 224 108 118
224 225 23 30
225 226 93 95
226 227 30 44
227 228 84 86
228 229 17 17
229 230 95 103
230 231 18 24
231 232 14 17
232 233 99 109
233 234 7 8
234 235 33 54
235 236 25 29
236 237 21 82
237 238 89 97
238 239 63 75
239 240 75 87
240 241 59 74
241 242 75 81
242 243 79 100
243 244 34 45
244 245 74 83
245 246 53 54
246 247 17 17
247 248 44 45
248 249 53 60
249 250 15 16
250 251 36 132
251 252 132 135
252 253 11 13
253 254 155 155
254 255 20 21
255 256 28 29
256 257 106 127
257 258 114 129
258 259 29 54
259 260 70 93
260 261 130 132
261 262 101 101
262 263 62 74
263 264 52 67
264 265 137 137
265 266 20 26
266 267 59 68
267 268 87 109
268 269 68 82
269 270 17 17
270 271 37 54
271 272 52 59
272 273 64 79
273 274 71 80
274 275 64 65
275 276 9 12
276 277 56 79
277 278 52 52
278 279 33 40
279 280 32 32
280 281 77 85
281 282 104 111
282 283 111 131
283 284 15 15
284 285 11 16
285 286 134 143
286 287 46 70
287 288 34 35
288 289 82 85
289 290 15 15
290 291 15 19
291 292 129 129
292 293 13 13
293 294 67 105
294 295 17 29
295 296 41 116
296 297 0 2
297 298 16 25
298 299 41 41
299 300 29 42
300 301 129 148
301 302 97 97
302 303 40 49
303 304 76 83
304 305 6 12
305 306 23 38
306 307 50 74
307 308 17 39
308 309 22 32
309 310 6 7
310 311 93 97
311 312 19 20
312 313 4 5
313 314 16 31
314 315 16 28
315 316 10 12
316 317 5 5
317 318 56 98
318 319 19 37
319 320 55 55
320 321 30 34
321 322 19 25
322 323 67 96
323 324 9 29
324 325 77 113
325 326 9 10
326 327 48 65
327 328 51 66
328 329 31 33
329 330 76 90
330 331 13 39
331 332 46 47
332 333 31 33
333 334 97 148
334 335 10 12
335 336 8 16
336 337 47 67
337 338 71 71
338 339 43 45
339 340 47 47
340 341 142 153
341 342 65 65
342 343 73 81
343 344 29 30
344 345 17 18
345 346 73 93
346 347 32 40
347 348 21 25
348 349 39 45
349 350 18 48
350 351 104 127
351 352 87 93
352 353 56 79
353 354 30 39
354 355 54 69
355 356 77 136
356 357 111 122
357 358 65 95
358 359 17 17
359 360 62 62
360 361 19 42
361 362 30 51
362 363 75 79
363 364 46 56
364 365 38 39
365 366 63 68
366 367 65 66
367 368 46 63
368 369 83 121
369 370 54 101
370 371 23 43
371 372 25 64
372 373 2 6
373 374 96 118
374 375 42 79
375 376 72 122
376 377 132 145
377 378 48 55
378 379 9 11
379 380 42 100
380 381 86 121
381 382 72 81
382 383 30 30
383 384 51 73
384 385 40 52
385 386 36 67
386 387 88 108
387 388 15 17
388 389 28 90
389 390 99 126
390 391 24 51
391 392 85 90
392 393 17 28
393 394 29 45
394 395 99 102
395 396 119 121
396 397 79 114
397 398 104 124
398 399 40 63
399 0 75 84
331 202 22 23
93 357 11 11
237 230 3 11
282 6 100 103
174 190 20 25
135 160 120 120
43 391 30 53
169 243 9 19
387 303 2 7
60 87 31 40
199 53 45 121
387 247 16 16
20 131 30 32
89 331 112 128
378 148 37 43
237 95 22 43
160 291 135 140
3 58 65 107
34 363 79 88
397 283 30 30
17 368 14 36
173 390 5 13
140 136 5 16
47 372 13 32
127 29 63 89
114 218 41 72
46 317 7 32
294 344 44 55
55 306 86 114
315 49 37 46
233 247 23 41
277 292 17 25
78 187 11 17
386 308 55 58
13 294 19 23
96 68 21 37
41 239 100 108
147 63 33 91
83 295 96 96
293 114 1 4
362 370 60 77
69 224 30 87
239 96 38 40
226 219 5 9
158 385 40 42
332 383 33 36
364 53 127 139
158 368 9 10
274 108 41 46
320 339 49 103
349 231 6 16
398 172 72 92
381 112 3 4
167 123 8 9
117 335 97 118
130 84 61 65
338 6 1 2
339 366 74 110
28 41 42 78
142 250 6 12
3 58 43 123
111 64 56 65
79 127 13 35
315 52 36 67
392 37 83 91
381 183 63 82
33 201 20 21
1 148 49 100
329 295 8 11
324 236 66 122
95 169 100 101
67 342 52 98
267 214 55 56
258 16 7 8
131 207 110 115
383 144 4 9
396 40 53 60
259 333 89 95
346 109 32 45
115 0 66 78
296 293 78 150
360 292 61 68
59 178 97 122
242 38 113 122
50 117 15 27
49 216 71 85
275 274 0 1
222 76 13 51
302 272 36 39
340 320 53 102
31 248 16 25
227 351 46 48
320 339 10 11
110 335 39 90
271 300 83 87
252 3 77 82
233 210 123 127
313 34 58 61
38 64 4 5
236 227 22 26
56 94 21 41
395 251 9 15
199 85 14 16
37 235 32 78
336 291 63 65
29 328 18 34
152 140 76 78
259 196 13 23
206 272 119 124
92 124 57 124
161 250 38 47
250 215 9 13
175 90 15 26
132 319 49 52
38 162 104 109
394 344 47 71
322 180 2 2
67 102 28 56
383 201 90 130
74 167 32 32
231 117 72 77
267 50 97 103
139 276 28 28
188 277 104 111
359 145 43 56
242 99 29 89
132 87 36 51
349 238 40 46
128 80 16 28
374 56 18 24
318 19 71 72
128 134 50 132
126 162 28 28
74 260 60 62
365 389 84 86
229 56 89 111
53 68 104 106
278 320 19 23
87 211 34 132
94 247 47 83
178 107 15 17
308 28 24 28
362 371 24 32
306 85 52 75
377 347 11 18
319 104 34 45
358 265 51 55
349 35 33 69
72 344 87 87
250 43 37 62
214 129 45 75
246 222 66 67
276 150 82 87
284 173 46 75
335 78 23 30
330 321 2 2
271 84 17 25
106 56 23 30
357 217 41 44
3 268 15 27
270 174 25 88
393 21 76 118
226 144 93 100
172 397 35 138
219 202 65 81
112 1 43 54
258 34 12 17
43 301 63 63
373 338 101 131
334 372 29 38
268 367 10 13
76 32 54 58
351 286 127 139
382 65 55 65
119 226 97 123
368 230 19 21
85 373 35 54
138 71 78 110
120 147 47 56
17 260 22 27
161 328 127 127
88 32 8 11
150 155 124 131
162 137 31 54
136 127 34 36
196 222 13 19
154 108 93 99
145 170 36 37
175 217 65 146
42 181 16 18
185 18 13 29
338 350 28 28
205 231 15 15
63 185 41 52
306 44 13 25
131 236 25 36
148 171 34 67
7 171 45 75
3 267 0 0
249 214 17 54
127 363 31 38
60 293 87 98
44 299 34 47
67 240 10 21
23 63 31 59
387 1 117 122
246 82 36 42
321 368 25 26
155 188 46 71
145 346 119 128
94 148 72 106
324 24 71 71
346 66 41 41
66 249 9 9
324 132 46 80
259 271 71 73
50 377 40 70
220 190 26 66
170 272 85 119
233 160 29 40
398 395 22 36
250 114 45 49
88 137 11 11
324 242 31 37
86 254 100 122
133 89 28 66
68 76 83 113
334 277 122 150
95 76 107 119
367 186 99 140
294 85 31 32
305 320 6 7
197 193 85 85
294 5 2 5
78 215 115 123
326 143 29 86
223 84 34 38
239 326 32 56
171 130 26 27
4 284 30 37
88 182 47 55
6 386 100 108
217 57 37 63
217 173 85 106
258 144 93 127
258 319 7 10
292 288 42 88
251 300 48 142
374 47 98 132
115 160 10 19
110 329 78 146
34 275 25 72
9 305 121 136
382 126 41 107
5 43 136 138
375 195 11 31
322 178 107 143
151 22 34 117
188 250 66 66
182 2 40 75
141 63 49 65
335 325 122 134
234 232 52 76
158 203 66 82
284 214 7 13
75 315 34 41
88 273 96 118
46 152 51 73
95 196 80 90
215 219 12 50
20 261 34 36
76 238 94 127
147 188 44 69
14 95 92 96
300 326 74 90
67 110 130 132
63 161 57 86
378 141 4 5
28 15 82 83
288 103 3 3
132 139 90 110
269 17 62 81
10 146 65 65
161 65 103 119
22 15 23 32
370 272 61 63
294 263 103 120
278 174 62 78
5 138 13 16
368 384 70 71
339 369 7 26
261 330 50 54
263 28 97 104
59 246 62 107
91 169 42 50
172 308 65 98
256 295 21 43
192 171 98 99
7 267 70 77
86 107 50 62
335 145 41 50
317 84 70 122
246 182 11 17
389 398 14 14
283 351 82 109
378 15 64 67
379 150 82 90
290 35 80 117
12 171 56 75
83 297 18 20
257 1 16 24
240 285 62 101
152 163 57 83
346 34 34 45
385 214 103 109
148 299 8 11
88 235 94 103
125 127 81 86
232 194 21 29
207 107 4 5
105 146 51 56
194 124 113 114
252 237 38 53
61 130 75 92
26 315 41 65
228 293 17 21
204 378 140 149
348 173 3 10
70 140 16 24
318 380 3 4
179 367 90 94
323 94 54 64
129 385 138 151
91 278 25 57
387 301 47 55
266 113 51 78
230 210 100 105
250 212 18 24
293 393 46 47
369 333 14 43
59 54 84 85
330 51 6 7
128 134 53 78
266 324 114 119
382 393 26 26
283 350 76 77
253 22 18 19
389 357 70 101
265 283 4 10
88 293 12 14
27 253 69 93
64 369 35 94
272 375 97 102
10 249 10 10
12 316 97 111
98 263 3 4
342 344 13 20
267 378 44 45
11 48 68 90
66 299 32 43
279 48 13 34
82 239 126 130
186 122 53 66
1 199 12 27
360 200 30 38
109 15 23 73
149 165 35 36
281 203 67 67
380 382 19 19
122 228 8 9
93 183 127 149
279 74 85 86
375 380 33 35
206 119 72 80
194 346 16 21
303 354 38 47
194 133 10 13
44 125 56 147
163 277 7 15
303 141 21 48
274 150 33 48
233 101 19 19
371 0 39 45
305 103 114 115
395 50 72 87
339 34 16 21
382 46 136 140
53 357 72 85
126 320 20 31
373 51 120 137
5 95 8 8
306 45 14 23
327 78 74 76
99 212 27 27
306 110 24 32
288 388 72 80
304 320 70 77
302 47 84 123
24 50 96 100
351 298 115 120
243 57 44 48
368 123 58 145
80 349 109 121
322 257 10 11
335 387 27 39
388 229 41 42
350 23 22 35
60 178 8 12
57 376 2 3
136 363 29 31
280 196 29 51
289 121 59 79
225 277 39 39
335 283 3 6
334 202 47 55
295 152 44 112
155 137 31 56
376 291 13 27
361 210 72 75
100 313 112 126
214 66 25 32
227 139 3 3
232 351 76 88
14 353 59 102
213 19 88 125
171 317 76 87
2 255 59 96
242 125 18 29
200 57 8 8
355 338 41 46
242 114 31 38
133 394 102 108
92 293 7 15
357 196 0 4
83 128 16 17
171 181 61 67
383 257 46 121
81 255 8 15
286 367 85 107
309 67 50 72
93 168 10 24
48 115 58 106
239 37 52 109
322 242 15 17
239 139 98 110
235 154 83 115
72 15 42 42
247 360 22 53
249 318 67 88
142 97 70 85
172 296 93 104
141 202 55 71
156 361 101 129
379 234 15 16
110 226 32 32
117 85 138 140
174 146 88 91
181 244 71 71
390 151 26 49
107 26 32 39
131 260 41 52
310 264 13 23
299 120 29 44
246 91 49 50
324 119 39 41
185 376 118 132
314 138 86 103
147 361 147 150
104 376 24 52
140 372 30 30
120 58 33 43
250 254 40 102
100 180 3 6
319 287 41 49
306 94 54 67
228 347 38 129
332 49 12 22
246 131 5 16
40 41 26 28
14 297 71 73
156 86 72 78
53 126 43 43
352 239 44 55
128 212 7 7
157 86 31 36
231 326 94 127
16 66 45 58
162 230 40 49
138 217 4 4
373 152 12 12
284 75 9 9
151 11 58 102
24 239 57 64
70 198 31 44
201 188 107 108
194 205 69 116
70 76 36 41
353 192 35 52
82 95 111 119
92 243 13 16
67 289 4 7
189 257 33 35
236 251 5 21
396 16 109 109
156 346 84 86
370 144 22 41
191 49 136 137
26 143 3 12
66 167 48 67
330 29 19 64
102 209 24 24
205 93 24 34
294 173 34 39
362 265 91 91
378 195 103 110
140 325 89 142
371 222 111 122
58 95 1 1
128 315 17 23
76 19 51 57
393 31 56 93
232 278 23 39
320 26 6 12
395 198 7 7
215 199 36 44
219 329 30 44
78 274 33 36
212 288 94 140
51 69 17 17
55 254 25 35
245 130 27 76
153 351 69 117
313 107 7 31
157 351 47 69
316 118 99 125
377 104 144 145
53 223 39 57
195 188 15 16
289 251 1 1
376 373 56 65
368 117 24 71
19 53 46 133
112 314 66 76
179 232 100 115
90 364 39 51
85 50 120 129
74 202 69 118
50 17 43 88
290 120 8 18
307 267 79 97
125 350 34 64
256 271 113 125
303 132 11 29
157 122 18 32
34 260 12 26
239 395 10 20
143 70 95 122
255 393 31 55
231 270 53 83
5 45 2 2
316 113 129 129
174 395 27 31
187 153 50 66
367 286 61 64
138 191 10 32
309 101 29 81
395 333 66 79
220 38 2 5
315 332 49 50
234 360 90 136
159 168 86 108
322 211 22 23
290 339 71 75
348 269 74 74
41 44 9 12
398 278 50 75
84 140 49 88
0 359 23 27
114 169 24 42
100 318 107 138
155 283 34 98
258 361 1 1
71 200 15 15
2 361 50 66
118 372 37 49
0 330 34 36
102 380 73 105
213 174 44 82
261 137 94 94
331 310 50 52
336 234 84 89
113 287 14 23
371 78 101 141
261 126 70 109
45 153 13 15
296 390 127 130
179 376 6 9
62 398 51 68
89 350 36 75
356 385 36 36
107 214 51 77
300 340 66 66
149 325 108 118
121 254 45 46
219 71 49 67
22 348 41 84
175 338 7 30
361 95 6 8
264 228 34 80
15 209 77 98
340 41 2 2
395 187 20 31
18 177 26 27
358 351 103 123
145 265 40 126
20 31 16 17
181 16 37 75
319 47 62 110
195 356 11 37
380 243 83 99
210 124 78 111
25 224 5 5
327 295 80 118
71 191 6 7
112 209 79 129
335 182 1 4
140 351 139 143
183 203 78 102
135 203 47 49
209 58 96 96
292 352 11 25
48 318 45 77
343 8 6 7
175 140 6 9
67 231 109 113
210 96 26 58
0 144 80 101
156 109 52 153
95 53 60 67
369 136 139 142
209 295 18 36
20 57 26 32
122 139 66 102
332 29 89 93
315 261 1 2
141 144 104 146
114 111 135 137
179 66 27 27
148 189 8 8
131 172 85 145
284 342 31 69
66 392 70 73
280 316 24 26
60 154 25 57
40 249 16 18
381 13 47 56
169 189 30 37
177 184 69 69
81 338 13 21
47 56 86 96
389 156 22 25
332 85 17 41
242 293 46 116
251 12 133 143
13 362 100 129
301 222 43 64
120 274 42 73
307 36 24 52
356 220 94 97
5 71 40 65
382 278 5 13
319 390 48 48
227 367 9 14
216 14 110 121
376 85 127 136
345 379 54 56
348 257 99 116
116 55 60 62
171 345 29 36
88 231 98 100
205 262 65 123
331 118 79 82
197 74 45 52
124 386 0 3
203 309 15 29
235 49 107 141
17 28 52 115
332 58 5 10
56 313 43 79
96 398 45 51
306 381 102 140
302 235 43 43
340 357 52 85
180 164 40 47
323 13 16 21
114 302 79 98
97 280 40 69
142 306 113 135
100 14 24 25
239 153 34 39
31 60 40 82
70 16 90 104
312 363 33 76
333 375 18 26
312 381 98 99
124 159 107 139
57 304 57 65
3 142 9 9
259 52 136 152
53 296 62 64
325 378 4 10
101 57 29 34
302 151 72 73
4 84 34 48
237 234 16 48
132 216 37 55
28 190 29 47
315 252 24 58
254 255 132 149
32 308 33 96
123 16 49 97
385 11 11 43
98 122 118 118
311 96 28 28
236 275 1 3
244 146 115 116
246 38 96 146
297 10 21 33
306 92 25 37
236 98 30 49
31 38 75 153
103 338 16 31
216 17 21 23
188 356 92 134
274 5 18 19
15 196 22 45
102 264 141 145
280 164 52 58
273 112 106 108
19 379 46 49
128 22 45 94
40 269 8 13
356 61 27 40
362 81 24 26
183 163 18 23
8 23 23 24
63 219 61 71
115 106 95 113
313 148 26 28
315 373 33 93
125 81 40 41
288 308 52 60
121 108 145 153
257 298 13 29
38 253 37 75
68 336 27 45
123 274 20 33
306 144 99 110
169 260 86 97
335 105 89 99
215 358 35 35
319 309 16 32
270 218 5 20
152 78 11 21
302 367 8 24
203 299 59 62
172 221 99 129
337 256 103 123
236 148 83 93
212 220 9 12
99 381 20 29
208 68 72 99
164 395 40 61
319 61 9 24
309 6 115 141
278 351 14 18
225 364 68 106
248 128 45 46
209 269 11 18
4 276 43 48
31 123 115 133
156 154 41 58
237 297 2 4
310 100 71 109
364 367 45 45
252 312 64 100
131 378 73 81
212 20 91 97
289 185 43 80
365 35 15 18
379 102 134 144
18 338 30 65
8 316 128 139
339 398 9 22
268 332 10 11
30 394 24 25
128 269 80 117
14 34 2 2
166 14 10 15
170 23 62 62
335 318 40 46
287 74 100 115
4 391 135 140
163 196 31 43
12 51 48 115
317 153 77 86
361 188 61 115
18 181 100 101
292 287 68 105
225 19 134 135
280 388 23 35
24 66 21 25
164 277 3 8
310 358 5 12
265 136 21 64
48 220 116 137
308 42 27 33
141 268 6 7
381 247 47 50
377 366 47 63
24 122 20 22
359 366 61 65
335 153 12 15
14 329 37 37
25 237 31 43
345 203 45 57
381 275 33 37
112 349 33 35
336 354 21 62
210 107 107 117
175 303 55 91
221 255 117 153
372 83 36 43
259 171 32 33
167 56 23 37
265 233 51 119
355 331 113 115
41 126 54 55
39 35 2 2
49 365 0 0
182 158 25 38
67 228 16 30
190 49 16 36
14 6 68 68
218 303 94 103
226 56 56 60
326 147 52 56
355 354 75 87
126 92 54 71
298 239 72 87
221 376 39 52
270 88 99 106
274 311 46 78
248 272 16 16
259 101 5 5
121 301 132 139
322 133 10 14
60 294 20 24
343 250 20 23
200 91 32 38
40 148 46 62
86 22 71 79
138 348 14 17
29 280 97 107
254 384 37 55
76 99 27 37
36 333 90 118
232 145 0 1
41 307 30 51
262 383 52 58
386 380 64 83
305 244 119 137
87 65 13 29
41 12 3 5
62 263 31 36
79 53 36 39
42 361 29 58
130 317 61 108
321 360 11 11
193 245 73 119
96 363 99 102
159 157 110 123
0 54 21 29
274 283 6 26
223 372 94 124
97 393 51 52
92 130 31 58
345 281 53 59
236 381 5 9
134 221 79 87
391 137 136 136
336 69 43 45
187 325 35 48
232 29 13 15
229 246 51 68
371 331 95 105
17 141 16 20
184 347 43 61
335 222 110 116
387 367 47 53
287 256 27 29
288 73 24 31
299 121 41 52
182 35 61 61
262 258 58 67
153 243 5 10
381 57 111 131
171 380 51 53
144 50 50 77
210 312 8 9
27 126 22 23
56 53 37 59
193 97 41 61
165 319 67 73
128 317 38 70
393 97 89 92
151 14 45 49
126 1 58 69
192 215 26 30
17 156 20 26
345 294 10 11
281 275 4 5
252 50 43 49
148 1 39 87
243 192 52 113
117 131 14 14
225 316 150 151
312 140 63 120
213 306 83 97
109 163 24 67
348 329 28 72
71 142 24 29
23 186 21 64
103 12 26 40
210 336 59 75
166 7 29 29
295 170 3 3
218 233 59 80
11 103 36 58
203 320 77 92
125 200 86 99
389 218 74 77
343 35 82 84
36 180 19 28
290 154 95 122
378 1 55 57
279 322 29 38
323 324 41 42
225 364 34 50
354 333 54 57
210 83 36 51
129 179 27 27
53 207 23 25
293 352 39 158
376 70 66 87
331 395 55 58
167 6 61 70
241 295 26 63
41 161 34 49
81 187 45 48
120 82 38 50
117 319 17 17
41 231 48 134
370 196 41 67
313 180 69 70
97 229 53 64
327 301 100 119
292 125 61 69
384 180 111 117
17 44 152 155
55 354 3 4
293 263 30 46
14 316 18 64
270 131 24 50
104 324 9 12
110 147 103 103
158 192 19 29
190 178 24 25
245 283 90 117
252 175 69 82
384 344 56 71
212 133 48 71
103 264 32 34
119 335 27 28
360 300 57 70
342 324 41 41
240 356 92 94
259 232 69 125
103 118 29 88
76 265 98 107
205 212 16 18
175 3 68 80
145 42 57 67
353 385 59 60
246 3 70 77
397 192 122 129
304 179 87 89
380 105 67 86
235 173 125 127
236 141 33 37
224 102 13 17
339 314 40 52
384 45 92 108
341 121 20 23
106 33 15 21
61 186 81 82
33 164 29 34
272 125 53 86
79 357 26 85
297 348 23 31
48 204 51 75
396 1 88 151
131 55 130 135
143 192 87 90
107 224 35 57
270 170 132 147
264 164 79 82
150 318 123 127
94 53 14 36
124 391 19 33
173 155 9 35
187 184 6 9
306 155 37 76
306 333 47 54
38 201 16 31
273 110 57 59
107 337 37 41
278 124 65 111
267 388 63 80
66 320 89 120
247 364 25 47
239 146 26 29
294 6 96 107
99 391 58 58
18 77 100 108
138 334 82 151
113 207 9 12
93 279 1 9
269 221 59 67
81 325 141 143
65 318 58 89
173 269 24 25
111 381 122 128
65 365 33 35
230 7 1 4
388 106 62 64
79 373 63 72
155 257 10 19
341 275 15 31
258 98 27 50
170 153 64 70
8 57 40 128
380 228 59 78
131 25 23 45
187 237 12 16
165 357 99 119
116 205 132 144
342 104 44 74
171 48 1 1
90 75 29 45
151 327 98 135
147 209 103 104
119 394 155 157
56 373 34 67
358 170 28 38
335 365 57 70
157 194 8 27
397 248 34 130
18 49 87 91
110 203 16 27
234 106 30 44
47 248 6 8
81 20 35 46
211 190 35 50
285 99 83 102
255 286 30 37
314 179 13 15
144 26 53 72
176 360 114 114
297 146 18 24
354 222 18 24
164 351 24 32
151 371 21 21
292 55 109 122
214 171 118 124
142 219 10 25
297 253 118 120
26 356 149 153
285 62 24 36
24 231 49 101
347 141 46 71
320 327 0 3
39 96 33 48
347 123 3 6
311 23 108 109
342 267 43 59
366 167 156 160
294 213 22 31
279 126 49 71
337 235 137 138
231 275 30 39
340 181 12 12
71 304 107 142
55 180 1 4
72 179 24 81
150 1 5 5
129 91 92 99
182 218 11 11
1 109 35 80
306 230 45 84
108 46 48 113
276 340 23 28
56 51 44 44
142 295 31 48
83 377 84 86
187 359 23 44
363 16 36 125
193 305 10 25
2 219 75 77
380 249 142 147
77 194 52 83
49 107 75 78
315 82 15 16
261 236 4 9
119 283 96 151
356 393 26 32
218 262 6 16
73 396 5 6
163 276 63 121
395 49 34 53
87 324 14 16
167 378 5 6
264 297 38 52
351 213 13 13
23 185 17 29
5 154 67 154
201 112 74 74
185 82 0 3
44 1 39 69
135 205 137 142
300 11 6 17
201 89 82 105
134 358 42 53
59 354 20 76
1 348 54 75
352 368 41 43
362 216 80 90
3 159 49 91
137 97 33 68
45 369 136 138
248 318 22 24
199 375 101 110
85 30 118 125
162 103 105 117
389 234 134 138
336 247 65 105
148 105 99 144
246 112 38 42
142 279 81 93
384 34 70 75
7 32 19 19
72 277 127 138
113 269 49 54
131 110 105 107
293 239 70 102
88 224 34 89
182 92 12 12
299 366 52 57
92 78 47 98
358 260 9 9
75 7 14 14
268 378 37 39
150 128 23 49
281 44 69 80
219 32 55 108
160 15 18 19
365 253 44 54
21 46 28 38
361 316 11 32
342 68 34 87
189 378 106 128
267 102 41 75
188 136 11 24
228 142 29 47
12 322 65 77
354 57 37 43
43 85 137 148
349 280 54 55
37 167 39 41
65 103 60 62
228 167 6 10
58 382 121 131
287 297 45 80
97 59 24 30
179 369 32 32
66 6 22 31
46 190 11 13
286 221 39 89
191 317 54 61
151 243 151 157
277 172 11 41
225 74 54 81
355 241 35 37
125 220 15 17
39 316 20 33
22 189 51 56
154 221 62 114
239 16 141 148
173 197 11 40
308 349 21 43
120 271 68 69
239 100 2 4
153 231 88 139
250 255 20 35
153 369 82 88
120 116 10 31
120 3 24 37
375 86 27 54
83 247 17 24
81 69 95 115
325 267 110 111
216 117 106 111
363 4 95 117
223 272 50 67
56 80 13 18
194 74 59 60
118 231 16 28
297 137 57 62
179 284 44 61
274 55 94 116
92 153 53 63
124 171 45 66
252 143 59 138
13 341 43 58
17 384 51 53
86 175 11 15
346 260 8 8
184 262 89 94
219 202 47 56
124 141 132 132
127 182 76 102
59 274 30 89
294 5 58 116
206 198 64 72
374 220 87 95
391 111 60 60
188 229 64 100
183 383 50 75
91 357 24 31
323 314 62 66
92 248 16 24
197 250 30 50
179 222 37 89
219 214 43 49
218 395 131 133
305 297 16 56
360 67 91 103
320 398 7 11
346 120 75 90
267 181 62 66
181 14 36 39
350 392 12 23
343 229 11 20
110 277 66 69
335 135 60 62
48 36 71 88
150 238 56 79
354 24 44 45
385 315 5 5
268 238 55 61
11 152 18 33
65 333 17 20
241 384 56 63
25 311 11 13
354 117 16 17
238 123 20 21
164 337 19 37
69 148 72 79
145 105 95 97
180 362 55 64
88 147 47 113
320 301 51 107
313 95 16 22
305 219 59 128
84 135 46 123
249 370 74 76
250 95 30 82
393 216 19 44
386 95 103 104
39 285 157 160
290 391 76 88
88 77 30 31
356 372 2 3
344 86 54 57
190 126 2 7
332 272 26 28
140 371 92 100
74 72 39 39
24 88 80 80
274 12 145 153
151 187 23 36
341 330 44 47
230 213 3 4
228 222 49 50
294 93 22 54
378 285 11 12
245 215 66 84
327 290 8 14
139 261 50 109
186 327 52 106
128 330 27 50
341 67 45 96
25 48 50 58
68 171 48 55
0 20 33 98
133 327 16 20
45 78 90 117
258 278 37 47
72 304 82 107
45 15 11 13
1 159 54 54
369 252 23 44
277 118 44 45
234 55 125 131
341 34 41 51
359 226 62 130
77 188 52 74
344 213 6 12
163 166 16 20
385 31 29 36
37 7 70 104
328 133 141 145
237 350 21 23
3 157 56 84
231 385 76 82
311 233 55 78
177 269 124 125
290 258 68 93
20 329 60 89
372 77 32 51
46 4 126 127
370 164 22 32
18 173 71 83
34 367 73 84
28 34 91 97
263 225 24 49
17 262 91 97
52 40 39 40
25 26 74 90
161 219 63 64
60 376 59 119
211 165 87 95
140 10 26 37
70 61 23 26
80 311 30 56
6 102 37 43
351 36 11 25
193 105 29 55
340 386 9 23
309 210 8 9
251 285 3 4
338 317 112 115
331 308 44 61
153 96 27 32
226 392 8 8
375 116 7 8
182 255 29 41
18 231 3 6
284 11 9 21
338 90 66 69
58 194 91 91
51 161 32 40
46 240 126 149
52 290 28 37
379 46 70 73
299 375 6 6
58 183 7 10
71 107 66 111
346 165 58 102
111 90 82 134
1 65 117 122
184 297 47 49
291 69 61 69
232 0 56 85
273 217 107 113
266 269 40 41
154 110 73 93
214 144 88 103
6 216 73 75
120 215 149 151
268 42 141 141
222 138 39 41
80 224 98 107
12 282 25 25
257 83 46 51
249 329 13 40
279 353 10 16
56 359 130 130
80 40 34 42
168 220 28 45
373 46 1 2
311 305 44 63
330 210 65 129
325 79 78 78
67 234 88 98
298 91 145 155
124 158 31 64
39 343 38 51
144 24 44 101
103 239 1 2
229 301 88 107
138 333 124 149
72 284 40 58
85 394 77 97
175 353 35 50
34 131 44 50
343 47 54 68
330 251 16 16
270 228 67 78
253 264 46 50
63 360 57 97
22 69 110 125
237 107 59 59
40 385 27 102
0 307 63 80
16 101 1 8
28 107 60 81
316 215 99 115
93 394 62 82
355 324 4 5
156 157 21 28
354 51 61 66
175 25 86 95
221 147 50 109
173 180 60 85
185 386 47 144
152 336 13 14
288 163 20 48
145 68 96 109
259 205 30 32
103 192 54 61
238 373 117 136
322 393 44 45
313 253 41 44
159 151 48 49
198 339 52 73
159 71 9 15
183 37 139 140
13 158 5 5
24 354 38 71
160 228 41 48
21 110 80 82
282 59 36 61
139 193 52 55
81 49 134 146
342 296 87 93
5 91 20 28
204 281 51 65
42 323 66 68
300 127 43 88
364 264 68 74
330 376 64 72
136 120 6 10
346 182 71 71
186 91 1 3
370 235 92 113
80 103 11 16
230 23 2 2
197 130 34 35
165 277 82 92
276 166 79 94
345 306 91 111
259 216 55 88
195 190 47 61
167 307 59 63
153 92 21 26
89 332 32 35
296 169 50 90
66 193 12 13
2 151 43 61
281 127 91 92
198 390 61 148
277 84 94 145
147 218 16 18
245 319 77 104
82 21 49 62
387 355 39 58
109 389 86 106
196 222 93 96
91 369 62 150
333 295 108 115
60 383 77 77
57 290 0 0
14 198 10 24
380 136 31 67
348 317 122 149
192 313 28 70
228 100 48 48
328 356 18 28
46 195 53 56
397 207 56 100
148 116 85 148
144 24 102 116
68 326 83 102
278 352 75 112
104 318 62 72
233 1 8 11
49 336 5 8
275 112 49 92
225 278 41 90
292 180 42 107
151 94 10 37
72 347 6 8
321 386 39 42
307 352 13 25
151 153 17 26
119 261 62 78
250 93 47 53
286 137 5 8
353 164 117 117
184 52 20 21
179 81 109 116
196 53 65 68
182 276 14 15
297 219 106 113
267 107 18 26
121 22 36 37
132 234 59 110
125 68 48 49
7 348 38 39
371 67 11 12
148 167 15 29
126 396 30 70
59 354 27 44
86 260 138 145
242 169 77 96
134 380 153 156
385 190 50 50
128 282 36 39
369 98 156 158
226 261 64 84
359 108 30 44
71 47 43 60
92 286 58 105
358 295 11 13
305 369 6 7
51 167 11 24
349 127 26 33
249 282 81 88
57 210 40 44
115 249 46 71
12 281 10 11
213 214 63 70
190 69 67 77
390 159 29 68
368 383 61 88
101 314 8 8
29 107 50 66
368 220 93 133
209 383 1 3
49 168 53 53
140 266 40 43
214 104 14 15
65 111 127 127
45 53 94 126
49 71 51 52
162 307 66 76
49 35 3 4
395 157 30 58
135 317 101 130
201 371 31 84
118 360 29 82
89 162 15 40
254 159 101 106
27 130 9 11
384 145 24 38
215 336 14 44
245 377 54 113
297 217 131 131
334 94 50 76
384 71 30 65
160 300 10 16
165 307 34 36
87 335 17 20
25 151 62 70
205 319 37 39
336 170 29 33
165 168 7 16
327 312 66 68
170 272 35 68
310 118 72 72
268 277 56 90
79 164 58 73
281 45 9 12
178 264 31 31
191 247 60 91
244 5 38 54
129 85 15 16
43 85 40 124
203 80 93 94
262 318 83 109
16 205 59 63
121 267 80 90
342 120 2 5
25 398 24 39
303 144 23 24
211 164 11 12
253 57 7 19
396 303 74 111
62 307 33 38
71 348 62 76
392 335 91 103
138 279 82 118
300 29 12 16
314 18 20 66
55 192 62 131
249 199 11 14
305 182 34 35
277 310 84 87
51 48 49 75
275 236 39 41
365 60 55 64
378 80 106 132
64 258 95 97
230 390 6 8
194 44 33 33
236 280 64 64
192 269 57 70
16 148 57 77
118 227 27 47
176 382 66 84
391 53 32 35
112 349 44 57
56 297 56 59
33 326 20 32
303 195 58 106
209 384 106 110
12 64 8 9
16 65 17 19
10 341 86 87
62 23 38 52
249 391 45 51
263 163 85 102
294 317 108 108
267 252 30 61
344 331 44 93
132 13 24 45
119 122 52 117
327 234 10 15
329 27 63 71
37 349 7 7
87 356 64 66
100 260 37 83
157 153 31 80
8 380 98 112
364 243 35 78
201 372 73 99
156 282 98 120
138 214 8 11
362 240 6 18
54 311 6 18
383 147 10 12
239 344 101 109
152 113 0 1
199 1 44 101
351 110 33 118
41 181 1 2
331 78 46 60
273 191 15 24
216 150 51 121
14 151 68 87
385 337 48 63
196 176 32 38
306 42 10 14
226 380 29 63
236 114 1 1
214 206 19 21
89 141 62 86
184 300 22 38
112 15 31 39
64 291 37 41
137 167 89 123
89 1 18 19
381 155 63 91
35 28 46 92
42 183 23 25
249 257 60 93
256 326 99 113
386 351 18 18
165 5 79 111
276 156 60 109
181 91 45 48
359 185 48 69
40 47 30 31
64 211 3 5
29 277 49 88
67 192 96 102
246 141 78 104
28 29 46 61
374 360 34 70
295 357 49 72
144 24 58 76
260 397 110 140
365 178 97 109
43 323 9 9
111 24 10 14
284 27 109 109
41 107 130 151
303 257 30 63
319 282 67 108
335 305 124 133
346 288 43 59
386 176 89 123
31 27 68 151
247 312 117 121
281 331 3 9
265 288 98 124
123 10 1 1
214 30 78 105
338 76 65 77
183 60 14 26
35 38 52 101
40 229 116 135
334 316 57 58
369 110 16 36
118 241 67 93
278 184 48 49
362 254 37 38
116 68 66 71
15 237 69 99
24 272 116 120
332 339 31 31
378 264 15 62
100 136 9 11
213 74 88 98
346 319 63 77
97 336 14 28
214 15 0 0
81 139 26 39
340 141 14 15
79 60 42 60
313 94 100 126
22 56 23 25
176 309 87 93
16 345 59 86
52 184 38 47
214 182 28 60
279 127 24 29
395 20 67 113
49 2 22 27
272 293 68 68
359 270 16 19
317 247 40 42
196 272 52 86
266 24 33 40
32 132 8 19
356 232 0 4
268 164 124 155
80 251 7 7
76 209 117 138
114 132 49 127
159 383 9 23
194 366 25 36
77 118 2 2
26 221 33 82
362 199 8 24
349 219 87 109
324 116 46 65
235 6 126 135
103 166 50 75
234 34 112 130
36 285 14 16
161 319 29 38
95 167 26 43
85 104 36 48
179 279 25 68
215 323 38 58
353 261 73 108
384 39 59 127
391 201 82 96
329 18 47 51
54 278 93 97
20 117 20 26
48 172 110 111
254 296 89 139
378 170 30 30
259 380 36 42
275 342 67 86
199 385 12 17
241 34 83 112
111 139 38 98
237 244 43 68
14 381 15 31
235 160 42 61
258 80 31 62
147 313 87 91
109 290 4 13
289 134 14 20
58 15 58 74
196 305 1 1
202 220 58 71
318 187 53 80
73 334 105 107
50 372 29 42
259 177 4 5
217 306 52 76
196 375 16 16
19 360 41 64
284 25 89 102
379 332 116 126
330 39 24 28
182 279 53 67
187 68 71 86
245 261 49 54
272 209 26 28
122 300 17 24
34 214 53 76
335 243 29 32
17 385 7 8
261 264 6 11
313 293 87 94
119 121 10 21
334 62 14 18
162 336 59 88
161 79 41 49
214 332 25 31
188 301 21 57
330 7 35 48
157 81 39 64
71 37 114 125
208 77 119 128
221 280 13 19
139 387 105 127
225 165 95 103
237 74 48 72
279 366 30 40
52 239 73 106
21 306 129 136
50 18 20 28
204 190 53 89
128 125 28 30
89 19 22 28
134 60 25 71
40 238 10 25
94 156 11 11
154 15 77 96
16 70 58 64
226 384 71 75
140 163 3 3
89 1 68 105
316 234 30 35
334 240 60 102
9 65 18 19
208 293 11 12
13 47 41 65
180 179 61 135
7 64 75 79
162 135 15 28
183 27 59 59
228 260 67 86
189 64 69 70
249 313 75 90
114 364 67 105
24 242 123 139
93 129 115 149
360 157 70 140
62 18 7 12
171 148 31 36
253 211 69 109
383 299 13 45
105 291 54 83
216 151 118 130
28 283 67 69
384 57 38 51
133 60 26 71
93 229 84 92
99 208 58 72
15 369 104 104
274 21 10 10
17 370 72 72
350 211 60 78
204 254 114 114
195 252 74 92
235 312 124 142
243 161 93 94
27 278 27 27
389 154 95 98
107 226 75 136
264 352 16 27
227 291 28 32
57 239 86 116
174 120 12 20
188 185 110 111
126 155 29 74
364 100 61 66
23 31 10 39
375 261 5 7
333 60 109 111
74 291 53 74
138 174 64 116
203 98 19 28
51 317 97 121
185 78 13 13
93 348 31 34
98 143 78 93
2 96 21 30
126 376 88 89
176 150 29 33
46 6 50 82
314 125 47 54
185 204 95 145
131 61 23 23
392 384 67 134
312 291 25 43
359 305 20 27
268 282 53 99
23 193 132 136
313 359 64 143
110 213 33 40
38 243 83 83
219 82 31 42
53 210 43 126
316 83 91 95
58 298 25 35
62 384 2 5
291 380 77 123
215 292 79 93
103 33 39 91
151 296 28 41
382 275 13 52
185 178 22 23
84 247 57 61
52 108 24 45
336 332 13 35
303 43 89 107
220 107 128 135
25 42 29 61
49 281 71 74
115 379 64 68
102 147 96 99
234 115 38 50
306 338 37 51
318 29 39 40
353 266 55 121
277 226 151 151
296 227 33 42
338 164 74 77
179 190 31 32
170 131 134 137
202 165 96 114
63 216 23 62
137 364 11 12
105 378 1 4
252 155 57 58
363 190 8 16
51 294 10 23
396 125 43 69
111 165 50 80
223 319 89 122
282 2 47 56
115 262 58 63
384 352 1 3
398 58 54 66
30 313 111 111
323 157 66 83
165 378 107 140
131 254 51 108
132 13 84 115
291 221 56 71
211 223 29 66
174 277 15 22
245 147 41 119
52 221 88 139
266 91 1 6
19 90 101 130
194 308 32 51
312 261 46 70
133 137 69 79
159 32 24 65
135 34 33 73
88 303 32 106
349 324 68 68
58 169 106 114
245 304 16 27
163 118 14 14
334 3 39 42
235 376 14 21
41 142 127 130
376 133 32 39
166 48 37 47
99 170 52 57
191 217 24 60
53 12 22 31
323 12 16 18
57 310 16 37
48 96 48 65
70 182 2 10
283 357 18 33
280 67 26 52
312 77 86 135
73 148 26 26
207 135 43 67
257 87 25 48
30 21 108 109
197 63 11 11
318 140 6 13
376 128 1 2
262 238 148 155
5 167 15 29
382 373 36 38
159 18 48 51
214 313 45 52
295 222 57 95
21 220 83 106
133 190 12 16
84 282 46 47
389 202 16 20
293 175 34 63
270 76 50 109
169 387 114 114
100 336 40 111
54 20 27 85
206 329 60 90
157 179 9 14
75 53 68 115
213 149 42 42
16 372 25 78
308 356 69 99
396 60 35 48
220 322 26 59
238 245 137 138
211 32 6 6
228 340 3 9
101 163 8 16
324 149 18 19
316 382 76 83
77 181 59 93
207 44 81 83
44 253 32 91
63 196 105 108
236 52 44 48
146 264 26 49
129 176 44 44
1 215 67 69
349 197 29 39
125 204 107 112
96 79 30 31
70 91 8 8
157 336 75 115
243 356 86 103
307 345 77 129
82 304 90 98
67 15 99 113
338 299 66 131
277 140 36 56
294 24 20 30
335 277 23 23
281 229 29 29
155 353 77 87
24 190 9 11
174 331 44 44
5 45 55 70
114 163 50 57
55 164 65 107
158 300 22 34
271 296 125 140
16 12 19 39
109 12 131 144
389 71 3 4
35 378 103 122
259 224 3 3
185 94 99 116
325 38 51 86
72 388 46 47
183 300 83 83
284 212 4 5
146 171 2 5
217 315 71 103
94 330 40 43
335 288 29 32
120 314 8 27
120 397 25 27
20 219 60 115
78 332 76 81
249 154 5 10
265 382 31 52
167 199 8 12
6 283 21 52
39 197 25 57
200 49 94 142
212 3 29 37
100 349 21 26
331 135 51 79
241 258 2 5
228 42 42 49
78 274 41 52
154 150 40 46
236 50 96 100
239 63 3 6
354 315 50 77
84 137 156 161
342 30 82 112
329 383 64 82
104 36 14 19
365 149 77 87
18 36 101 114
164 265 3 8
71 312 61 107
202 148 0 1
246 256 54 55
214 208 47 74
357 325 19 42
1 211 13 15
233 188 46 55
372 222 42 63
170 354 88 125
348 8 47 56
27 372 34 85
243 30 3 6
277 361 92 118
114 288 26 28
183 288 49 67
357 235 77 79
303 203 8 23
327 338 43 45
141 394 4 5
132 257 42 84
344 364 28 36
25 377 14 15
336 340 21 33
303 317 113 123
59 15 3 13
107 261 51 134
363 164 113 119
321 248 95 96
383 269 85 88
51 112 58 61
177 247 52 89
380 136 53 137
87 329 1 5
119 237 34 42
270 274 15 15
317 76 26 35
387 2 23 26
260 279 48 56
275 119 24 25
219 235 15 40
247 198 10 28
24 262 3 6
381 200 68 82
193 191 122 125
394 153 44 49
382 38 2 2
332 243 17 17
291 18 12 23
121 322 69 146
6 291 87 122
308 386 15 24
251 96 135 141
390 267 132 144
6 89 75 81
273 334 37 92
175 367 57 64
302 67 35 88
324 167 58 61
20 86 3 10
196 356 14 23
98 263 18 23
378 254 36 52
50 39 30 57
71 28 41 80
12 184 34 48
31 300 27 42
114 101 80 84
105 381 27 65
292 255 63 77
43 153 37 80
392 128 25 59
26 125 0 0
150 373 32 40
314 16 1 3
40 318 16 20
281 64 56 60
257 392 76 101
2 304 42 53
243 335 11 12
76 204 10 10
137 298 77 133
34 169 2 2
284 164 3 5
170 367 18 23
261 194 32 46
348 162 40 60
100 84 19 26
270 84 130 148
164 16 7 7
32 5 6 6
80 175 23 46
174 171 65 84
238 121 32 34
235 315 28 38
79 200 11 14
1 119 6 14
192 238 47 122
226 3 85 105
195 392 106 124
208 105 101 103
198 83 60 62
209 160 85 119
297 121 62 63
324 319 6 11
42 243 18 46
228 349 90 100
396 275 27 34
217 72 40 91
297 127 5 8
389 374 110 149
67 209 37 49
302 333 36 36
310 194 12 18
113 130 80 102
47 25 13 18
340 280 96 96
165 224 39 41
388 114 36 40
77 135 32 33
372 276 84 95
153 175 99 102
36 326 60 71
73 303 72 131
323 41 104 126
348 323 47 82
260 160 14 25
342 284 19 24
396 32 56 151
280 65 90 95
160 75 111 112
304 238 14 18
322 250 21 55
143 387 22 31
250 335 69 75
59 175 95 97
103 347 36 36
298 17 25 43
128 121 59 110
22 377 6 6
73 378 24 51
212 126 72 103
232 134 77 92
227 3 7 12
382 376 19 20
358 29 66 86
184 278 2 9
265 287 132 145
26 164 35 44
322 323 90 119
268 291 57 63
130 218 24 30
104 139 100 124
46 41 44 66
278 169 69 111
136 363 53 74
16 339 76 109
203 75 120 143
0 203 105 116
367 240 31 64
353 8 139 147
42 235 9 9
375 9 129 135
358 354 103 118
8 351 113 130
367 157 70 87
346 235 34 36
124 276 64 117
134 50 13 15
181 42 61 115
354 278 18 41
30 21 2 10
27 272 17 35
224 325 26 49
139 63 73 79
7 74 21 65
248 348 39 71
83 283 63 70
235 112 45 48
226 396 48 57
55 376 24 56
82 339 133 133
30 195 11 12
376 283 6 8
55 232 7 8
158 224 39 55
396 294 77 98
106 208 20 20
318 304 122 152
350 261 122 122
121 114 74 136
1 357 27 29
328 201 61 83
181 110 59 63
367 122 54 56
374 81 85 91
356 312 3 7
23 342 19 27
320 189 81 89
130 298 50 58
47 103 118 119
364 230 88 89
36 316 12 23
350 237 17 34
139 398 120 127
190 238 123 141
2 65 91 104
300 268 55 55
269 65 2 3
52 99 20 37
309 317 61 65
289 314 62 71
136 186 34 40
208 126 103 110
269 354 32 71
13 85 34 43
67 36 19 20
147 219 68 113
10 27 13 32
283 121 74 75
273 331 61 98
152 396 38 61
117 185 82 90
334 273 62 63
96 162 127 128
187 217 53 97
390 44 40 105
173 60 56 73
343 297 27 34
2 320 43 51
180 214 51 72
227 48 1 3
103 20 107 110
28 82 9 15
122 272 20 25
281 258 5 13
375 76 56 72
132 278 77 77
271 121 106 121
370 141 21 25
185 7 2 4
212 272 114 122
282 73 10 18
396 227 41 54
231 43 87 96
129 3 111 122
210 352 51 62
139 224 46 77
15 146 99 100
265 308 119 126
43 233 11 12
313 81 48 90
93 392 7 10
56 341 126 145
31 200 37 40
229 67 6 10
289 63 53 129
351 188 86 130
151 65 28 63
138 57 9 10
396 258 67 79
382 4 91 122
285 350 93 144
53 347 45 90
331 378 47 62
187 128 11 29
151 110 16 17
165 377 74 79
247 395 9 20
25 353 45 90
231 48 70 110
313 116 35 37
341 1 37 69
234 138 36 64
195 68 121 129
315 70 16 39
357 101 6 6
132 116 42 52
23 393 58 60
344 367 62 62
150 307 16 33
320 210 49 118
36 67 28 34
40 11 98 99
316 72 10 25
172 5 111 129
198 154 61 126
348 383 35 117
191 20 11 15
70 15 52 66
9 182 19 51
272 111 67 108
310 211 88 90
371 156 15 26
181 4 36 66
356 54 75 107
293 353 56 58
169 360 44 88
255 155 65 84
12 109 64 74
84 144 53 138
383 304 39 77
396 17 103 113
11 287 27 34
223 111 23 51
19 81 92 95
339 127 71 72
121 183 24 66
333 368 88 122
43 28 58 77
327 106 6 8
203 278 27 27
296 319 37 100
44 289 48 56
160 354 78 80
15 67 30 34
108 62 31 80
4 306 49 74
202 95 4 9
23 193 12 13
42 156 47 51
0 250 35 40
276 40 8 13
199 176 21 51
282 205 93 98
150 361 57 73
250 275 19 30
296 186 20 38
154 354 55 122
199 277 66 87
190 257 71 78
47 34 30 39
62 82 158 158
55 142 17 22
120 8 18 20
297 179 48 50
334 134 52 66
161 276 41 47
61 228 77 80
342 205 128 135
46 360 40 58
25 64 73 74
198 188 7 23
159 54 42 49
206 223 56 75
93 237 60 68
249 329 31 47
279 226 5 14
12 247 77 102
111 85 25 95
131 198 71 72
112 349 84 85
311 123 6 6
242 275 18 25
122 23 78 89
44 60 115 134
205 269 127 127
38 351 7 11
275 316 17 27
108 63 135 156
113 358 109 125
214 382 111 148
162 283 69 79
336 140 49 71
81 219 3 4
345 235 23 25
303 305 14 19
102 304 65 87
249 171 30 43
60 276 40 54
163 250 11 19
180 265 26 27
366 343 27 45
318 18 30 32
80 82 120 122
192 360 28 32
264 174 34 34
87 398 48 62
227 84 13 15
238 389 40 45
358 363 86 92
100 163 82 87
142 271 82 107
234 159 44 84
314 124 26 27
159 215 26 35
78 263 15 30
194 75 67 80
13 349 28 63
197 285 113 114
105 119 59 64
361 248 24 49
195 323 1 2
116 345 44 140
262 335 38 59
294 274 59 67
109 64 3 9
282 260 33 89
16 213 84 85
371 341 87 113
9 286 91 109
42 262 25 33
124 56 16 26
208 87 87 145
332 154 48 50
304 13 17 71
4 69 56 63
259 283 55 58
156 388 3 6
69 160 40 83
352 358 54 58
3 177 23 25
136 39 66 74
151 181 5 5
334 291 24 24
381 152 82 94
197 205 20 47
221 117 37 41
155 395 34 35
349 396 17 18
289 213 30 57
65 392 31 32
23 130 15 61
196 302 21 21
390 271 5 13
251 216 36 50
112 311 92 101
75 299 47 140
169 256 5 10
198 100 105 113
217 209 15 19
382 307 58 74
83 43 148 150
326 342 17 21
108 305 9 10
367 397 30 40
177 4 76 104
105 320 35 45
315 211 17 53
122 380 33 34
289 378 45 81
199 190 42 57
59 64 55 55
25 47 21 21
306 216 14 14
72 169 69 109
126 369 44 118
118 265 17 25
269 236 28 38
283 380 78 101
368 27 107 132
241 320 2 4
328 151 26 74
317 365 21 43
33 105 49 58
138 132 125 127
357 70 78 86
117 296 56 73
309 383 9 10
242 358 40 47
396 384 72 73
61 305 137 153
192 327 30 39
19 341 5 8
282 316 45 49
20 316 139 143
199 394 80 81
25 241 105 123
222 65 79 88
309 127 17 18
109 117 32 64
158 142 78 95
372 265 37 54
289 141 57 82
209 330 10 10
205 106 51 96
389 362 6 15
286 89 50 55
335 154 50 84
157 224 74 109
96 166 63 63
298 245 59 59
63 349 64 64
45 234 88 111
53 43 36 36
161 108 59 110
40 387 35 54
296 161 14 22
273 79 78 81
110 63 52 59
86 23 2 6
122 43 85 127
340 175 7 12
118 109 22 26
281 372 35 36
50 293 35 117
27 202 57 126
141 290 75 75
24 333 30 30
119 204 85 125
19 32 22 29
236 72 55 67
161 332 45 46
344 252 6 9
344 170 90 93
350 200 26 40
353 289 75 78
90 235 10 12
294 249 35 44
351 127 42 52
376 57 28 32
321 140 96 110
147 163 17 21
252 338 81 99
47 80 10 34
65 288 12 13
183 24 73 97
362 247 34 80
141 27 89 107
347 294 61 88
52 289 82 90
296 156 12 18
362 338 67 69
38 68 119 120
330 74 37 65
284 201 73 82
128 365 79 89
374 319 85 100
374 185 65 123
278 146 16 37
394 151 113 114
199 336 23 48
157 272 71 76
327 124 91 106
378 178 44 45
231 67 136 152
73 95 48 109
191 106 35 35
194 188 49 56
145 320 45 79
211 320 27 95
208 142 49 98
148 313 128 143
282 104 25 79
0 238 33 91
142 69 47 49
335 131 66 87
103 179 2 3
277 312 54 85
5 397 68 81
228 113 30 31
91 94 71 111
108 337 83 93
216 214 24 35
225 165 56 87
219 57 57 59
93 1 53 106
259 249 38 39
28 22 40 45
254 85 4 4
200 13 15 34
75 273 64 81
155 31 50 59
324 389 120 129
317 152 6 23
265 32 15 19
148 1 75 94
292 287 88 100
191 274 31 40
34 11 42 47
52 235 43 44
105 183 23 26
160 245 16 18
159 274 50 72
240 281 118 156
282 392 52 120
301 142 50 93
377 289 38 38
296 213 120 131
113 36 13 18
205 236 27 38
173 377 70 110
85 359 26 34
194 160 35 44
86 6 5 9
125 175 7 28
389 266 74 78
7 29 39 39
228 289 39 39
367 390 64 75
180 55 61 76
127 170 34 45
140 27 148 151
350 354 85 115
220 381 0 2
260 353 38 41
386 344 149 149
32 316 3 6
393 268 31 63
255 48 35 69
109 17 119 138
165 9 88 91
347 374 19 21
18 23 24 26
390 41 18 27
386 302 33 46
44 355 31 88
239 282 95 95
85 355 45 50
213 9 109 115
1 169 119 121
128 12 44 84
301 26 69 70
180 385 3 5
3 110 50 97
314 319 102 118
337 196 88 90
52 222 10 15
88 80 5 6
122 390 37 84
140 10 116 116
342 266 0 0
257 122 6 28
196 88 38 39
279 396 80 80
250 202 46 58
47 235 27 82
349 108 38 121
231 323 2 2
293 227 6 6
138 293 106 109
22 3 124 135
365 222 25 25
25 315 79 90
82 195 131 144
357 167 16 32
247 189 48 136
386 169 37 38
163 133 29 50
26 263 57 72
242 149 68 76
217 357 11 11
385 39 66 69
278 183 13 18
159 201 4 13
310 136 78 85
293 170 19 44
206 217 8 10
158 394 69 81
308 197 7 22
150 192 91 91
28 42 123 141
28 264 13 33
30 24 0 1
64 188 19 23
210 98 58 88
10 220 28 41
27 260 84 94
83 376 110 115
70 167 16 40
122 231 108 138
114 251 59 98
376 182 72 73
356 228 10 11
151 386 22 25
312 101 47 50
323 167 0 2
25 127 42 52
281 325 39 101
353 48 1 4
337 388 21 38
141 62 14 15
352 329 61 74
366 217 16 43
221 57 3 4
82 358 24 59
86 132 95 96
308 146 43 49
116 279 79 95
201 321 73 80
382 212 22 23
210 60 42 47
297 138 38 75
370 178 21 63
127 77 23 27
31 62 8 32
118 135 45 47
17 41 122 140
35 108 3 11
252 156 20 20
245 8 34 45
262 346 24 26
219 336 73 116
8 383 120 127
