400 3200
0 1 56 126
1 2 89 120
2 3 0 0
3 4 17 54
4 5 11 23
5 6 0 4
6 7 39 92
7 8 4 11
8 9 66 151
9 10 64 108
10 11 37 52
11 12 30 37
12 13 23 55
13 14 152 156
14 15 7 55
15 16 41 60
16 17 72 113
17 18 108 142
18 19 16 88
19 20 23 80
20 21 74 87
21 22 83 86
22 23 58 68
23 24 123 150
24 25 8 10
25 26 137 151
26 27 0 7
27 28 11 44
28 29 12 14
29 30 119 130
30 31 15 73
31 32 27 50
32 33 95 97
33 34 43 50
34 35 74 83
35 36 65 82
36 37 18 25
37 38 90 97
38 39 9 13
39 40 51 61
40 41 79 80
41 42 49 54
42 43 32 64
43 44 41 43
44 45 7 10
45 46 74 112
46 47 55 55
47 48 32 93
48 49 19 24
49 50 1 6
50 51 2 5
51 52 2 4
52 53 38 143
53 54 15 26
54 55 31 49
55 56 4 31
56 57 30 44
57 58 18 93
58 59 66 77
59 60 72 78
60 61 9 42
61 62 76 169
62 63 27 33
63 64 23 40
64 65 8 68
65 66 102 105
66 67 101 107
67 68 90 152
68 69 87 87
69 70 8 14
70 71 122 129
71 72 5 19
72 73 19 101
73 74 49 53
74 75 77 133
75 76 22 82
76 77 166 171
77 78 60 117
78 79 123 148
79 80 83 86
80 81 42 46
81 82 46 64
82 83 102 113
83 84 17 39
84 85 29 53
85 86 132 144
86 87 68 142
87 88 174 174
88 89 73 91
89 90 46 48
90 91 0 7
91 92 176 176
92 93 11 16
93 94 36 60
94 95 35 53
95 96 43 129
96 97 16 18
97 98 83 100
98 99 7 105
99 100 75 81
100 101 28 57
101 102 47 47
102 103 76 83
103 104 49 86
104 105 159 171
105 106 103 131
106 107 6 30
107 108 156 166
108 109 63 78
109 110 57 57
110 111 9 26
111 112 14 66
112 113 89 90
113 114 111 132
114 115 7 22
115 116 3 4
116 117 132 140
117 118 165 165
118 119 102 122
119 120 23 43
120 121 12 80
121 122 13 31
122 123 10 79
123 124 38 48
124 125 160 167
125 126 43 51
126 127 20 37
127 128 121 127
128 129 10 22
129 130 44 53
130 131 26 36
131 132 159 161
132 133 43 55
133 134 0 2
134 135 31 33
135 136 52 152
136 137 42 48
137 138 74 118
138 139 126 141
139 140 42 48
140 141 60 79
141 142 26 70
142 143 2 5
143 144 14 84
144 145 14 150
145 146 7 41
146 147 1 4
147 148 63 63
148 149 70 104
149 150 9 28
150 151 13 43
151 152 136 138
152 153 6 7
153 154 4 5
154 155 25 34
155 156 87 91
156 157 11 50
157 158 44 55
158 159 52 52
159 160 15 17
160 161 34 61
161 162 80 95
162 163 62 97
163 164 33 40
164 165 7 32
165 166 8 78
166 167 8 10
167 168 70 125
168 169 56 82
169 170 107 142
170 171 38 76
171 172 124 124
172 173 1 1
173 174 35 62
174 175 12 14
175 176 8 12
176 177 19 24
177 178 8 11
178 179 11 83
179 180 46 61
180 181 48 50
181 182 14 18
182 183 120 126
183 184 16 64
184 185 29 35
185 186 74 76
186 187 43 179
187 188 30 39
188 189 26 45
189 190 175 184
190 191 50 88
191 192 9 67
192 193 86 101
193 194 130 157
194 195 92 93
195 196 48 51
196 197 10 77
197 198 40 121
198 199 61 88
199 200 101 103
200 201 136 143
201 202 7 8
202 203 88 88
203 204 11 18
204 205 40 57
205 206 80 93
206 207 98 99
207 208 44 59
208 209 93 100
209 210 51 53
210 211 8 16
211 212 44 44
212 213 14 33
213 214 29 40
214 215 0 2
215 216 37 37
216 217 12 92
217 218 51 54
218 219 9 10
219 220 2 23
220 221 1 1
221 222 43 82
222 223 25 133
223 224 123 138
224 225 20 30
225 226 109 111
226 227 32 52
227 228 98 101
228 229 19 19
229 230 111 122
230 231 19 28
231 232 15 19
232 233 112 128
233 234 6 7
234 235 33 64
235 236 27 32
236 237 6 97
237 238 94 107
238 239 60 78
239 240 85 103
240 241 50 72
241 242 87 95
242 243 83 114
243 244 24 40
244 245 83 96
245 246 56 57
246 247 6 7
247 248 41 43
248 249 58 68
249 250 18 19
250 251 9 152
251 252 156 159
252 253 10 14
253 254 184 184
254 255 21 23
255 256 32 33
256 257 111 143
257 258 122 145
258 259 24 61
259 260 74 108
260 261 145 148
261 262 116 116
262 263 70 88
263 264 57 78
264 265 157 157
265 266 17 25
266 267 64 78
267 268 84 117
268 269 63 84
269 270 17 17
270 271 35 60
271 272 44 55
272 273 68 90
273 274 68 81
274 275 76 77
275 276 10 14
276 277 39 74
277 278 50 50
278 279 30 41
279 280 37 37
280 281 89 101
281 282 121 131
282 283 120 150
283 284 12 12
284 285 9 16
285 286 154 168
286 287 47 81
287 288 38 40
288 289 86 91
289 290 17 17
290 291 15 21
291 292 146 146
292 293 13 13
293 294 66 122
294 295 15 32
295 296 18 131
296 297 0 2
297 298 7 20
298 299 49 49
299 300 19 39
300 301 147 175
301 302 112 113
302 303 44 57
303 304 79 89
304 305 4 13
305 306 22 44
306 307 44 79
307 308 12 45
308 309 23 37
309 310 5 6
310 311 108 113
311 312 22 23
312 313 3 5
313 314 9 31
314 315 11 30
315 316 10 13
316 317 5 5
317 318 40 104
318 319 14 41
319 320 64 64
320 321 28 33
321 322 20 28
322 323 51 95
323 324 4 34
324 325 78 131
325 326 10 12
326 327 31 57
327 328 54 76
328 329 32 36
329 330 81 102
330 331 8 46
331 332 51 53
332 333 23 26
333 334 98 173
334 335 12 15
335 336 2 14
336 337 41 70
337 338 82 83
338 339 49 52
339 340 48 48
340 341 164 180
341 342 76 77
342 343 84 95
343 344 33 35
344 345 9 11
345 346 78 107
346 347 35 47
347 348 22 28
348 349 45 53
349 350 6 51
350 351 117 150
351 352 96 106
352 353 45 79
353 354 24 37
354 355 58 80
355 356 68 156
356 357 125 141
357 358 63 107
358 359 19 19
359 360 74 74
360 361 16 49
361 362 19 50
362 363 87 93
363 364 47 62
364 365 44 46
365 366 67 74
366 367 77 78
367 368 47 72
368 369 84 141
369 370 33 104
370 371 20 51
371 372 8 66
372 373 1 6
373 374 106 139
374 375 15 70
375 376 65 139
376 377 152 171
377 378 52 63
378 379 11 13
379 380 29 116
380 381 83 135
381 382 75 89
382 383 36 36
383 384 37 69
384 385 31 49
385 386 29 74
386 387 99 128
387 388 14 17
388 389 12 104
389 390 99 140
390 391 17 58
391 392 97 104
392 393 15 30
393 394 9 34
394 395 104 109
395 396 136 140
396 397 73 125
397 398 116 145
398 399 41 74
399 0 77 90
331 202 25 27
93 357 12 13
237 230 1 12
282 6 110 115
174 190 19 27
135 160 141 141
43 391 23 57
169 243 7 21
387 303 1 7
60 87 29 42
199 53 25 139
387 247 17 17
20 131 34 37
89 331 123 146
378 148 41 51
237 95 19 51
160 291 154 161
3 58 62 124
34 363 90 103
397 283 32 32
17 368 9 41
173 390 2 14
140 136 1 18
47 372 5 34
127 29 61 99
114 218 23 69
46 317 3 38
294 344 49 65
55 306 80 122
315 49 42 54
233 247 22 48
277 292 17 29
78 187 11 19
386 308 54 58
13 294 21 27
96 68 20 42
41 239 116 128
147 63 12 99
83 295 107 108
293 114 0 5
362 370 64 90
69 224 8 93
239 96 39 42
226 219 1 8
158 385 47 50
332 383 38 42
364 53 144 162
158 368 10 12
274 108 26 34
320 339 32 112
349 231 4 19
398 172 76 107
381 112 3 4
167 123 9 10
117 335 107 139
130 84 68 74
338 6 1 2
339 366 69 122
28 41 33 86
142 250 4 12
3 58 25 142
111 64 64 77
79 127 8 41
315 52 29 74
392 37 95 107
381 183 53 82
33 201 24 25
1 148 40 115
329 295 8 12
324 236 57 140
95 169 117 118
67 342 47 115
267 214 53 55
258 16 7 8
131 207 129 136
383 144 1 8
396 40 58 69
259 333 104 112
346 109 10 29
115 0 67 84
296 293 67 176
360 292 71 81
59 178 100 138
242 38 123 137
50 117 15 31
49 216 76 97
275 274 0 1
222 76 3 59
302 272 37 42
340 320 46 118
31 248 16 29
227 351 54 57
320 339 10 12
110 335 30 105
271 300 75 81
252 3 90 97
233 210 144 150
313 34 66 70
38 64 5 6
236 227 16 22
56 94 10 40
395 251 7 15
199 85 12 15
37 235 21 90
336 291 66 70
29 328 17 39
152 140 86 89
259 196 9 23
206 272 131 139
92 124 44 145
161 250 39 52
250 215 8 14
175 90 6 23
132 319 37 42
38 162 112 119
394 344 47 82
322 180 2 2
67 102 19 61
383 201 93 154
74 167 38 38
231 117 81 89
267 50 101 111
139 276 34 34
188 277 121 131
359 145 45 64
242 99 11 99
132 87 18 40
349 238 18 28
128 80 16 33
374 56 17 25
318 19 83 85
128 134 33 155
126 162 34 34
74 260 68 72
365 389 96 99
229 56 95 128
53 68 113 116
278 320 19 25
87 211 9 156
94 247 42 96
178 107 15 18
308 28 27 33
362 371 24 35
306 85 50 84
377 347 7 17
319 104 9 25
358 265 57 62
349 35 28 82
72 344 103 103
250 43 27 65
214 129 40 84
246 222 67 69
276 150 92 99
284 173 45 88
335 78 14 24
330 321 1 1
271 84 17 28
106 56 25 36
357 217 46 50
3 268 8 26
270 174 8 102
393 21 77 139
226 144 106 117
172 397 9 163
219 202 70 93
112 1 46 62
258 34 11 19
43 301 73 74
373 338 108 154
334 372 7 21
268 367 10 14
76 32 63 69
351 286 145 163
382 65 59 73
119 226 105 144
368 230 20 23
85 373 28 56
138 71 80 128
120 147 51 64
17 260 20 28
161 328 146 146
88 32 5 10
150 155 139 150
162 137 26 59
136 127 39 42
196 222 12 21
154 108 106 115
145 170 32 33
175 217 48 169
42 181 17 20
185 18 11 35
338 350 31 31
205 231 17 18
63 185 31 47
306 44 10 27
131 236 18 34
148 171 21 69
7 171 41 85
3 267 0 0
249 214 10 63
127 363 34 45
60 293 98 115
44 299 17 37
67 240 7 24
23 63 22 64
387 1 137 145
246 82 40 48
321 368 26 27
155 188 39 75
145 346 136 149
94 148 69 120
324 24 83 83
346 66 45 45
66 249 10 10
324 132 27 78
259 271 84 86
50 377 27 70
220 190 19 76
170 272 81 132
233 160 27 43
398 395 14 35
250 114 49 55
88 137 7 8
324 242 34 42
86 254 112 144
133 89 20 77
68 76 87 131
334 277 136 178
95 76 114 133
367 186 104 166
294 85 26 28
305 320 7 8
197 193 99 99
294 5 2 6
78 215 130 141
326 143 12 98
223 84 38 44
239 326 23 58
171 130 24 26
4 284 25 35
88 182 22 34
6 386 116 127
217 57 34 72
217 173 86 117
258 144 92 142
258 319 4 8
292 288 30 99
251 300 22 164
374 47 99 149
115 160 8 21
110 329 70 170
34 275 13 84
9 305 137 158
382 126 22 122
5 43 161 164
375 195 7 37
322 178 112 165
151 22 13 137
188 250 74 75
182 2 28 79
141 63 50 75
335 325 136 153
234 232 33 69
158 203 68 91
284 214 5 14
75 315 38 48
88 273 106 138
46 152 34 67
95 196 92 107
215 219 4 57
20 261 39 41
76 238 97 147
147 188 42 78
14 95 103 109
300 326 82 105
67 110 154 156
63 161 47 90
378 141 1 2
28 15 96 98
288 103 3 3
132 139 100 129
269 17 62 90
10 146 71 71
161 65 116 140
22 15 21 35
370 272 68 71
294 263 115 140
278 174 66 89
5 138 12 16
368 384 77 79
339 369 2 28
261 330 57 63
263 28 113 123
59 246 48 115
91 169 24 36
172 308 48 98
256 295 17 51
192 171 113 115
7 267 72 82
86 107 41 59
335 145 25 39
317 84 58 136
246 182 12 20
389 398 12 13
283 351 80 120
378 15 61 66
379 150 94 105
290 35 76 131
12 171 49 78
83 297 19 21
257 1 12 23
240 285 61 118
152 163 49 87
346 34 37 52
385 214 119 128
148 299 8 12
88 235 106 119
125 127 79 87
232 194 23 35
207 107 3 5
105 146 49 56
194 124 132 134
252 237 40 62
61 130 84 109
26 315 41 76
228 293 17 24
204 378 160 174
348 173 1 11
70 140 17 27
318 380 3 4
179 367 91 98
323 94 38 54
129 385 158 178
91 278 19 68
387 301 52 64
266 113 52 92
230 210 117 123
250 212 19 28
293 393 53 54
369 333 3 45
59 54 99 100
330 51 3 4
128 134 45 82
266 324 133 140
382 393 7 8
283 350 87 88
253 22 21 23
389 357 67 113
265 283 3 11
88 293 14 17
27 253 68 104
64 369 21 107
272 375 113 120
10 249 12 12
12 316 96 118
98 263 3 4
342 344 12 22
267 378 48 49
11 48 63 96
66 299 32 48
279 48 9 39
82 239 148 154
186 122 44 64
1 199 6 29
360 200 19 30
109 15 6 81
149 165 39 41
281 203 70 70
380 382 21 21
122 228 8 9
93 183 143 176
279 74 93 95
375 380 37 40
206 119 68 80
194 346 17 24
303 354 26 39
194 133 8 13
44 125 38 173
163 277 7 18
303 141 17 55
274 150 31 53
233 101 22 22
371 0 34 43
305 103 134 135
395 50 77 99
339 34 15 22
382 46 156 162
53 357 76 96
126 320 15 31
373 51 136 161
5 95 7 7
306 45 13 27
327 78 65 68
99 212 29 29
306 110 19 31
288 388 82 93
304 320 59 69
302 47 86 144
24 50 95 101
351 298 132 139
243 57 51 57
368 123 40 170
80 349 114 132
322 257 12 13
335 387 27 44
388 229 48 50
350 23 18 36
60 178 8 14
57 376 2 3
136 363 22 24
280 196 8 41
289 121 56 86
225 277 45 46
335 283 3 7
334 202 52 64
295 152 30 131
155 137 27 64
376 291 8 28
361 210 79 84
100 313 123 144
214 66 28 37
227 139 2 2
232 351 83 100
14 353 44 109
213 19 83 138
171 317 69 86
2 255 53 107
242 125 8 24
200 57 8 9
355 338 45 52
242 114 33 44
133 394 110 119
92 293 5 16
357 196 0 4
83 128 16 18
171 181 70 78
383 257 32 143
81 255 8 18
286 367 81 113
309 67 50 83
93 168 6 27
48 115 51 123
239 37 42 126
322 242 17 19
239 139 111 129
235 154 79 127
72 15 45 45
247 360 14 59
249 318 68 99
142 97 59 82
172 296 107 122
141 202 60 83
156 361 108 150
379 234 8 10
110 226 32 32
117 85 163 166
174 146 103 107
181 244 76 76
390 151 16 50
107 26 35 45
131 260 42 59
310 264 13 26
299 120 27 49
246 91 51 53
324 119 46 48
185 376 132 152
314 138 90 115
147 361 171 175
104 376 10 52
140 372 36 36
120 58 14 28
250 254 29 120
100 180 3 7
319 287 22 34
306 94 57 76
228 347 15 151
332 49 10 25
246 131 2 17
40 41 28 30
14 297 77 80
156 86 66 74
53 126 30 30
352 239 49 65
128 212 7 7
157 86 35 42
231 326 93 142
16 66 46 65
162 230 13 27
138 217 5 5
373 152 10 11
284 75 7 7
151 11 56 121
24 239 52 63
70 198 31 50
201 188 127 128
194 205 62 133
70 76 40 48
353 192 36 61
82 95 129 140
92 243 11 15
67 289 3 8
189 257 38 40
236 251 2 25
396 16 128 128
156 346 87 91
370 144 20 47
191 49 161 162
26 143 1 14
66 167 49 77
330 29 6 73
102 209 25 25
205 93 17 32
294 173 37 44
362 265 108 108
378 195 118 129
140 325 86 165
371 222 122 139
58 95 1 1
128 315 17 26
76 19 53 62
393 31 35 91
232 278 21 46
320 26 4 13
395 198 8 8
215 199 36 48
219 329 29 50
78 274 39 43
212 288 95 163
51 69 17 17
55 254 20 34
245 130 12 85
153 351 65 136
313 107 2 36
157 351 39 72
316 118 99 138
377 104 169 171
53 223 21 48
195 188 17 18
289 251 1 1
376 373 63 76
368 117 15 83
19 53 23 152
112 314 62 77
179 232 113 135
90 364 28 45
85 50 134 147
74 202 57 130
50 17 32 98
290 120 2 17
307 267 74 100
125 350 31 75
256 271 122 140
303 132 5 30
157 122 11 32
34 260 3 23
239 395 6 20
143 70 103 142
255 393 29 64
231 270 46 90
5 45 2 2
316 113 153 153
174 395 31 37
187 153 55 78
367 286 71 75
138 191 3 35
309 101 13 91
395 333 65 85
220 38 2 6
315 332 57 58
234 360 90 158
159 168 88 121
322 211 26 27
290 339 68 75
348 269 85 86
41 44 7 12
398 278 41 78
84 140 43 100
0 359 23 29
114 169 17 44
100 318 116 163
155 283 21 116
258 361 0 0
71 200 17 17
2 361 39 62
118 372 34 52
0 330 36 39
102 380 74 122
213 174 21 77
261 137 109 109
331 310 58 60
336 234 95 102
113 287 12 25
371 78 102 162
261 126 62 120
45 153 14 16
296 390 150 153
179 376 4 9
62 398 56 81
89 350 32 89
356 385 40 40
107 214 44 82
300 340 76 76
149 325 120 136
121 254 50 52
219 71 48 75
22 348 30 93
175 338 2 36
361 95 5 9
264 228 12 82
15 209 85 116
340 41 2 2
395 187 19 34
18 177 30 31
358 351 105 134
145 265 15 142
20 31 10 12
181 16 27 83
319 47 54 127
195 356 4 42
380 243 88 112
210 124 78 127
25 224 6 6
327 295 77 133
71 191 6 8
112 209 77 151
335 182 0 3
140 351 160 166
183 203 84 120
135 203 54 57
209 58 112 112
292 352 4 24
48 318 34 82
343 8 2 3
175 140 5 9
67 231 126 131
210 96 13 60
0 144 78 110
156 109 31 180
95 53 67 77
369 136 160 165
209 295 7 34
20 57 26 35
122 139 51 105
332 29 105 111
315 261 1 2
141 144 110 172
114 111 159 163
179 66 24 25
148 189 8 9
131 172 82 171
284 342 24 79
66 392 83 86
280 316 27 30
60 154 11 58
40 249 18 20
381 13 52 65
169 189 32 42
177 184 76 76
81 338 10 23
47 56 91 106
389 156 25 29
332 85 6 42
242 293 27 132
251 12 152 168
13 362 106 150
301 222 44 74
120 274 33 78
307 36 20 61
356 220 108 113
5 71 38 74
382 278 2 13
319 390 56 56
227 367 6 13
216 14 125 141
376 85 147 159
345 379 53 56
348 257 104 130
116 55 61 64
171 345 31 41
88 231 113 116
205 262 53 140
331 118 91 96
197 74 47 57
124 386 0 3
203 309 11 33
235 49 112 164
17 28 40 134
332 58 3 10
56 313 28 81
96 398 52 60
306 381 107 164
302 235 52 52
340 357 46 95
180 164 42 53
323 13 17 24
114 302 85 112
97 280 17 61
142 306 126 158
100 14 29 30
239 153 35 42
31 60 28 90
70 16 100 121
312 363 9 74
333 375 15 28
312 381 114 115
124 159 112 160
57 304 66 76
3 142 9 9
259 52 155 179
53 296 72 75
325 378 3 12
101 57 17 24
302 151 80 81
4 84 32 53
237 234 10 56
132 216 39 65
28 190 10 38
315 252 17 67
254 255 149 174
32 308 9 103
123 16 41 112
385 11 3 51
98 122 140 140
311 96 29 30
236 275 1 3
244 146 135 137
246 38 97 171
297 10 21 38
306 92 26 43
236 98 24 52
31 38 63 180
103 338 15 37
216 17 17 21
188 356 96 158
274 5 20 21
15 196 10 44
102 264 167 172
280 164 58 67
273 112 121 124
19 379 51 56
128 22 22 95
40 269 8 15
356 61 26 45
362 81 26 30
183 163 18 25
8 23 26 27
63 219 67 82
115 106 104 130
313 148 27 30
315 373 21 111
125 81 45 47
288 308 59 71
121 108 169 181
257 298 10 33
38 253 25 81
68 336 25 51
123 274 18 36
306 144 113 129
169 260 91 108
335 105 100 114
215 358 33 34
319 309 8 31
270 218 3 23
152 78 10 25
302 367 6 28
203 299 68 72
172 221 105 149
337 256 112 141
236 148 82 98
212 220 4 9
99 381 16 29
208 68 70 110
164 395 29 60
319 61 3 25
309 6 127 166
278 351 15 20
225 364 59 116
248 128 51 52
209 269 11 21
4 276 50 57
31 123 124 151
156 154 43 68
237 297 1 4
310 100 72 128
364 367 53 53
252 312 54 107
131 378 85 96
212 20 105 115
289 185 37 91
365 35 17 21
379 102 156 170
18 338 14 66
8 316 148 165
339 398 6 25
268 332 11 12
30 394 26 27
128 269 70 126
14 34 1 1
166 14 11 18
170 23 71 71
335 318 46 55
287 74 107 128
4 391 159 166
163 196 32 50
12 51 34 134
317 153 74 87
361 188 54 134
18 181 119 120
292 287 63 118
225 19 158 160
280 388 23 40
24 66 14 20
164 277 1 8
310 358 5 13
265 136 13 75
48 220 124 156
308 42 26 35
141 268 7 8
381 247 55 59
377 366 30 54
24 122 19 21
359 366 60 66
335 153 13 17
14 329 42 43
25 237 31 48
345 203 43 60
381 275 26 32
112 349 38 41
336 354 7 68
210 107 121 136
175 303 39 93
221 255 128 182
372 83 32 42
259 171 38 39
167 56 14 34
265 233 36 137
355 331 131 135
41 126 56 57
39 35 1 1
49 365 0 0
182 158 19 38
67 228 10 30
190 49 12 40
14 6 79 80
218 303 109 121
226 56 61 67
326 147 52 58
355 354 86 103
126 92 54 79
298 239 65 87
221 376 32 52
270 88 116 126
274 311 42 90
248 272 16 16
259 101 4 4
121 301 153 163
322 133 9 14
60 294 16 23
343 250 22 26
200 91 22 31
40 148 26 51
86 22 82 92
138 348 15 19
29 280 102 118
254 384 29 55
76 99 29 43
36 333 96 137
232 145 0 1
41 307 13 44
262 383 61 69
386 380 63 91
305 244 133 161
87 65 10 34
41 12 3 6
62 263 30 37
79 53 33 38
42 361 17 60
130 317 48 118
321 360 5 5
193 245 61 130
96 363 110 115
159 157 117 137
0 54 23 35
274 283 1 30
223 372 103 147
97 393 51 53
92 130 23 63
345 281 35 44
236 381 4 10
134 221 91 103
391 137 161 161
336 69 51 53
187 325 31 50
232 29 15 17
229 246 53 79
371 331 108 124
17 141 16 22
184 347 45 72
335 222 124 132
387 367 25 34
287 256 27 30
288 73 23 32
299 121 44 60
182 35 72 72
262 258 53 66
153 243 4 12
381 57 125 155
171 380 55 58
144 50 46 87
210 312 9 10
27 126 21 23
56 53 22 55
193 97 40 69
165 319 59 68
128 317 28 76
393 97 104 109
151 14 49 55
126 1 61 77
192 215 29 34
17 156 20 29
345 294 11 13
281 275 5 6
252 50 50 57
148 1 26 96
243 192 41 133
117 131 7 7
225 316 177 178
312 140 48 133
213 306 90 110
109 163 12 75
348 329 21 85
71 142 24 31
23 186 11 74
103 12 24 45
210 336 60 84
166 7 26 27
295 170 3 4
218 233 60 91
11 103 33 65
203 320 85 107
125 200 93 112
389 218 81 86
343 35 85 88
36 180 17 31
290 154 101 140
378 1 64 68
279 322 30 44
323 324 49 50
225 364 32 56
354 333 60 64
210 83 13 36
129 179 31 31
53 207 23 26
293 352 10 187
376 70 54 85
331 395 56 61
167 6 68 82
241 295 10 65
41 161 35 57
81 187 51 56
120 82 41 58
117 319 19 19
41 231 23 151
370 196 33 71
313 180 81 83
97 229 59 76
327 301 106 134
292 125 70 81
384 180 128 138
17 44 180 184
55 354 3 4
293 263 18 42
14 316 9 76
270 131 11 49
104 324 2 7
110 147 122 123
158 192 10 24
190 178 27 29
245 283 98 139
252 175 69 88
384 344 49 72
212 133 43 77
103 264 25 29
119 335 31 33
360 300 63 82
342 324 13 13
240 356 90 93
259 232 56 140
103 118 10 97
76 265 113 126
205 212 17 19
175 3 59 77
145 42 64 78
353 385 51 53
246 3 60 71
397 192 143 153
304 179 102 104
380 105 68 96
235 173 146 149
236 141 39 44
224 102 13 18
339 314 36 54
384 45 102 125
341 121 20 25
106 33 16 24
61 186 96 97
33 164 32 40
272 125 46 95
79 357 13 101
297 348 15 28
48 204 52 86
396 1 83 177
131 55 148 155
143 192 102 106
107 224 24 56
270 170 151 173
264 164 93 97
150 318 145 151
94 53 5 36
124 391 8 29
173 155 2 40
187 184 5 10
306 155 16 73
306 333 39 50
38 201 15 37
273 110 67 70
107 337 37 44
278 124 53 121
267 388 63 89
66 320 95 142
247 364 13 46
239 146 30 34
294 6 111 127
99 391 66 66
18 77 116 128
138 334 75 178
113 207 9 13
93 279 1 10
269 221 45 57
81 325 167 170
65 318 47 94
173 269 28 30
111 381 141 150
65 365 38 41
230 7 0 5
388 106 72 76
79 373 68 81
155 257 7 21
341 275 13 37
258 98 17 51
170 153 61 70
8 57 20 150
380 228 39 67
131 25 16 49
187 237 14 19
165 357 103 132
116 205 152 170
342 104 34 78
171 48 1 1
90 75 10 34
151 327 99 154
147 209 119 121
119 394 184 187
56 373 9 58
358 170 22 37
335 365 43 63
157 194 2 32
397 248 9 154
18 49 87 94
110 203 6 22
234 106 25 45
47 248 6 9
81 20 29 46
211 190 29 51
285 99 87 115
255 286 28 39
314 179 15 18
144 26 53 80
176 360 122 122
297 146 16 25
354 222 15 24
164 351 14 25
151 371 25 25
292 55 124 143
214 171 138 146
142 219 6 29
297 253 139 142
26 356 175 181
285 62 20 38
24 231 40 117
347 141 48 83
320 327 0 3
39 96 32 55
347 123 2 6
311 23 127 129
342 267 43 66
366 167 184 189
294 213 24 37
279 126 49 82
337 235 162 164
231 275 18 32
340 181 13 14
71 304 116 168
55 180 1 4
72 179 10 95
150 1 5 5
129 91 90 101
182 218 12 12
1 109 28 93
306 230 41 99
108 46 37 134
276 340 25 32
56 51 53 53
142 295 21 46
83 377 96 99
187 359 17 48
363 16 16 147
193 305 7 28
2 219 88 91
380 249 165 172
77 194 44 90
49 107 89 92
315 82 17 18
261 236 4 10
119 283 94 176
356 393 28 37
218 262 4 19
73 396 1 3
163 276 50 138
395 49 10 38
87 324 15 18
167 378 5 6
264 297 34 54
351 213 15 15
23 185 11 29
5 154 52 183
201 112 62 62
185 82 0 3
44 1 19 64
135 205 158 165
300 11 3 19
201 89 89 124
134 358 24 41
59 354 5 88
1 348 56 86
352 368 49 51
362 216 92 106
3 159 43 104
137 97 11 63
45 369 154 157
248 318 25 27
199 375 117 130
85 30 128 139
162 103 120 137
389 234 156 162
336 247 63 122
148 105 102 169
246 112 38 44
142 279 89 107
384 34 77 84
7 32 19 20
72 277 144 160
113 269 49 56
131 110 120 124
293 239 58 105
88 224 23 104
182 92 15 15
299 366 58 66
92 78 37 113
358 260 10 10
75 7 17 17
268 378 18 22
150 128 11 50
281 44 74 91
219 32 41 121
160 15 20 21
365 253 46 61
21 46 31 45
361 316 6 36
342 68 17 96
189 378 112 144
267 102 39 88
188 136 5 25
228 142 26 52
12 322 70 88
354 57 26 36
43 85 159 175
349 280 63 64
37 167 46 48
65 103 66 69
228 167 5 11
58 382 135 150
287 297 38 89
97 59 21 30
179 369 34 34
66 6 24 36
46 190 14 16
286 221 30 105
191 317 60 71
151 243 178 186
277 172 2 48
225 74 53 93
355 241 39 42
125 220 17 20
39 316 14 34
22 189 59 67
154 221 56 132
239 16 164 174
173 197 3 46
308 349 10 44
120 271 80 82
239 100 2 4
153 231 83 159
250 255 13 35
153 369 89 97
120 116 3 33
120 3 21 40
375 86 23 62
83 247 18 28
81 69 103 133
325 267 127 128
216 117 124 131
363 4 103 135
223 272 52 78
56 80 12 19
194 74 70 72
118 231 11 29
297 137 67 74
179 284 37 63
274 55 96 129
92 153 58 72
124 171 34 66
252 143 40 156
13 341 43 65
17 384 58 62
86 175 12 18
346 260 4 4
184 262 104 111
219 202 47 60
124 141 155 155
127 182 78 117
59 274 15 101
294 5 42 128
206 198 74 85
374 220 96 107
391 111 70 70
188 229 56 109
183 383 51 87
91 357 26 35
323 314 65 71
92 248 12 23
197 250 29 58
179 222 29 105
219 214 49 58
218 395 156 158
305 297 7 66
360 67 101 118
320 398 7 12
346 120 79 101
267 181 49 55
181 14 39 43
350 392 11 27
343 229 9 23
110 277 76 81
335 135 70 73
48 36 75 101
150 238 41 75
354 24 52 54
385 315 6 6
268 238 61 70
11 152 13 36
65 333 19 23
241 384 43 53
25 311 13 16
354 117 18 20
238 123 23 25
164 337 18 44
69 148 80 91
145 105 110 114
180 362 58 72
88 147 24 122
320 301 30 113
313 95 9 18
305 219 40 143
84 135 27 141
249 370 84 87
250 95 12 88
393 216 14 53
386 95 119 121
39 285 186 189
290 391 81 98
88 77 36 37
356 372 0 2
344 86 63 67
190 126 2 8
332 272 29 32
140 371 104 116
74 72 44 44
24 88 78 79
274 12 170 182
151 187 18 38
341 330 52 56
230 213 3 5
228 222 58 59
294 93 8 56
378 285 13 15
245 215 69 95
327 290 8 17
139 261 40 126
186 327 45 125
128 330 22 55
341 67 34 109
25 48 57 68
68 171 48 59
0 20 16 114
133 327 18 23
45 78 92 132
258 278 41 55
72 304 83 120
45 15 10 13
1 159 64 64
369 252 7 38
277 118 52 54
234 55 145 155
341 34 38 53
359 226 46 148
77 188 56 88
344 213 4 13
163 166 18 23
385 31 23 34
37 7 58 108
328 133 164 169
237 350 24 27
3 157 57 99
231 385 87 96
311 233 49 84
177 269 148 149
290 258 65 102
20 329 51 93
372 77 12 40
46 4 149 151
370 164 22 36
18 173 79 96
34 367 79 95
28 34 101 109
263 225 10 47
17 262 106 115
52 40 46 48
25 26 77 100
161 219 74 76
60 376 49 138
211 165 92 104
140 10 24 41
70 61 25 29
80 311 25 63
6 102 42 50
351 36 5 26
193 105 11 50
340 386 3 23
309 210 5 6
251 285 3 5
338 317 131 135
331 308 25 51
153 96 29 37
226 392 8 8
375 116 6 8
182 255 21 38
18 231 2 7
284 11 3 20
338 90 73 77
58 194 98 98
51 161 31 43
46 240 140 174
52 290 15 28
379 46 82 86
299 375 6 6
58 183 7 12
71 107 60 127
346 165 55 120
111 90 81 159
1 65 137 144
184 297 54 57
291 69 60 72
232 0 58 100
273 217 124 132
266 269 47 49
154 110 78 108
214 144 98 121
6 216 66 70
120 215 174 177
268 42 161 161
222 138 40 43
80 224 113 127
12 282 29 29
257 83 53 60
249 329 8 47
279 353 11 18
56 359 152 153
80 40 38 50
168 220 27 51
373 46 1 2
311 305 35 64
330 210 57 152
325 79 91 91
67 234 99 114
298 91 169 184
124 158 8 57
39 343 35 54
144 24 34 118
103 239 1 2
229 301 98 126
138 333 137 175
72 284 39 65
85 394 70 100
175 353 36 58
34 131 45 54
343 47 55 76
330 251 17 18
270 228 62 78
253 264 52 57
63 360 45 104
22 69 119 141
237 107 70 70
40 385 7 118
0 307 70 94
16 101 1 9
28 107 61 92
316 215 105 129
93 394 48 78
355 324 5 6
156 157 23 33
354 51 46 54
175 25 96 109
221 147 27 115
173 180 62 99
185 386 24 170
152 336 13 15
288 163 16 57
145 68 104 123
259 205 33 36
103 192 55 66
238 373 127 155
322 393 50 51
313 253 47 52
159 151 51 52
198 339 51 82
159 71 9 17
183 37 161 163
13 158 5 5
24 354 26 75
160 228 42 54
21 110 94 96
282 59 23 61
139 193 60 64
81 49 153 170
342 296 87 96
5 91 7 20
204 281 33 53
42 323 77 79
300 127 16 83
364 264 62 72
330 376 68 80
136 120 4 9
346 182 84 84
186 91 1 4
370 235 94 125
80 103 12 19
230 23 2 2
197 130 33 35
165 277 81 97
276 166 89 111
345 306 98 127
259 216 54 103
195 190 51 72
167 307 57 64
153 92 21 28
89 332 34 39
296 169 34 94
66 193 14 15
2 151 46 72
281 127 108 110
198 390 46 175
277 84 91 169
147 218 18 21
245 319 81 122
82 21 55 74
387 355 37 64
109 389 94 123
196 222 109 113
91 369 44 176
333 295 123 134
60 383 91 91
57 290 0 0
14 198 7 27
380 136 17 71
348 317 137 176
192 313 13 76
228 100 57 57
328 356 17 31
46 195 62 66
397 207 39 105
148 116 82 175
144 24 116 136
68 326 87 116
278 352 73 129
104 318 63 78
233 1 9 13
49 336 5 10
275 112 36 99
225 278 23 96
292 180 27 123
151 94 4 43
72 347 6 10
321 386 46 50
307 352 12 28
151 153 8 22
119 261 59 83
250 93 49 59
286 137 5 10
353 164 132 132
184 52 23 25
179 81 125 135
196 53 71 75
182 276 14 16
297 219 115 126
267 107 5 18
121 22 43 44
132 234 39 116
125 68 55 57
7 348 43 45
371 67 12 14
148 167 12 32
126 396 22 81
59 354 26 51
86 260 158 168
242 169 74 103
134 380 179 184
385 190 44 45
128 282 38 43
369 98 185 187
226 261 69 98
359 108 11 33
71 47 42 67
92 286 51 122
358 295 11 14
305 369 5 7
51 167 6 25
349 127 28 38
249 282 89 99
57 210 47 52
115 249 27 65
12 281 12 13
213 214 71 81
190 69 72 87
390 159 21 78
368 383 49 89
101 314 8 8
29 107 51 75
368 220 92 152
209 383 1 3
49 168 61 61
140 266 47 51
214 104 16 18
65 111 146 146
45 53 98 145
49 71 60 62
162 307 70 85
49 35 3 5
395 157 25 67
135 317 110 153
201 371 13 91
118 360 17 96
89 162 8 46
254 159 108 116
27 130 6 9
384 145 22 42
215 336 5 50
245 377 42 129
297 217 154 155
334 94 51 89
384 71 19 71
160 300 10 19
165 307 39 42
87 335 20 23
25 151 57 69
205 319 31 34
336 170 32 37
165 168 6 18
327 312 52 55
170 272 17 66
310 118 83 83
268 277 54 105
79 164 60 82
281 45 10 14
178 264 35 36
191 247 58 103
244 5 26 49
129 85 17 19
43 85 14 138
203 80 109 111
262 318 86 125
16 205 68 74
121 267 84 99
342 120 2 6
25 398 20 43
303 144 24 25
211 164 13 14
253 57 5 23
396 303 75 130
62 307 29 36
71 348 70 90
392 335 103 121
138 279 78 131
300 29 9 14
314 18 9 78
55 192 44 147
249 199 9 13
305 182 36 38
277 310 97 102
51 48 29 68
275 236 46 48
365 60 60 73
378 80 117 155
64 258 113 115
230 390 5 8
194 44 33 34
236 280 70 70
192 269 58 78
16 148 48 79
118 227 15 45
176 382 55 82
391 53 35 40
112 349 47 66
56 297 63 68
33 326 21 38
303 195 44 116
209 384 113 119
12 64 7 9
16 65 6 10
10 341 100 102
62 23 36 56
249 391 43 52
263 163 94 120
294 317 127 128
267 252 14 59
344 331 29 103
132 13 21 52
119 122 41 137
327 234 10 17
329 27 71 83
37 349 8 8
87 356 68 72
100 260 29 96
157 153 22 92
8 380 109 130
364 243 27 90
201 372 75 114
156 282 110 141
138 214 6 10
362 240 4 20
54 311 2 19
383 147 6 9
239 344 115 128
152 113 0 1
199 1 33 118
351 110 11 137
41 181 1 2
331 78 36 57
273 191 14 27
216 150 32 136
14 151 63 91
385 337 45 67
196 176 32 40
306 42 10 16
226 380 15 66
236 114 1 1
214 206 11 14
89 141 59 95
184 300 18 41
112 15 26 38
64 291 40 47
137 167 90 142
89 1 13 14
381 155 62 103
35 28 40 110
42 183 26 29
249 257 46 94
256 326 114 134
386 351 18 18
165 5 79 127
276 156 47 120
181 91 31 36
359 185 47 78
40 47 36 37
64 211 1 4
29 277 40 98
67 192 109 118
246 141 84 122
28 29 37 60
374 360 29 81
295 357 46 81
144 24 61 88
260 397 121 166
365 178 112 130
43 323 10 10
111 24 8 14
284 27 127 127
41 107 146 178
303 257 26 74
319 282 57 118
335 305 143 156
346 288 26 50
386 176 95 145
31 27 56 178
247 312 133 139
281 331 3 10
265 288 109 147
123 10 1 1
214 30 77 117
338 76 74 92
183 60 13 30
35 38 34 107
40 229 125 153
334 316 64 66
369 110 13 42
118 241 65 102
278 184 55 56
362 254 43 45
116 68 72 79
15 237 73 117
24 272 132 138
332 339 36 37
378 264 3 73
100 136 8 11
213 74 91 105
346 319 70 91
97 336 7 27
214 15 0 0
81 139 21 40
340 141 13 15
79 60 42 69
313 94 108 147
22 56 23 25
176 309 92 101
16 345 62 102
52 184 36 49
214 182 7 54
279 127 17 24
395 20 58 126
49 2 14 21
272 293 71 72
359 270 16 21
317 247 40 43
196 272 45 95
266 24 35 45
32 132 5 21
356 232 0 4
268 164 138 184
80 251 7 7
76 209 129 159
114 132 34 150
159 383 4 24
194 366 23 39
77 118 2 2
26 221 18 90
362 199 6 27
349 219 85 118
324 116 49 77
235 6 141 154
103 166 28 65
234 34 120 147
36 285 13 17
161 319 31 44
95 167 19 43
85 104 36 54
179 279 17 81
215 323 12 41
353 261 73 124
384 39 41 143
391 201 88 108
329 18 47 53
54 278 105 111
20 117 19 28
48 172 130 132
254 296 90 165
378 170 29 29
259 380 40 50
275 342 70 98
199 385 11 17
241 34 83 126
111 139 27 115
237 244 40 76
14 381 5 28
235 160 41 69
258 80 25 72
147 313 89 94
109 290 1 14
289 134 15 23
58 15 48 73
196 305 1 1
202 220 64 83
318 187 51 91
73 334 114 118
50 372 22 42
259 177 5 6
217 306 40 77
196 375 18 18
19 360 31 65
284 25 90 109
379 332 132 146
330 39 26 32
182 279 59 79
187 68 68 90
245 261 55 63
272 209 30 33
122 300 16 27
34 214 54 88
335 243 13 18
17 385 7 8
261 264 6 13
313 293 101 111
119 121 6 21
334 62 15 21
162 336 60 104
161 79 44 56
214 332 8 17
188 301 13 67
330 7 28 48
157 81 9 46
71 37 124 141
208 77 136 150
221 280 14 23
139 387 108 140
225 165 101 113
237 74 41 76
279 366 27 42
52 239 76 125
21 306 146 157
50 18 14 25
204 190 46 100
128 125 31 34
89 19 19 28
134 60 9 77
40 238 6 29
94 156 7 7
154 15 77 106
16 70 62 71
226 384 83 88
140 163 3 3
89 1 59 113
316 234 33 41
334 240 49 112
9 65 16 17
208 293 9 11
13 47 38 74
180 179 45 156
7 64 64 70
162 135 8 28
183 27 70 70
228 260 67 96
189 64 81 83
249 313 84 106
114 364 65 122
24 242 137 161
93 129 123 174
360 157 59 163
62 18 7 13
171 148 34 41
253 211 59 118
383 299 3 49
105 291 44 88
216 151 133 150
28 283 78 81
384 57 40 60
133 60 15 82
93 229 93 105
99 208 59 80
15 369 117 117
274 21 12 12
17 370 85 86
350 211 65 90
204 254 131 132
195 252 83 110
235 312 138 164
243 161 107 109
27 278 32 32
389 154 110 115
107 226 69 161
264 352 8 24
227 291 32 37
57 239 88 132
174 120 12 22
188 185 125 126
126 155 9 77
364 100 70 77
23 31 3 45
375 261 5 7
333 60 114 118
74 291 57 88
138 174 58 136
203 98 15 28
51 317 97 133
185 78 15 15
93 348 32 37
98 143 84 106
2 96 20 34
126 376 104 106
176 150 33 39
46 6 45 93
314 125 51 61
185 204 97 172
131 61 27 28
392 384 55 154
312 291 13 40
359 305 14 24
268 282 49 116
23 193 152 158
313 359 53 170
110 213 35 45
38 243 89 90
219 82 29 46
53 210 17 140
316 83 101 106
58 298 21 36
62 384 2 6
291 380 70 139
215 292 85 106
103 33 19 98
151 296 29 47
382 275 3 61
185 178 26 27
84 247 60 66
52 108 21 54
336 332 8 41
303 43 97 124
220 107 149 160
25 42 25 73
49 281 80 84
115 379 53 59
102 147 113 116
234 115 42 59
306 338 39 59
318 29 46 47
353 266 44 143
277 226 177 177
296 227 35 49
338 164 83 87
179 190 32 34
170 131 154 159
202 165 106 132
63 216 15 71
137 364 12 13
105 378 1 4
252 155 67 69
363 190 5 17
51 294 9 27
396 125 17 55
111 165 48 93
223 319 92 141
282 2 49 62
115 262 68 75
384 352 1 3
398 58 52 71
30 313 127 128
323 157 69 94
165 378 116 165
131 254 42 125
132 13 84 130
291 221 59 82
211 223 17 72
174 277 5 16
245 147 23 139
52 221 87 163
266 91 0 6
19 90 108 152
194 308 17 45
312 261 36 73
133 137 65 81
159 32 13 74
135 34 27 85
88 303 9 121
349 324 80 80
58 169 112 124
245 304 15 30
163 118 4 4
334 3 36 40
235 376 13 23
41 142 149 154
376 133 26 36
166 48 39 54
99 170 57 65
191 217 17 69
53 12 22 34
323 12 18 20
57 310 8 40
48 96 51 76
70 182 0 12
283 357 4 26
280 67 11 50
312 77 85 159
73 148 30 31
207 135 40 77
257 87 12 45
30 21 124 126
197 63 11 11
318 140 5 14
376 128 1 2
262 238 174 184
5 167 12 32
382 373 25 28
159 18 51 56
214 313 51 61
295 222 50 105
21 220 87 121
133 190 8 14
84 282 32 34
389 202 17 23
293 175 22 65
270 76 41 127
169 387 124 124
100 336 12 117
54 20 9 95
206 329 50 93
157 179 8 15
75 53 61 131
213 149 48 49
16 372 9 87
308 356 62 107
396 60 38 56
220 322 16 65
238 245 158 159
211 32 6 6
228 340 1 9
101 163 5 17
324 149 20 21
316 382 71 82
77 181 59 109
207 44 93 96
44 253 19 108
63 196 123 127
236 52 17 23
146 264 14 48
129 176 33 33
1 215 76 79
349 197 28 42
125 204 116 123
96 79 21 22
70 91 5 6
157 336 76 135
243 356 96 121
307 345 75 153
82 304 103 114
67 15 107 128
338 299 52 149
277 140 28 57
294 24 18 32
335 277 26 26
281 229 34 35
155 353 89 103
24 190 7 11
174 331 42 42
5 45 59 80
114 163 52 62
55 164 60 123
158 300 12 30
271 296 138 161
16 12 9 39
109 12 151 170
389 71 3 4
35 378 114 142
259 224 3 3
185 94 109 133
325 38 47 100
72 388 52 53
183 300 94 95
284 212 2 4
146 171 2 5
217 315 63 111
94 330 36 41
335 288 30 34
120 314 2 31
120 397 27 30
20 219 43 125
78 332 72 79
249 154 5 12
265 382 27 59
167 199 8 13
6 283 14 60
39 197 11 58
200 49 97 168
212 3 30 43
100 349 13 21
331 135 38 80
241 258 1 6
228 42 48 58
78 274 26 42
154 150 41 50
236 50 100 106
239 63 2 6
354 315 45 85
84 137 183 191
342 30 84 128
329 383 68 96
104 36 14 21
365 149 83 98
18 36 107 126
164 265 2 9
71 312 53 122
202 148 0 1
246 256 33 34
214 208 42 82
357 325 14 49
1 211 15 18
233 188 41 54
372 222 32 64
170 354 83 137
348 8 52 65
27 372 15 90
243 30 2 6
277 361 101 138
114 288 29 33
183 288 52 79
357 235 89 92
303 203 5 27
327 338 48 51
141 394 5 6
132 257 26 90
344 364 22 34
25 377 15 17
336 340 18 36
303 317 123 138
59 15 0 16
107 261 33 157
363 164 125 134
321 248 112 114
383 269 99 104
51 112 67 72
177 247 31 85
380 136 34 157
87 329 0 5
119 237 35 47
270 274 17 17
317 76 26 39
387 2 26 30
260 279 33 46
275 119 28 30
219 235 10 46
247 198 4 29
24 262 3 7
381 200 70 91
193 191 144 149
394 153 22 30
382 38 1 1
332 243 9 9
291 18 11 27
121 322 57 172
6 291 88 140
308 386 13 27
251 96 158 166
390 267 149 167
6 89 85 95
273 334 22 103
175 367 60 70
302 67 26 104
324 167 67 71
20 86 0 11
196 356 7 21
98 263 17 24
378 254 33 56
50 39 25 63
71 28 22 80
12 184 19 41
31 300 23 46
114 101 94 99
105 381 20 76
292 255 71 91
43 153 29 93
392 128 8 59
26 125 0 0
150 373 20 32
314 16 1 3
40 318 17 23
281 64 62 68
257 392 68 105
2 304 42 58
243 335 13 15
76 204 11 11
137 298 66 150
34 169 0 1
284 164 1 4
170 367 20 27
261 194 26 47
348 162 39 70
100 84 14 25
270 84 149 174
164 16 7 7
32 5 6 6
80 175 19 53
174 171 66 94
238 121 8 11
235 315 22 38
79 200 10 14
1 119 5 16
192 238 23 136
226 3 86 116
195 392 120 147
208 105 119 122
198 83 60 63
209 160 90 139
297 121 52 54
324 319 4 11
42 243 11 51
228 349 100 114
396 275 29 39
217 72 27 103
297 127 4 9
389 374 115 174
67 209 21 40
302 333 41 42
310 194 13 21
113 130 85 118
47 25 15 21
340 280 113 114
165 224 41 44
388 114 41 46
77 135 30 32
372 276 90 106
153 175 115 119
36 326 65 81
73 303 61 148
323 41 110 142
348 323 42 95
260 160 11 28
342 284 20 28
396 32 37 177
280 65 89 96
160 75 129 131
304 238 13 19
322 250 15 64
143 387 21 35
250 335 79 88
59 175 108 111
103 347 41 41
298 17 7 33
128 121 48 123
22 377 7 7
73 378 14 54
212 126 71 118
232 134 87 109
227 3 4 12
382 376 20 22
358 29 65 95
184 278 1 10
265 287 153 172
26 164 24 38
322 323 96 140
268 291 63 72
130 218 25 33
104 139 107 143
46 41 25 57
278 169 59 121
136 363 55 88
16 339 71 120
203 75 130 164
0 203 121 137
367 240 22 70
353 8 162 174
42 235 8 8
375 9 151 159
358 354 110 133
8 351 128 152
367 157 70 96
346 235 34 37
124 276 55 134
134 50 7 10
181 42 56 135
354 278 13 47
30 21 0 12
27 272 14 40
224 325 18 52
139 63 84 92
7 74 10 74
248 348 27 74
83 283 69 80
235 112 53 56
226 396 37 50
55 376 7 56
82 339 157 157
30 195 12 14
376 283 5 8
55 232 7 8
158 224 41 64
396 294 70 102
106 208 23 24
318 304 135 180
350 261 144 144
121 114 66 158
1 357 32 35
328 201 60 93
181 110 64 70
367 122 59 62
374 81 96 104
356 312 3 8
23 342 19 30
320 189 93 105
130 298 56 67
47 103 138 140
364 230 104 106
36 316 8 25
350 237 13 37
139 398 132 143
190 238 137 163
2 65 96 116
300 268 64 65
269 65 1 2
52 99 18 42
309 317 61 67
289 314 53 67
136 186 35 44
208 126 113 123
269 354 25 82
13 85 34 47
67 36 22 23
147 219 59 125
10 27 5 33
283 121 85 86
273 331 61 115
152 396 15 50
117 185 95 107
334 273 58 59
96 162 149 151
187 217 50 114
390 44 19 116
173 60 43 69
343 297 24 35
2 320 48 59
180 214 35 67
227 48 1 3
103 20 124 128
28 82 9 18
122 272 11 18
281 258 1 13
375 76 61 84
132 278 92 92
271 121 120 142
370 141 23 29
185 7 2 4
212 272 128 141
282 73 3 15
396 227 33 52
231 43 96 109
129 3 128 144
210 352 55 71
139 224 31 77
15 146 116 117
265 308 138 148
43 233 5 7
313 81 34 96
93 392 6 11
56 341 140 168
31 200 43 48
229 67 6 12
289 63 38 150
351 188 82 147
151 65 17 69
138 57 11 12
396 258 75 93
382 4 92 137
285 350 90 167
53 347 23 90
331 378 41 63
187 128 6 32
151 110 18 20
165 377 76 84
247 395 6 22
25 353 33 101
231 48 55 115
313 116 29 32
341 1 35 81
234 138 30 72
195 68 132 144
315 70 5 40
357 101 5 5
132 116 47 61
23 393 68 72
344 367 71 72
150 307 13 37
320 210 38 140
36 67 19 28
40 11 113 114
316 72 8 30
172 5 124 150
198 154 48 146
348 383 12 135
191 20 13 18
70 15 57 78
9 182 9 58
272 111 58 119
310 211 103 106
371 156 10 25
181 4 18 62
356 54 79 126
293 353 66 69
169 360 27 93
255 155 65 93
12 109 70 85
84 144 35 162
383 304 10 66
396 17 119 134
11 287 10 21
223 111 18 59
19 81 99 104
339 127 58 60
121 183 7 69
333 368 92 142
43 28 50 78
327 106 4 6
203 278 32 32
296 319 24 119
44 289 53 66
160 354 90 93
15 67 34 39
108 62 22 93
4 306 38 75
202 95 1 9
23 193 14 15
42 156 54 60
0 250 37 44
276 40 4 11
199 176 14 58
282 205 96 104
150 361 45 69
250 275 16 32
296 186 13 40
154 354 38 140
199 277 65 96
190 257 72 83
47 34 31 44
62 82 188 188
55 142 10 17
120 8 20 23
297 179 55 57
334 134 55 76
161 276 40 49
61 228 88 92
342 205 146 157
46 360 17 43
25 64 86 88
198 188 2 24
159 54 44 55
206 223 58 86
93 237 69 81
249 329 29 53
279 226 3 15
12 247 80 118
111 85 8 111
131 198 64 66
112 349 99 100
311 123 6 6
242 275 11 21
122 23 89 106
44 60 131 159
205 269 149 149
38 351 5 11
275 316 17 31
108 63 154 185
113 358 118 142
214 382 117 172
162 283 75 89
336 140 38 71
81 219 0 2
345 235 26 29
303 305 12 20
102 304 59 91
249 171 32 51
60 276 43 63
163 250 7 20
180 265 30 32
366 343 25 51
318 18 32 35
80 82 142 145
192 360 29 35
264 174 31 31
87 398 51 71
227 84 13 16
238 389 39 46
358 363 95 105
100 163 95 102
142 271 81 118
234 159 22 82
314 124 27 29
159 215 20 33
78 263 5 28
194 75 76 94
13 349 22 75
197 285 127 129
105 119 59 66
361 248 20 57
195 323 1 2
116 345 17 160
262 335 39 70
294 274 68 79
109 64 1 10
282 260 18 102
16 213 86 88
371 341 94 132
9 286 100 126
42 262 21 33
124 56 5 21
208 87 82 169
332 154 36 40
304 13 4 83
4 69 61 71
259 283 65 69
156 388 3 6
69 160 34 97
352 358 55 62
3 177 26 30
136 39 75 86
151 181 5 5
334 291 23 24
381 152 90 108
197 205 15 54
221 117 31 38
155 395 39 41
349 396 19 21
289 213 20 62
65 392 26 28
23 130 3 72
196 302 20 21
390 271 3 14
251 216 38 59
112 311 102 115
75 299 27 165
169 256 2 9
198 100 123 133
217 209 14 20
382 307 59 84
83 43 174 176
326 342 19 25
108 305 8 9
367 397 15 30
177 4 77 119
105 320 31 46
315 211 5 58
122 380 37 38
289 378 41 95
199 190 44 67
59 64 61 62
25 47 25 25
306 216 15 16
72 169 59 119
126 369 24 133
118 265 7 19
269 236 24 39
283 380 85 118
368 27 117 154
241 320 1 4
328 151 13 84
317 365 18 50
33 105 51 64
138 132 140 144
357 70 80 92
117 296 46 72
309 383 9 11
242 358 32 43
396 384 77 78
61 305 157 180
192 327 32 46
19 341 5 8
282 316 39 45
20 316 161 167
199 394 94 96
25 241 118 146
222 65 82 96
309 127 11 13
109 117 27 73
158 142 70 95
372 265 31 56
289 141 55 92
209 330 10 10
205 106 37 105
389 362 5 17
286 89 28 36
335 154 42 92
157 224 74 126
96 166 62 63
298 245 70 70
63 349 75 75
45 234 84 118
53 43 42 43
161 108 44 120
40 387 36 63
296 161 13 24
273 79 93 96
110 63 59 70
86 23 1 6
122 43 81 143
340 175 5 12
118 109 23 29
281 372 40 41
50 293 13 134
27 202 40 143
141 290 90 90
24 333 35 36
119 204 88 147
19 32 24 34
236 72 44 62
161 332 53 54
344 252 6 9
344 170 97 102
350 200 7 28
353 289 86 90
90 235 12 15
294 249 38 51
351 127 47 62
376 57 17 24
321 140 106 127
147 163 9 15
252 338 89 115
47 80 2 37
65 288 13 14
183 24 72 108
362 247 25 92
141 27 99 125
347 294 53 93
52 289 95 106
296 156 8 16
362 338 79 81
38 68 140 141
330 74 31 73
284 201 84 97
128 365 90 106
374 319 81 103
374 185 59 145
278 146 13 43
394 151 134 135
199 336 18 55
157 272 83 90
327 124 87 109
378 178 52 53
231 67 156 179
73 95 31 122
191 106 37 38
194 188 53 64
145 320 43 92
211 320 6 109
208 142 43 115
148 313 146 169
282 104 11 91
0 238 18 105
142 69 52 56
335 131 66 97
103 179 2 4
277 312 49 95
5 397 72 92
228 113 34 36
91 94 58 119
108 337 96 110
216 214 22 39
225 165 56 103
219 57 63 67
93 1 42 121
259 249 44 45
28 22 43 50
254 85 4 4
200 13 12 38
75 273 70 95
155 31 39 53
324 389 136 149
317 152 1 27
265 32 9 15
148 1 78 106
292 287 97 114
191 274 31 45
34 11 49 56
52 235 50 52
105 183 23 27
160 245 17 20
159 274 50 82
240 281 128 185
282 392 39 140
301 142 28 92
377 289 45 45
296 213 136 153
113 36 10 18
205 236 28 43
173 377 64 124
85 359 18 30
194 160 34 47
86 6 4 10
125 175 2 32
389 266 68 74
7 29 46 46
228 289 45 45
367 390 67 83
180 55 52 74
127 170 26 42
140 27 175 178
350 354 88 132
220 381 0 2
260 353 30 35
386 344 175 175
32 316 2 6
393 268 17 65
255 48 24 76
109 17 133 161
165 9 97 101
347 374 18 21
18 23 27 30
390 41 18 31
386 302 31 51
44 355 18 101
239 282 110 110
85 355 37 44
213 9 116 125
1 169 140 143
128 12 31 91
301 26 81 82
180 385 3 6
3 110 30 100
314 319 115 139
337 196 103 106
52 222 11 18
88 80 5 7
122 390 12 81
140 10 137 137
342 266 0 0
257 122 1 32
196 88 44 46
279 396 94 95
250 202 51 69
47 235 6 89
349 108 17 140
231 323 2 2
293 227 5 5
138 293 123 127
22 3 144 160
365 222 30 30
25 315 87 104
82 195 151 170
357 167 14 36
247 189 27 158
386 169 43 44
163 133 24 55
26 263 54 77
242 149 73 85
217 357 12 12
385 39 63 68
278 183 12 19
159 201 3 15
310 136 79 90
293 170 14 52
206 217 9 12
158 394 75 92
308 197 3 26
150 192 107 108
28 42 138 164
28 264 10 38
30 24 0 1
64 188 19 25
210 98 52 96
10 220 29 47
27 260 91 106
83 376 124 132
70 167 5 39
122 231 119 164
114 251 49 108
376 182 84 85
356 228 11 12
151 386 23 28
312 101 49 54
323 167 0 2
25 127 32 48
281 325 25 118
353 48 1 4
337 388 12 37
141 62 14 16
352 329 66 85
366 217 10 48
221 57 3 5
82 358 11 62
86 132 97 99
308 146 47 56
116 279 85 108
201 321 83 94
382 212 17 19
210 60 45 53
297 138 32 86
370 178 11 72
127 77 20 26
31 62 4 38
118 135 53 55
17 41 135 162
35 108 1 12
252 156 23 23
245 8 30 47
262 346 28 31
219 336 73 136
8 383 138 148
