600 7200
0 1 45 101
1 2 54 74
2 3 2 8
3 4 56 168
4 5 24 49
5 6 25 89
6 7 9 22
7 8 40 86
8 9 15 36
9 10 80 134
10 11 27 37
11 12 9 12
12 13 14 34
13 14 150 154
14 15 7 55
15 16 118 169
16 17 7 12
17 18 58 76
18 19 23 126
19 20 34 122
20 21 54 64
21 22 59 61
22 23 27 31
23 24 82 100
24 25 70 79
25 26 8 10
26 27 13 93
27 28 14 56
28 29 6 7
29 30 52 57
30 31 14 66
31 32 28 52
32 33 74 76
33 34 97 112
34 35 96 108
35 36 63 80
36 37 9 13
37 38 118 127
38 39 11 16
39 40 12 15
40 41 7 8
41 42 59 64
42 43 30 59
43 44 144 152
44 45 24 34
45 46 66 100
46 47 137 138
47 48 21 61
48 49 31 39
49 50 31 111
50 51 12 26
51 52 37 53
52 53 2 10
53 54 3 6
54 55 10 17
55 56 17 106
56 57 47 67
57 58 14 75
58 59 90 105
59 60 2 2
60 61 9 38
61 62 77 171
62 63 62 75
63 64 7 13
64 65 17 143
65 66 24 24
66 67 52 55
67 68 100 169
68 69 31 31
69 70 85 135
70 71 64 68
71 72 26 82
72 73 1 9
73 74 62 68
74 75 4 8
75 76 0 1
76 77 64 66
77 78 19 38
78 79 49 59
79 80 57 59
80 81 79 87
81 82 101 138
82 83 46 51
83 84 23 52
84 85 50 91
85 86 65 71
86 87 31 65
87 88 92 92
88 89 13 16
89 90 51 53
90 91 22 116
91 92 19 19
92 93 55 77
93 94 52 86
94 95 59 88
95 96 0 3
96 97 119 129
97 98 105 126
98 99 3 53
99 100 110 119
100 101 1 4
101 102 77 77
102 103 27 30
103 104 39 68
104 105 38 41
105 106 73 93
106 107 1 6
107 108 54 58
108 109 31 38
109 110 131 131
110 111 39 108
111 112 25 114
112 113 119 120
113 114 63 76
114 115 5 16
115 116 74 86
116 117 131 139
117 118 125 125
118 119 26 32
119 120 13 24
120 121 12 80
121 122 9 21
122 123 0 8
123 124 25 31
124 125 10 10
125 126 21 25
126 127 41 72
127 128 142 149
128 129 30 65
129 130 57 68
130 131 58 80
131 132 109 111
132 133 10 13
133 134 12 145
134 135 17 18
135 136 41 122
136 137 1 2
137 138 58 93
138 139 152 170
139 140 133 151
140 141 69 91
141 142 24 65
142 143 16 37
143 144 26 150
144 145 16 173
145 146 7 42
146 147 5 16
147 148 56 56
148 149 56 83
149 150 11 33
150 151 15 49
151 152 13 13
152 153 40 48
153 154 3 4
154 155 16 22
155 156 87 91
156 157 24 100
157 158 51 64
158 159 167 167
159 160 135 152
160 161 27 48
161 162 36 43
162 163 49 77
163 164 19 23
164 165 13 56
165 166 5 59
166 167 18 23
167 168 12 23
168 169 108 158
169 170 14 19
170 171 9 20
171 172 166 166
172 173 94 103
173 174 35 62
174 175 20 23
175 176 59 77
176 177 99 120
177 178 52 68
178 179 9 68
179 180 18 24
180 181 3 3
181 182 46 59
182 183 15 15
183 184 7 28
184 185 23 28
185 186 1 1
186 187 21 89
187 188 7 10
188 189 43 74
189 190 154 162
190 191 12 22
191 192 8 58
192 193 13 16
193 194 70 85
194 195 24 24
195 196 80 84
196 197 0 5
197 198 14 45
198 199 6 9
199 200 56 57
200 201 47 50
201 202 44 50
202 203 127 127
203 204 76 113
204 205 56 79
205 206 75 87
206 207 74 75
207 208 55 73
208 209 156 166
209 210 133 137
210 211 71 130
211 212 139 139
212 213 36 83
213 214 27 37
214 215 25 108
215 216 38 38
216 217 1 18
217 218 145 153
218 219 121 129
219 220 1 13
220 221 6 8
221 222 26 50
222 223 13 70
223 224 127 143
224 225 30 44
225 226 21 22
226 227 35 57
227 228 10 10
228 229 114 114
229 230 128 141
230 231 37 54
231 232 57 72
232 233 33 38
233 234 45 57
234 235 20 39
235 236 24 29
236 237 0 10
237 238 16 18
238 239 39 50
239 240 101 121
240 241 31 45
241 242 128 141
242 243 83 114
243 244 11 19
244 245 14 16
245 246 51 52
246 247 14 16
247 248 49 52
248 249 2 3
249 250 71 75
250 251 1 29
251 252 13 14
252 253 3 5
253 254 96 96
254 255 58 63
255 256 123 128
256 257 20 26
257 258 46 55
258 259 60 150
259 260 93 136
260 261 90 92
261 262 38 38
262 263 90 112
263 264 58 80
264 265 162 162
265 266 3 5
266 267 107 130
267 268 17 24
268 269 77 104
269 270 4 4
270 271 42 72
271 272 41 51
272 273 40 53
273 274 21 25
274 275 167 169
275 276 111 145
276 277 13 25
277 278 72 72
278 279 50 68
279 280 32 32
280 281 17 20
281 282 107 116
282 283 35 44
283 284 53 54
284 285 34 59
285 286 66 72
286 287 76 131
287 288 82 85
288 289 43 45
289 290 62 63
290 291 92 127
291 292 135 135
292 293 105 110
293 294 2 6
294 295 9 21
295 296 0 2
296 297 13 27
297 298 22 59
298 299 183 183
299 300 39 78
300 301 32 38
301 302 162 163
302 303 47 60
303 304 54 61
304 305 4 15
305 306 38 75
306 307 54 97
307 308 25 86
308 309 32 51
309 310 53 67
310 311 133 140
311 312 16 17
312 313 9 14
313 314 1 7
314 315 7 19
315 316 5 7
316 317 39 39
317 318 1 5
318 319 2 9
319 320 80 80
320 321 66 79
321 322 85 115
322 323 27 51
323 324 0 8
324 325 6 11
325 326 91 110
326 327 24 44
327 328 49 68
328 329 48 54
329 330 20 26
330 331 16 88
331 332 120 125
332 333 8 9
333 334 68 121
334 335 89 106
335 336 0 5
336 337 11 20
337 338 112 113
338 339 17 18
339 340 86 86
340 341 134 147
341 342 59 60
342 343 36 41
343 344 6 6
344 345 15 19
345 346 6 9
346 347 38 50
347 348 56 70
348 349 112 131
349 350 5 45
350 351 10 14
351 352 7 8
352 353 40 70
353 354 13 21
354 355 69 95
355 356 43 100
356 357 77 87
357 358 12 21
358 359 84 85
359 360 120 121
360 361 22 66
361 362 11 28
362 363 26 28
363 364 104 137
364 365 89 92
365 366 27 30
366 367 153 154
367 368 95 143
368 369 1 2
369 370 19 62
370 371 16 39
371 372 4 34
372 373 0 2
373 374 8 12
374 375 6 30
375 376 24 53
376 377 45 51
377 378 6 8
378 379 72 87
379 380 16 66
380 381 33 54
381 382 79 93
382 383 19 19
383 384 45 84
384 385 41 65
385 386 30 77
386 387 144 186
387 388 17 21
388 389 5 50
389 390 81 115
390 391 2 9
391 392 31 33
392 393 15 30
393 394 12 40
394 395 35 37
395 396 84 86
396 397 58 101
397 398 71 89
398 399 58 104
399 400 26 31
400 401 124 129
401 402 140 148
402 403 0 5
403 404 49 51
404 405 26 36
405 406 157 157
406 407 28 69
407 408 53 138
408 409 8 37
409 410 7 11
410 411 7 46
411 412 101 103
412 413 109 119
413 414 74 88
414 415 121 147
415 416 4 12
416 417 29 30
417 418 27 53
418 419 112 127
419 420 1 1
420 421 25 108
421 422 0 1
422 423 4 47
423 424 10 59
424 425 53 86
425 426 28 82
426 427 6 77
427 428 112 147
428 429 75 114
429 430 8 12
430 431 80 167
431 432 6 11
432 433 60 100
433 434 77 83
434 435 51 63
435 436 74 151
436 437 78 86
437 438 5 48
438 439 75 75
439 440 21 100
440 441 73 102
441 442 9 97
442 443 65 70
443 444 6 38
444 445 122 127
445 446 53 59
446 447 12 14
447 448 32 34
448 449 29 38
449 450 31 109
450 451 42 164
451 452 80 112
452 453 109 115
453 454 96 97
454 455 51 66
455 456 34 37
456 457 57 63
457 458 45 79
458 459 41 109
459 460 30 85
460 461 8 51
461 462 114 136
462 463 35 166
463 464 45 114
464 465 61 69
465 466 44 68
466 467 185 189
467 468 30 87
468 469 59 83
469 470 35 86
470 471 43 43
471 472 31 77
472 473 6 6
473 474 33 40
474 475 80 85
475 476 3 18
476 477 122 144
477 478 20 22
478 479 0 1
479 480 88 110
480 481 0 2
481 482 63 72
482 483 108 149
483 484 124 138
484 485 11 24
485 486 59 75
486 487 35 60
487 488 8 131
488 489 63 72
489 490 37 96
490 491 37 64
491 492 98 103
492 493 35 42
493 494 27 93
494 495 32 35
495 496 147 157
496 497 172 178
497 498 131 140
498 499 75 80
499 500 31 41
500 501 1 6
501 502 7 15
502 503 23 30
503 504 35 148
504 505 36 38
505 506 70 154
506 507 14 14
507 508 5 14
508 509 123 131
509 510 21 71
510 511 89 119
511 512 2 3
512 513 18 63
513 514 50 57
514 515 62 66
515 516 74 128
516 517 73 84
517 518 17 56
518 519 46 76
519 520 11 11
520 521 44 48
521 522 28 30
522 523 106 107
523 524 48 53
524 525 17 25
525 526 1 21
526 527 13 29
527 528 8 12
528 529 75 148
529 530 47 69
530 531 184 187
531 532 23 109
532 533 87 88
533 534 80 84
534 535 11 11
535 536 65 88
536 537 44 45
537 538 93 124
538 539 3 66
539 540 37 84
540 541 39 47
541 542 130 156
542 543 1 2
543 544 37 62
544 545 31 77
545 546 4 13
546 547 83 91
547 548 20 58
548 549 167 167
549 550 1 3
550 551 52 109
551 552 100 103
552 553 70 75
553 554 9 19
554 555 11 19
555 556 37 38
556 557 56 91
557 558 27 39
558 559 138 152
559 560 25 73
560 561 10 130
561 562 1 2
562 563 81 89
563 564 3 70
564 565 44 59
565 566 8 11
566 567 35 58
567 568 67 67
568 569 27 39
569 570 1 3
570 571 29 39
571 572 63 69
572 573 51 57
573 574 37 46
574 575 43 60
575 576 4 5
576 577 4 10
577 578 73 116
578 579 66 83
579 580 20 28
580 581 43 43
581 582 39 71
582 583 136 146
583 584 58 134
584 585 55 59
585 586 72 117
586 587 8 9
587 588 62 65
588 589 36 130
589 590 81 92
590 591 3 12
591 592 100 102
592 593 47 49
593 594 3 5
594 595 44 115
595 596 41 77
596 597 33 107
597 598 59 122
598 599 12 41
599 0 16 102
256 2 77 101
313 560 9 11
384 248 2 6
4 338 13 39
15 315 45 131
45 454 135 143
365 128 106 127
257 101 69 72
537 583 55 107
564 139 1 1
234 519 73 126
466 190 106 107
567 156 11 11
509 299 35 37
15 129 31 89
158 128 119 122
461 134 25 68
539 125 5 20
145 535 65 107
102 313 66 105
112 91 18 44
81 310 22 25
318 369 18 21
317 27 42 52
237 37 33 43
141 511 2 11
60 452 73 110
340 584 60 80
77 539 3 4
349 276 101 160
282 224 53 57
107 574 85 96
75 444 41 41
114 485 59 127
449 444 66 72
149 411 4 42
199 281 106 121
567 414 3 9
276 207 49 54
488 254 42 59
190 423 12 18
198 355 66 73
393 5 11 24
22 589 40 55
462 518 99 152
250 33 17 33
185 65 12 41
363 466 10 75
464 318 97 146
452 253 38 95
123 313 16 40
502 454 7 51
588 30 122 141
488 329 3 22
123 107 22 23
96 190 8 39
347 446 76 113
285 289 0 11
262 303 78 79
370 232 11 33
371 478 7 11
557 234 15 17
368 165 37 77
135 394 6 9
361 139 41 108
395 324 113 142
261 451 4 6
165 222 10 20
45 522 102 118
347 43 0 12
371 438 10 11
49 582 38 59
475 343 1 3
159 451 56 59
102 143 119 153
568 483 139 141
281 389 3 7
254 356 3 8
291 496 5 5
325 86 59 61
580 298 118 153
376 539 78 113
553 388 28 28
217 348 132 160
410 102 36 60
86 204 49 51
500 335 103 126
444 581 39 53
511 291 6 9
395 239 1 1
186 443 1 22
138 318 150 165
32 317 157 170
151 588 34 83
594 117 4 6
134 108 20 41
14 379 4 15
373 83 106 108
311 565 71 81
12 469 53 76
538 392 12 19
397 157 37 86
25 41 70 109
191 212 41 44
388 17 29 44
450 307 79 85
300 63 60 68
591 74 35 61
211 449 25 40
31 437 93 104
303 49 47 89
225 444 79 153
54 109 46 82
339 596 57 81
417 28 1 2
31 295 57 86
392 583 33 37
84 116 59 65
446 432 28 42
109 332 2 4
589 283 13 15
188 107 105 106
172 213 31 48
501 301 86 111
405 273 51 95
103 62 11 15
531 436 159 172
413 271 13 81
396 48 8 13
431 229 149 158
12 489 54 58
69 281 3 5
234 203 19 22
147 38 20 70
280 53 1 2
131 459 46 81
485 341 161 169
87 485 41 58
176 556 85 88
580 271 4 57
498 124 53 54
322 211 6 9
568 373 65 117
187 248 149 157
359 27 4 4
135 394 134 136
348 109 26 28
46 367 64 107
189 111 13 42
34 329 108 124
520 138 23 36
437 310 17 86
481 436 145 153
117 411 172 178
42 12 98 121
542 314 6 7
428 551 12 22
147 194 38 39
414 412 66 101
213 255 38 57
78 492 39 158
213 255 92 96
39 557 40 58
522 50 18 76
89 444 2 4
334 535 8 104
110 568 113 119
166 60 72 72
236 439 16 16
325 358 65 78
483 362 21 27
145 151 112 114
383 341 10 11
75 525 48 57
431 581 55 74
559 488 1 1
111 553 51 80
561 119 14 67
96 523 62 137
7 76 50 162
82 264 83 140
357 569 20 20
595 244 61 77
521 356 61 62
196 107 105 135
107 216 6 9
73 503 138 144
580 410 26 33
454 10 7 14
333 119 36 44
198 495 72 72
355 43 71 141
415 314 11 11
314 141 61 62
15 417 47 74
534 20 22 25
113 19 14 16
68 10 92 154
143 389 96 102
527 102 70 74
496 438 116 128
399 34 15 66
81 394 79 92
18 80 115 122
520 223 71 116
477 37 58 60
419 383 42 84
44 300 48 76
227 79 117 137
473 538 11 12
304 439 6 29
11 403 70 108
571 173 132 134
232 36 58 111
270 304 59 71
57 229 18 80
258 218 39 92
392 504 6 24
2 180 78 83
465 79 73 86
579 168 45 60
46 82 3 3
380 45 41 50
140 48 49 121
397 413 26 44
396 510 26 32
490 568 11 24
191 66 12 36
400 127 113 122
38 523 112 129
80 276 109 141
162 92 71 77
354 439 39 123
167 69 9 43
93 335 6 6
543 320 8 10
508 307 11 54
454 250 26 53
204 530 81 113
49 444 92 151
139 436 25 91
443 256 49 118
219 222 19 60
399 408 29 32
363 366 88 102
438 471 54 87
166 540 62 62
353 88 16 70
67 469 34 50
274 547 3 4
243 286 39 45
357 429 101 139
66 154 32 45
470 503 6 8
396 178 55 55
462 161 99 101
517 142 21 22
292 290 76 76
268 165 9 29
445 32 80 103
568 575 12 17
496 284 3 8
560 224 83 148
255 143 57 59
303 469 70 73
65 194 59 68
95 190 46 59
245 499 64 65
509 307 9 49
422 110 119 119
134 579 2 5
279 12 33 134
44 531 17 34
431 64 7 11
311 209 66 88
247 402 2 32
548 248 25 59
367 275 19 123
488 167 137 149
466 479 117 121
200 529 17 19
174 469 15 15
539 299 55 73
390 50 56 62
259 572 150 179
333 192 59 90
589 334 1 1
575 408 10 21
108 126 114 114
540 260 18 20
432 74 44 45
435 44 81 173
584 527 30 36
594 527 70 114
519 333 17 17
481 278 11 25
374 216 97 114
174 26 59 100
115 201 170 184
484 555 66 90
365 407 45 95
496 535 9 10
340 552 16 179
563 146 49 49
208 269 110 115
468 595 55 123
228 558 81 82
416 305 0 8
584 16 55 86
580 61 5 61
462 523 68 68
471 68 40 75
265 414 48 57
404 409 105 105
219 171 25 28
418 137 41 78
209 124 85 97
491 303 18 19
553 547 35 51
478 246 34 40
114 377 1 3
515 500 55 117
115 397 4 14
591 198 55 56
596 82 62 83
273 453 52 88
205 496 170 185
598 461 53 92
407 346 65 65
191 571 46 78
63 314 5 40
595 154 40 85
415 88 0 15
368 301 31 57
410 516 14 20
511 392 11 11
316 350 10 24
138 475 131 140
460 341 80 80
409 360 16 20
472 405 30 166
144 464 0 2
438 412 11 14
467 62 58 70
97 52 24 39
253 482 4 5
89 333 37 85
446 302 16 49
579 540 9 60
585 245 3 5
440 421 49 116
547 58 92 106
512 292 20 109
169 143 17 49
169 246 5 35
130 217 27 87
358 290 53 74
517 5 29 64
269 96 23 46
165 148 103 125
75 15 115 115
319 547 157 186
176 414 117 164
317 173 158 166
405 485 15 136
237 69 11 79
240 469 92 120
12 266 29 71
65 365 90 92
482 358 14 26
532 101 77 105
401 31 77 79
130 278 85 94
102 597 29 29
69 451 11 18
119 386 55 104
103 423 30 72
363 333 84 104
543 53 1 4
549 40 81 113
257 71 4 27
350 530 25 32
448 224 6 6
195 94 8 13
187 527 28 43
590 9 57 62
376 381 10 18
320 279 7 27
50 407 168 169
177 292 7 8
537 107 108 116
1 359 18 38
449 147 74 117
54 75 1 3
94 113 77 91
493 266 124 127
100 97 20 37
396 160 41 60
249 530 40 111
555 46 83 83
406 562 52 97
507 273 163 164
320 72 6 7
59 467 19 20
160 434 57 89
526 148 40 123
364 232 14 153
528 162 37 60
156 303 0 9
41 92 58 79
95 155 64 71
273 477 84 150
62 94 111 116
185 580 25 32
275 486 7 75
365 418 7 8
439 170 29 92
362 352 53 125
371 313 16 140
353 20 28 36
96 175 22 36
131 471 85 93
242 411 23 41
577 471 141 163
518 520 42 83
287 384 0 3
146 500 57 59
270 295 63 90
381 0 84 88
92 482 53 53
377 250 16 82
204 180 6 15
40 109 15 22
298 462 53 83
282 57 73 76
135 340 18 86
421 469 34 48
121 323 0 2
13 291 145 166
51 112 66 68
32 564 2 10
251 321 60 80
327 501 7 15
515 390 56 59
350 263 137 145
386 463 47 74
348 110 34 35
264 82 43 45
154 581 146 152
336 293 46 98
84 54 1 5
178 504 27 28
585 541 123 137
424 62 15 79
327 122 103 113
344 541 118 147
48 216 24 31
323 115 82 82
71 53 7 16
372 229 115 134
59 25 128 148
423 200 6 43
246 16 18 87
181 527 102 112
343 228 45 63
547 317 22 37
20 363 2 7
264 54 55 165
589 54 94 98
179 54 5 11
371 482 15 78
227 288 113 114
192 487 5 10
344 368 122 138
471 31 167 181
99 293 77 82
315 192 110 137
235 595 86 90
22 184 100 129
325 321 28 29
8 335 27 71
12 157 86 90
310 532 29 35
134 176 3 16
277 415 10 30
561 116 30 45
39 316 1 6
588 138 32 92
388 261 4 12
594 211 78 90
548 299 85 130
465 325 52 52
365 254 71 145
519 146 10 13
493 383 77 106
308 13 61 81
164 228 19 69
293 207 17 22
554 197 127 131
124 523 41 50
319 461 4 14
305 24 84 102
536 172 4 40
271 321 1 2
524 436 121 123
476 501 35 51
201 553 77 89
224 202 79 81
183 469 30 35
545 576 59 61
552 316 56 151
7 371 4 6
127 433 116 118
529 98 4 7
404 277 16 92
359 368 3 6
17 253 3 14
551 231 21 80
367 177 123 144
33 302 5 63
234 59 8 23
295 9 11 158
357 253 70 70
201 372 78 80
350 53 19 41
166 191 154 156
483 502 34 61
70 299 19 34
238 209 33 55
59 210 17 37
129 120 40 112
396 131 77 179
201 318 51 62
301 164 7 12
482 229 105 111
475 394 21 93
12 135 137 141
145 56 32 36
454 512 34 35
7 66 28 31
308 10 6 28
75 181 39 66
240 67 18 32
23 310 108 123
189 7 79 110
470 429 137 144
286 344 40 49
592 596 39 49
337 478 121 135
326 412 12 65
573 343 56 58
160 235 22 27
125 196 168 179
119 132 41 131
559 598 25 80
346 411 27 55
578 39 41 82
488 548 72 83
186 459 114 135
510 299 103 118
479 262 19 19
215 539 12 47
330 163 26 164
501 48 66 150
518 593 18 73
401 187 132 140
266 236 31 45
161 530 4 5
366 313 51 61
36 568 0 0
471 300 45 82
502 472 51 80
166 541 34 72
189 85 10 71
341 94 54 71
16 117 30 40
175 502 12 25
65 52 114 117
177 115 50 93
351 420 20 23
463 146 43 53
505 579 36 57
391 276 9 21
279 97 104 183
94 238 147 147
511 173 3 6
99 233 127 143
399 528 165 179
115 384 39 97
307 439 92 112
226 331 93 102
375 84 2 11
292 342 3 4
538 66 10 39
336 201 59 63
324 532 118 125
195 226 61 110
473 169 6 8
114 502 6 10
356 15 47 47
399 551 122 143
572 117 7 9
61 529 183 191
408 26 95 145
240 224 6 25
392 555 68 80
161 12 54 136
54 351 55 56
566 359 50 95
9 166 121 122
456 148 28 49
95 72 9 13
513 23 5 22
327 127 19 47
85 421 17 104
323 334 87 109
65 513 27 36
226 179 93 94
221 180 126 135
491 316 15 28
14 256 15 17
138 88 90 99
108 142 67 88
273 438 114 117
150 237 84 130
385 136 78 109
279 186 6 7
521 200 88 94
148 378 7 76
579 572 80 90
175 490 11 28
414 525 39 56
339 495 47 62
188 442 73 74
478 13 14 34
197 550 15 58
402 116 90 92
472 574 99 102
154 204 62 79
267 132 3 7
554 333 25 49
99 121 26 74
91 191 29 95
463 157 86 87
520 231 151 168
515 254 45 49
197 50 92 103
528 537 159 191
71 17 99 145
528 458 41 55
446 342 36 58
405 395 32 35
182 308 8 18
79 261 2 2
135 107 45 46
420 194 59 63
209 519 10 17
487 301 57 80
239 390 50 59
61 496 16 22
531 522 25 48
532 414 146 164
250 195 135 166
395 140 98 113
265 477 43 82
486 446 69 102
275 208 25 37
239 366 3 7
296 335 12 41
305 41 150 170
50 393 21 31
532 45 25 31
53 71 24 76
213 98 53 88
57 157 27 33
162 210 13 15
454 364 23 80
134 412 32 79
178 155 6 6
166 86 40 85
431 244 120 125
211 232 49 57
56 376 53 78
80 140 8 132
160 314 99 141
454 427 27 28
151 177 16 44
151 256 12 15
532 394 35 79
466 228 146 165
3 308 144 144
332 380 167 174
212 127 70 113
366 373 91 101
61 528 31 47
391 97 81 93
49 127 55 74
309 126 68 108
260 261 73 78
189 271 13 18
23 262 64 71
36 498 65 93
204 144 9 13
378 394 102 103
322 257 55 69
519 78 75 174
54 316 117 146
140 372 103 108
233 595 66 123
584 486 36 40
94 344 31 34
128 396 1 5
123 201 11 20
96 100 56 64
224 112 47 127
548 97 117 122
99 143 30 34
156 188 29 37
514 436 137 159
421 201 74 106
507 164 64 74
137 565 28 30
252 325 87 100
226 342 8 32
351 519 40 129
553 475 5 5
89 517 67 68
20 509 2 9
72 88 98 119
416 22 1 11
496 27 32 128
521 496 25 33
555 343 3 20
421 481 61 112
592 140 34 47
571 407 33 34
348 550 16 20
390 527 54 81
472 113 22 44
93 564 111 139
490 423 65 78
429 555 73 78
440 380 81 83
104 538 48 86
390 449 95 132
408 61 179 188
509 368 24 35
97 403 100 102
188 10 74 127
420 423 17 18
236 52 7 19
329 11 23 23
558 354 38 43
81 75 4 86
165 434 49 78
101 11 35 38
83 215 7 9
145 51 12 72
45 81 29 47
545 273 132 145
359 571 108 150
75 597 105 105
442 304 14 92
296 582 43 92
12 249 126 129
417 2 106 135
67 247 101 128
208 100 86 99
125 136 155 166
555 344 114 117
43 205 9 10
131 157 9 22
348 304 10 90
380 71 21 87
495 34 6 17
330 484 87 87
505 119 17 41
193 378 78 83
512 240 129 182
313 588 86 110
12 45 36 53
116 1 47 85
315 137 13 15
127 269 70 74
223 119 124 159
513 487 3 3
456 358 28 29
592 260 36 91
372 354 15 138
28 414 166 184
59 51 79 88
343 577 25 33
279 513 32 39
30 43 3 3
586 65 10 12
357 1 50 54
83 282 56 58
333 110 44 62
261 300 91 93
523 89 144 160
31 332 36 50
215 520 59 89
240 35 134 163
47 289 65 81
113 590 14 21
135 100 168 169
542 112 116 140
443 550 39 81
47 221 5 42
579 164 24 43
537 194 11 18
576 56 63 136
590 118 34 35
428 170 1 2
157 6 36 83
300 97 31 37
418 416 124 129
274 86 97 101
361 143 5 40
513 132 0 4
80 394 0 4
237 98 33 56
361 1 12 60
564 221 46 59
270 423 25 63
15 327 76 79
37 313 17 20
221 586 8 20
394 520 86 121
543 435 95 142
216 507 7 25
133 357 117 133
293 266 48 55
33 542 130 130
554 542 5 6
345 489 73 174
7 283 63 92
59 251 11 72
512 391 48 60
261 91 112 114
372 326 40 79
441 397 137 146
16 408 109 116
31 366 65 69
358 387 34 142
291 352 74 78
302 214 53 63
461 56 30 80
398 284 16 44
527 427 31 89
487 496 32 37
122 57 6 53
62 229 34 59
308 369 4 14
372 178 127 169
125 384 8 10
354 402 110 124
65 287 1 4
273 203 47 60
20 581 3 12
596 77 22 35
545 114 18 18
310 237 174 177
284 386 0 4
531 21 7 12
230 128 5 8
221 35 6 66
256 408 4 82
332 409 17 18
517 481 8 30
422 454 2 5
83 253 24 33
473 18 49 77
57 582 42 74
284 361 116 153
414 336 47 65
73 171 53 64
571 307 93 140
58 397 106 106
473 397 24 38
188 563 9 15
561 386 14 25
125 482 168 170
169 594 96 111
301 329 118 125
285 32 24 97
205 331 119 122
417 267 41 43
235 529 34 64
220 346 46 136
60 402 55 95
334 89 34 121
598 82 42 72
159 299 35 84
496 8 23 23
344 38 61 93
589 454 15 16
386 288 51 77
405 592 8 15
512 60 169 171
76 28 2 4
51 595 57 60
236 403 11 18
511 591 58 121
414 318 2 22
159 436 81 85
330 267 47 52
178 148 28 28
465 541 42 141
188 285 71 169
243 311 14 56
186 87 104 130
108 107 128 128
73 346 40 87
409 345 88 90
312 283 37 100
276 499 2 20
567 514 10 42
369 234 125 130
550 379 49 51
373 26 22 46
429 277 163 169
110 496 84 90
485 526 58 121
132 184 13 25
479 453 67 87
56 78 27 117
294 6 10 25
248 290 13 38
321 137 4 17
254 429 59 70
99 372 34 39
539 444 51 81
198 420 87 88
324 291 29 73
2 346 32 114
355 283 44 44
592 14 36 119
486 154 22 72
259 60 132 138
420 440 24 127
388 366 77 107
246 465 29 50
202 179 7 117
382 57 14 22
158 314 153 160
154 497 54 63
502 388 33 80
162 267 3 20
8 241 47 48
297 104 104 114
495 299 75 84
459 580 52 57
50 187 63 73
122 47 16 17
100 505 62 120
42 580 21 36
368 434 49 57
53 422 68 82
60 17 114 124
225 82 93 97
287 225 118 131
597 393 95 109
179 447 3 3
212 261 49 89
170 71 6 32
142 41 179 181
322 167 125 142
558 172 22 68
360 64 81 85
292 196 7 7
542 334 0 0
487 113 15 67
369 179 99 122
181 553 18 56
59 149 74 78
226 591 31 42
1 381 37 54
532 244 15 85
544 372 0 4
466 282 23 30
59 485 73 165
466 324 3 14
173 484 49 97
59 65 120 150
544 547 18 24
162 291 5 6
355 106 136 138
526 564 133 139
503 552 100 105
107 317 54 103
448 202 62 69
262 446 45 104
447 408 30 43
320 23 114 114
187 533 60 90
72 440 139 157
562 295 7 25
507 456 134 157
146 114 21 23
582 389 6 102
265 222 68 120
112 488 110 119
181 570 29 34
336 471 6 17
442 211 50 56
369 482 4 11
436 391 166 176
26 352 13 147
48 505 3 13
25 460 166 170
226 267 60 85
103 544 20 39
561 511 25 65
340 459 81 89
442 340 10 92
249 0 20 38
577 48 63 165
418 491 1 2
86 366 90 116
504 191 86 87
566 223 50 53
263 512 2 3
326 214 77 115
286 573 82 124
261 60 19 20
382 537 36 92
497 498 50 55
122 191 29 49
526 510 103 138
494 540 78 97
162 507 1 3
58 392 24 94
358 441 74 111
511 266 35 37
593 252 89 124
337 170 7 7
147 494 20 22
514 397 48 61
386 74 133 133
597 326 44 66
296 238 8 59
26 8 15 49
24 359 113 130
91 255 46 52
382 595 161 162
513 559 43 85
35 359 98 166
236 408 115 152
300 296 70 76
501 331 20 38
570 380 6 14
507 273 13 50
376 597 80 94
187 209 51 52
198 319 7 66
466 2 117 137
161 3 30 51
508 392 61 78
262 425 6 6
365 478 68 76
374 514 12 30
339 105 53 121
504 239 14 15
449 582 68 71
572 248 60 81
597 179 7 14
338 496 102 105
78 13 44 44
313 286 19 22
395 302 27 72
379 548 16 20
129 220 49 61
260 178 50 60
105 309 84 92
574 579 43 46
300 486 54 128
500 341 121 137
69 577 52 54
384 506 71 88
357 36 10 52
442 544 30 109
118 559 3 7
385 409 26 94
126 90 17 93
180 381 136 142
456 227 2 23
225 233 17 63
150 69 91 92
120 193 56 57
527 162 77 94
22 302 112 115
212 159 14 42
40 490 58 61
146 474 26 73
109 340 126 137
596 552 145 162
361 39 97 97
114 400 8 8
448 416 147 157
419 273 31 64
67 520 43 46
271 480 49 64
379 529 142 144
212 493 4 33
51 366 113 128
335 59 23 32
324 210 45 82
22 71 35 110
538 62 31 86
542 269 16 42
402 271 35 110
72 141 83 99
397 449 23 28
492 76 23 158
132 197 129 163
169 29 82 118
78 434 69 91
566 372 45 65
456 529 17 22
482 236 137 138
533 321 7 36
380 581 57 59
89 38 30 33
517 328 43 60
584 486 10 34
406 293 84 132
389 216 35 100
448 323 23 29
332 213 0 0
492 598 14 26
448 97 57 59
83 544 19 21
183 61 80 139
385 310 79 87
140 421 51 87
552 464 72 73
142 410 9 14
470 485 19 35
346 292 8 28
574 319 171 173
140 466 84 137
301 198 48 58
360 376 45 54
527 459 86 93
99 74 11 52
555 271 79 86
236 294 12 13
577 138 64 84
402 357 99 101
248 3 45 128
281 1 111 125
512 83 65 109
578 357 29 34
580 334 63 155
100 369 38 45
458 102 15 73
349 592 14 63
138 224 14 85
32 334 8 10
376 337 9 14
473 535 96 100
78 538 6 12
40 571 89 113
566 306 53 57
191 119 44 55
190 274 14 25
512 214 6 16
371 293 9 58
438 148 127 135
195 164 10 10
130 351 18 25
353 554 4 5
397 19 12 23
322 233 124 130
497 150 156 158
322 540 33 49
304 115 11 25
485 406 51 112
218 397 51 100
58 6 52 55
47 262 122 128
486 586 37 44
107 376 66 114
582 370 22 23
83 431 33 34
135 181 32 45
346 495 123 151
45 7 20 21
149 588 100 102
411 347 1 1
119 570 71 76
269 233 12 14
384 333 111 111
294 143 107 121
454 219 5 32
208 212 30 51
20 77 93 93
272 572 56 73
392 530 48 92
482 235 106 108
436 235 9 17
419 368 53 143
546 223 27 27
298 72 4 5
519 182 53 58
393 346 7 46
355 152 53 83
41 453 43 150
64 571 7 12
18 247 38 50
36 95 47 61
455 562 82 137
531 525 1 2
63 66 88 140
407 114 72 86
183 274 16 22
44 244 67 71
239 537 9 11
208 296 115 127
405 508 11 27
284 546 24 29
455 325 113 114
221 575 3 63
586 435 70 94
133 316 28 158
195 156 16 25
156 579 35 43
507 71 17 28
273 136 115 123
526 315 15 22
241 492 5 6
160 424 121 138
280 358 12 50
575 209 33 53
395 399 0 6
514 267 106 123
548 571 10 36
103 327 6 7
462 455 136 149
269 223 69 83
244 484 107 131
338 430 131 134
218 63 68 75
4 588 46 47
130 272 29 47
593 292 43 81
306 322 60 61
333 126 67 67
210 53 41 116
14 398 98 124
535 267 128 131
331 244 13 37
541 424 21 22
243 548 79 88
268 291 65 72
430 145 13 35
524 55 5 9
88 247 175 180
51 489 4 24
156 530 73 84
393 267 49 58
583 418 17 35
231 165 32 32
551 467 34 91
509 226 69 92
314 540 7 11
261 557 8 10
281 327 88 95
58 355 80 96
454 239 81 101
29 85 13 17
108 582 58 109
69 53 117 164
527 362 55 62
9 316 10 14
35 216 65 73
184 59 32 89
316 356 149 161
346 141 41 65
449 514 13 14
143 304 7 29
564 387 38 70
502 135 27 31
358 345 36 54
183 423 22 31
594 206 72 125
107 466 14 19
137 360 95 99
65 286 10 42
422 366 16 17
542 37 37 37
300 218 0 1
32 41 39 126
315 56 6 25
132 64 83 107
177 313 2 14
359 29 142 142
163 311 54 98
269 240 162 173
145 507 29 79
94 224 30 65
24 307 29 35
72 545 25 34
166 432 81 143
89 368 22 27
337 469 51 70
290 431 13 23
237 241 20 58
33 449 27 110
293 68 23 106
219 426 2 31
525 178 61 88
468 188 17 19
430 193 50 110
185 318 5 13
477 564 3 4
179 408 9 11
574 6 71 126
134 9 22 22
81 349 124 132
13 432 56 61
252 357 58 62
267 439 87 101
39 471 30 33
237 56 10 33
217 430 132 135
8 372 31 91
21 179 12 12
12 345 68 72
92 569 38 43
201 391 57 143
300 530 18 69
466 554 26 51
289 390 66 70
155 105 91 126
109 97 179 184
253 470 33 33
580 261 79 89
54 254 52 53
354 139 91 129
350 415 7 22
255 493 21 34
355 210 58 138
348 141 74 93
374 566 32 44
290 140 4 19
490 268 38 51
210 435 41 45
131 575 145 160
301 121 9 23
588 570 66 71
467 122 84 95
300 204 26 32
373 459 26 95
99 233 48 87
123 71 8 8
55 364 29 42
98 186 72 120
404 407 39 65
300 442 108 108
62 376 138 150
553 497 22 24
140 302 119 119
231 161 71 105
284 219 148 151
465 510 119 144
106 338 111 155
239 151 37 95
260 232 46 65
227 170 4 29
247 20 7 42
309 380 24 124
12 230 56 60
545 285 25 35
400 421 24 47
393 362 5 51
92 159 43 135
186 184 117 117
235 586 41 72
331 427 21 78
221 247 67 116
133 209 99 104
265 273 53 61
537 418 61 74
539 345 1 1
63 434 115 133
192 484 23 67
180 64 34 36
41 416 19 74
75 403 18 18
159 108 50 98
149 238 11 16
515 39 23 31
319 348 99 102
565 276 66 116
201 582 7 14
101 458 38 42
77 85 1 21
2 185 123 126
236 504 107 155
224 567 89 96
512 568 100 117
376 262 22 56
326 447 16 34
558 57 24 25
58 40 135 141
253 453 15 65
596 586 36 64
319 241 16 20
73 486 24 31
140 552 31 37
224 259 26 44
265 530 33 51
340 573 7 60
468 374 34 114
140 2 18 26
59 206 68 72
463 572 62 65
40 304 13 30
257 64 147 154
164 182 130 158
557 225 30 40
363 381 26 27
571 266 80 112
330 379 40 41
65 559 82 82
343 303 78 105
159 549 2 4
556 41 29 84
238 105 45 67
16 534 15 17
263 406 51 71
387 467 83 90
101 271 27 50
520 422 18 50
595 302 122 129
243 301 37 50
370 294 12 20
63 180 3 3
592 7 33 52
369 470 14 17
134 567 123 156
524 41 43 43
448 374 2 12
39 61 20 71
79 252 61 150
446 285 50 166
82 460 22 36
576 534 111 129
213 387 99 104
340 45 116 123
85 396 6 21
495 42 24 103
35 520 105 125
92 491 29 97
468 211 13 21
478 510 55 71
300 57 0 0
435 128 34 153
281 482 9 65
494 275 11 17
22 442 145 161
122 164 27 82
253 542 26 95
456 446 1 22
483 515 29 41
348 351 16 26
441 515 19 36
454 142 32 138
483 354 41 60
383 221 56 83
230 535 37 47
458 234 81 126
231 59 20 85
525 435 103 105
335 568 14 18
289 6 63 100
459 445 28 63
468 130 32 47
44 517 18 21
114 89 95 149
129 392 1 1
72 211 9 16
264 507 31 83
481 52 49 55
255 582 38 79
89 297 73 86
139 365 61 62
357 67 9 15
246 336 22 57
111 109 0 0
116 134 46 76
572 114 22 23
525 97 21 47
251 427 22 54
364 61 148 160
379 423 105 152
36 37 38 61
548 509 21 59
25 459 57 99
538 227 26 37
145 364 1 2
89 449 13 16
357 487 2 2
329 114 43 74
308 423 76 76
11 345 59 72
206 586 39 110
233 347 22 46
315 75 135 148
566 56 20 38
71 256 98 149
329 477 27 88
126 360 55 58
177 253 21 54
574 238 81 109
396 377 20 25
204 459 75 114
11 131 85 105
248 270 69 145
123 582 12 37
61 339 62 76
75 486 42 43
568 10 19 58
346 512 58 91
437 368 155 158
320 88 86 89
203 492 57 63
154 415 84 136
115 415 88 92
72 267 104 106
360 555 0 16
190 548 21 30
376 0 10 12
450 348 97 126
275 269 22 81
203 479 82 104
537 472 51 96
9 509 33 37
404 273 60 97
541 33 86 118
263 278 77 86
344 490 35 38
237 247 13 23
304 14 29 39
394 75 5 39
56 264 27 38
207 347 23 51
184 505 14 21
478 520 28 28
30 134 79 99
473 354 44 47
566 394 18 39
410 104 54 69
498 233 6 23
296 548 5 102
246 74 67 90
499 172 47 48
113 93 71 88
423 387 7 37
475 458 15 83
403 123 16 27
575 296 68 77
458 181 11 56
440 87 33 132
2 403 69 96
366 17 90 141
269 280 80 87
472 197 9 21
14 63 109 134
450 507 61 78
161 478 83 116
401 400 20 46
64 440 67 99
429 342 28 132
276 387 6 22
146 596 0 2
215 153 24 85
69 175 58 72
515 503 36 40
483 217 46 49
61 55 76 110
203 230 170 172
215 595 3 6
521 465 1 1
587 4 47 58
561 315 35 49
329 264 5 8
36 550 27 42
65 283 28 123
217 304 46 88
97 461 12 61
11 348 65 107
304 36 45 130
83 65 57 60
589 239 6 59
222 21 52 78
161 353 63 95
162 15 108 118
210 21 61 79
126 267 67 119
0 574 130 134
13 458 48 91
473 533 148 149
71 473 51 97
83 156 170 172
202 349 49 102
391 253 48 59
41 15 151 167
427 566 100 121
451 42 28 38
90 132 7 10
440 544 134 152
488 308 12 14
588 150 81 127
187 379 55 90
201 126 11 16
576 374 37 43
110 539 92 169
112 44 115 126
356 35 21 71
152 321 41 56
428 170 93 160
58 48 9 12
113 399 3 6
378 52 18 89
451 21 18 30
270 182 3 16
520 322 64 73
32 460 71 79
134 69 2 4
225 213 51 67
505 375 89 100
310 378 46 85
478 524 14 22
206 79 82 136
509 329 20 21
238 526 4 8
171 181 51 110
229 357 95 104
128 264 57 83
544 439 17 131
234 235 27 108
154 319 42 42
96 491 6 9
13 552 108 124
334 104 61 65
72 176 164 164
279 144 41 80
464 317 93 115
411 202 22 52
568 407 40 43
150 205 13 15
401 459 76 145
410 344 3 13
212 459 38 41
169 237 14 46
235 570 46 46
450 82 11 16
566 303 26 27
508 507 50 64
541 412 61 115
468 207 62 74
441 127 91 128
0 374 5 17
251 287 25 45
0 7 130 156
420 449 43 87
104 538 7 94
57 593 46 92
15 74 7 9
232 116 178 184
18 102 66 98
108 329 5 29
374 320 139 156
482 180 58 78
166 331 80 80
571 385 28 28
515 295 89 90
53 222 5 8
300 511 93 93
201 493 52 68
430 136 115 137
391 126 147 150
176 57 7 7
117 79 87 91
210 452 49 114
425 267 5 15
380 394 59 68
58 480 62 93
241 415 78 133
527 278 90 91
70 375 1 17
479 36 62 68
113 157 4 58
403 320 93 120
74 80 97 100
499 387 105 160
479 236 73 169
120 229 10 19
464 75 25 35
418 303 159 163
77 427 32 37
561 327 66 83
338 7 6 11
97 395 98 100
297 241 15 18
241 285 55 114
409 69 77 92
538 471 54 96
537 488 142 146
215 412 52 146
20 158 14 41
306 301 3 6
7 154 78 186
542 400 123 128
3 98 1 4
421 551 84 107
42 209 49 49
180 474 34 53
578 149 18 145
390 11 29 30
480 316 57 96
334 573 70 150
301 107 2 5
4 7 127 158
2 579 13 70
562 581 46 74
429 395 10 147
534 258 45 46
250 468 31 34
217 550 16 39
318 501 22 102
400 413 68 87
330 541 87 93
586 557 11 35
319 370 4 4
183 453 36 40
444 195 183 188
151 541 24 35
164 282 116 174
288 514 161 164
97 219 6 23
220 202 34 34
89 375 93 127
517 234 47 49
346 281 91 97
190 197 99 102
489 216 76 95
292 157 35 167
521 274 39 43
8 415 21 61
476 567 45 47
163 77 41 123
220 584 45 130
372 107 8 27
201 338 8 16
146 389 18 29
454 155 103 129
433 291 120 131
99 351 62 137
13 175 6 8
272 569 66 66
129 369 14 20
281 225 99 142
24 519 48 142
390 95 41 63
154 437 25 35
408 110 28 117
227 112 9 28
39 408 3 25
568 341 46 88
489 537 2 29
141 462 70 98
99 253 4 12
452 318 28 57
264 579 35 43
596 429 21 110
23 400 30 93
255 146 5 67
353 224 111 111
304 335 51 56
366 460 30 58
484 551 11 12
154 182 75 84
164 513 4 8
221 395 25 26
428 376 14 20
345 411 114 157
113 6 130 147
517 515 14 60
30 584 68 106
281 273 11 12
491 300 3 15
437 299 114 170
183 284 13 182
513 423 2 14
483 35 17 75
594 380 17 33
222 69 127 129
326 499 11 22
32 188 12 47
244 206 122 124
292 363 103 109
72 163 62 143
321 147 184 188
142 489 37 40
434 279 14 38
558 186 30 34
271 194 10 11
280 77 45 54
192 594 29 62
14 69 50 70
267 474 10 19
545 93 15 16
10 183 4 6
172 79 28 83
560 183 13 43
280 74 114 114
202 436 1 19
342 189 11 108
185 249 47 89
477 422 37 69
364 526 57 123
504 268 82 84
298 247 10 95
382 594 45 77
259 527 75 111
259 441 7 29
91 286 165 166
534 484 68 73
471 138 17 76
348 425 8 24
329 22 23 24
151 581 52 60
293 35 3 8
533 209 32 33
495 363 0 6
351 313 174 180
520 126 7 10
520 0 20 68
129 321 26 26
457 391 11 11
573 425 16 25
130 319 117 124
355 432 39 41
507 503 8 9
348 269 21 38
133 419 13 17
269 176 73 150
160 154 112 124
551 149 92 111
275 49 35 103
12 123 31 63
330 192 31 54
26 498 142 143
125 31 166 169
547 244 99 115
9 243 25 38
41 307 79 80
478 66 91 124
301 556 70 83
460 404 73 149
487 538 21 53
428 463 125 145
229 256 0 3
561 62 13 16
360 255 142 162
109 574 75 94
125 575 43 49
379 195 24 30
253 357 42 89
252 145 54 55
459 389 35 35
312 568 2 4
119 230 49 97
218 521 15 26
343 593 17 19
244 83 17 19
150 556 0 15
464 375 55 61
566 492 18 53
532 349 37 41
48 281 76 154
131 240 73 156
104 519 53 85
206 167 38 150
429 189 5 28
359 576 109 189
106 270 86 121
319 566 30 48
294 311 24 51
550 266 8 26
243 58 56 67
124 329 35 56
312 511 106 129
155 177 110 117
98 318 45 94
586 65 29 56
74 579 3 4
318 105 71 108
199 462 52 73
363 338 22 32
3 84 83 98
162 499 84 99
438 42 15 54
258 196 23 54
325 242 69 106
351 228 29 30
529 55 42 81
432 474 13 45
433 18 5 6
239 286 45 59
354 406 17 35
329 206 72 119
59 64 52 65
207 224 15 92
521 331 8 21
359 437 122 166
530 199 110 123
257 97 76 115
499 182 146 151
358 82 22 111
371 574 96 102
470 10 1 2
149 437 34 115
504 248 35 55
364 280 40 46
134 37 17 34
303 175 12 14
253 563 12 115
497 455 20 97
419 257 40 43
376 494 87 88
241 566 127 133
466 582 38 41
47 63 10 29
64 55 12 60
111 448 21 95
334 232 77 103
549 300 167 169
162 155 63 94
27 516 121 139
453 597 13 18
37 47 23 24
464 120 9 41
106 268 6 42
356 19 19 39
113 376 66 85
362 594 17 18
111 5 4 6
219 55 41 53
402 126 21 22
375 221 67 157
458 180 20 63
328 298 58 93
130 548 52 102
468 420 166 175
576 525 75 84
146 7 12 14
20 165 8 44
586 377 31 37
117 438 44 173
596 326 68 72
46 350 11 128
519 351 9 26
428 269 30 42
50 464 69 117
514 39 31 78
38 193 22 84
544 102 13 27
9 158 23 46
246 275 176 185
559 131 2 10
310 129 17 23
129 474 46 145
233 304 7 48
214 94 11 18
8 122 24 37
236 432 86 134
540 67 98 126
440 468 49 54
562 196 50 78
384 426 21 29
545 443 27 31
501 111 103 107
408 184 51 115
470 233 2 5
477 376 9 24
298 583 40 53
544 406 37 66
501 256 56 99
371 97 22 39
100 384 71 84
289 129 94 101
369 192 93 99
425 572 7 20
22 561 41 59
254 181 0 0
313 450 27 45
136 442 52 74
190 437 21 61
57 151 19 112
445 381 98 132
249 217 120 147
327 509 95 98
412 353 30 31
47 221 2 4
122 484 6 6
11 470 15 41
154 554 12 56
371 303 133 152
38 504 70 92
170 57 5 20
251 323 56 97
245 565 7 11
182 91 21 40
122 331 53 54
313 416 86 131
121 422 68 95
568 60 27 39
491 269 180 181
135 474 35 38
463 362 124 137
540 170 18 19
473 577 26 31
75 587 19 20
509 425 29 37
588 171 34 83
343 190 107 138
156 24 64 145
294 360 2 7
337 432 68 93
59 213 17 84
43 216 69 74
96 235 163 165
575 427 77 110
77 439 35 148
477 128 35 59
244 285 47 52
278 245 87 90
399 576 76 76
423 199 5 25
578 330 27 72
549 368 134 134
42 445 16 60
581 589 29 49
361 538 143 179
253 310 20 56
251 183 15 17
583 55 3 5
403 503 9 40
95 141 128 144
72 428 6 10
349 66 65 94
62 111 1 1
404 330 14 19
544 157 11 15
9 318 22 50
387 52 0 1
562 404 78 124
528 151 55 93
432 378 49 63
99 305 44 51
17 558 33 105
404 390 112 120
577 553 14 15
316 356 41 44
177 237 85 103
430 350 21 26
498 26 13 18
148 571 60 66
352 135 42 101
553 312 13 18
254 475 48 116
113 382 41 144
155 390 3 39
91 394 58 157
9 243 6 18
510 484 159 174
588 408 18 127
124 433 1 4
415 592 93 108
256 167 26 28
204 510 21 28
347 398 5 43
275 413 82 82
112 531 120 139
524 562 4 7
121 521 43 51
315 126 3 6
350 289 10 15
139 279 43 44
130 160 2 4
160 415 11 11
569 93 71 171
308 333 112 120
286 273 89 138
109 60 88 97
538 374 40 42
351 66 135 147
536 347 67 156
207 323 58 91
303 337 58 66
96 291 19 23
428 420 147 149
254 238 54 55
475 405 22 65
581 129 37 103
375 452 90 98
378 577 142 169
235 465 72 87
278 338 137 139
580 348 55 96
192 486 13 31
61 377 79 87
195 53 34 43
513 20 20 26
357 350 78 85
165 195 2 10
140 540 5 8
202 331 173 175
569 553 5 12
546 142 5 34
437 47 63 64
530 117 69 131
463 470 16 51
216 443 80 90
269 134 46 47
469 374 68 69
264 474 46 107
465 366 8 51
431 150 11 18
73 348 3 5
23 28 70 87
460 199 1 2
26 152 69 121
537 447 20 20
213 509 4 8
556 8 17 28
109 103 3 23
436 107 14 20
235 179 106 107
274 344 127 150
384 406 37 45
11 508 66 95
590 211 96 105
296 553 15 59
310 167 12 19
360 479 23 26
126 155 75 84
43 218 38 49
202 304 17 43
237 258 30 30
566 420 105 112
475 261 3 4
448 474 14 42
454 525 3 6
149 459 123 148
230 10 94 104
308 210 9 16
593 171 32 127
157 573 72 130
277 58 21 84
163 152 81 88
543 140 115 143
66 445 39 60
40 240 33 63
522 386 5 22
2 383 16 25
133 119 13 63
286 292 136 150
53 299 27 29
166 574 49 154
277 420 37 110
47 256 42 87
583 499 24 26
236 5 32 75
198 304 53 125
15 105 115 126
398 153 8 60
467 300 30 30
588 348 130 167
130 589 49 51
34 151 71 72
239 22 17 49
6 52 36 133
451 58 35 52
563 298 103 104
82 149 39 137
498 152 22 27
159 215 37 112
145 428 11 130
279 449 105 138
9 173 88 120
76 598 22 133
367 232 28 58
489 585 179 185
226 99 31 76
368 239 16 57
560 457 57 92
21 584 1 2
64 228 31 107
217 155 82 117
237 459 57 69
267 15 13 62
585 202 6 35
225 501 39 44
543 34 7 15
145 30 37 122
38 210 23 24
535 132 31 32
470 75 1 20
510 250 40 63
479 227 9 14
452 393 11 17
232 355 24 24
538 303 25 125
578 214 53 66
195 79 42 43
482 232 130 148
559 492 1 10
17 84 37 73
464 490 4 27
303 130 3 4
582 29 132 146
284 113 59 70
338 485 16 39
90 596 7 30
173 554 4 4
89 190 47 73
285 198 63 122
274 195 29 83
212 589 35 128
547 369 67 98
24 234 45 52
244 324 6 9
510 393 108 108
400 339 11 19
170 237 59 67
35 427 87 91
470 40 113 154
3 320 50 61
570 483 123 128
142 293 62 67
447 395 14 37
164 356 75 76
317 142 6 75
400 110 20 25
388 548 93 138
272 338 19 23
547 45 6 12
514 358 17 85
104 332 1 2
146 117 8 112
543 129 15 15
544 512 60 61
401 74 18 18
525 51 26 48
398 54 132 156
424 120 47 58
179 391 46 46
524 211 8 18
126 587 67 116
156 595 13 16
382 406 105 127
75 364 43 64
127 134 79 93
461 466 20 38
591 164 1 6
463 199 102 113
443 389 60 96
179 491 72 111
515 312 42 66
404 10 107 155
158 569 23 57
547 72 141 148
415 91 42 87
11 3 25 27
327 230 166 169
114 482 48 58
212 457 40 40
277 249 23 33
501 338 96 116
259 494 10 12
507 65 32 35
332 447 46 50
21 146 95 138
28 536 13 50
418 388 30 32
303 48 29 47
348 118 10 48
33 30 135 166
498 517 44 145
335 504 10 10
266 494 44 49
495 251 61 168
555 99 41 76
345 347 5 61
435 290 17 31
497 84 54 62
580 399 1 10
114 380 13 77
187 562 91 93
428 346 65 92
28 79 101 128
221 77 57 88
230 347 8 30
356 53 5 13
515 292 4 4
415 313 2 39
173 283 134 155
123 1 67 71
305 351 53 98
505 580 59 167
355 364 60 67
68 515 24 28
35 305 62 71
457 264 88 94
323 350 10 10
407 149 130 156
206 296 17 62
478 546 5 6
361 184 104 109
340 77 168 181
120 569 15 48
564 360 43 47
253 282 5 106
447 585 24 25
438 43 19 62
147 88 88 134
415 109 7 8
393 166 24 147
369 341 20 65
554 40 122 132
175 169 3 4
281 61 105 148
219 253 110 112
465 564 80 104
192 243 35 42
255 207 13 25
500 415 34 52
489 45 59 87
585 29 4 46
191 258 1 1
175 432 67 152
519 96 103 155
197 357 15 15
499 68 163 164
323 106 52 55
426 46 7 16
515 23 18 99
467 33 19 48
464 505 22 36
565 161 59 83
435 411 26 34
26 364 23 52
112 271 22 138
259 75 36 96
295 362 58 73
330 124 95 97
144 79 35 40
33 6 61 95
479 154 115 135
412 38 22 30
518 399 49 50
463 273 85 98
146 163 45 64
330 205 73 108
330 531 14 16
57 1 92 95
137 59 162 164
331 455 75 93
553 524 73 85
203 36 19 22
473 462 17 48
161 539 2 3
334 118 27 49
469 105 88 147
295 60 69 71
350 42 40 113
276 221 27 81
517 314 25 32
12 407 7 17
289 276 20 34
211 556 10 10
13 239 70 70
567 138 148 149
378 458 75 105
1 237 98 99
496 345 42 117
328 274 99 170
569 578 85 150
350 542 132 136
418 283 161 188
492 6 17 55
19 472 73 128
302 575 22 52
175 333 16 20
593 582 92 96
248 137 0 9
547 486 13 49
400 211 59 59
465 423 37 38
527 361 44 74
172 451 27 38
594 234 30 42
20 542 7 7
64 72 12 17
538 470 18 19
241 372 1 7
427 246 62 65
472 416 82 99
350 595 72 94
88 425 107 139
359 6 18 25
547 362 86 103
322 252 22 37
389 50 11 15
135 164 1 21
562 564 129 138
52 315 33 50
471 214 20 75
261 467 101 128
268 163 48 84
117 378 64 72
280 476 21 41
210 167 93 96
239 170 112 113
140 325 20 46
15 497 153 177
39 503 124 145
305 3 26 33
463 438 21 54
83 549 31 97
141 201 39 40
589 291 15 47
538 58 71 77
230 58 18 22
163 172 155 158
456 90 92 106
469 100 27 106
411 326 71 73
520 371 40 48
486 31 62 133
499 352 0 12
418 232 11 32
91 299 149 173
486 441 7 62
279 517 3 24
544 479 26 28
397 260 25 37
582 87 73 101
258 124 5 11
161 96 36 46
208 511 59 62
515 519 14 29
145 343 19 23
220 325 61 104
236 302 68 125
21 294 11 12
452 388 0 2
191 377 111 113
404 206 96 111
459 228 57 63
319 390 7 21
115 476 36 50
71 170 8 11
460 253 51 56
24 246 9 146
314 300 16 25
508 295 110 149
332 255 109 128
162 363 35 50
169 85 60 69
564 19 15 16
249 434 61 72
87 511 12 14
495 78 12 21
19 124 89 129
586 492 22 80
205 3 4 14
525 251 94 94
53 537 136 153
21 265 33 57
335 479 58 88
144 163 69 135
580 108 7 12
260 125 7 10
294 238 45 92
435 99 1 17
534 214 11 12
127 159 11 11
441 146 80 80
340 565 88 109
333 198 40 57
124 570 48 78
113 162 68 69
165 20 46 70
259 310 29 67
230 468 19 22
173 137 49 49
63 260 35 71
372 3 21 80
158 243 36 112
432 362 78 95
71 566 81 84
48 225 34 39
569 345 9 10
393 238 24 41
569 187 8 14
358 81 7 41
105 209 120 120
469 214 55 66
215 389 114 123
418 304 130 132
597 506 31 89
73 441 162 164
382 108 102 142
3 396 15 52
378 419 147 178
146 329 94 97
228 191 98 150
3 266 41 50
407 66 4 28
220 451 7 7
390 571 28 32
494 90 10 130
340 60 146 153
85 359 91 92
127 532 43 58
225 338 7 99
97 373 9 77
137 359 9 9
422 366 49 50
171 592 149 154
76 279 125 139
271 133 62 62
476 63 87 104
194 295 143 161
317 92 9 23
568 348 3 21
438 394 111 114
28 221 54 120
266 206 40 57
547 222 126 147
209 339 36 36
571 430 66 71
107 80 5 8
536 29 9 45
88 551 76 86
258 581 46 158
404 427 93 118
542 375 123 151
285 311 3 27
540 340 91 91
566 297 61 73
357 512 36 129
157 515 6 26
37 213 56 73
466 472 51 95
193 539 18 30
414 478 62 72
319 421 112 119
341 35 11 91
546 196 119 164
327 145 22 49
125 13 57 58
109 302 68 73
263 252 64 78
496 568 18 20
414 543 40 99
73 552 18 27
142 107 35 162
18 468 49 119
37 249 9 27
475 286 35 40
510 445 42 55
41 316 22 106
468 153 15 22
350 67 2 18
536 472 71 72
150 164 71 84
222 232 111 141
448 381 153 174
578 504 18 20
171 264 64 75
422 367 50 132
36 343 2 18
98 590 49 64
534 494 14 122
52 109 145 150
493 46 46 56
486 223 24 142
24 206 16 16
589 559 1 2
549 380 55 60
561 452 5 12
430 503 118 127
12 291 22 22
368 202 43 91
354 482 34 84
405 199 12 76
195 4 7 11
408 98 82 82
323 137 6 9
221 506 121 132
44 553 6 13
243 551 38 89
561 183 11 35
531 299 106 175
573 15 44 92
356 564 34 98
580 504 113 115
154 314 45 72
118 16 83 125
34 445 18 111
433 120 4 10
321 231 25 165
161 452 9 10
294 51 9 56
429 454 31 47
40 560 20 107
587 550 45 89
172 70 119 127
85 163 16 17
347 8 40 41
354 88 14 20
13 562 9 118
138 253 60 92
152 316 11 53
414 428 20 25
262 562 29 57
464 167 20 25
424 491 42 44
239 484 96 105
136 243 51 61
133 336 69 85
278 219 29 73
321 128 20 104
33 574 105 121
359 501 15 16
346 448 52 58
470 43 12 16
53 304 5 6
150 580 76 79
560 513 42 62
58 238 25 37
362 183 78 89
74 77 58 81
323 393 120 126
435 167 35 37
553 472 95 117
185 72 66 94
415 200 39 59
64 63 27 63
71 541 113 170
145 569 36 39
164 210 122 131
327 240 92 96
195 127 82 136
418 569 53 166
476 14 45 66
77 274 108 109
512 572 77 140
583 93 114 137
14 441 104 124
479 177 4 8
534 203 49 72
580 23 83 115
510 86 9 20
125 390 111 113
421 237 84 136
525 514 5 64
537 569 85 93
10 380 25 123
28 472 14 91
316 9 58 90
422 230 70 70
118 171 12 71
395 2 16 119
442 332 85 94
112 487 125 131
479 565 41 49
15 237 64 98
177 109 1 3
271 282 59 116
101 343 73 81
356 480 43 43
9 520 89 105
442 301 1 1
112 143 78 118
268 592 23 52
471 71 11 30
498 140 35 65
177 408 26 38
205 285 114 138
360 422 76 80
55 76 62 62
342 204 0 1
543 170 36 152
58 299 50 53
344 207 82 84
281 502 0 4
193 419 33 43
340 214 52 59
293 403 33 37
39 158 36 41
350 149 70 105
292 214 27 43
251 501 116 142
103 580 49 51
563 341 19 19
537 264 7 13
441 489 24 40
524 569 3 15
102 24 70 100
370 458 36 42
174 301 85 101
160 175 1 15
288 496 21 29
340 333 14 29
331 87 66 98
46 69 56 58
131 440 60 63
556 90 12 12
308 302 56 66
501 421 105 106
254 47 16 30
564 104 28 35
129 358 114 114
71 118 14 45
330 85 19 25
183 243 144 149
579 434 51 81
377 378 52 59
544 550 13 16
13 287 20 86
78 150 68 125
269 21 81 130
271 148 35 94
513 317 15 18
431 521 108 113
233 453 38 38
296 430 4 4
573 466 1 11
271 41 170 180
504 280 138 141
65 141 94 141
285 391 124 138
589 501 20 23
586 39 100 100
242 424 20 34
43 317 42 53
554 485 26 31
208 532 50 57
84 315 35 145
521 115 91 96
31 305 66 110
131 383 43 58
93 79 1 31
444 147 16 36
498 29 14 20
115 346 146 159
27 531 145 159
470 115 9 48
298 587 0 0
163 596 35 44
424 226 6 7
346 100 9 13
174 36 1 22
321 493 9 16
590 274 14 54
258 36 21 95
583 18 20 44
332 517 67 72
165 202 70 78
422 10 172 181
39 204 34 58
424 456 95 102
354 225 51 93
238 321 17 170
464 485 17 58
267 20 15 33
255 416 99 99
163 90 90 108
391 358 4 14
190 230 12 12
193 426 107 137
542 8 2 2
412 469 43 64
240 117 95 95
186 224 10 26
559 577 34 38
374 178 89 95
370 183 52 54
243 329 2 7
440 188 91 133
424 156 71 89
360 409 65 66
378 72 13 17
382 451 93 101
14 104 6 11
318 396 64 74
299 182 68 87
598 313 57 71
466 205 32 69
531 363 96 101
262 563 24 26
542 583 45 45
32 357 41 42
579 519 54 79
565 439 128 141
416 402 114 131
55 306 96 103
297 17 39 111
487 88 0 1
375 270 6 35
267 171 27 58
216 29 71 140
508 373 102 133
592 531 76 141
148 525 65 66
1 461 54 176
158 446 18 63
303 56 49 76
296 357 18 22
484 330 43 90
148 444 36 39
152 5 7 21
126 480 44 92
487 444 13 39
534 78 35 67
230 303 64 137
115 247 77 89
440 113 38 121
92 251 29 34
89 456 124 158
37 337 115 117
477 553 10 51
195 232 32 90
594 101 5 8
460 416 90 91
442 523 39 92
362 587 45 45
182 140 14 40
211 442 47 54
455 442 43 50
10 532 78 107
58 544 3 19
331 490 45 116
34 409 44 85
371 167 48 66
443 415 127 149
159 110 29 35
595 542 6 13
354 294 79 85
308 571 99 100
191 21 28 37
21 376 110 158
325 404 24 65
388 450 9 22
472 427 42 51
286 502 58 70
491 189 20 42
80 223 2 3
470 194 7 12
93 228 46 46
63 261 18 33
215 227 119 142
30 186 17 18
143 342 9 30
524 559 154 155
377 38 22 25
598 593 105 106
461 101 56 64
133 306 4 4
228 374 43 113
65 243 109 155
421 63 31 153
187 42 64 77
100 485 73 138
116 146 97 109
140 261 61 75
66 211 53 61
130 357 58 87
227 396 59 153
26 411 54 64
321 38 19 38
413 377 57 61
502 212 53 71
237 355 53 53
423 117 12 14
250 196 45 84
538 531 36 74
262 399 125 132
149 593 57 62
140 518 28 43
192 341 83 135
15 113 3 3
497 414 75 84
162 595 107 177
172 257 13 23
382 584 46 81
109 95 2 4
87 124 21 65
516 330 113 118
520 162 45 139
332 319 23 32
10 114 37 62
179 39 9 18
88 15 51 63
163 53 67 172
431 256 50 87
448 297 23 47
412 147 103 131
423 96 54 64
385 79 33 37
309 228 79 109
380 41 6 19
69 443 19 53
2 311 22 57
330 506 78 96
128 177 9 20
239 293 97 128
87 247 29 31
71 144 103 106
469 235 1 1
414 243 2 29
417 513 64 161
174 147 185 187
386 252 51 96
428 194 2 2
409 264 1 2
29 543 92 151
228 529 2 5
116 178 15 28
582 598 73 73
5 394 0 1
484 185 13 19
71 242 36 44
151 120 118 127
255 592 37 48
377 402 4 14
433 542 32 48
323 518 156 163
485 292 46 53
20 338 12 131
345 12 52 55
162 411 7 11
451 394 28 29
330 559 79 113
405 35 13 126
203 173 49 88
71 69 16 80
294 120 109 123
56 433 12 14
544 110 20 20
119 250 58 149
430 241 149 167
517 568 0 5
39 180 45 99
490 262 111 164
593 529 103 117
36 500 87 88
43 304 72 83
115 108 11 52
442 439 0 2
408 263 10 51
596 27 28 30
488 452 64 64
84 593 7 13
416 186 81 159
348 220 8 33
345 337 4 4
320 352 17 55
81 363 114 153
399 489 9 31
458 511 48 58
175 265 10 33
544 586 30 31
245 141 22 62
438 15 116 130
508 97 13 21
28 442 97 109
312 292 18 83
510 60 25 49
484 47 100 114
1 126 30 31
468 239 70 71
222 494 35 107
198 499 129 164
297 534 1 1
513 275 28 28
530 65 128 141
2 267 83 117
521 522 77 100
277 183 114 121
65 469 4 41
96 429 0 15
210 400 52 127
202 165 67 67
276 476 60 60
294 595 35 66
476 381 42 107
450 557 11 28
279 270 109 125
221 95 2 5
400 580 65 73
446 113 72 75
304 341 54 86
386 585 38 88
227 463 36 143
302 299 55 57
349 294 4 10
503 293 151 152
515 169 11 21
498 106 34 39
171 6 10 19
366 459 20 50
483 43 1 5
552 488 59 78
454 591 7 22
259 538 44 44
383 273 6 6
487 205 27 136
433 271 122 139
298 479 15 15
240 467 67 78
530 176 61 95
483 513 8 14
462 495 157 158
96 540 12 13
258 46 152 156
593 493 29 64
175 48 15 16
164 156 47 48
201 556 41 45
152 389 3 3
550 36 36 74
74 517 106 120
310 33 84 119
164 239 23 80
371 536 9 11
562 319 21 44
262 353 6 86
350 468 36 110
305 295 17 17
155 357 19 20
343 494 6 25
557 160 70 98
297 209 60 80
472 568 59 85
141 215 20 116
3 354 27 81
517 324 5 5
141 158 67 77
77 401 12 14
358 558 22 26
80 211 4 4
436 566 90 90
29 39 24 29
375 361 25 135
115 171 71 148
537 484 32 35
319 264 17 45
155 458 15 28
67 500 6 42
279 111 34 34
11 448 1 3
287 597 82 96
120 361 121 122
385 159 19 24
161 72 91 100
522 19 54 73
225 161 131 132
386 175 10 21
32 264 13 18
274 316 85 126
146 577 82 107
514 419 1 3
27 124 56 62
543 381 5 64
38 587 50 63
276 22 34 75
462 324 28 133
25 580 19 30
368 581 77 127
279 225 29 52
371 206 35 121
590 13 138 169
295 166 62 65
190 590 24 31
122 541 17 24
369 423 84 91
412 223 20 91
15 475 64 129
416 79 108 112
456 241 1 3
319 36 8 8
491 296 104 109
344 549 36 37
94 88 41 62
161 580 46 140
115 492 17 19
132 418 154 156
183 565 112 154
29 228 147 162
295 210 27 52
522 588 4 26
176 240 3 7
541 411 6 17
580 298 58 73
3 201 39 43
291 336 33 96
208 200 4 9
431 280 12 70
475 89 5 6
593 22 32 73
478 51 98 105
514 543 165 176
507 258 6 12
84 403 5 38
131 411 70 71
376 457 87 107
131 57 40 100
317 417 10 10
391 379 100 100
479 46 27 54
118 514 108 122
215 341 24 24
382 478 11 105
40 379 5 5
329 113 29 47
598 584 165 179
499 197 6 11
475 1 16 28
531 122 33 34
469 562 54 60
107 432 28 38
163 264 171 177
12 58 58 62
82 127 93 121
127 355 33 80
58 391 1 7
337 234 2 9
300 423 26 79
499 425 74 122
309 1 123 153
343 122 75 93
127 416 20 77
258 481 55 88
92 128 94 94
118 404 4 5
26 274 15 19
135 570 59 79
426 140 53 152
511 12 5 28
283 160 26 41
250 291 9 25
381 501 94 105
249 286 114 115
542 325 43 49
37 3 21 21
533 13 9 30
392 524 52 78
470 273 61 132
426 517 25 31
323 502 41 43
226 106 49 74
71 245 132 135
138 81 12 51
255 447 16 26
212 205 16 18
120 571 86 122
287 184 131 137
421 309 88 102
326 405 35 48
395 422 111 123
31 458 21 22
22 29 54 74
526 107 20 21
301 401 74 82
28 157 33 43
570 400 1 16
547 303 117 135
453 253 41 54
4 105 113 156
505 64 0 0
141 597 68 80
115 332 37 58
224 133 69 95
455 264 0 8
99 122 60 67
440 382 37 105
366 513 48 112
74 598 1 1
514 271 63 70
522 592 38 44
66 398 31 71
214 135 88 91
392 481 3 4
315 178 7 10
98 58 142 145
562 434 133 166
472 253 36 40
427 478 0 1
388 58 67 138
133 83 15 115
173 352 45 98
449 57 34 56
441 539 10 10
243 19 124 132
100 291 168 168
248 488 47 76
86 555 43 44
69 3 69 74
44 353 13 39
94 395 25 27
5 469 37 116
98 211 73 88
325 539 2 11
1 213 26 109
273 229 67 79
67 450 94 152
285 497 19 32
49 4 89 108
286 421 50 110
272 48 121 127
104 254 168 172
505 100 24 24
440 319 45 115
331 487 73 122
446 569 22 26
476 450 50 53
67 83 121 125
143 468 117 136
496 267 52 52
257 37 44 101
405 117 34 45
217 228 27 30
552 360 62 82
441 291 63 67
348 169 74 109
537 36 116 120
288 137 4 6
435 521 73 115
276 344 3 6
559 150 107 116
320 518 71 83
40 335 88 94
46 164 129 134
198 312 36 55
533 323 0 0
207 188 81 111
548 324 26 120
314 303 49 52
500 587 28 32
211 383 1 3
18 392 28 37
387 341 81 88
100 280 66 84
179 10 3 3
431 399 10 13
63 281 14 33
539 443 10 24
523 295 65 66
69 247 33 98
62 450 51 55
186 558 60 83
456 56 53 97
142 314 4 32
393 41 97 146
35 159 29 101
439 536 42 142
332 296 12 12
399 567 49 50
28 131 7 18
35 395 80 87
40 111 74 76
40 132 35 52
490 71 23 23
461 471 81 83
597 59 6 6
117 544 81 145
246 486 18 27
8 30 91 132
269 281 152 154
93 467 5 17
525 212 106 136
184 339 45 47
99 490 47 55
165 280 96 104
87 492 145 158
471 403 58 98
239 141 104 153
447 195 6 6
430 368 27 34
497 530 126 129
569 238 34 34
358 132 92 148
202 356 16 28
331 87 8 8
454 488 42 99
173 153 9 10
587 134 10 30
531 188 64 94
488 509 75 92
598 326 20 28
347 158 15 16
373 454 38 45
181 423 46 60
144 365 17 36
573 37 13 98
551 564 32 69
60 413 10 44
293 315 24 29
332 361 40 56
589 148 55 70
388 417 22 35
122 316 0 2
314 8 25 29
83 162 18 29
155 101 11 44
595 441 11 75
44 577 4 6
520 312 63 77
537 507 163 164
470 239 118 119
125 553 16 18
121 422 22 43
11 441 98 134
7 407 24 37
252 531 135 139
305 111 4 18
466 58 105 119
107 325 119 119
150 146 83 115
83 277 15 121
109 197 60 69
39 245 65 74
171 424 28 104
65 361 2 19
312 429 11 16
429 388 101 151
173 560 12 104
506 561 53 53
572 372 84 115
313 553 12 13
346 285 102 123
548 412 160 172
459 271 3 29
520 118 39 48
357 398 12 22
252 178 41 74
410 33 1 6
170 522 20 164
102 318 27 32
205 470 109 118
327 547 139 143
424 472 110 126
490 24 3 40
447 367 62 68
201 139 5 68
495 293 10 46
496 186 1 9
146 393 2 18
385 363 95 118
200 298 116 117
473 160 59 98
527 454 10 10
119 98 98 104
125 480 26 79
341 153 11 41
434 33 22 53
413 590 15 19
312 207 14 27
125 366 109 124
140 43 12 31
74 551 60 69
545 491 173 186
142 68 73 132
166 149 36 43
502 7 5 14
355 258 4 17
504 577 56 57
578 40 52 147
546 218 57 62
455 490 69 69
136 316 22 71
352 337 134 148
81 533 9 21
331 273 126 157
245 582 77 80
344 203 22 27
345 578 18 52
414 413 4 14
77 295 58 69
594 118 65 80
310 35 43 66
286 73 29 34
242 278 67 92
297 282 14 150
463 36 167 177
436 2 22 41
272 26 75 177
218 255 60 68
473 547 3 7
269 180 10 20
521 143 7 10
133 489 22 57
13 304 43 67
181 346 131 152
418 310 82 119
71 505 67 82
55 253 104 109
338 501 31 31
275 502 27 28
335 534 19 83
107 185 15 31
573 123 10 10
370 470 46 103
36 203 30 36
596 254 15 79
19 349 0 1
109 302 21 26
406 330 86 164
126 338 27 42
249 376 58 82
567 18 100 107
564 188 10 93
441 198 17 18
553 260 122 135
457 191 53 59
483 63 7 8
231 38 26 29
116 581 0 3
411 595 14 141
552 566 131 187
37 520 8 121
494 60 10 15
502 222 5 49
512 169 89 95
495 474 4 6
81 295 134 135
376 595 2 3
288 193 138 157
437 374 44 45
288 501 138 152
25 492 1 1
363 119 10 56
451 516 84 105
391 542 76 125
6 409 15 35
554 547 8 60
535 227 3 57
258 301 57 82
339 509 8 16
505 271 62 88
433 368 7 7
582 254 15 15
550 55 60 69
130 5 71 75
286 314 11 31
438 56 168 172
499 434 23 27
234 576 43 43
531 38 91 113
162 189 4 7
334 250 10 17
447 410 23 32
47 245 63 67
18 178 20 26
422 383 64 65
574 252 44 77
292 231 58 86
238 550 112 131
306 533 8 36
270 193 59 105
1 578 32 40
352 363 128 158
595 245 18 42
380 570 89 121
453 498 36 39
420 561 20 23
477 93 85 111
499 491 27 47
460 454 65 110
162 127 21 32
29 488 20 25
580 32 81 114
532 119 99 107
315 151 9 31
506 477 182 182
303 210 34 36
458 252 41 47
74 78 16 21
458 51 67 75
482 548 169 172
522 562 14 15
31 365 13 51
259 540 12 87
143 563 43 87
380 242 89 146
480 570 47 125
387 550 40 45
234 540 11 80
478 593 137 180
245 134 87 88
92 59 58 131
508 45 18 29
376 53 116 144
582 45 12 30
235 250 74 111
434 165 135 170
351 332 12 21
407 221 7 35
566 483 65 133
102 284 15 58
308 168 48 76
278 411 35 76
292 0 20 69
105 521 28 30
357 489 34 58
275 312 6 6
208 518 34 34
5 221 73 145
197 529 24 26
443 532 16 39
269 338 120 128
236 521 13 69
207 299 105 177
12 441 67 131
265 281 44 79
38 189 30 41
23 370 34 51
461 219 48 143
16 431 43 84
425 114 34 56
231 85 6 32
338 576 31 32
199 173 10 47
92 513 92 101
147 108 19 24
8 251 36 36
225 369 116 117
174 501 155 166
236 536 32 38
255 56 16 24
74 496 14 40
579 7 23 31
155 445 99 110
262 558 30 32
262 244 143 145
81 219 3 5
64 521 65 81
304 231 54 141
564 452 75 153
443 90 112 115
193 438 49 94
93 403 17 37
386 329 70 107
335 385 10 52
85 555 76 165
166 133 1 2
515 299 73 94
446 447 144 163
426 85 111 111
482 473 48 66
556 6 10 16
262 195 14 82
359 522 81 81
299 464 0 3
94 137 46 70
119 133 61 125
577 184 92 97
122 595 60 71
552 329 61 120
85 56 30 31
263 519 73 85
153 509 118 118
535 314 75 134
518 424 101 124
505 68 44 61
587 530 7 7
253 145 2 2
85 552 37 77
9 68 30 116
450 161 90 152
263 3 8 133
493 300 4 8
521 180 117 118
366 542 48 54
261 137 18 140
416 86 101 109
275 574 33 128
575 102 9 33
279 398 66 67
450 5 120 162
491 493 88 153
449 311 16 154
274 535 154 166
169 381 12 25
107 62 165 173
249 527 39 49
479 488 8 53
341 30 86 142
73 83 5 12
406 335 11 120
126 418 15 115
141 73 22 87
265 545 15 169
148 205 14 33
380 197 11 16
232 397 52 77
510 519 19 20
259 43 16 65
377 296 113 119
240 242 100 152
428 340 57 60
18 316 18 49
475 141 21 68
268 582 19 19
509 256 24 26
216 296 28 29
419 152 1 20
470 198 109 118
240 291 112 128
72 549 138 138
8 453 66 92
70 79 56 125
268 34 39 59
474 436 37 73
334 74 29 58
449 171 5 12
379 175 14 18
484 478 37 50
428 315 77 83
577 2 21 74
250 33 91 109
22 224 135 165
210 15 32 36
408 150 3 3
570 364 12 31
3 15 0 1
141 596 84 88
351 593 19 25
583 81 1 5
23 230 57 78
248 132 45 54
547 466 98 101
566 72 109 118
61 484 23 27
154 545 57 57
35 202 88 97
577 266 4 12
477 206 53 60
363 537 29 51
187 383 1 2
242 275 26 70
137 153 25 57
532 171 83 119
473 100 0 0
553 71 107 117
38 509 49 73
18 117 79 86
32 311 74 85
3 5 1 1
214 337 36 65
547 264 32 58
596 421 76 80
134 94 93 112
512 373 34 70
510 23 12 12
555 467 168 171
153 3 47 51
317 65 95 122
405 247 148 157
103 207 4 21
159 577 1 3
550 308 62 110
340 426 34 38
584 91 158 158
115 87 34 40
538 128 8 9
210 292 48 50
393 411 76 126
317 35 7 11
381 6 7 87
499 220 19 58
151 93 27 66
133 255 35 61
269 529 40 73
356 357 121 142
436 587 55 112
172 168 3 7
395 347 56 81
488 249 177 180
134 66 39 67
345 22 17 45
516 348 130 134
43 561 61 86
422 199 10 106
496 144 86 87
91 543 86 135
44 165 13 34
368 474 70 94
567 520 50 78
238 570 37 48
526 313 94 106
49 286 17 88
183 464 11 17
378 27 86 101
52 591 11 11
240 60 4 5
129 337 93 97
365 217 37 37
353 106 101 101
24 23 158 161
407 549 13 34
113 309 147 154
461 568 23 93
159 339 67 103
329 12 65 148
149 143 17 44
286 38 17 31
270 32 48 60
384 76 20 108
140 321 40 45
457 187 97 105
554 27 12 59
432 544 45 158
582 231 18 48
236 579 2 6
26 450 130 144
41 284 37 69
571 520 43 75
430 361 80 161
371 431 10 27
70 544 6 21
172 509 150 150
501 179 80 93
304 466 41 103
148 19 11 11
186 102 10 34
284 369 37 98
252 142 17 68
436 217 2 6
357 196 67 108
591 142 94 100
10 286 46 48
564 538 69 86
416 172 63 77
458 580 63 64
59 515 28 62
184 249 45 45
194 437 72 126
442 223 26 27
23 187 68 122
233 38 162 166
104 329 12 14
568 227 35 45
571 296 13 81
545 542 27 41
471 159 12 24
140 551 122 127
183 86 22 101
221 466 113 132
550 576 7 67
185 209 30 63
183 419 35 38
120 568 50 62
493 122 95 106
591 487 105 109
228 525 123 182
448 67 27 123
232 35 13 137
326 522 12 15
180 38 13 15
120 342 29 46
78 282 42 79
188 529 80 83
329 474 67 152
122 50 53 56
452 148 32 37
220 353 68 106
115 486 4 34
320 426 32 32
516 215 159 163
412 514 24 50
354 570 22 34
219 28 110 115
217 357 14 35
285 77 53 53
281 23 2 28
495 302 102 116
144 485 21 24
304 29 34 83
299 96 10 35
87 547 82 112
34 213 50 85
424 159 53 70
588 401 13 19
275 30 21 45
449 53 14 124
524 224 23 120
176 134 78 86
478 223 10 73
521 516 11 12
448 122 14 42
398 47 118 125
493 411 100 163
577 105 81 82
80 454 48 58
523 379 60 76
50 268 57 121
495 26 25 48
358 264 82 95
288 128 2 12
576 177 21 140
80 440 52 104
176 570 9 34
86 179 116 150
521 301 5 12
302 228 48 82
492 299 37 133
543 96 99 107
393 167 24 28
208 188 23 26
505 293 3 51
416 355 14 22
372 156 116 148
308 589 34 59
380 186 147 147
333 148 91 106
59 354 1 3
259 125 28 50
34 449 5 70
539 420 55 85
264 259 9 34
137 213 24 103
8 33 2 18
305 95 8 17
358 325 13 23
436 271 10 17
354 587 174 177
334 115 7 10
404 147 50 52
483 248 7 69
137 35 9 99
244 532 141 171
109 82 45 101
242 279 13 37
581 404 24 70
12 401 21 29
336 271 30 64
22 325 8 47
401 338 43 98
360 4 5 8
297 155 56 109
152 63 75 83
306 506 21 30
182 331 19 20
12 189 20 26
266 440 56 85
124 160 0 1
240 222 36 60
22 179 61 85
415 148 23 78
173 276 82 136
448 153 41 66
229 386 174 185
501 139 47 67
57 594 6 29
557 120 1 2
344 393 47 101
94 275 24 46
585 463 36 50
309 240 6 13
419 63 23 26
409 416 44 84
48 107 106 151
77 271 41 62
301 34 31 57
108 574 19 36
388 141 81 124
391 157 6 7
167 506 11 12
373 314 86 101
172 353 89 101
67 250 16 68
545 439 5 8
82 439 29 46
72 216 7 63
197 107 20 35
96 526 47 56
568 466 64 141
294 113 38 124
247 415 3 40
180 137 89 108
577 358 55 61
584 95 69 129
339 314 10 13
291 467 16 16
4 10 89 130
275 99 5 5
331 13 41 115
134 598 73 77
85 530 160 167
32 408 38 72
585 374 68 73
21 492 91 164
163 283 2 9
199 500 20 61
564 518 25 45
244 555 11 60
472 359 63 113
60 413 145 160
513 28 82 104
436 52 87 121
128 32 5 19
238 244 16 167
151 125 21 125
374 307 23 75
549 43 140 158
48 397 128 129
330 504 5 49
258 572 46 99
62 20 18 35
49 400 18 28
167 460 54 86
47 423 66 87
465 300 31 137
525 49 85 115
15 305 8 83
97 546 126 127
351 390 88 93
392 65 4 15
395 329 38 63
573 146 30 82
365 149 7 15
88 206 21 33
243 533 92 118
385 509 58 82
22 226 83 130
512 177 46 149
535 430 5 6
403 504 176 189
157 196 18 44
323 408 40 41
326 409 23 27
41 471 125 141
418 176 37 137
345 71 7 27
493 441 62 113
222 388 27 29
478 177 1 1
489 56 74 131
409 528 48 69
96 210 11 14
42 470 16 17
408 564 12 20
574 580 7 23
238 127 30 99
345 333 40 48
56 349 81 86
550 139 53 77
393 301 0 1
90 409 3 3
134 508 44 56
12 147 8 8
470 272 109 113
141 42 86 92
2 520 0 1
229 378 0 0
527 309 76 158
578 2 37 111
329 502 53 54
363 190 37 47
78 135 72 75
353 358 90 91
288 159 19 32
541 271 18 21
233 406 54 88
74 370 53 63
94 83 113 133
29 430 64 65
513 355 62 76
393 456 99 106
460 360 12 14
280 512 154 161
230 585 105 128
155 259 161 161
419 486 1 5
203 121 27 33
272 141 1 12
520 379 3 3
184 443 55 139
498 261 151 152
127 417 3 4
457 78 57 77
74 218 93 104
261 489 122 125
67 134 92 126
587 569 31 46
246 458 12 38
252 560 12 26
127 546 67 108
331 595 128 159
427 197 56 59
181 303 6 25
29 550 3 9
151 442 56 166
521 486 46 77
16 120 91 142
43 465 5 14
296 16 71 77
399 327 13 18
424 188 24 56
530 495 14 15
134 458 81 145
85 140 20 45
440 172 118 120
592 510 18 41
361 226 180 181
527 244 30 46
75 221 22 31
343 34 33 35
410 101 16 31
174 27 12 24
137 166 17 37
80 485 120 120
187 577 63 120
391 212 151 162
583 113 152 160
405 168 6 7
273 309 47 120
355 284 44 72
456 185 152 172
182 302 127 127
506 144 51 117
242 389 71 87
19 160 127 145
110 107 7 22
75 414 14 33
282 583 67 98
596 178 79 110
32 431 2 5
94 126 110 145
454 466 57 98
591 294 77 86
370 556 7 10
78 121 58 90
259 114 58 76
244 577 35 48
153 487 48 59
530 36 17 30
551 462 62 85
549 360 62 174
494 305 42 47
230 518 42 46
410 104 86 139
19 33 86 86
444 17 78 89
259 140 50 53
540 205 45 108
548 445 43 109
378 317 59 71
70 171 54 98
214 275 99 99
56 586 144 164
305 268 19 187
337 145 88 95
508 566 37 43
63 58 61 81
268 407 17 19
408 92 156 164
317 448 56 152
246 369 179 189
580 190 53 114
453 147 87 143
401 390 115 131
7 381 119 123
582 61 148 152
455 68 1 2
427 277 28 29
276 427 116 127
479 557 26 39
93 81 32 46
79 160 14 101
291 151 12 14
158 404 68 84
470 458 22 32
23 492 1 15
368 561 134 160
130 188 116 148
3 509 15 27
431 70 74 91
234 484 0 2
455 338 28 28
174 239 22 29
14 530 26 28
150 403 18 24
448 358 27 27
181 361 44 45
496 420 51 51
435 73 32 112
135 254 87 142
322 61 66 77
415 365 9 109
227 317 21 33
113 176 53 73
459 564 7 28
121 421 43 48
64 263 119 120
95 97 87 105
559 72 40 40
411 29 8 30
502 430 67 68
530 368 5 9
136 466 40 50
60 491 91 130
163 402 1 2
489 324 0 1
368 434 141 143
69 382 24 27
163 426 56 88
195 297 72 120
134 589 9 116
119 288 11 24
447 266 4 17
503 371 40 67
9 156 47 130
60 523 107 132
507 571 36 39
466 133 47 73
496 391 92 101
69 390 78 85
498 4 69 76
204 377 77 77
193 423 69 161
122 430 21 122
577 542 61 96
453 156 70 161
366 489 43 139
122 520 59 68
443 28 5 6
220 575 115 118
254 450 13 26
299 444 78 89
189 205 92 96
86 264 50 130
144 84 11 13
216 595 135 145
35 432 17 19
490 369 26 83
176 164 25 28
281 129 141 150
88 334 148 154
33 354 5 10
154 75 47 61
396 206 71 92
347 276 5 32
88 585 40 41
436 28 57 67
443 199 60 83
521 23 37 37
509 256 75 90
250 143 172 173
543 301 97 111
75 368 9 26
387 343 93 105
524 383 48 71
212 129 46 101
39 86 60 75
119 511 132 158
211 433 21 21
342 290 37 117
104 288 4 5
350 163 97 100
180 397 87 88
199 307 2 2
196 280 152 153
406 402 69 77
192 572 39 51
62 526 3 3
528 51 33 34
101 287 145 158
34 525 146 156
166 103 30 57
350 493 41 46
71 179 15 17
283 463 39 54
108 87 37 87
303 435 30 62
53 502 2 11
459 82 122 127
574 222 3 11
138 94 115 171
454 165 23 56
187 374 5 6
165 300 27 36
199 256 46 86
161 220 52 82
462 468 55 66
119 350 67 71
466 125 64 136
142 68 65 86
576 65 7 31
465 370 20 140
498 189 8 9
333 84 138 171
60 446 7 11
450 270 82 86
436 210 44 131
332 282 3 9
179 153 28 51
523 491 8 36
64 190 90 102
94 185 136 145
226 339 1 2
266 188 57 80
581 491 44 48
220 434 4 17
149 462 41 62
360 352 28 59
364 436 112 130
594 378 9 14
424 241 46 79
367 171 61 77
157 243 26 34
171 369 97 137
137 333 6 8
385 495 10 75
381 449 3 3
289 425 17 51
104 179 27 38
334 61 15 46
114 410 115 160
234 20 16 65
100 554 28 31
536 434 5 11
208 375 139 139
533 401 3 7
491 72 5 12
486 176 96 122
318 597 17 20
417 506 69 151
310 159 142 149
182 582 30 37
445 407 1 9
539 203 76 150
450 588 0 2
585 517 64 70
1 385 51 127
49 175 12 41
218 166 27 27
53 432 110 125
365 239 31 35
16 471 56 56
314 246 18 148
91 76 40 89
101 81 119 127
18 364 5 5
571 272 85 98
155 480 50 76
203 396 17 22
144 345 76 109
15 79 51 74
151 214 40 138
380 507 45 67
282 202 25 64
527 96 3 5
98 381 30 108
201 120 14 21
181 157 62 72
451 23 2 15
571 322 21 36
349 23 136 139
89 156 1 9
428 245 7 14
513 409 3 18
562 431 133 151
262 175 27 91
468 478 14 49
368 464 19 20
248 591 104 116
97 515 39 70
576 229 8 20
110 200 25 47
436 135 109 182
161 570 36 36
349 301 63 128
80 508 26 64
261 500 5 5
375 573 51 83
8 452 53 75
423 561 188 188
419 445 117 166
194 520 98 115
325 515 1 2
377 515 27 116
235 447 66 72
572 267 35 37
121 22 34 35
22 527 64 114
515 15 38 69
597 195 11 44
82 388 102 124
383 69 84 103
113 88 97 100
456 592 7 34
594 280 9 29
349 416 50 98
407 385 14 33
279 447 118 171
365 321 69 102
436 74 47 94
104 4 53 75
121 29 15 21
52 217 28 30
225 414 0 0
151 356 18 31
540 404 30 30
273 466 172 179
298 15 168 169
112 332 140 141
217 507 58 104
257 229 19 21
248 488 0 3
5 340 17 89
91 10 11 20
43 578 49 58
209 430 98 140
517 190 54 93
159 388 87 115
2 497 86 133
469 187 93 97
354 11 37 123
114 254 5 5
381 407 105 126
458 397 5 29
427 569 70 75
137 80 37 74
504 529 3 5
533 115 4 78
425 254 14 37
423 277 106 108
398 461 80 83
294 347 45 58
63 95 14 19
277 453 16 59
490 344 136 151
118 350 37 38
482 257 91 122
337 317 120 166
345 568 61 67
368 94 93 100
298 493 116 167
106 350 6 16
326 222 44 103
112 467 3 19
498 575 91 91
134 318 80 114
145 289 105 111
253 235 54 76
97 290 119 119
556 290 114 129
51 199 170 181
342 60 2 2
415 29 73 83
470 527 16 82
395 594 178 190
507 214 55 69
61 274 32 52
330 226 21 37
164 113 77 91
202 395 15 26
378 423 1 1
551 402 74 79
447 434 86 94
185 571 47 114
588 54 113 127
433 537 8 34
577 596 59 60
495 431 105 107
194 47 82 104
498 417 98 143
421 66 23 25
55 329 5 5
394 53 57 66
36 558 54 56
555 371 94 124
454 285 5 5
288 5 14 42
117 306 83 118
279 26 15 19
324 322 149 149
123 182 13 23
380 191 75 89
553 577 50 62
51 8 0 3
234 123 151 153
97 499 0 1
295 25 121 175
571 205 2 8
232 9 45 66
522 251 0 4
6 358 110 115
265 348 116 117
134 266 51 58
338 181 7 44
259 159 0 6
309 489 35 95
46 313 69 69
20 197 40 128
200 236 94 103
124 259 2 9
442 288 37 65
509 596 24 69
141 226 2 3
217 461 8 87
235 410 124 124
497 95 10 14
218 478 112 115
208 119 43 70
405 517 9 18
366 64 0 2
458 183 12 22
384 550 60 68
126 65 37 58
105 76 6 18
585 310 96 127
394 34 95 113
152 208 11 13
82 452 107 116
161 125 47 70
254 425 98 153
76 465 7 40
419 76 29 96
454 427 148 163
293 574 3 7
577 201 4 10
47 102 157 176
488 161 27 70
201 128 10 10
88 96 70 70
213 589 156 156
363 92 3 18
415 437 136 165
206 346 33 181
59 228 55 134
200 257 31 79
5 407 155 163
21 175 115 171
188 469 40 107
549 229 1 4
144 54 5 13
251 168 124 128
158 558 91 114
547 468 69 69
458 237 62 163
408 405 13 17
170 286 5 14
353 330 157 169
548 254 30 59
104 536 2 28
25 242 81 105
458 27 16 21
204 55 40 42
479 401 10 117
321 229 69 82
337 238 21 40
228 397 161 162
440 0 1 14
496 74 70 76
340 241 25 184
70 262 31 34
533 368 72 72
56 127 28 32
451 435 39 111
112 392 70 70
535 9 5 62
173 524 84 118
534 560 0 4
531 35 72 74
387 559 95 153
545 18 71 83
37 501 1 3
230 84 39 44
36 567 81 100
120 256 10 124
554 27 19 27
93 3 22 42
497 239 15 36
213 437 5 7
276 244 17 35
557 466 3 42
30 550 39 44
575 156 45 55
14 233 74 90
459 481 117 136
98 543 13 27
531 378 7 7
140 458 103 134
286 369 78 98
459 556 112 127
403 75 72 77
202 162 43 150
491 537 48 58
506 201 94 105
306 190 158 170
34 441 40 96
492 593 9 79
226 52 13 34
258 578 151 156
184 524 91 104
592 470 116 142
57 287 38 40
326 586 98 102
548 559 23 47
593 26 46 53
343 336 142 160
220 114 103 115
511 207 38 39
389 60 32 36
271 296 7 7
43 246 78 127
418 533 1 1
542 522 83 122
110 281 34 36
50 228 12 121
482 229 26 32
449 344 102 132
331 590 0 1
393 87 9 32
515 198 51 55
284 474 75 85
445 123 13 16
111 185 8 61
278 585 45 68
470 25 5 45
446 341 10 14
28 180 92 139
419 428 9 65
82 170 51 60
312 579 1 24
0 273 28 106
69 450 162 170
50 366 35 52
57 395 67 74
12 253 64 99
317 131 7 10
101 514 77 83
23 409 117 118
538 140 62 108
558 354 87 105
188 350 121 137
158 121 160 163
539 498 41 135
265 341 15 17
218 285 13 85
217 106 5 5
139 435 9 9
520 227 25 38
62 518 95 110
86 134 64 75
566 584 27 32
234 175 76 146
164 33 16 31
91 594 61 63
306 583 148 155
20 35 41 56
447 236 14 84
194 196 133 144
309 489 27 40
558 286 51 60
468 118 53 113
580 111 15 16
172 453 13 13
253 411 10 36
76 310 118 170
105 363 55 56
451 259 51 64
157 367 55 65
339 306 13 19
191 210 26 46
25 135 13 16
22 449 73 105
208 126 27 27
409 10 35 43
295 517 46 47
50 442 71 84
510 397 12 31
394 81 20 23
297 565 22 28
47 442 55 125
560 444 19 22
92 480 158 158
139 369 142 149
183 567 28 50
535 490 69 80
480 460 67 95
515 325 43 73
151 490 5 60
80 378 4 9
350 222 34 79
121 184 163 164
490 93 124 138
435 117 33 46
112 234 17 19
511 389 33 66
106 247 21 38
255 375 20 21
379 541 28 68
537 366 31 38
144 90 1 9
10 74 124 143
568 276 138 145
432 396 45 62
286 364 52 58
159 580 31 33
39 560 29 83
586 574 22 31
23 597 78 153
99 230 49 57
555 10 129 146
18 356 75 128
205 304 29 59
570 213 119 120
10 188 119 124
570 221 22 63
212 154 16 61
224 324 1 2
336 209 76 133
386 275 19 21
94 27 10 10
375 458 53 62
305 124 31 53
503 222 112 112
339 508 12 25
596 331 21 32
37 215 22 82
87 292 79 93
166 97 23 29
344 427 91 96
245 89 62 63
519 41 82 100
530 523 35 114
133 99 34 52
130 547 56 62
453 595 21 29
69 570 82 117
200 328 15 15
240 420 1 3
82 203 8 15
73 291 35 47
53 248 74 93
0 294 0 2
589 498 81 85
223 6 129 156
318 585 76 103
296 511 67 114
266 248 32 37
223 338 17 28
430 26 13 13
185 401 17 55
159 34 19 52
385 77 48 83
582 233 85 149
134 67 15 108
297 183 27 31
254 554 58 67
547 415 16 27
119 169 8 34
150 513 11 26
298 258 19 119
95 177 68 71
564 26 18 89
148 53 14 28
312 505 22 27
258 260 15 30
277 317 97 116
418 436 11 21
488 73 67 71
165 522 53 103
273 55 178 185
285 249 80 80
287 456 13 62
386 351 1 8
362 525 1 1
341 326 116 158
169 181 84 120
331 372 116 132
445 355 15 18
196 343 113 154
114 250 105 105
490 391 11 21
36 192 64 81
313 216 30 51
496 337 5 6
46 5 34 34
374 92 53 80
192 528 39 72
97 583 39 58
518 510 59 84
557 188 106 112
469 412 26 32
141 386 74 78
132 168 5 5
576 587 25 95
54 299 32 32
41 190 17 66
90 524 164 166
336 431 12 63
196 270 90 116
130 573 6 35
143 433 18 35
220 121 9 48
108 238 43 74
71 182 22 23
520 230 149 156
570 52 20 35
168 565 81 88
0 322 14 21
597 148 20 21
207 538 23 29
139 474 138 159
363 342 129 138
263 108 105 111
192 519 22 23
404 516 2 4
447 501 132 133
217 268 159 165
269 147 89 111
129 174 77 122
82 226 47 65
345 47 11 13
16 232 40 64
550 495 39 60
65 428 21 77
293 128 87 124
143 99 92 93
364 450 5 20
484 28 34 35
514 127 3 31
377 561 64 110
468 497 43 74
505 81 7 11
22 259 35 37
418 449 7 10
580 60 28 32
597 405 52 52
55 507 24 91
37 487 41 87
142 363 25 122
317 129 51 52
187 319 12 70
166 564 92 93
562 189 29 37
262 65 56 56
107 435 59 64
382 551 26 121
90 139 4 4
216 431 32 51
227 199 33 45
481 123 6 56
225 191 98 151
553 325 13 37
540 334 110 122
61 175 35 38
339 28 57 87
219 290 45 48
230 56 4 89
169 148 16 21
149 416 61 109
135 437 17 21
444 252 142 163
553 528 66 77
194 329 103 104
318 544 28 46
389 393 6 57
561 234 83 95
502 579 45 74
422 187 1 5
445 481 40 40
461 597 7 11
411 578 151 159
8 192 13 68
327 141 33 52
504 507 32 34
543 340 21 30
395 421 79 88
280 185 39 42
206 587 33 85
523 594 11 11
548 562 98 135
416 393 10 15
84 502 43 45
433 430 126 128
321 455 22 22
85 151 8 18
440 13 86 162
409 316 20 22
70 32 14 43
463 457 52 67
3 272 27 100
107 40 6 29
558 353 8 12
265 13 10 49
562 285 111 126
456 132 39 47
113 127 41 117
593 137 110 153
272 39 39 51
413 173 86 90
429 573 26 85
398 267 55 80
265 334 54 60
377 161 14 20
386 210 8 13
145 77 15 23
333 199 126 128
112 440 0 4
369 21 84 112
343 194 81 148
310 26 12 22
153 85 70 72
359 145 22 22
27 252 40 53
418 14 1 2
142 462 18 48
129 427 8 117
514 533 7 17
169 231 29 39
438 463 121 147
248 11 64 106
306 533 8 10
194 155 19 25
82 400 6 10
400 69 56 67
499 121 14 42
429 362 68 105
291 132 119 139
534 112 9 31
563 55 28 60
549 204 14 22
511 377 55 97
138 440 1 4
564 128 15 17
242 230 83 86
359 581 163 172
240 144 60 76
60 301 2 6
584 534 76 85
442 29 4 6
183 198 124 169
376 499 102 114
83 587 48 50
490 442 10 44
339 512 13 21
449 211 6 8
228 495 64 96
103 41 43 48
481 373 121 126
131 164 31 32
242 531 106 106
158 598 155 161
87 346 17 24
430 307 57 58
437 333 13 13
411 154 120 133
226 547 70 76
469 461 30 45
215 372 17 20
105 302 71 88
172 45 18 21
385 181 1 2
87 470 55 56
302 269 56 83
338 525 72 104
155 10 26 26
30 356 29 141
347 356 105 187
361 105 72 158
243 159 49 63
295 276 0 2
68 470 79 126
452 33 47 51
399 407 10 15
268 399 22 32
268 250 65 69
149 196 71 94
234 421 66 82
59 378 6 10
99 294 22 29
415 18 42 87
511 543 9 17
169 515 5 13
403 574 45 90
452 325 1 1
516 101 14 17
477 211 46 50
519 84 18 24
223 438 30 138
581 561 138 156
440 371 52 57
74 216 97 102
212 307 24 31
46 72 82 103
262 207 34 118
576 559 35 105
97 38 0 0
451 472 38 107
405 38 14 29
32 24 144 151
183 173 141 141
133 366 75 90
44 381 1 11
335 569 60 135
275 444 143 152
405 261 0 1
308 533 92 142
183 532 102 106
15 462 37 56
458 77 35 39
339 160 174 181
143 231 48 48
215 136 109 110
132 577 31 51
333 531 122 148
32 135 9 14
481 141 24 86
337 364 119 180
389 583 44 122
132 280 4 22
335 360 7 26
410 550 8 16
238 282 78 78
129 74 149 150
277 128 61 63
527 103 90 114
196 448 66 119
531 20 37 45
88 259 17 75
237 217 174 174
6 128 118 164
122 203 9 18
306 154 74 78
212 155 1 1
574 223 6 16
294 407 4 28
545 574 9 118
403 100 10 19
2 14 19 171
221 220 41 76
122 291 0 6
55 378 74 78
324 108 49 150
408 571 100 125
274 195 88 152
300 348 19 19
566 277 19 30
137 564 14 38
207 166 63 64
121 45 28 51
236 470 6 44
132 135 10 79
453 77 84 108
393 225 24 81
424 376 0 3
321 498 1 1
469 23 102 133
265 416 174 180
487 548 17 94
218 413 51 58
286 128 74 78
535 404 104 176
266 43 0 1
151 525 41 52
134 469 65 77
39 171 30 38
179 134 61 72
218 199 78 92
116 256 14 23
472 24 51 61
85 276 45 134
373 579 136 152
206 590 41 42
299 362 2 2
317 356 26 27
502 499 102 106
310 575 14 47
596 284 33 61
351 565 73 131
541 597 11 135
85 159 25 46
162 104 133 136
289 259 141 146
51 567 14 20
51 553 75 84
544 408 31 34
89 413 17 50
381 507 10 17
8 281 6 8
168 513 31 40
21 234 8 39
529 170 152 158
394 2 29 110
54 181 39 63
577 353 40 54
557 32 5 72
187 582 59 120
342 316 68 93
464 53 11 11
557 182 157 169
405 157 14 87
218 448 26 41
536 487 44 65
521 23 23 51
533 237 38 74
455 561 179 179
555 420 8 35
465 540 37 40
118 382 41 45
25 531 60 68
42 447 84 101
577 405 68 107
414 208 2 8
298 183 33 57
26 359 110 158
591 62 160 162
263 106 14 24
362 4 22 24
512 445 84 118
250 258 9 30
260 269 2 3
389 94 73 74
240 470 72 96
120 162 0 12
32 413 7 11
539 192 50 73
474 140 23 25
62 247 9 10
130 355 143 147
181 332 11 22
79 279 41 51
538 311 63 69
455 222 29 47
46 458 78 107
206 527 4 4
127 282 23 35
88 157 115 145
183 118 40 41
383 520 34 40
509 150 16 27
76 441 55 64
274 521 38 39
108 490 40 59
547 458 113 129
62 404 11 16
438 418 89 117
100 161 38 41
386 134 17 18
18 218 31 49
558 146 13 14
203 271 60 61
404 154 70 95
177 384 14 38
266 539 88 88
100 145 2 12
58 18 70 71
455 5 57 106
444 298 2 21
436 503 9 19
317 123 87 169
291 142 9 72
547 144 50 147
420 145 75 76
579 390 74 91
431 589 48 58
40 260 9 53
156 228 6 7
91 563 42 45
349 443 7 34
301 545 42 57
78 511 128 147
88 239 90 94
197 71 1 1
284 528 66 105
203 227 59 70
273 52 16 27
473 453 10 11
361 596 91 118
79 308 3 4
191 415 10 10
10 64 70 173
595 455 52 185
257 560 12 48
162 537 19 44
318 34 32 56
212 450 35 59
282 547 145 157
16 547 105 127
41 446 45 108
299 484 53 61
117 436 70 106
453 257 70 88
70 217 10 14
48 532 22 67
513 582 15 83
158 15 44 120
368 197 101 141
53 527 22 42
539 271 93 97
201 66 78 103
270 103 93 118
114 533 10 20
557 23 10 16
503 413 49 55
126 251 36 60
129 432 69 111
447 551 119 122
127 310 102 178
591 420 152 157
563 261 36 100
361 480 22 85
106 166 86 90
123 96 9 61
421 577 4 6
233 229 40 45
570 143 12 17
478 50 1 4
175 226 36 113
496 266 45 64
390 296 135 135
296 342 140 150
0 171 16 62
589 57 120 139
96 175 108 110
457 138 5 17
30 573 69 70
253 419 31 47
99 144 101 102
171 263 17 40
403 446 46 83
582 547 49 105
567 474 70 72
450 38 10 48
295 400 43 46
366 410 5 85
246 529 41 60
87 564 39 61
403 472 124 127
143 280 15 20
349 261 8 9
62 209 98 140
571 367 67 95
453 478 125 135
46 197 9 11
498 328 14 66
433 430 120 135
163 278 44 58
485 530 29 40
509 541 5 6
46 89 0 2
39 294 45 51
166 15 74 91
236 319 49 66
594 113 99 162
420 392 13 14
81 98 5 6
439 9 144 168
208 263 8 9
165 208 7 37
289 171 4 50
70 497 23 27
458 536 12 145
175 297 75 115
26 35 5 50
266 315 85 170
597 198 15 15
114 29 144 150
586 534 12 74
132 78 4 15
402 549 137 147
75 426 115 132
380 59 162 165
175 250 4 11
479 172 47 72
429 77 73 100
430 425 29 66
501 201 46 50
343 272 81 88
292 95 7 16
281 405 31 41
179 580 24 60
557 305 59 135
143 458 28 33
53 115 4 23
103 135 107 112
305 61 77 150
337 170 76 76
568 142 147 151
67 455 75 116
166 91 34 95
118 53 10 28
328 69 35 47
11 58 96 107
95 301 137 160
375 428 123 123
150 526 8 28
372 232 26 30
252 77 7 8
227 100 35 57
126 190 106 125
127 9 39 76
42 70 137 160
519 131 80 100
411 524 48 89
475 351 28 30
516 89 13 86
89 197 20 37
265 249 25 55
331 493 61 84
492 358 8 63
196 591 67 74
577 7 24 55
511 173 1 2
573 5 123 158
564 410 28 36
282 395 112 149
169 338 64 64
483 528 8 13
357 313 64 77
558 598 9 9
339 390 79 86
436 354 11 11
580 134 45 50
338 513 10 11
538 415 22 81
517 328 30 47
10 518 22 39
72 367 93 120
190 178 141 174
563 340 5 24
477 88 70 72
161 151 38 102
72 31 55 57
19 396 104 105
358 487 5 10
451 455 20 26
348 491 40 42
450 268 65 103
265 528 51 76
576 203 76 105
443 380 22 25
237 576 63 84
70 343 10 11
542 113 102 113
322 588 16 31
463 242 85 85
289 411 33 74
128 440 37 39
190 556 74 83
211 104 3 4
357 227 32 53
40 269 2 4
449 87 11 19
288 132 91 103
577 509 6 6
255 355 0 0
584 587 189 190
345 86 5 68
576 408 42 80
397 294 48 56
128 63 118 122
444 446 31 170
11 112 7 7
426 273 12 33
527 187 9 10
316 373 44 57
298 537 68 71
518 189 8 20
330 494 7 12
340 223 105 178
341 521 45 172
136 11 150 169
387 276 106 123
346 444 68 73
422 550 54 64
359 165 50 53
416 282 118 151
152 238 0 5
558 346 8 13
533 586 57 57
264 47 30 141
382 332 11 11
114 217 10 158
437 460 63 83
99 440 12 88
425 274 55 56
493 331 11 15
548 556 129 155
276 298 6 10
387 318 19 23
265 516 64 110
67 343 0 0
524 337 102 102
9 503 68 75
589 195 71 85
350 149 90 128
160 41 118 154
213 254 14 14
360 491 9 14
378 280 9 9
210 147 108 122
122 53 36 51
318 453 136 146
243 573 42 102
343 428 67 134
330 439 29 35
530 358 8 27
159 288 44 44
240 133 75 131
430 61 76 159
88 252 80 121
40 422 15 30
118 550 14 14
101 452 91 92
456 277 47 47
543 495 9 25
263 22 16 33
106 528 25 38
209 317 132 160
323 258 38 51
125 399 7 9
464 148 4 15
466 254 143 146
476 297 98 103
32 310 34 91
503 33 1 3
198 131 39 43
144 348 11 117
390 546 78 119
220 478 8 21
401 421 132 157
254 257 34 150
509 353 4 5
344 311 10 40
153 254 28 30
194 259 14 66
506 418 8 8
458 123 30 31
231 393 47 60
85 239 80 84
140 23 95 115
58 473 14 14
218 271 17 20
590 407 42 57
509 204 36 58
374 341 85 91
418 452 7 119
512 532 92 143
298 49 110 119
593 50 158 176
555 17 46 62
42 202 4 5
308 551 88 128
337 124 7 8
157 390 107 144
576 431 73 109
244 490 7 65
96 406 67 135
461 433 18 28
222 520 17 23
237 494 52 149
14 90 83 174
189 204 143 162
5 392 101 102
307 226 121 134
245 459 77 130
21 317 150 150
361 358 3 27
559 133 134 139
91 402 31 54
374 53 51 59
320 463 39 39
255 39 46 49
119 473 122 123
493 506 70 80
259 350 104 106
204 12 39 68
189 99 9 47
539 50 7 50
123 181 145 147
375 487 1 5
565 92 127 130
275 81 38 41
467 312 36 51
32 184 149 153
518 390 22 22
322 368 73 102
340 184 89 99
356 558 42 52
496 178 81 88
265 191 10 54
135 352 107 112
534 122 75 105
170 178 18 20
234 101 45 56
367 473 14 32
390 292 18 32
383 98 50 61
277 121 163 166
297 495 34 82
424 408 87 87
84 321 65 92
136 545 32 82
493 461 12 55
238 302 30 69
27 304 14 103
235 177 84 106
496 150 77 85
537 97 14 18
598 457 39 85
335 502 15 84
310 138 38 58
251 462 12 33
262 489 107 155
486 520 33 40
232 437 8 60
577 328 8 20
597 3 13 16
452 162 30 44
6 118 38 81
451 142 49 70
437 94 36 54
197 214 63 71
30 385 43 59
141 501 42 91
492 362 24 89
392 197 72 87
285 398 56 166
345 420 19 125
212 586 122 128
532 31 27 76
264 202 26 36
507 349 94 94
315 387 18 18
194 466 61 61
258 462 76 101
418 9 12 15
169 368 123 139
134 256 9 9
297 395 66 98
168 124 8 11
591 434 70 101
118 473 69 81
178 227 129 149
377 5 53 106
584 114 24 45
468 367 15 90
420 55 170 185
36 313 34 43
447 368 29 43
298 79 33 43
482 9 24 25
234 31 1 14
593 387 23 37
383 87 7 69
431 299 14 32
326 495 2 2
333 309 57 89
410 478 9 20
495 159 55 90
379 273 18 66
199 454 38 43
236 315 32 92
179 44 72 84
217 313 8 41
89 436 43 112
352 134 80 123
437 415 5 5
194 504 31 66
407 209 26 28
249 25 28 102
96 422 53 71
404 294 16 17
371 12 107 108
582 10 1 2
272 446 18 54
537 110 8 62
141 128 115 115
344 531 90 99
582 524 17 19
121 147 30 97
139 231 106 115
277 319 149 151
144 231 114 122
385 206 8 11
153 560 27 37
147 501 107 114
343 47 161 177
550 288 158 172
318 279 49 56
49 360 21 139
198 456 0 7
76 479 37 137
95 185 9 57
169 345 63 83
188 514 10 10
179 374 93 123
246 425 61 90
41 257 35 58
546 476 155 161
262 375 92 125
415 583 110 133
413 108 18 21
378 430 29 52
127 505 17 44
24 58 21 22
149 542 91 94
135 231 13 17
221 522 88 158
436 409 12 76
485 252 35 71
562 316 2 4
470 157 7 8
342 177 8 17
545 268 132 144
576 456 34 65
563 90 2 31
31 449 131 144
68 107 107 122
272 253 43 71
20 85 94 149
67 113 9 63
545 58 4 15
588 309 122 169
91 332 34 58
550 189 38 127
47 398 90 118
455 484 14 123
324 249 43 44
374 567 11 15
458 369 37 52
483 19 22 40
280 553 37 42
72 225 20 70
54 15 50 125
416 462 16 28
87 96 100 114
183 74 104 142
268 135 3 6
323 122 0 6
136 40 10 18
14 571 88 126
11 350 0 13
356 584 77 88
234 309 73 115
239 489 36 121
531 549 1 2
312 467 19 21
32 419 152 153
136 172 11 77
456 39 111 115
575 68 9 78
232 588 36 38
302 253 10 16
257 210 42 45
268 79 56 63
174 400 72 94
279 362 128 151
29 55 10 151
180 11 45 93
466 108 146 156
103 192 103 128
588 586 40 40
392 542 3 11
363 262 7 18
497 475 18 51
415 373 122 125
126 440 54 101
392 549 120 141
500 383 39 104
78 175 49 72
509 440 90 96
48 542 94 95
336 162 14 46
408 73 15 49
381 111 41 70
340 401 133 137
115 130 11 22
122 14 2 3
522 70 80 97
320 143 6 31
273 162 85 105
433 554 83 106
529 288 3 19
107 439 51 84
371 592 138 170
45 348 17 18
523 301 171 173
134 467 17 26
161 30 15 99
145 395 7 8
31 301 44 80
368 444 71 73
305 150 88 90
265 134 2 7
500 498 99 123
414 561 81 102
332 420 82 88
198 262 160 161
246 58 14 33
179 375 58 82
100 354 36 49
232 119 105 153
240 579 154 159
160 342 43 57
24 445 116 121
460 137 10 37
377 596 17 29
449 517 20 84
262 450 62 76
110 280 4 30
497 523 88 93
330 337 47 49
510 86 82 92
21 568 10 114
518 327 15 49
490 237 0 4
148 165 15 15
426 405 7 16
81 531 105 112
129 597 102 167
502 71 17 52
21 392 1 3
205 248 9 37
481 426 55 100
596 341 123 145
102 404 65 65
325 20 60 70
295 534 68 170
472 490 12 80
203 439 5 30
240 340 6 40
65 166 9 60
38 450 26 42
274 77 77 79
579 99 44 58
24 254 51 77
230 574 23 36
478 573 109 144
524 126 18 69
195 567 85 85
374 448 19 19
107 423 45 51
284 278 77 94
63 148 10 11
372 247 165 170
442 71 35 117
145 455 132 152
62 528 43 56
341 68 128 148
90 483 36 110
325 592 3 8
296 510 2 5
442 29 33 58
120 99 124 125
106 313 18 44
381 113 30 63
327 188 20 25
80 570 15 23
254 566 4 9
221 485 2 20
444 164 13 23
186 468 40 48
518 255 64 132
188 418 100 124
559 321 22 157
384 447 1 8
18 432 166 166
387 189 85 151
166 140 65 68
247 560 6 18
582 578 134 136
502 92 3 13
34 353 136 164
508 408 38 38
304 20 64 70
386 348 42 53
496 71 10 32
235 60 116 119
69 288 12 35
7 365 87 120
1 19 36 50
562 56 34 77
2 39 69 131
319 291 7 77
92 410 3 17
291 433 10 63
247 571 61 62
277 547 7 10
67 237 0 5
395 141 0 15
95 70 22 63
195 158 93 96
228 538 67 67
522 542 20 47
580 389 16 31
431 529 6 16
347 128 105 110
273 402 11 11
252 3 76 101
175 66 66 85
179 311 140 147
277 259 178 183
57 210 78 86
200 132 45 54
303 341 50 119
121 72 86 91
339 224 52 84
41 123 7 29
131 276 44 58
362 559 22 24
356 147 14 14
88 41 12 24
212 542 37 42
237 228 12 23
380 26 12 12
123 13 28 44
43 557 8 9
432 165 33 38
376 121 7 18
217 518 11 12
596 91 117 158
367 65 60 102
0 400 64 157
284 386 150 153
327 397 52 62
282 201 18 24
287 478 21 46
429 170 34 50
173 301 87 105
46 10 59 69
240 149 6 7
1 254 5 35
367 555 5 18
372 447 14 78
578 184 26 29
505 589 18 40
409 395 104 127
247 246 23 26
292 227 63 68
74 273 50 65
73 330 17 42
349 334 81 89
162 464 59 83
491 191 14 21
198 2 141 142
564 35 1 1
495 386 16 71
505 86 2 11
598 521 43 92
252 291 49 85
418 246 46 48
566 197 27 33
592 489 5 16
202 586 86 86
162 130 21 21
514 353 119 141
89 159 95 117
108 546 90 105
44 404 24 54
561 17 8 29
139 331 140 164
17 16 17 18
129 256 33 38
220 330 54 61
149 545 10 14
300 541 89 118
314 466 80 100
6 239 24 82
326 90 92 141
234 38 34 41
317 591 26 28
109 244 61 74
264 189 5 5
415 111 47 83
527 461 32 171
462 272 72 122
209 254 32 37
398 591 14 17
459 327 23 97
107 525 13 16
177 300 94 96
549 213 3 5
46 542 85 97
181 243 50 70
203 503 4 11
220 37 24 126
477 218 13 189
414 83 28 166
268 505 74 96
313 361 43 44
512 442 11 46
325 75 12 39
124 195 0 10
89 460 30 37
46 103 26 35
113 354 2 10
576 50 24 26
171 431 15 27
196 87 36 47
515 24 102 102
254 114 30 59
79 448 3 36
321 398 29 29
251 372 60 101
431 321 69 132
22 284 55 64
100 280 47 93
326 11 7 44
417 543 61 74
107 290 20 90
242 321 1 4
108 347 11 21
36 81 13 51
6 115 1 4
464 4 91 113
50 581 1 7
327 87 97 104
539 583 1 1
191 393 92 123
583 348 4 12
236 498 158 187
179 512 64 70
46 177 25 48
101 353 98 141
419 221 23 24
490 553 5 26
376 414 19 24
2 478 53 55
395 406 12 14
534 90 140 148
363 540 76 116
420 22 91 114
591 131 6 12
487 541 76 126
43 232 118 141
227 357 1 9
163 17 30 48
29 329 19 31
580 568 31 38
286 220 21 21
0 36 5 31
436 240 129 158
531 416 10 29
467 77 7 12
366 250 8 11
70 526 63 149
27 57 5 5
444 58 76 76
590 142 1 1
21 521 24 89
501 56 91 117
300 4 2 2
42 585 13 16
268 464 13 33
38 267 25 140
296 324 1 3
166 579 23 27
274 383 2 8
497 425 77 163
305 70 6 9
251 383 29 181
380 3 12 25
46 374 16 31
109 279 39 51
15 167 16 92
406 557 100 123
294 91 79 94
561 552 23 96
249 578 3 24
64 503 50 61
284 140 7 8
214 596 9 10
26 573 79 152
337 159 25 34
256 354 76 105
291 188 74 102
315 0 1 2
575 295 11 75
465 576 41 75
529 552 160 165
215 131 3 22
470 112 62 81
545 84 1 4
165 338 1 1
113 277 1 10
545 77 106 137
203 484 59 87
272 153 136 152
189 419 103 157
169 287 115 136
194 248 43 63
524 552 32 39
48 222 101 120
242 577 11 69
250 110 18 90
281 122 24 55
40 141 23 129
401 579 10 32
582 592 3 5
377 81 31 39
452 201 34 86
92 451 11 17
428 73 102 116
422 478 102 108
537 78 124 140
351 307 97 108
386 298 29 56
535 257 75 80
172 508 175 191
448 149 5 11
348 239 0 1
471 586 53 180
587 423 70 134
505 563 4 4
553 148 13 46
171 249 162 169
413 122 52 138
305 109 134 162
571 595 109 111
62 95 3 3
25 223 69 73
196 252 9 14
146 259 67 105
562 581 98 134
243 65 96 140
224 558 25 53
277 138 5 72
350 132 108 109
494 520 51 60
499 138 37 40
299 298 51 59
248 171 20 22
340 332 78 82
202 106 8 20
143 490 60 119
419 187 41 57
229 579 60 146
158 475 59 60
203 366 27 47
48 45 12 98
284 118 9 66
532 456 114 127
350 45 4 59
32 575 45 54
522 368 68 96
72 373 112 116
176 538 109 118
418 240 49 82
237 160 23 47
511 220 14 19
11 511 38 62
66 465 6 6
546 214 40 46
447 581 52 58
281 485 124 129
184 330 13 83
502 567 160 178
127 435 89 91
61 572 35 109
523 204 6 16
278 519 70 72
295 565 11 65
483 542 12 17
467 113 7 89
154 117 88 108
403 477 3 29
0 181 19 24
450 528 13 28
517 282 62 62
474 208 20 20
445 177 21 122
537 96 13 48
336 79 12 12
126 386 4 9
558 403 19 55
235 577 7 68
427 507 114 136
31 397 40 132
379 100 4 22
253 240 47 105
457 256 83 114
149 455 35 35
267 302 89 92
535 391 18 23
192 186 26 51
215 191 149 165
206 8 12 49
202 500 30 45
486 299 0 0
487 49 87 104
527 58 154 174
365 267 71 83
426 427 10 38
106 506 118 154
153 373 68 112
162 240 77 122
526 530 7 16
425 155 41 61
265 289 18 114
421 478 40 41
221 267 83 97
324 285 22 58
120 205 119 186
85 60 120 150
162 499 36 91
420 260 54 69
591 169 9 27
333 98 0 0
356 524 92 110
396 282 36 146
519 477 25 141
53 245 107 108
416 530 12 35
375 247 97 111
526 58 44 101
240 116 17 76
381 171 44 89
288 362 29 32
504 568 62 73
4 259 38 74
402 115 18 42
322 596 24 42
176 141 20 25
454 78 37 44
460 271 46 75
199 160 58 62
416 201 147 189
239 532 46 71
450 192 68 78
130 89 24 82
474 63 2 3
409 230 21 60
22 23 40 46
454 47 60 76
190 147 2 2
380 142 94 99
315 262 24 32
457 506 31 36
136 43 64 69
242 570 107 123
371 122 2 4
238 37 19 44
179 468 33 35
230 178 16 39
267 57 58 60
295 504 21 83
217 448 72 76
294 315 91 95
139 203 0 1
138 287 5 18
591 52 18 41
95 39 4 25
131 21 98 149
230 83 98 153
199 439 13 98
493 69 1 17
216 243 149 149
478 290 15 42
358 177 90 143
236 155 19 26
262 207 125 134
482 192 15 51
262 403 17 78
20 589 157 172
417 223 37 54
157 423 78 84
292 165 25 26
261 276 91 114
332 131 25 73
204 58 148 148
133 6 21 24
315 190 64 67
356 439 23 23
571 386 53 93
409 488 23 23
470 357 77 111
69 532 25 48
260 47 57 144
361 116 15 16
415 478 16 123
39 459 21 46
115 569 3 4
439 466 96 105
327 229 18 23
423 161 8 15
260 323 105 106
94 22 61 63
478 551 5 59
132 573 50 55
549 24 156 162
468 380 37 91
119 45 101 119
306 50 82 131
41 112 19 41
578 141 13 38
113 567 33 59
155 48 7 10
402 167 150 158
459 230 125 158
241 18 29 82
191 238 8 9
171 87 2 20
174 350 72 88
33 536 0 0
181 318 59 78
487 598 31 44
150 498 12 17
250 65 41 134
178 215 33 42
541 67 20 25
417 1 46 117
355 76 18 20
164 84 0 2
386 310 20 72
337 175 16 31
304 389 119 155
397 476 3 14
558 427 17 41
55 144 154 173
373 476 16 17
462 539 61 67
113 577 15 46
460 147 34 34
331 47 33 91
252 306 29 29
29 32 19 58
272 57 46 46
32 385 77 99
55 85 11 22
125 166 107 108
152 282 10 16
476 401 65 95
545 205 4 5
238 220 54 141
534 488 79 108
397 189 59 64
57 104 21 133
259 458 21 92
136 216 9 10
271 276 72 83
446 576 6 10
195 589 1 22
126 371 54 110
119 414 54 70
507 571 52 65
302 82 54 106
406 151 16 47
520 288 48 51
145 356 65 107
149 438 104 115
22 288 60 138
116 413 16 18
406 17 54 128
517 157 40 41
86 32 8 87
555 123 32 38
326 16 45 47
347 281 100 110
186 440 145 152
359 360 39 94
492 511 60 110
280 418 21 59
86 501 94 99
407 340 131 154
219 429 128 141
306 357 54 118
92 392 4 18
11 119 159 159
457 276 0 1
178 326 72 79
69 431 29 30
248 514 34 79
405 154 68 71
237 129 7 8
38 448 81 81
174 420 18 25
98 368 131 140
293 188 1 3
327 23 21 22
523 305 13 68
355 75 27 31
335 10 15 15
512 197 97 120
46 82 5 8
304 396 18 51
133 111 35 71
99 425 88 125
508 592 67 138
249 228 20 22
388 22 54 55
579 515 127 136
200 428 39 45
308 438 95 137
394 279 10 118
88 366 2 2
73 590 80 87
545 507 17 17
537 50 34 124
286 314 20 187
434 333 17 79
581 163 29 35
448 578 79 82
474 553 4 6
304 312 139 173
526 206 13 75
141 576 110 119
361 440 87 92
273 259 20 39
454 322 50 87
110 423 134 138
209 360 6 56
408 493 31 103
297 378 9 38
423 316 84 106
259 298 47 164
294 68 10 41
406 187 27 45
265 321 151 160
331 293 69 90
359 315 0 1
4 597 3 18
248 92 38 57
205 1 32 54
463 339 1 1
59 588 5 14
417 90 55 67
477 39 67 88
261 106 93 94
96 490 23 30
37 236 75 81
453 199 4 4
461 213 19 95
300 596 47 49
131 284 10 12
16 232 4 43
204 34 31 80
35 535 112 177
67 228 48 74
520 509 4 10
367 330 44 53
397 496 40 107
1 278 20 47
84 345 43 53
431 556 16 38
78 588 28 33
415 587 24 57
240 346 93 103
17 460 15 26
324 453 14 16
241 108 3 3
565 561 104 117
195 380 6 83
331 464 42 47
370 430 79 137
395 513 6 16
278 102 5 7
495 35 9 119
593 166 93 152
461 544 41 44
93 221 1 11
383 210 95 97
117 134 47 59
541 324 7 18
596 543 73 108
420 428 21 47
69 45 1 2
213 7 26 68
545 540 63 118
383 122 27 34
19 111 15 21
271 108 38 40
26 470 68 70
289 132 50 50
175 13 111 113
515 162 54 61
474 157 12 28
485 32 81 92
342 466 47 101
566 550 2 6
224 579 9 75
414 511 12 38
79 319 59 68
391 537 12 94
244 56 8 33
493 539 15 27
524 27 124 164
495 155 62 83
317 29 53 67
262 301 121 142
214 58 163 177
36 296 86 133
475 200 32 53
130 100 138 142
597 560 1 4
263 214 36 73
348 46 27 88
78 107 7 13
199 19 59 74
146 396 1 1
510 507 22 35
10 164 48 60
142 252 44 58
550 106 49 84
566 535 105 111
91 180 14 16
345 208 17 54
88 340 122 122
577 186 119 120
393 368 2 5
427 385 64 143
408 383 120 145
27 410 1 1
278 81 32 58
541 573 145 159
460 565 100 114
51 570 26 79
516 404 2 4
520 595 29 105
243 476 21 54
436 378 53 74
12 19 4 25
55 483 29 68
579 536 92 182
208 321 169 172
308 538 26 31
541 471 6 54
99 43 151 156
329 204 51 101
250 311 28 56
253 302 16 34
362 24 16 30
574 381 42 77
161 531 118 130
351 258 34 48
481 503 60 127
298 0 62 103
240 585 12 13
564 379 21 46
3 415 43 52
123 173 1 1
139 432 176 187
292 570 58 148
376 472 4 9
97 125 95 105
384 105 86 96
580 94 59 86
348 115 11 17
223 550 33 43
94 214 4 5
250 168 48 67
93 31 15 19
15 588 62 78
350 540 21 58
101 137 38 41
545 529 29 30
352 507 14 32
166 288 0 3
415 521 91 101
548 321 41 105
162 389 15 16
188 444 45 55
236 97 65 136
382 567 55 124
581 394 152 158
183 426 60 64
494 17 74 86
125 327 59 59
265 131 21 23
555 137 38 39
331 273 10 20
168 539 30 51
487 239 39 96
76 389 21 104
184 456 40 79
141 385 34 169
123 107 37 60
210 417 116 156
551 298 135 145
201 304 37 68
126 501 48 58
176 16 78 80
271 3 81 97
89 315 6 32
409 514 79 108
196 321 9 151
350 563 13 13
49 476 167 184
56 513 13 109
402 57 48 53
297 447 4 17
229 466 16 34
4 85 68 93
571 589 23 33
92 438 102 115
596 558 49 49
365 412 83 161
294 252 62 82
448 526 2 21
572 303 136 159
111 385 45 76
160 72 86 151
199 227 9 16
583 11 34 36
345 406 41 64
300 187 7 14
51 337 34 79
306 88 14 20
491 269 57 66
115 283 20 28
428 171 140 142
186 61 2 36
543 133 41 113
16 270 122 162
521 231 47 48
289 88 54 55
522 59 45 70
366 252 41 47
508 507 37 51
550 172 73 80
41 448 10 24
334 361 131 139
111 470 14 141
19 460 19 138
270 395 51 80
191 320 39 116
351 300 33 33
164 200 82 91
547 443 15 15
425 495 82 99
156 43 80 106
194 530 17 20
245 375 7 10
222 38 144 149
449 5 1 8
224 547 17 29
432 247 83 84
337 132 65 124
40 429 65 69
128 290 102 116
363 472 35 44
323 585 12 12
193 3 70 80
133 311 2 6
499 541 47 63
502 591 11 52
170 406 10 131
327 277 84 127
470 199 166 166
382 155 50 101
363 136 25 36
243 593 6 43
549 450 80 111
424 297 10 13
95 129 129 132
44 187 72 105
175 72 7 30
540 373 4 50
171 474 23 25
506 428 88 113
476 580 57 57
525 13 119 126
187 548 13 26
221 320 66 80
118 256 69 71
529 223 73 160
470 304 36 134
25 496 8 11
380 81 42 44
20 565 19 48
41 358 90 94
73 486 88 110
570 238 118 124
37 479 23 27
10 302 29 32
582 10 163 170
229 427 72 74
551 287 163 163
396 193 6 6
526 269 12 42
167 14 168 169
499 234 11 12
241 129 5 18
126 22 9 23
348 113 146 153
586 230 72 120
311 521 50 54
324 55 8 86
474 413 70 88
343 583 7 11
547 213 125 140
595 410 16 18
543 404 15 24
551 331 5 10
446 544 105 113
492 234 49 83
408 91 15 16
75 38 34 51
598 335 7 14
350 370 11 41
189 120 148 152
316 54 20 31
52 270 10 12
236 62 69 78
516 157 12 46
266 504 44 44
192 81 7 53
420 196 12 19
123 162 17 24
378 111 78 89
516 164 84 126
364 586 78 83
13 502 35 35
557 296 71 161
357 445 127 158
384 299 6 30
394 48 96 104
257 581 28 49
380 379 47 54
250 509 70 129
226 483 10 37
392 69 2 6
125 457 4 27
246 68 22 70
440 217 153 159
121 354 99 117
1 562 59 139
331 301 42 81
124 28 13 51
466 556 29 55
464 470 18 31
178 520 11 71
383 561 8 23
549 483 70 133
192 561 4 10
596 100 58 113
486 196 36 47
187 155 17 56
339 508 53 178
114 497 14 66
418 510 153 153
239 427 30 72
26 326 97 148
277 545 3 9
100 207 14 37
450 317 2 2
242 557 53 63
257 423 32 59
159 204 22 118
245 337 162 170
58 360 53 54
521 425 68 70
156 14 14 16
119 286 6 29
376 419 8 11
595 443 10 10
596 538 1 3
236 82 32 42
455 403 27 64
380 416 37 37
0 62 110 110
164 523 5 24
407 369 16 20
360 551 1 15
207 226 59 78
375 470 16 16
337 234 152 177
122 464 0 2
369 305 80 101
213 110 123 154
74 142 54 82
346 52 13 25
458 189 130 146
43 584 41 107
594 567 31 142
212 497 39 57
321 26 31 55
419 580 38 43
54 564 19 21
211 270 56 58
406 326 27 37
347 55 54 78
43 559 69 73
