500 5000
0 1 78 140
1 2 14 18
2 3 15 21
3 4 63 133
4 5 16 24
5 6 37 69
6 7 3 6
7 8 4 8
8 9 47 87
9 10 92 134
10 11 73 91
11 12 89 104
12 13 2 4
13 14 127 130
14 15 14 35
15 16 114 150
16 17 8 11
17 18 102 124
18 19 30 86
19 20 1 4
20 21 4 5
21 22 48 50
22 23 38 42
23 24 70 81
24 25 66 72
25 26 22 25
26 27 8 26
27 28 14 26
28 29 29 32
29 30 55 59
30 31 11 28
31 32 88 135
32 33 25 25
33 34 30 33
34 35 118 128
35 36 20 23
36 37 74 93
37 38 42 45
38 39 0 0
39 40 27 31
40 41 133 134
41 42 107 115
42 43 28 44
43 44 15 15
44 45 37 42
45 46 77 103
46 47 82 82
47 48 49 101
48 49 71 81
49 50 25 52
50 51 22 27
51 52 35 46
52 53 59 139
53 54 2 3
54 55 93 127
55 56 28 69
56 57 31 41
57 58 40 113
58 59 80 89
59 60 46 49
60 61 44 94
61 62 59 104
62 63 34 39
63 64 73 105
64 65 12 39
65 66 32 32
66 67 68 71
67 68 47 70
68 69 116 116
69 70 2 4
70 71 13 14
71 72 11 22
72 73 14 41
73 74 4 4
74 75 46 67
75 76 9 22
76 77 152 155
77 78 22 35
78 79 26 31
79 80 127 131
80 81 50 54
81 82 88 111
82 83 64 69
83 84 48 84
84 85 38 55
85 86 106 114
86 87 30 52
87 88 59 59
88 89 94 110
89 90 64 65
90 91 31 82
91 92 11 11
92 93 74 93
93 94 24 36
94 95 40 53
95 96 53 110
96 97 60 64
97 98 44 50
98 99 25 87
99 100 52 55
100 101 69 111
101 102 16 16
102 103 59 63
103 104 16 24
104 105 55 59
105 106 94 112
106 107 3 7
107 108 95 100
108 109 52 61
109 110 1 1
110 111 53 95
111 112 51 123
112 113 64 64
113 114 12 14
114 115 9 15
115 116 111 124
116 117 29 30
117 118 31 31
118 119 20 23
119 120 26 35
120 121 18 40
121 122 37 48
122 123 23 57
123 124 19 21
124 125 7 7
125 126 77 86
126 127 94 142
127 128 46 48
128 129 37 54
129 130 17 19
130 131 38 49
131 132 58 59
132 133 70 83
133 134 3 11
134 135 113 119
135 136 54 109
136 137 4 5
137 138 84 115
138 139 54 60
139 140 88 97
140 141 95 115
141 142 31 53
142 143 36 50
143 144 30 89
144 145 9 32
145 146 0 3
146 147 32 61
147 148 68 68
148 149 10 15
149 150 21 29
150 151 16 27
151 152 28 28
152 153 55 62
153 154 18 20
154 155 30 36
155 156 70 72
156 157 11 28
157 158 16 19
158 159 35 35
159 160 76 84
160 161 64 90
161 162 88 99
162 163 111 156
163 164 113 129
164 165 58 136
165 166 24 70
166 167 2 2
167 168 24 38
168 169 73 98
169 170 50 62
170 171 41 64
171 172 133 133
172 173 8 8
173 174 12 19
174 175 60 67
175 176 9 12
176 177 83 96
177 178 47 54
178 179 46 133
179 180 66 79
180 181 89 91
181 182 12 14
182 183 47 48
183 184 34 64
184 185 36 40
185 186 8 8
186 187 49 124
187 188 53 65
188 189 80 118
189 190 8 9
190 191 13 19
191 192 15 43
192 193 91 103
193 194 89 103
194 195 130 131
195 196 39 41
196 197 4 11
197 198 37 76
198 199 13 19
199 200 114 116
200 201 76 79
201 202 17 19
202 203 26 26
203 204 29 41
204 205 80 100
205 206 15 17
206 207 13 13
207 208 49 61
208 209 101 107
209 210 53 54
210 211 73 111
211 212 78 78
212 213 23 38
213 214 37 43
214 215 36 85
215 216 72 72
216 217 1 3
217 218 135 141
218 219 126 133
219 220 16 40
220 221 38 44
221 222 6 11
222 223 9 27
223 224 92 101
224 225 29 37
225 226 55 56
226 227 17 25
227 228 48 49
228 229 32 32
229 230 130 141
230 231 20 27
231 232 96 113
232 233 46 51
233 234 54 62
234 235 12 21
235 236 39 44
236 237 2 10
237 238 84 92
238 239 22 26
239 240 115 133
240 241 34 42
241 242 3 4
242 243 94 118
243 244 22 29
244 245 57 64
245 246 48 49
246 247 21 21
247 248 74 76
248 249 82 93
249 250 69 72
250 251 29 107
251 252 121 124
252 253 84 103
253 254 8 8
254 255 53 56
255 256 19 20
256 257 92 111
257 258 4 5
258 259 70 128
259 260 8 12
260 261 88 89
261 262 107 107
262 263 12 15
263 264 88 112
264 265 54 54
265 266 47 60
266 267 32 38
267 268 15 19
268 269 27 33
269 270 13 13
270 271 20 29
271 272 53 60
272 273 18 23
273 274 8 9
274 275 51 52
275 276 109 134
276 277 45 64
277 278 76 76
278 279 3 4
279 280 66 66
280 281 61 68
281 282 34 37
282 283 26 31
283 284 42 42
284 285 57 79
285 286 122 131
286 287 62 92
287 288 82 84
288 289 31 32
289 290 73 73
290 291 26 33
291 292 28 28
292 293 71 73
293 294 27 44
294 295 45 74
295 296 7 22
296 297 34 57
297 298 47 73
298 299 85 85
299 300 51 74
300 301 33 39
301 302 104 104
302 303 32 39
303 304 56 61
304 305 4 10
305 306 85 138
306 307 45 66
307 308 21 48
308 309 26 37
309 310 77 88
310 311 41 43
311 312 27 28
312 313 7 9
313 314 8 16
314 315 33 58
315 316 72 87
316 317 1 1
317 318 24 43
318 319 29 56
319 320 17 17
320 321 16 18
321 322 67 84
322 323 39 56
323 324 11 35
324 325 42 63
325 326 49 56
326 327 41 55
327 328 83 106
328 329 21 23
329 330 101 119
330 331 6 18
331 332 109 112
332 333 37 39
333 334 101 154
334 335 107 123
335 336 22 41
336 337 34 48
337 338 110 111
338 339 133 139
339 340 49 49
340 341 46 50
341 342 66 66
342 343 89 98
343 344 61 63
344 345 16 17
345 346 78 98
346 347 71 87
347 348 44 52
348 349 95 108
349 350 1 3
350 351 29 36
351 352 13 14
352 353 39 55
353 354 4 6
354 355 9 12
355 356 47 83
356 357 126 138
357 358 51 74
358 359 32 32
359 360 72 72
360 361 22 49
361 362 16 28
362 363 100 105
363 364 44 54
364 365 126 129
365 366 50 54
366 367 132 133
367 368 69 94
368 369 15 23
369 370 38 70
370 371 62 116
371 372 29 74
372 373 19 39
373 374 44 55
374 375 29 55
375 376 41 70
376 377 63 70
377 378 66 76
378 379 70 81
379 380 10 25
380 381 49 69
381 382 28 32
382 383 92 92
383 384 36 51
384 385 54 70
385 386 39 72
386 387 53 65
387 388 70 80
388 389 7 24
389 390 31 40
390 391 23 49
391 392 94 99
392 393 67 105
393 394 27 43
394 395 99 102
395 396 95 97
396 397 60 87
397 398 6 9
398 399 91 140
399 400 74 83
400 401 55 57
401 402 63 66
402 403 24 62
403 404 81 84
404 405 87 109
405 406 11 11
406 407 50 87
407 408 56 105
408 409 47 96
409 410 0 1
410 411 46 124
411 412 62 63
412 413 132 141
413 414 100 114
414 415 29 34
415 416 59 114
416 417 28 29
417 418 79 129
418 419 31 34
419 420 25 25
420 421 44 105
421 422 17 42
422 423 40 119
423 424 33 80
424 425 14 20
425 426 44 77
426 427 38 141
427 428 125 154
428 429 82 109
429 430 117 141
430 431 21 37
431 432 69 98
432 433 53 77
433 434 50 53
434 435 39 47
435 436 85 141
436 437 115 124
437 438 0 3
438 439 23 23
439 440 52 127
440 441 20 26
441 442 36 100
442 443 86 91
443 444 31 58
444 445 97 100
445 446 127 136
446 447 96 105
447 448 101 106
448 449 24 27
449 450 25 52
450 451 14 34
451 452 62 80
452 453 77 81
453 454 33 34
454 455 40 49
455 456 106 113
456 457 90 97
457 458 74 110
458 459 7 14
459 460 51 93
460 461 31 87
461 462 38 44
462 463 31 81
463 464 42 78
464 465 98 107
465 466 21 28
466 467 128 130
467 468 6 13
468 469 95 122
469 470 57 105
470 471 109 110
471 472 66 124
472 473 1 1
473 474 66 75
474 475 116 121
475 476 15 29
476 477 76 86
477 478 134 142
478 479 2 3
479 480 25 30
480 481 44 87
481 482 23 26
482 483 2 3
483 484 27 29
484 485 74 121
485 486 101 121
486 487 1 2
487 488 15 57
488 489 108 118
489 490 8 17
490 491 2 4
491 492 69 72
492 493 63 71
493 494 63 142
494 495 81 85
495 496 117 124
496 497 141 146
497 498 15 16
498 499 59 62
499 0 56 66
242 238 40 77
305 98 62 93
103 384 61 71
314 121 18 46
33 497 48 50
302 60 75 133
187 150 37 38
77 104 14 25
27 405 63 66
145 35 55 121
296 59 107 132
7 286 46 64
317 299 11 19
404 168 27 29
255 468 48 50
470 277 77 115
446 109 29 32
233 448 13 27
245 160 70 103
55 442 158 158
493 369 128 137
187 73 88 94
398 262 22 22
216 458 53 57
466 378 81 104
30 231 29 86
247 126 35 50
208 158 33 38
215 490 16 28
84 186 50 65
409 407 98 99
248 15 12 33
133 183 147 149
373 166 65 67
400 276 36 37
314 233 14 18
425 392 74 75
422 62 94 114
174 264 11 49
156 241 64 113
351 73 44 50
244 405 20 24
317 403 2 3
166 330 15 22
443 365 45 72
222 189 17 23
78 29 98 105
291 255 22 47
99 378 80 80
287 448 14 24
62 157 27 45
495 286 26 26
461 60 8 8
201 439 34 55
391 201 53 67
354 10 8 8
100 13 93 132
230 329 54 71
329 451 25 27
316 240 40 70
11 373 41 141
84 439 79 122
395 443 26 28
260 173 25 100
456 329 65 81
296 13 34 43
365 81 84 119
166 246 133 134
482 393 70 92
121 498 9 12
184 474 40 49
28 465 74 80
291 215 74 81
453 403 26 31
85 416 31 40
439 123 79 88
359 218 42 64
429 174 3 5
437 214 15 18
289 422 50 62
56 101 101 101
420 325 31 43
440 143 5 5
485 475 72 124
455 171 27 28
225 491 11 16
231 418 37 40
111 450 39 40
342 426 0 2
240 359 60 66
207 303 74 155
386 18 112 113
185 402 107 111
310 441 0 0
395 223 10 19
247 112 9 13
270 236 21 42
420 474 58 97
46 123 30 46
451 120 36 104
121 209 118 144
286 454 80 91
417 159 30 41
201 71 50 99
316 52 1 4
155 80 63 66
447 40 88 101
355 358 9 9
456 480 19 30
381 219 87 93
368 31 61 90
32 321 4 4
319 451 100 100
465 271 68 71
494 166 19 34
43 244 11 12
363 154 4 8
0 488 31 78
488 288 22 32
190 444 67 92
314 344 44 70
226 373 60 65
232 13 11 11
69 264 32 38
206 264 111 135
147 268 64 150
167 2 86 117
367 459 50 63
337 363 8 9
491 151 79 112
389 215 23 24
383 443 1 1
68 275 72 72
255 171 63 110
333 392 100 107
339 90 1 8
391 492 60 67
311 12 3 6
205 241 26 27
195 178 18 22
159 197 47 55
52 154 149 160
490 494 17 29
75 186 59 74
377 74 32 44
266 425 24 33
153 86 47 98
29 294 11 37
285 231 78 105
156 300 41 74
39 476 22 42
6 454 25 72
451 179 35 39
377 350 27 73
11 334 56 57
385 478 41 110
275 125 35 48
330 399 23 82
381 408 8 8
309 174 39 73
49 481 16 22
207 484 82 90
388 107 18 27
451 30 98 121
44 277 21 39
431 179 46 56
332 328 26 33
247 104 26 38
47 226 10 12
495 365 34 126
98 418 15 16
257 200 45 61
273 196 75 116
38 189 97 101
323 366 94 114
222 471 144 146
477 164 57 86
2 488 9 12
54 242 35 35
361 339 46 47
108 407 38 47
427 119 61 80
59 346 5 5
38 60 56 65
52 425 66 92
337 413 8 8
273 184 29 34
184 491 111 139
206 104 59 73
161 93 21 21
375 332 2 9
40 204 125 134
297 179 11 13
51 153 55 96
475 103 19 22
434 147 15 23
9 395 59 119
327 363 15 15
319 386 22 24
329 314 0 0
138 157 2 2
456 34 61 106
299 215 26 37
244 446 40 41
158 420 92 122
237 248 44 46
224 442 128 140
21 397 3 5
347 149 57 77
291 157 63 68
200 273 65 94
67 279 71 117
173 208 26 38
266 134 31 40
405 158 76 80
155 23 19 26
5 394 37 41
158 129 25 27
248 283 62 84
184 449 10 13
135 220 88 96
388 434 71 72
32 351 21 30
285 158 125 153
293 467 84 132
422 290 24 30
188 348 34 36
254 383 37 97
472 283 41 58
15 480 20 21
157 212 83 87
41 366 43 52
306 201 64 71
223 330 64 145
422 246 109 127
231 145 24 37
215 245 126 131
184 7 104 134
467 368 102 104
474 488 30 87
353 480 65 66
91 371 15 17
373 114 67 98
189 0 31 33
496 134 38 39
377 144 76 77
385 56 66 69
420 125 2 4
226 315 57 122
303 368 8 9
46 227 58 79
133 191 15 40
41 321 122 128
253 104 31 32
303 190 71 82
234 477 81 88
324 4 41 61
54 25 18 18
77 272 53 70
191 145 83 110
390 264 29 72
490 118 39 41
489 436 34 42
298 433 27 60
133 429 44 55
251 275 30 95
32 246 11 11
249 413 89 89
200 263 39 39
50 116 36 41
453 0 50 59
485 136 7 7
114 18 84 89
380 391 25 28
300 139 68 84
55 317 11 14
68 361 7 10
169 112 32 83
398 339 48 86
376 253 50 107
283 269 41 59
190 240 69 69
48 450 65 75
64 492 28 28
97 484 115 138
196 316 84 105
353 234 60 62
469 126 56 66
461 394 13 21
213 331 75 86
387 202 7 7
438 285 34 55
116 262 55 56
463 101 21 21
466 221 17 23
378 59 21 23
488 59 52 57
107 428 1 2
162 125 47 49
464 331 47 49
354 52 35 39
309 129 11 32
43 305 14 15
30 153 38 40
53 16 81 114
138 191 51 53
84 490 13 21
377 49 95 133
221 149 78 88
115 172 32 34
470 37 8 15
296 243 26 36
220 493 64 65
260 97 27 42
307 129 25 30
143 211 47 120
336 395 34 61
229 472 46 95
346 64 49 51
128 271 63 71
215 114 66 82
200 217 56 58
484 134 75 86
24 366 66 116
429 456 35 50
39 343 78 89
327 90 66 107
284 256 31 49
76 303 113 120
189 313 30 33
343 442 95 115
460 395 47 50
356 414 30 59
68 117 51 127
37 297 58 62
48 353 3 4
397 218 29 77
103 169 39 65
387 54 90 113
230 212 61 88
68 484 44 96
30 75 17 33
166 249 9 21
424 484 89 96
68 25 45 51
108 111 76 105
453 473 42 42
138 296 13 32
136 200 74 97
473 4 10 13
356 43 132 146
282 496 85 109
125 22 107 138
131 217 53 59
50 176 33 33
64 58 149 151
137 159 12 13
334 143 64 64
393 58 45 85
98 368 101 122
169 69 83 106
491 394 12 21
143 292 56 85
121 346 82 84
94 98 68 71
58 483 101 113
282 16 81 97
69 121 27 27
124 51 27 61
331 183 25 25
377 104 33 43
355 366 18 46
10 453 84 133
262 87 29 35
383 299 28 36
182 283 25 84
64 197 71 126
125 415 45 119
106 455 17 18
468 197 111 114
27 343 23 25
359 400 53 53
420 436 75 93
54 497 35 37
311 476 39 45
7 210 30 41
22 146 87 112
388 163 8 10
238 423 2 2
1 424 75 79
420 36 7 7
301 177 57 100
53 4 12 14
406 140 16 23
200 99 51 51
118 394 11 20
258 490 13 16
296 477 48 72
408 41 75 80
63 2 31 38
348 412 51 81
36 405 90 94
426 119 19 68
330 84 132 132
313 335 57 59
297 322 4 9
33 164 84 85
358 479 16 50
56 496 11 16
206 325 36 117
300 433 30 30
375 144 0 0
321 371 85 96
490 450 117 117
213 74 65 70
450 303 9 16
454 63 37 41
82 62 73 76
304 344 68 88
3 278 20 23
166 378 39 65
161 426 68 114
349 39 35 65
77 284 112 114
150 400 83 101
59 138 79 114
283 339 111 119
492 315 1 2
252 291 47 47
402 391 6 8
200 47 7 23
13 296 52 88
164 70 9 36
217 494 47 68
71 249 22 28
92 47 94 95
263 420 38 56
276 37 100 105
102 190 35 35
271 324 67 78
105 258 39 110
478 116 15 46
410 202 55 63
173 313 73 84
58 219 14 18
171 165 107 115
366 48 30 52
429 493 56 114
237 403 18 40
7 84 22 27
230 480 43 80
410 93 51 56
95 290 13 34
255 334 7 13
431 174 28 57
85 235 36 68
345 449 43 56
192 303 21 39
346 165 16 26
352 437 64 73
427 160 33 33
87 468 21 25
107 398 6 9
221 160 51 53
415 157 17 54
86 93 31 86
228 457 94 113
299 287 11 23
379 66 27 28
429 347 79 120
96 109 56 71
410 118 93 95
288 222 25 26
76 385 11 11
94 453 65 87
125 383 15 23
272 472 69 123
103 399 28 33
412 448 44 76
191 436 12 17
212 90 49 140
274 313 5 5
279 268 47 47
282 307 38 49
320 345 32 42
313 355 47 50
243 419 20 30
220 413 39 73
12 339 32 32
83 133 24 25
93 446 76 80
150 3 50 79
138 338 45 64
303 491 4 7
372 283 39 44
335 215 157 160
433 274 39 57
268 140 1 2
171 323 6 15
62 53 101 101
206 467 66 100
425 418 138 139
365 336 121 133
52 95 12 12
186 440 69 95
453 478 10 22
233 149 24 89
398 461 45 61
87 106 41 97
239 173 23 30
363 150 44 48
192 22 60 90
136 201 109 113
442 110 9 11
61 188 16 55
477 203 18 19
209 170 19 40
126 246 44 79
73 193 12 39
338 182 48 57
221 219 55 79
498 52 52 55
56 231 4 7
85 423 124 139
108 256 55 91
55 80 18 43
313 382 17 18
105 164 71 93
200 185 59 61
309 9 66 66
262 4 31 65
6 312 36 62
171 159 43 49
127 75 66 90
318 55 109 113
353 84 30 65
75 29 15 19
238 484 0 2
387 308 28 31
142 402 131 134
116 195 21 41
303 182 85 104
422 118 26 40
391 405 11 12
232 433 26 28
161 83 71 100
45 406 53 55
420 324 55 56
219 63 141 146
345 275 44 75
204 212 46 100
462 291 63 65
161 497 122 132
194 313 13 30
174 110 51 55
90 405 75 89
133 108 72 87
379 166 29 29
217 86 13 22
365 417 78 87
468 119 28 32
456 459 21 51
439 368 11 31
205 381 114 123
20 246 56 72
270 368 2 4
12 97 37 65
425 408 26 57
313 279 32 33
119 299 74 118
259 214 15 35
145 5 106 106
197 110 29 42
478 7 135 148
331 271 22 24
223 271 43 45
405 322 41 48
467 323 83 85
62 365 83 100
324 313 108 110
491 468 9 18
487 143 60 62
72 138 89 103
471 43 36 86
238 12 51 98
448 477 35 48
385 6 7 17
428 469 27 47
90 403 26 48
489 189 8 10
382 236 70 97
243 228 1 1
322 176 12 21
238 419 91 108
470 292 66 83
453 198 59 73
311 355 24 43
53 93 104 124
127 110 106 109
374 58 40 46
416 119 30 63
278 269 72 83
156 25 26 61
115 95 47 69
438 183 72 73
252 18 26 35
345 375 117 131
290 84 31 31
408 79 57 64
392 473 52 54
52 35 2 7
267 361 14 16
8 166 44 44
354 336 4 7
303 12 19 58
254 202 18 28
381 28 1 2
137 462 43 101
225 368 90 102
389 347 17 52
272 6 26 53
74 460 40 148
283 424 148 148
95 326 91 93
188 329 5 9
328 74 94 95
454 114 43 66
392 215 73 111
491 321 81 117
138 240 30 49
330 9 52 105
329 108 22 42
335 419 25 28
360 396 24 36
473 308 56 58
45 486 47 96
93 354 139 143
432 472 5 6
344 474 52 53
289 363 12 13
435 15 21 44
339 103 73 106
73 322 0 1
123 301 87 95
321 190 38 48
369 433 11 11
145 482 65 76
350 185 94 111
40 110 68 74
346 157 18 52
427 291 64 66
86 259 36 42
46 131 55 58
274 243 21 46
376 315 36 74
168 76 28 46
280 33 62 98
201 286 102 113
86 255 108 122
493 436 58 64
36 88 32 32
71 398 49 94
9 224 49 145
439 404 20 36
426 162 60 150
480 114 97 102
175 484 85 110
188 333 35 42
243 288 52 58
324 313 26 36
77 367 67 94
161 461 80 110
184 74 8 13
260 413 5 13
71 160 43 54
337 333 104 127
365 477 78 122
328 354 124 127
270 316 5 9
62 486 130 142
376 332 85 99
29 110 81 113
43 34 40 65
354 80 96 146
323 340 140 140
316 13 48 74
31 15 116 128
487 123 100 107
8 428 68 126
74 334 116 135
179 14 19 21
386 82 36 78
156 349 19 21
109 102 37 82
402 233 44 46
353 2 60 62
115 451 41 60
271 136 1 1
287 187 49 66
135 351 72 72
313 475 133 151
68 152 66 76
36 116 71 74
467 349 21 29
342 469 60 143
121 258 28 31
405 243 69 130
66 379 142 143
313 243 28 45
61 55 51 52
467 204 71 105
41 379 21 25
157 343 18 36
189 292 21 40
58 464 0 2
253 382 30 36
358 494 11 13
304 425 14 15
98 477 18 20
473 67 51 69
310 158 70 76
143 467 13 14
442 7 25 31
42 383 16 16
88 409 19 27
467 124 48 61
105 383 19 21
166 360 146 153
259 380 34 99
466 378 17 19
397 30 8 13
487 439 92 121
401 305 12 14
149 460 50 51
466 100 48 73
493 402 40 94
34 420 143 146
147 485 63 64
132 438 4 4
151 75 17 21
31 71 63 93
7 170 52 92
217 350 31 66
357 361 46 46
327 282 102 111
121 419 89 96
24 417 49 53
170 369 54 63
365 194 34 45
192 471 60 73
112 452 38 51
281 126 119 127
452 267 14 25
102 284 34 34
23 290 62 62
304 17 130 137
436 266 4 6
483 213 60 73
453 3 80 90
357 303 19 22
204 250 7 10
33 445 120 132
164 303 37 44
139 166 109 121
429 115 50 73
62 447 57 77
9 104 38 50
78 213 36 57
204 479 30 52
374 102 95 105
43 358 88 114
460 386 102 118
83 250 16 36
210 94 14 21
144 355 55 63
47 367 69 75
303 51 33 65
174 356 40 71
192 456 8 8
19 185 48 78
450 194 81 83
398 331 41 46
122 465 53 71
370 321 14 53
252 228 48 64
452 429 96 99
293 137 18 34
283 165 17 19
107 430 26 42
183 279 65 72
305 304 154 154
189 227 41 42
33 137 27 37
325 187 104 113
330 65 80 106
150 154 86 95
114 219 80 99
149 135 52 74
471 450 106 111
172 390 18 20
452 481 28 30
470 253 30 37
466 92 34 43
73 371 97 98
318 319 22 25
226 16 70 127
359 385 104 123
118 232 68 70
434 426 73 112
61 84 76 82
164 63 9 9
51 103 1 3
372 291 37 56
107 423 11 12
158 345 58 106
299 165 50 52
265 44 49 53
107 111 66 78
408 476 6 8
83 216 43 56
288 463 43 48
272 18 143 149
190 70 103 115
94 74 22 49
15 314 4 12
300 332 8 8
248 163 80 81
235 339 33 63
257 412 21 25
95 132 44 120
240 164 13 34
119 377 24 29
304 79 8 27
361 33 41 62
322 107 62 79
313 64 80 81
20 351 42 49
433 391 97 130
180 133 42 67
62 421 8 11
179 44 20 24
209 237 101 106
37 228 27 27
261 114 42 63
116 195 84 107
216 146 138 144
331 287 106 139
245 351 57 58
406 471 86 125
277 443 19 20
119 4 14 20
394 89 26 26
24 247 101 111
38 485 23 94
348 136 59 78
32 59 103 109
247 25 73 85
249 187 25 60
411 160 21 31
343 111 73 79
361 450 15 20
87 97 21 21
317 179 29 83
163 282 28 46
439 381 119 121
134 97 53 64
439 317 89 106
148 493 133 149
130 455 21 22
279 369 77 79
235 64 116 117
314 8 53 81
467 206 44 147
146 219 1 4
67 468 11 15
393 376 72 72
290 366 11 16
456 317 31 33
63 451 23 31
253 462 12 14
21 333 59 75
150 101 63 93
334 452 22 24
438 197 97 102
340 473 98 119
166 124 16 16
153 154 8 8
326 158 44 81
494 102 15 45
88 403 94 102
492 179 78 85
338 343 1 1
57 5 109 126
142 401 34 35
494 91 36 40
192 200 140 148
357 201 55 57
238 117 80 102
126 304 155 157
417 343 82 89
47 13 80 101
415 155 49 64
451 454 51 60
210 413 76 88
264 70 82 108
424 375 139 140
337 249 14 17
55 65 79 128
347 344 10 36
176 312 0 0
449 108 29 43
212 182 23 41
398 439 53 55
355 299 99 103
451 24 11 18
251 46 1 2
452 370 47 49
465 215 1 2
412 155 11 27
475 351 24 42
218 450 26 99
171 321 64 90
388 157 38 78
293 301 21 24
359 99 77 143
97 487 102 105
158 434 11 12
191 62 54 93
488 399 45 58
471 39 18 26
498 213 12 22
438 229 118 130
482 130 38 43
268 323 107 107
425 221 55 60
407 411 26 49
318 165 52 67
89 253 2 10
436 321 29 33
423 92 142 144
118 36 49 75
285 386 6 7
261 313 126 133
52 8 151 158
234 108 2 8
222 95 131 136
439 490 43 49
332 456 3 7
39 147 37 74
20 297 47 86
59 388 46 50
445 125 47 151
303 368 31 41
155 379 3 8
281 22 101 125
369 434 19 23
239 16 42 47
262 418 58 97
228 15 41 49
440 477 19 30
255 328 35 49
254 168 76 77
73 307 117 119
440 127 5 10
398 331 60 81
11 74 29 36
176 30 7 26
289 377 21 83
121 274 0 0
180 410 17 29
136 479 17 25
66 222 108 135
170 492 39 52
369 208 4 6
71 131 34 42
174 483 71 88
37 285 99 114
326 4 35 48
180 458 33 33
139 426 37 50
83 165 28 37
237 21 18 24
215 462 110 111
428 232 23 26
490 229 108 114
395 95 9 24
192 270 17 17
311 52 146 150
16 186 31 46
236 129 32 67
230 266 22 34
423 92 7 17
71 380 91 132
195 76 51 84
107 187 94 95
366 416 62 84
15 465 6 7
453 438 89 122
277 207 30 44
343 304 121 122
45 164 50 66
275 321 2 2
88 223 114 151
348 57 74 126
487 163 27 89
459 72 54 56
18 389 90 97
107 431 119 119
474 269 62 137
322 442 25 49
69 294 29 69
432 128 28 33
289 341 83 83
327 443 51 78
148 266 69 70
92 208 21 40
483 7 23 81
387 114 32 74
61 474 8 9
35 376 123 127
72 51 10 18
392 365 39 40
498 158 109 115
476 449 69 118
294 139 82 130
446 323 53 64
205 178 47 119
16 72 11 14
377 345 17 35
351 425 14 22
383 430 31 35
17 75 64 71
191 163 6 8
75 322 24 24
21 343 44 73
455 411 57 133
469 112 59 59
476 319 19 42
199 481 6 12
380 195 1 1
178 38 33 80
65 488 17 23
370 214 44 56
473 25 10 39
72 273 81 111
189 281 3 3
105 182 86 97
293 150 27 50
271 165 3 7
238 338 109 110
316 190 87 94
319 488 13 15
386 400 38 40
20 324 133 148
14 135 37 38
153 364 74 120
121 126 64 94
345 9 62 69
183 375 76 87
47 477 91 97
13 113 78 80
115 113 84 91
123 210 8 8
47 489 36 37
422 96 40 58
21 158 29 75
445 416 108 109
7 74 5 6
245 232 18 38
330 447 77 79
205 195 107 108
140 388 1 1
475 170 16 34
27 459 12 14
336 41 59 118
77 141 120 124
102 95 49 61
204 94 3 5
29 90 8 23
274 244 14 38
133 383 91 109
185 111 70 125
466 287 15 34
102 153 61 97
385 193 37 44
136 487 40 47
372 97 15 17
317 299 27 27
420 158 50 52
343 130 98 102
180 357 38 59
325 376 110 119
131 335 40 71
448 189 62 78
387 164 76 76
273 56 43 58
97 68 110 122
459 73 36 83
374 213 58 66
277 440 130 135
320 415 23 88
186 414 52 78
275 94 30 31
477 154 74 82
85 377 25 42
494 316 115 126
77 123 65 117
7 445 103 108
439 52 23 78
456 429 31 64
161 157 83 85
336 64 2 4
345 146 7 12
154 483 23 40
193 189 71 76
371 15 34 95
125 342 70 107
460 152 50 97
390 420 38 53
473 253 63 77
26 299 103 104
232 272 139 145
44 60 113 139
127 453 5 8
423 313 2 3
396 436 134 137
497 76 39 65
415 33 11 13
493 96 25 35
337 490 4 5
43 21 51 60
18 42 29 43
29 215 50 117
397 144 73 98
93 429 3 3
489 429 50 66
245 136 1 1
64 380 119 125
191 419 88 104
236 379 8 8
227 312 78 105
359 394 27 82
24 418 45 90
486 112 10 12
82 176 52 57
346 44 115 116
448 30 52 82
170 198 13 20
275 494 92 113
53 150 40 42
335 17 64 93
309 154 86 139
458 413 4 12
152 118 129 146
458 321 133 135
191 56 1 7
412 135 9 10
297 158 68 96
254 246 110 131
344 230 20 21
436 105 100 108
443 251 44 79
134 382 32 56
379 446 83 88
319 474 144 148
104 218 75 93
214 96 28 39
70 220 103 105
291 412 117 117
414 382 14 16
158 243 5 11
44 14 18 21
456 0 31 35
197 193 19 22
286 147 60 64
61 133 5 5
7 225 47 88
379 324 75 82
71 222 122 125
184 274 98 114
443 268 15 38
115 272 40 85
299 432 29 39
471 264 41 88
110 326 37 100
389 266 84 86
341 81 29 77
126 36 21 49
376 444 118 119
166 56 25 26
368 133 98 113
312 75 80 82
114 255 4 7
185 429 34 36
28 251 26 55
435 49 10 11
350 439 88 96
481 272 29 29
124 119 9 9
416 380 90 95
181 0 7 12
384 316 100 106
480 177 111 135
475 337 122 123
306 447 8 23
82 90 14 15
15 12 17 22
329 172 20 32
67 213 7 17
452 270 26 52
397 444 56 101
451 113 32 67
307 475 34 40
455 379 41 47
197 479 0 2
68 89 92 110
354 80 58 75
466 386 32 41
491 253 24 32
163 234 76 91
352 438 95 96
477 49 14 27
277 275 150 154
171 424 129 136
86 142 41 51
406 213 38 80
36 49 66 93
308 242 57 105
414 340 7 9
176 82 32 40
434 192 62 92
277 405 147 151
460 450 108 117
320 125 76 113
91 145 109 117
151 184 37 53
44 194 105 106
323 332 35 48
304 27 72 106
71 404 19 30
476 215 59 60
62 286 50 71
390 34 9 11
158 126 17 20
67 330 62 66
121 217 18 37
399 419 49 53
397 292 150 154
122 293 40 49
18 183 50 51
2 256 35 72
269 97 5 6
195 90 76 108
368 37 82 91
344 14 48 88
63 147 52 60
2 332 29 63
240 361 12 24
164 154 25 60
395 469 45 51
176 459 47 61
383 345 43 45
205 243 46 64
412 221 21 25
178 117 6 6
233 205 21 24
15 154 33 46
420 281 27 46
9 184 33 75
213 11 69 72
292 282 3 3
129 209 47 59
400 309 40 48
250 350 51 67
273 301 133 138
44 383 14 14
225 112 86 115
193 415 80 135
2 175 63 111
402 127 80 131
405 129 87 90
456 182 128 133
416 209 51 57
104 419 35 53
224 102 20 21
258 114 114 117
440 498 111 141
87 451 109 128
495 259 35 36
8 226 91 92
369 289 15 15
201 163 22 23
234 164 44 49
103 163 43 43
399 49 15 17
289 498 51 145
245 281 82 118
226 225 37 37
286 199 110 133
376 446 66 104
156 218 153 155
225 370 3 5
55 479 11 23
443 9 114 114
329 269 5 6
395 196 100 108
164 257 10 22
405 117 23 31
184 327 26 62
240 196 36 48
222 82 80 96
354 367 81 98
219 349 92 132
431 341 45 57
167 294 28 41
331 228 31 35
419 85 96 121
376 221 98 102
406 478 53 61
446 483 87 94
290 469 18 31
148 345 24 27
331 333 81 81
265 59 17 65
4 425 47 59
53 208 46 126
481 378 65 88
4 457 115 134
240 399 52 69
224 272 144 151
132 328 67 87
216 404 40 43
176 113 75 83
128 60 44 97
393 238 103 145
56 366 43 134
151 107 29 32
41 68 11 26
232 250 10 12
206 106 87 93
156 334 20 23
447 262 89 103
436 186 18 18
255 246 137 147
2 486 39 39
69 476 34 49
241 280 23 37
281 293 98 99
212 456 83 83
205 252 23 43
398 390 25 30
66 173 48 49
489 213 25 43
194 110 67 70
230 42 107 116
194 406 76 81
417 311 3 5
251 97 39 49
138 183 41 42
422 194 30 63
155 443 57 62
485 314 19 22
400 375 38 57
455 239 96 96
182 95 43 74
8 335 27 33
489 202 5 9
97 338 23 26
418 474 27 28
259 46 23 26
349 22 89 106
276 447 24 30
407 446 16 27
398 393 53 69
337 76 26 28
476 410 17 21
457 107 69 75
9 13 60 108
132 213 27 29
467 272 45 63
322 79 135 137
344 94 42 104
122 232 41 64
192 340 4 5
72 401 107 145
285 498 42 52
31 180 42 62
296 48 51 63
446 451 46 48
257 453 54 132
130 324 58 62
60 3 36 36
93 336 15 18
409 482 23 51
262 355 15 34
493 486 20 25
467 420 43 109
213 199 134 134
456 432 34 52
243 88 149 157
311 409 2 5
62 440 25 45
254 174 83 95
132 205 14 18
310 20 20 30
25 231 53 61
238 249 78 99
124 373 59 87
358 177 49 91
224 50 19 43
33 265 25 65
450 491 33 113
182 109 95 123
277 122 60 64
439 223 31 54
464 65 35 53
68 397 49 61
214 381 40 46
274 79 68 102
317 387 10 10
445 485 110 116
78 167 10 11
289 338 109 114
176 217 78 86
410 6 12 13
120 178 36 52
153 27 125 127
28 349 51 96
335 219 137 140
210 494 101 105
266 92 96 105
158 248 60 110
295 438 38 89
345 262 78 124
227 54 25 26
380 445 13 16
225 5 29 30
224 263 31 31
2 28 37 40
114 483 72 73
273 38 1 2
137 253 34 50
287 255 26 36
58 353 55 102
425 90 15 18
64 138 26 31
369 255 11 24
471 303 56 71
449 173 112 121
21 395 71 77
381 97 0 0
274 242 130 137
311 483 28 31
243 350 15 17
134 243 51 116
103 52 46 66
296 20 26 26
354 494 94 124
491 111 53 77
328 53 18 26
496 67 59 59
346 434 145 155
61 410 31 34
405 59 62 62
473 24 72 97
372 248 139 141
267 46 6 7
231 155 2 3
193 486 39 75
140 495 57 74
103 7 4 14
1 393 18 53
256 473 41 108
14 67 60 63
111 329 20 24
448 385 11 18
443 254 0 2
436 250 60 124
460 136 142 142
270 278 1 2
199 308 19 43
121 394 12 19
461 494 96 101
398 76 72 81
470 344 18 20
38 484 30 31
130 380 128 143
293 453 58 113
309 341 26 26
132 464 30 59
140 185 52 52
349 327 90 145
42 285 2 3
40 89 24 31
347 452 39 40
337 239 30 46
137 374 45 63
299 475 32 34
280 283 19 60
115 38 117 119
458 195 26 35
97 332 131 139
325 43 22 25
9 42 47 85
472 381 28 45
160 236 73 76
55 303 87 90
40 413 25 61
19 64 93 139
317 201 4 5
57 117 120 146
395 109 117 132
85 347 43 62
473 458 43 55
128 231 22 74
170 114 36 77
178 172 2 3
403 269 99 104
71 296 16 17
106 460 48 73
350 171 16 17
209 120 21 24
129 230 74 93
208 31 24 25
478 466 65 81
372 304 26 26
74 158 55 55
461 143 17 21
7 95 8 12
238 37 37 64
276 275 35 45
396 201 51 57
304 490 82 105
216 137 78 83
93 278 91 140
302 145 21 40
275 52 11 11
395 162 4 5
236 175 16 18
276 370 90 91
20 476 39 53
247 144 71 80
436 211 40 48
339 211 93 93
125 6 18 37
289 485 38 81
320 172 30 57
462 344 21 48
145 124 30 43
4 158 132 149
107 172 30 31
309 73 23 24
86 400 56 123
334 384 33 84
146 349 119 136
5 394 38 83
341 225 15 22
101 75 63 77
93 187 19 26
289 148 45 116
172 194 20 51
355 285 39 47
69 442 34 37
192 218 16 28
214 331 42 97
179 498 1 7
426 214 6 9
480 188 14 19
219 39 77 120
325 75 26 62
328 296 46 59
252 242 28 37
177 428 30 36
228 356 13 18
342 304 38 82
6 452 69 70
248 222 52 57
275 347 89 123
139 203 34 57
286 399 35 44
479 239 29 32
446 100 83 115
393 274 14 14
311 121 48 69
313 165 37 73
278 273 68 75
267 148 36 56
494 410 109 124
371 174 93 94
84 362 81 114
498 45 60 110
150 323 42 45
226 443 44 63
17 150 139 140
490 70 48 71
286 79 20 37
347 214 116 123
169 193 15 21
46 309 27 36
298 430 68 136
31 140 87 127
394 17 76 99
297 207 3 5
190 141 24 28
417 59 74 75
480 405 4 6
389 47 134 134
146 64 80 94
154 76 31 66
421 114 13 22
186 272 54 58
131 318 25 34
453 248 26 37
184 467 59 130
376 465 110 114
119 157 64 120
274 491 28 36
169 421 39 43
462 276 61 82
119 348 135 159
271 134 84 143
119 353 5 11
357 496 86 99
489 338 30 30
97 90 65 139
465 28 81 112
108 173 71 72
158 19 121 125
341 92 45 48
464 329 21 31
90 132 10 10
110 419 103 105
15 475 15 60
234 161 75 93
413 143 62 69
266 14 74 91
278 149 36 69
117 259 83 97
357 42 45 67
269 308 74 80
363 40 35 51
326 355 56 71
409 331 32 34
412 197 98 105
84 347 7 12
60 183 16 20
214 234 0 1
25 337 21 25
409 59 9 16
97 429 36 44
348 141 21 21
381 400 13 16
19 61 1 1
199 169 72 119
315 275 83 99
148 142 36 79
69 409 34 135
42 236 116 145
449 282 89 90
96 235 57 67
430 266 6 18
204 207 5 13
481 39 35 50
46 9 116 127
410 167 48 118
297 438 8 22
4 196 50 63
289 482 60 85
390 292 88 94
221 337 41 61
363 322 86 100
25 411 69 81
466 97 87 113
58 5 50 81
463 205 24 33
23 216 33 89
42 459 26 39
35 43 70 104
329 282 33 73
22 328 70 82
65 50 27 29
31 33 93 97
201 275 34 44
75 471 128 130
264 206 79 123
176 13 29 29
88 76 26 31
101 389 43 56
7 127 22 30
440 45 24 33
242 131 41 104
426 482 19 30
387 262 5 12
314 357 3 6
423 397 52 104
414 385 87 91
191 121 9 27
283 490 8 11
469 145 6 8
228 319 51 54
23 289 7 10
355 13 19 29
423 113 63 64
72 243 52 76
64 202 56 57
58 301 68 101
65 363 83 84
474 58 30 46
373 469 3 4
73 229 8 9
89 134 98 113
433 207 81 101
138 112 77 93
1 81 100 110
230 372 49 53
363 86 58 80
290 0 54 77
342 272 34 38
333 337 22 24
193 137 60 93
268 180 100 107
8 271 47 91
150 270 126 158
335 52 105 158
278 173 41 49
100 280 29 36
15 353 10 28
322 105 24 33
311 411 9 15
349 442 12 13
70 449 127 137
100 50 27 39
210 275 33 40
466 58 1 1
390 381 48 72
413 263 68 91
406 99 54 80
84 293 88 93
373 114 62 85
156 197 60 100
49 430 58 62
180 30 53 67
129 300 0 3
287 377 40 92
172 416 61 61
90 355 41 52
106 492 108 119
219 442 47 49
42 163 63 63
429 59 39 59
413 314 18 22
338 285 56 96
316 331 29 30
79 450 61 67
27 86 83 130
297 133 24 55
51 482 54 57
0 384 26 49
21 126 8 8
35 134 57 73
395 268 130 132
116 492 118 141
444 405 2 5
196 197 25 29
443 64 105 136
219 31 49 99
276 184 98 145
216 225 71 82
232 483 71 111
191 420 4 16
361 204 21 33
181 86 111 122
324 256 36 37
129 240 61 82
297 467 54 143
402 492 42 46
392 317 31 38
199 189 55 55
248 424 80 80
198 89 17 17
229 46 113 146
17 198 6 6
30 443 80 99
201 286 48 55
27 138 77 78
352 74 95 95
173 242 55 57
102 62 84 154
428 370 43 70
6 115 66 73
256 351 94 126
53 405 46 69
376 159 133 134
455 330 35 88
412 471 81 87
170 150 4 18
432 227 55 68
233 113 4 4
463 294 103 141
100 130 8 16
287 28 3 5
247 163 36 45
206 346 121 123
345 207 64 71
432 382 94 112
324 271 53 76
244 237 61 62
209 384 81 92
191 115 17 29
112 415 32 36
370 212 86 131
83 241 13 13
2 189 28 57
351 159 30 51
248 488 58 77
347 105 84 155
185 272 15 16
307 399 49 110
103 26 45 54
484 444 50 50
137 486 63 85
245 277 26 79
114 461 126 131
417 369 59 82
75 479 42 74
72 363 0 1
18 248 20 24
475 170 29 69
435 397 98 138
240 392 24 90
286 125 48 49
411 445 24 26
58 244 30 58
496 259 52 132
185 145 114 137
180 30 107 113
85 408 58 121
348 441 104 108
130 398 45 48
291 2 12 13
61 420 7 10
344 141 92 125
282 348 120 122
365 225 53 118
189 118 36 36
90 434 7 10
401 483 37 38
384 441 18 19
189 192 52 53
149 326 85 101
313 117 23 62
358 172 6 6
442 205 62 125
230 65 19 20
224 102 47 92
245 67 38 78
227 345 5 9
372 274 81 129
334 134 49 67
151 28 25 29
166 293 145 156
156 86 25 45
8 435 26 32
464 84 11 11
185 209 24 30
158 495 54 71
74 442 21 46
107 325 95 130
303 212 94 119
168 476 55 125
481 238 26 38
161 353 16 49
462 122 96 151
283 326 22 71
450 135 78 101
88 59 23 37
115 358 51 78
448 369 9 11
381 462 4 13
64 209 15 33
436 159 8 31
311 353 106 106
72 263 31 33
143 311 70 110
15 352 3 3
266 268 38 41
238 87 53 77
488 199 71 73
461 479 63 77
126 392 11 15
36 134 57 63
461 275 59 141
262 479 2 3
61 211 51 56
175 333 14 32
268 130 11 16
81 139 36 136
57 67 34 61
61 89 15 30
203 384 57 91
61 44 4 4
495 196 34 54
169 396 40 75
252 464 101 102
148 451 54 56
112 203 21 38
318 199 133 135
33 163 26 28
480 181 21 40
269 420 21 22
307 472 89 95
372 272 118 134
418 118 39 66
481 89 58 74
200 376 5 7
206 383 13 13
109 419 16 20
32 189 41 75
256 400 36 78
421 212 27 27
207 210 4 13
409 390 40 124
213 340 52 77
388 147 39 59
335 347 49 84
99 206 74 75
352 57 2 10
222 331 19 27
239 310 76 102
306 6 35 80
162 106 16 16
54 107 111 117
255 100 31 72
327 397 49 91
20 256 53 55
151 334 62 68
428 150 3 7
31 497 48 49
379 180 12 36
264 206 11 12
317 71 5 5
496 380 37 70
78 384 27 27
90 436 64 66
491 419 63 84
173 349 107 112
375 36 11 11
392 23 25 27
69 240 100 152
312 250 20 25
382 228 29 50
347 387 83 91
64 60 107 123
344 296 16 35
457 75 30 46
472 100 69 101
80 323 78 78
288 488 11 11
243 55 46 52
295 350 37 47
241 336 50 50
20 186 86 108
148 284 57 64
220 478 77 128
490 67 12 18
141 436 47 53
70 371 20 41
41 407 29 33
378 244 123 137
262 481 115 136
16 80 10 11
20 81 52 61
12 426 50 85
78 29 58 59
312 490 67 67
330 204 38 49
368 396 54 85
335 316 51 75
430 415 61 66
165 16 33 36
150 153 33 106
409 293 13 14
411 34 28 55
47 437 4 4
109 446 54 91
125 325 44 76
196 192 44 60
10 475 46 110
456 304 24 55
251 465 74 112
196 353 84 108
173 268 7 9
453 300 7 11
68 389 11 26
479 184 26 31
299 431 41 52
191 141 2 2
249 2 72 75
439 138 62 102
51 226 0 1
414 98 109 113
341 239 18 25
271 187 109 140
18 189 80 103
482 422 62 70
245 220 38 43
383 53 6 14
283 475 45 80
295 143 0 1
267 258 18 18
112 177 57 89
230 375 21 47
140 19 60 66
80 365 24 29
171 209 59 88
111 1 26 38
477 194 80 94
44 35 27 67
53 229 11 20
312 321 112 142
321 408 91 99
483 438 20 28
206 7 115 118
345 195 51 138
227 114 92 96
449 232 75 78
50 59 10 22
80 264 3 4
36 346 70 77
84 241 57 90
307 177 80 87
35 36 29 98
467 451 26 70
369 447 69 73
180 30 82 83
325 496 132 137
456 223 100 106
54 404 4 7
138 30 8 23
356 34 34 73
52 134 102 126
379 321 59 59
399 353 92 122
420 382 114 127
433 360 49 58
483 221 111 115
38 34 58 142
309 390 38 94
352 415 4 8
332 360 82 99
155 12 4 5
268 37 39 44
423 95 34 39
229 76 8 8
44 47 77 141
50 286 73 155
418 395 44 63
462 137 18 29
148 302 109 114
348 230 43 47
453 318 37 41
145 85 29 71
18 297 68 76
30 340 54 134
415 424 30 32
473 330 15 47
125 170 5 9
266 93 69 86
433 399 43 62
121 421 21 41
268 19 0 1
102 173 19 27
425 176 12 19
99 76 66 69
391 117 54 127
27 70 31 38
220 387 53 114
20 432 23 55
65 230 16 18
268 228 41 51
349 159 37 51
494 25 114 138
61 3 51 55
340 367 50 66
449 337 13 17
397 310 55 61
246 340 94 97
333 30 21 37
40 165 5 6
446 291 0 0
336 206 125 154
100 314 5 8
96 261 92 140
143 165 49 67
199 479 30 34
243 458 30 31
97 148 2 2
33 277 48 94
453 249 15 20
436 274 37 39
405 145 28 39
294 8 79 99
129 207 71 141
293 43 49 125
45 356 17 21
201 399 32 38
119 209 65 66
107 131 34 35
224 349 47 66
269 404 68 69
441 326 42 73
480 49 53 126
489 251 90 100
411 23 58 72
67 348 42 95
25 147 21 31
60 215 76 104
318 370 48 64
473 213 41 41
324 476 32 44
344 428 70 90
249 481 19 25
302 42 135 136
138 174 66 70
297 305 72 78
17 477 33 34
294 200 53 60
323 101 65 67
184 392 102 120
137 363 8 15
361 168 16 20
72 18 64 111
246 381 0 2
252 275 51 64
398 234 34 90
91 417 86 90
63 466 66 66
324 221 2 3
272 383 47 118
245 469 9 14
24 450 90 98
355 32 127 130
474 415 117 117
413 49 7 12
228 349 30 57
234 85 123 123
306 326 20 42
340 261 16 24
153 376 25 31
43 267 27 46
419 304 74 80
21 481 8 11
327 331 3 12
391 367 86 95
148 151 12 15
418 78 12 17
203 421 72 80
202 98 39 48
268 416 68 85
235 377 20 30
413 9 36 58
197 101 109 153
89 46 82 118
260 96 98 117
277 351 18 21
173 484 62 126
282 207 125 132
297 93 54 57
349 458 55 58
65 299 76 87
27 383 127 145
63 22 32 40
255 237 70 74
160 157 17 32
111 24 15 17
168 75 48 91
50 297 12 28
118 195 7 29
193 19 56 108
21 87 30 57
282 480 71 77
175 204 0 4
112 1 55 100
396 293 28 31
418 300 123 129
11 82 15 18
260 367 6 15
16 59 71 71
225 223 113 126
8 81 74 93
203 169 28 31
229 34 42 59
285 325 56 72
237 80 66 68
311 391 73 92
143 455 110 110
30 302 77 141
117 162 153 161
451 196 89 122
77 22 8 9
214 185 32 33
317 264 125 133
479 374 30 57
132 364 71 97
270 189 120 132
35 354 55 63
481 72 50 51
167 75 77 78
117 286 38 72
124 260 37 71
19 461 101 107
342 27 9 11
21 463 52 60
438 264 74 75
255 318 55 77
244 315 46 81
294 390 97 104
305 201 50 57
34 348 18 22
486 193 78 83
134 283 56 122
330 440 34 43
283 364 32 33
72 300 65 107
218 150 4 12
235 231 109 110
158 194 68 109
455 125 18 30
29 39 35 39
469 326 3 3
417 75 150 151
93 364 40 73
173 218 37 97
255 123 18 24
64 396 78 99
231 98 12 14
117 435 17 25
123 179 59 88
3 120 33 34
158 470 58 90
220 188 11 14
58 7 25 61
393 156 50 64
231 255 143 144
163 76 21 25
491 480 122 141
390 365 59 78
450 381 44 47
336 352 27 47
29 242 66 87
391 449 111 122
138 267 42 46
48 303 88 106
274 103 21 36
66 263 146 147
395 104 104 110
73 372 16 18
78 480 1 3
364 476 66 92
270 365 85 98
129 42 111 120
189 371 29 43
478 344 20 50
232 223 12 19
106 309 28 63
65 135 42 45
420 415 31 38
380 54 72 97
275 134 81 125
32 53 19 38
61 352 42 55
144 474 46 113
127 184 83 90
292 144 32 34
383 422 21 45
398 37 17 35
442 332 54 85
347 283 76 80
371 284 23 43
423 206 42 74
224 237 35 37
213 164 42 98
252 206 61 61
79 271 54 67
172 455 16 17
131 473 3 3
315 194 26 50
454 238 8 21
64 368 8 10
495 157 142 143
139 207 36 84
278 400 110 127
353 2 31 65
144 328 16 57
480 441 2 4
498 72 73 93
37 391 39 104
404 196 48 77
206 473 140 143
163 318 42 68
165 17 43 77
364 276 54 77
264 279 80 83
218 347 20 41
307 184 80 103
65 276 111 128
333 114 2 7
24 113 36 70
242 385 92 101
390 327 28 36
166 171 53 116
198 40 55 57
168 42 34 34
111 380 31 83
437 406 46 65
73 211 72 95
307 380 10 13
204 148 55 56
418 4 27 74
294 470 19 23
51 177 123 126
470 167 63 70
208 60 20 51
124 212 29 44
239 271 15 32
67 15 34 35
404 15 18 20
71 387 36 41
60 120 22 33
88 228 3 9
354 447 51 54
350 83 39 50
390 96 66 101
92 185 9 18
259 169 30 69
321 109 50 66
37 27 75 83
246 78 11 14
398 175 14 14
471 160 0 0
328 298 127 139
7 209 30 31
478 467 62 79
199 22 41 47
267 392 47 49
369 278 100 106
26 275 34 49
166 238 33 33
105 353 29 81
487 253 13 15
367 218 65 87
338 95 99 113
211 484 80 119
125 420 50 117
68 25 71 95
258 412 34 125
196 223 9 9
93 67 130 131
267 186 45 45
20 465 34 47
386 445 114 130
495 76 41 49
275 403 69 69
297 306 64 99
263 40 4 8
285 426 10 12
127 204 15 18
406 186 15 21
395 478 103 117
97 226 41 60
260 55 22 33
55 316 74 80
79 245 52 70
296 65 84 112
183 331 59 83
161 221 79 106
1 269 31 53
437 247 43 45
156 256 77 127
121 99 59 63
87 114 24 25
197 420 79 91
304 446 55 55
384 431 92 119
103 380 62 71
84 19 78 87
423 374 122 131
346 175 83 88
368 31 23 30
419 347 8 16
352 287 20 21
194 442 37 49
30 237 5 11
218 415 67 80
6 56 35 79
142 204 64 64
69 206 74 80
197 376 34 71
339 370 77 114
20 16 17 55
136 15 94 144
486 89 3 4
43 473 41 97
324 280 1 6
232 117 82 83
406 47 70 91
90 486 42 50
229 376 47 62
356 265 3 5
183 214 3 7
271 394 58 61
118 413 19 78
419 361 33 37
150 393 29 31
150 497 18 28
25 274 71 146
98 416 90 97
312 192 8 10
332 477 51 57
209 250 12 13
8 354 33 34
49 247 66 76
251 61 58 129
266 3 19 21
126 437 50 52
414 168 115 122
302 323 1 3
286 53 22 23
98 343 28 112
192 188 34 35
295 63 57 121
299 79 4 7
443 394 77 85
106 172 53 158
427 38 37 65
411 479 80 86
130 45 12 16
456 186 68 87
23 45 140 142
206 332 9 12
88 391 60 67
252 185 0 0
308 321 104 143
268 261 45 58
447 407 11 37
2 264 12 12
291 235 49 89
465 277 69 94
213 443 131 132
435 10 60 60
33 465 82 85
304 37 4 7
346 451 39 104
143 360 8 12
229 360 33 45
447 293 63 81
379 254 17 22
409 423 22 36
177 492 1 4
165 322 55 107
431 456 43 51
31 472 18 18
420 425 26 29
379 396 68 89
74 19 9 10
134 326 62 73
454 205 106 107
401 310 86 96
480 336 65 84
64 140 42 56
221 310 73 79
476 171 138 142
109 412 8 9
149 297 44 52
337 342 11 12
397 95 13 14
484 3 12 26
325 349 65 79
345 149 12 18
274 294 24 35
309 248 28 28
31 328 2 5
476 251 44 89
242 239 41 45
493 192 68 113
478 48 2 4
415 304 34 34
364 22 22 22
152 403 146 147
8 365 79 99
386 483 30 30
314 120 58 108
488 334 102 152
8 111 49 74
341 418 108 111
219 459 74 84
378 84 35 73
406 209 36 55
25 108 4 7
246 445 28 33
123 329 30 31
473 318 17 59
62 49 25 59
89 35 127 127
15 230 98 99
38 375 38 57
142 126 61 78
131 477 31 38
366 319 76 77
53 192 63 80
490 161 69 71
33 156 0 0
187 467 81 84
392 20 3 4
51 397 14 19
351 80 57 70
322 491 54 63
3 381 55 64
303 419 3 4
95 255 9 11
172 372 39 123
42 212 9 10
356 206 9 13
213 459 8 21
327 242 57 69
435 203 31 45
125 105 47 52
337 106 56 80
205 20 11 11
40 7 9 9
100 219 24 43
218 214 93 105
298 151 116 131
295 395 35 41
99 250 11 23
2 149 6 15
240 298 153 154
282 4 58 116
244 490 119 127
260 131 60 70
248 103 93 94
262 200 108 121
372 152 48 111
405 399 13 13
52 305 42 48
285 436 62 108
496 344 8 30
271 90 52 104
372 159 8 10
487 468 46 147
83 262 35 99
377 416 33 35
387 243 11 15
141 163 70 88
59 32 9 15
425 350 67 80
206 281 53 55
486 143 17 28
96 170 51 57
465 345 63 92
192 219 65 102
46 407 64 67
92 380 67 133
404 52 137 139
436 404 72 80
326 201 20 21
427 355 12 26
495 40 120 151
351 81 64 76
200 94 99 106
380 298 6 25
403 313 20 25
179 484 24 30
312 419 61 69
74 218 66 85
129 434 38 42
373 21 101 103
160 152 79 88
28 472 5 6
92 473 45 65
266 158 87 115
290 168 37 87
284 4 6 13
478 470 25 25
447 36 92 101
230 348 3 5
332 359 100 135
33 205 49 78
402 403 49 64
380 335 65 81
217 163 41 66
111 131 13 49
433 58 9 9
412 347 64 64
450 170 128 129
238 20 93 108
437 254 15 19
495 1 34 45
364 459 94 96
251 442 3 5
466 53 38 63
51 470 1 1
414 448 138 138
451 10 60 92
418 459 20 42
341 433 36 72
160 155 92 107
400 168 16 16
120 226 10 11
355 443 95 103
137 38 6 9
27 34 61 86
119 280 43 119
216 174 23 23
245 9 13 14
221 311 100 105
315 104 112 114
254 294 17 34
145 282 156 158
342 69 112 144
288 103 47 92
426 38 66 77
43 471 109 112
41 69 63 87
38 197 70 81
171 495 31 70
449 133 84 84
68 398 59 64
476 438 27 103
393 151 40 41
451 1 142 143
85 410 65 82
313 226 11 34
249 459 14 46
206 468 23 24
305 446 63 64
18 28 125 128
103 400 69 76
292 163 119 119
199 59 34 39
380 455 84 93
276 45 62 114
104 438 31 90
133 174 144 147
472 238 45 77
472 2 15 19
402 375 79 89
188 337 19 19
13 65 22 23
128 387 68 90
305 362 42 102
401 170 48 53
164 261 21 49
420 336 116 139
245 17 26 31
172 84 4 15
59 184 88 88
430 13 9 11
159 354 20 48
267 342 36 59
302 191 97 116
413 146 38 58
279 417 72 102
353 120 48 54
417 234 75 78
303 488 4 11
414 217 20 26
401 429 56 94
160 3 128 129
163 225 76 81
410 284 13 15
5 129 6 6
367 35 12 21
40 153 46 57
195 352 37 97
61 469 16 33
224 165 36 65
242 339 31 34
394 463 42 51
77 231 0 3
6 265 55 71
416 353 8 21
120 495 59 59
286 289 13 15
350 161 1 1
383 263 122 135
207 175 38 41
380 19 42 47
323 332 59 114
399 54 29 84
122 391 15 18
383 117 47 153
53 70 133 137
485 39 65 75
126 287 8 25
24 361 21 21
420 439 39 52
480 188 26 28
252 173 14 25
28 495 94 100
251 478 0 0
446 356 73 122
490 66 73 136
442 415 48 136
302 234 26 33
109 189 33 33
58 206 91 117
350 309 146 156
66 31 64 101
339 289 10 20
491 391 23 49
227 427 1 2
215 293 21 33
236 244 10 20
494 394 27 28
194 446 22 30
40 165 33 46
163 29 45 107
188 430 51 81
225 188 40 117
123 401 72 77
368 45 8 24
225 50 3 4
329 395 10 31
76 215 1 2
423 248 57 60
427 435 112 119
403 238 9 10
41 88 4 6
201 11 18 56
186 341 25 34
424 388 22 40
280 465 30 34
133 226 1 4
367 445 15 17
335 367 60 62
183 212 97 103
396 319 33 37
316 15 28 32
262 106 23 40
439 479 44 121
481 495 7 8
348 14 58 62
309 280 34 37
160 23 22 27
386 424 48 52
478 152 69 71
306 417 86 111
401 53 5 6
380 409 31 34
56 254 81 104
80 371 99 103
309 55 108 112
188 200 119 140
259 18 19 26
103 135 18 25
254 5 49 81
363 253 28 39
57 29 67 71
36 53 61 65
154 0 94 97
157 345 11 18
81 249 31 68
182 353 41 52
423 188 145 146
405 313 71 111
129 370 65 75
170 193 99 112
436 249 70 107
347 238 52 67
352 59 9 12
147 78 8 9
492 69 52 52
156 150 3 5
68 371 18 59
176 418 47 50
236 202 38 100
209 76 25 55
256 428 49 67
458 58 141 141
447 31 8 23
229 248 22 66
95 199 20 23
189 258 79 82
254 117 83 96
209 311 79 106
180 349 51 79
58 15 54 88
348 139 24 26
306 164 64 64
427 141 118 133
260 389 36 39
16 302 75 102
155 153 5 10
287 55 12 23
417 257 50 73
418 47 66 83
54 345 97 112
84 136 21 22
482 141 100 100
453 267 63 87
494 203 44 114
292 420 47 49
361 102 87 89
39 432 24 90
88 379 53 61
90 127 104 114
382 311 54 59
132 76 48 52
168 204 67 90
89 225 74 103
92 458 110 129
159 397 4 4
126 100 18 18
381 240 69 98
127 330 29 39
205 110 50 113
204 284 26 34
63 298 118 131
211 448 112 127
330 125 16 39
267 178 63 78
420 293 22 30
435 393 33 44
115 199 87 89
191 97 66 68
178 243 15 15
247 16 121 136
192 246 113 114
419 131 22 33
297 452 86 100
152 244 129 129
5 146 45 82
497 328 88 107
184 367 95 97
210 136 14 19
35 352 61 66
314 20 70 79
406 465 44 95
361 11 59 90
367 53 71 101
163 155 9 19
189 261 31 36
488 415 51 53
359 380 6 6
215 5 18 20
227 323 37 82
176 195 149 156
16 86 57 58
267 440 94 127
251 4 63 69
78 170 15 17
244 189 61 61
19 418 79 114
129 476 44 52
331 247 74 84
155 277 34 37
250 194 64 161
127 436 123 128
51 361 56 81
239 82 70 83
209 29 13 46
193 246 51 84
112 488 83 107
41 314 80 86
151 140 109 117
364 94 39 95
442 211 30 41
59 248 34 40
353 272 39 42
87 478 56 67
275 104 4 16
472 407 44 56
64 136 42 93
57 460 58 142
305 222 1 4
363 131 111 117
222 394 74 81
200 153 143 149
124 362 88 126
262 250 60 63
189 74 16 26
206 31 4 19
67 383 26 46
62 90 29 47
441 158 146 146
420 147 82 94
174 336 42 82
180 355 119 120
327 460 8 10
433 302 36 39
16 410 31 40
270 396 122 122
140 42 12 19
234 172 50 54
475 446 27 29
374 146 107 110
375 387 51 87
35 302 97 128
274 495 121 143
302 76 113 115
480 240 41 45
129 24 118 126
21 353 58 85
296 25 89 98
477 249 125 150
247 31 81 96
392 277 12 21
364 386 36 37
158 137 21 22
205 198 57 57
463 465 92 94
246 361 32 41
307 261 120 130
42 256 34 38
390 487 138 146
49 358 13 25
472 420 29 46
325 196 28 73
370 120 32 54
317 372 52 85
182 78 102 123
198 57 56 89
476 66 14 14
114 202 20 45
453 50 59 124
168 370 34 46
71 341 18 21
248 138 14 25
179 107 9 10
17 153 7 15
455 426 36 61
61 147 18 35
107 351 79 121
129 63 64 109
400 34 55 61
452 176 53 117
235 30 59 65
90 150 66 80
397 25 13 13
93 295 9 25
378 202 51 92
144 431 35 42
21 431 52 52
371 438 33 56
334 442 82 82
263 113 37 71
35 368 87 95
143 439 24 26
160 470 18 24
239 401 20 54
378 184 31 61
166 315 63 97
319 59 24 31
132 81 88 99
42 230 10 12
366 453 38 54
271 177 9 10
344 434 93 94
397 65 78 94
279 370 47 63
103 453 42 66
217 47 10 15
378 413 16 18
242 355 64 74
250 160 54 81
275 468 69 87
465 467 46 64
390 347 57 57
109 493 17 20
353 249 119 136
168 197 109 110
230 409 22 51
494 473 66 66
144 290 12 13
481 92 32 32
411 239 25 27
162 243 53 55
200 181 55 100
256 264 99 129
334 260 20 55
311 185 84 96
451 353 26 43
262 0 84 93
312 178 17 20
188 419 44 49
320 129 40 53
14 346 60 115
318 7 135 152
302 285 26 42
99 114 23 24
488 135 93 114
293 271 75 75
132 282 46 51
277 274 13 21
221 117 0 0
375 324 78 81
120 35 9 10
155 318 11 13
15 251 3 5
105 94 105 106
258 193 8 8
352 405 103 149
431 396 18 22
76 331 9 15
128 186 1 2
351 365 41 76
345 239 107 111
158 42 1 4
144 66 71 88
130 131 33 45
121 200 32 43
57 200 48 54
251 300 56 109
492 353 94 139
391 377 24 37
480 472 93 112
118 370 74 84
432 141 14 15
89 256 75 97
120 217 68 142
407 107 59 107
216 243 21 33
196 108 1 1
39 156 21 30
99 487 79 98
425 9 12 13
129 285 95 97
135 460 52 55
293 226 5 17
389 159 34 65
255 175 11 12
476 438 68 102
392 276 123 127
7 325 112 143
275 482 94 136
476 40 67 102
29 491 44 62
302 319 20 20
285 136 1 1
447 207 1 1
352 434 72 80
100 23 9 10
85 487 13 17
88 482 54 110
180 55 53 65
296 299 103 107
319 107 122 135
313 267 1 5
475 1 62 65
370 160 4 7
355 377 6 6
219 225 117 153
14 4 12 39
453 393 63 92
382 421 24 58
280 65 68 74
46 111 18 20
18 152 95 95
442 175 2 5
361 428 90 99
0 322 13 33
84 245 16 27
139 349 111 148
249 313 68 75
178 59 67 68
334 437 35 39
405 289 34 61
9 366 39 91
36 173 32 64
360 28 1 1
425 457 89 89
78 31 32 37
310 102 46 76
445 447 17 25
108 309 54 54
452 483 26 53
125 204 42 54
190 32 38 76
315 302 53 61
287 271 57 119
49 482 7 7
365 348 31 59
75 199 70 76
45 387 34 47
372 367 62 68
140 257 29 71
29 197 98 156
281 385 67 74
77 188 77 78
283 35 13 13
455 36 41 79
102 37 9 12
6 81 23 23
98 262 33 33
353 13 78 84
130 34 70 91
350 104 94 112
399 88 65 69
206 153 23 59
428 143 25 88
392 471 32 56
223 445 58 58
34 189 101 101
103 390 21 33
206 405 31 59
6 32 20 35
314 351 112 125
338 441 10 15
6 421 97 105
202 176 22 23
69 440 94 133
261 457 48 89
158 276 8 22
23 102 78 80
259 108 33 55
460 385 59 59
182 145 52 77
347 251 48 51
259 478 35 49
165 263 10 18
182 372 16 26
253 462 37 44
217 159 14 31
150 39 23 23
97 147 45 46
143 21 5 14
475 44 39 44
34 315 20 20
70 307 3 4
205 328 94 132
75 274 42 52
366 10 144 145
413 63 8 9
2 206 44 45
122 466 16 29
13 174 30 31
78 388 86 87
23 285 52 56
187 32 12 12
20 97 81 131
294 85 35 39
186 441 19 25
51 88 47 105
157 220 102 114
494 344 31 49
307 276 18 57
24 19 29 62
465 486 153 153
53 0 65 67
124 352 20 52
279 422 63 82
162 304 66 82
36 304 100 131
394 123 24 62
372 14 9 20
101 342 126 133
165 158 124 138
190 125 54 58
300 164 48 53
452 326 30 33
496 488 49 49
24 314 51 56
60 387 8 21
290 393 31 53
7 157 113 120
373 442 55 102
471 355 13 17
292 2 44 122
477 181 1 1
253 305 10 13
300 274 82 92
283 233 79 79
272 442 23 27
271 412 64 69
45 331 4 5
273 75 28 28
183 375 56 86
480 0 121 146
247 342 55 73
159 478 80 98
324 107 28 39
310 158 90 96
222 424 41 141
233 70 21 25
276 243 24 36
436 329 23 61
44 432 51 69
403 145 20 31
398 220 76 112
203 125 24 51
320 342 127 149
461 288 1 2
92 497 37 45
181 305 11 12
275 256 74 79
220 141 44 93
36 235 79 130
293 335 64 66
59 90 27 46
367 237 44 45
115 129 69 72
264 324 152 154
97 373 67 87
368 140 31 63
404 163 20 21
133 307 33 33
337 400 74 93
231 398 13 14
76 15 45 69
475 105 24 53
7 259 38 57
460 266 62 110
241 78 17 20
413 171 2 2
418 205 69 141
87 346 27 44
258 454 16 34
389 134 12 13
242 384 14 24
433 470 26 27
72 281 18 19
195 138 59 85
378 382 1 6
357 100 35 35
148 319 23 28
281 256 0 2
113 487 68 69
204 322 130 130
49 415 83 131
291 386 41 45
407 239 48 48
433 285 10 31
467 189 45 47
422 122 59 78
197 416 92 98
413 487 86 121
293 267 22 27
75 215 120 123
78 483 85 92
55 206 55 69
267 102 109 112
220 144 78 82
306 322 5 7
89 125 18 31
468 24 5 13
57 318 24 47
71 325 21 42
66 225 56 82
280 358 92 108
262 281 12 14
333 309 39 72
63 127 15 21
435 373 149 149
101 453 100 113
480 221 17 19
427 18 60 76
43 193 19 39
381 23 17 42
241 170 46 64
50 199 46 85
347 457 35 37
327 425 30 30
346 333 94 103
164 181 113 113
382 80 16 28
91 278 27 36
255 281 29 50
405 113 9 11
257 444 15 15
442 315 29 38
297 246 145 148
379 468 16 35
336 418 63 81
410 22 38 41
96 377 116 151
297 131 115 119
470 245 133 149
6 183 35 43
351 159 88 95
429 452 116 122
299 434 50 64
473 10 19 20
29 23 72 77
245 78 14 17
210 252 13 30
468 108 44 49
275 409 61 74
354 361 40 51
225 240 46 48
103 160 59 66
391 326 20 25
315 352 88 111
411 392 5 16
225 333 126 136
187 428 27 52
300 466 62 109
139 191 79 79
7 282 124 135
345 200 18 21
144 225 78 135
489 252 115 118
351 64 63 72
92 31 112 133
302 464 43 44
323 438 23 28
220 219 69 74
78 303 14 21
371 241 65 108
237 57 31 92
251 480 80 137
405 307 80 111
11 79 88 88
104 381 70 74
460 219 64 64
420 196 78 106
103 228 108 110
179 406 9 9
476 441 61 119
192 297 82 88
250 268 36 75
419 91 70 81
197 329 1 6
433 192 38 85
59 477 88 100
178 294 74 105
169 0 46 66
312 118 52 61
136 357 9 17
3 245 15 16
365 491 20 21
395 404 127 127
210 18 11 22
336 194 41 58
235 363 35 39
474 269 144 151
355 183 103 105
420 96 64 72
462 123 92 92
306 75 37 67
375 51 13 16
354 248 27 29
173 242 104 128
274 453 80 83
256 396 98 131
484 39 55 57
479 476 120 143
60 402 83 113
27 119 35 48
387 455 18 20
266 127 75 84
251 406 47 49
329 479 55 56
65 29 20 27
51 299 29 42
245 308 22 27
341 344 16 40
166 173 79 83
277 3 30 33
179 487 63 92
363 198 56 64
240 227 103 110
93 444 28 34
155 323 32 32
440 205 14 15
163 187 67 109
217 207 39 57
386 78 37 37
117 247 14 27
398 48 67 71
199 456 62 78
64 140 17 28
168 205 11 29
441 170 41 56
273 241 41 92
231 172 58 127
154 160 111 112
362 65 88 89
103 378 6 7
69 234 28 30
280 41 36 37
439 433 94 123
98 180 13 13
32 4 1 1
206 170 56 57
473 141 3 6
142 51 51 69
360 441 13 18
490 414 69 69
457 14 31 63
244 19 27 34
234 20 79 82
327 206 72 81
129 63 115 122
316 23 128 138
201 367 87 125
413 461 52 70
332 404 98 104
297 299 126 148
374 53 66 68
456 397 35 35
256 456 28 40
282 312 61 88
46 126 55 55
164 477 63 105
422 464 70 74
473 139 52 101
28 173 85 113
41 104 91 106
406 369 53 67
413 266 135 141
290 492 7 8
115 66 51 61
394 447 73 123
326 440 19 54
306 369 8 15
331 316 37 79
221 471 38 44
434 492 23 31
418 319 70 84
128 135 77 108
28 437 22 43
49 457 42 47
247 438 86 119
138 6 35 74
422 56 7 19
31 464 61 74
489 277 114 132
442 284 29 29
274 10 86 87
367 153 87 96
433 257 5 8
408 495 12 16
99 272 66 83
355 284 18 18
316 359 46 113
365 21 92 101
165 416 91 91
490 353 17 22
62 2 42 130
291 247 74 81
119 314 20 22
393 291 34 77
484 443 26 69
390 480 65 80
272 228 81 109
194 36 29 86
339 260 67 67
61 103 4 6
264 185 90 97
224 261 84 97
395 188 107 114
440 381 3 11
426 498 6 7
237 319 15 21
60 3 64 97
186 452 45 80
314 92 20 66
458 233 3 3
438 38 101 108
73 262 63 65
167 266 124 137
36 166 25 75
10 411 93 99
183 80 26 83
238 28 45 116
297 202 3 6
64 209 28 79
141 262 27 32
460 444 56 56
275 163 66 92
449 177 10 10
391 479 112 118
409 155 43 79
4 328 19 35
56 148 30 55
200 147 14 17
150 55 49 73
450 316 95 105
346 63 2 6
352 365 67 75
277 240 140 149
423 137 59 92
123 187 8 9
223 79 43 66
315 121 6 17
276 287 52 53
235 247 49 95
29 241 3 3
358 89 12 12
108 233 0 1
54 370 121 132
94 266 14 20
215 34 11 13
285 169 95 98
169 269 113 129
305 453 53 109
27 139 36 59
101 472 70 79
140 247 7 9
269 487 31 41
355 222 32 36
25 31 18 23
23 275 25 83
396 447 15 17
128 256 14 22
470 248 31 58
325 361 71 79
15 265 13 20
372 69 44 68
285 271 42 51
126 152 18 32
104 80 82 114
222 72 86 97
299 57 71 93
104 54 35 41
171 475 43 44
350 152 67 67
476 40 84 87
143 158 1 4
163 307 62 96
380 209 9 9
21 376 34 56
94 289 72 82
50 119 1 6
143 137 51 106
450 43 115 133
197 91 73 117
316 19 61 79
212 389 50 66
14 328 116 122
236 34 21 64
69 236 86 91
436 269 65 70
156 367 68 74
464 237 33 36
223 360 24 26
59 356 26 65
36 77 31 106
2 189 79 104
65 364 29 106
469 213 7 8
415 44 30 93
434 154 22 23
382 210 39 49
271 36 49 50
226 395 14 18
133 91 117 130
90 13 114 116
71 438 140 152
290 243 68 70
312 267 19 54
22 80 99 117
333 287 49 72
11 30 50 89
236 412 24 67
259 78 7 28
162 493 69 87
268 321 40 61
439 486 12 16
430 295 64 64
361 490 53 53
293 450 43 46
425 35 83 86
365 473 62 119
169 345 4 4
256 308 132 147
477 236 23 23
262 238 22 27
301 449 24 32
263 137 48 65
190 334 44 53
393 376 94 98
87 221 1 1
162 224 149 152
98 213 32 48
134 451 39 52
291 43 111 125
335 255 7 17
223 481 86 131
311 133 65 75
306 272 82 96
56 93 73 124
439 255 76 96
160 105 88 93
289 88 111 119
184 254 3 5
274 354 56 77
369 169 61 87
35 251 3 4
322 345 50 58
93 418 88 111
327 203 37 39
34 118 50 89
476 14 97 97
183 79 66 69
291 216 114 125
424 468 130 153
70 181 48 52
35 369 65 66
156 389 43 45
3 291 43 74
408 312 1 7
360 389 47 71
234 127 28 41
346 301 52 97
160 392 7 8
46 343 1 4
192 385 37 47
37 339 121 122
117 237 32 55
469 393 42 60
119 256 53 62
240 109 24 45
162 87 83 109
190 308 47 57
172 4 37 48
162 68 30 80
481 191 62 102
258 396 2 9
372 471 17 23
66 14 24 36
402 495 27 50
326 467 18 19
37 26 56 79
187 490 35 36
184 154 92 92
339 133 7 13
124 254 72 76
107 388 14 27
350 19 63 66
16 138 15 35
28 353 45 68
395 14 6 10
129 227 73 108
426 89 19 23
79 274 24 34
242 462 16 33
290 69 4 8
323 231 30 41
115 32 8 14
247 283 12 12
38 193 12 25
238 244 91 98
315 20 34 40
326 115 92 93
58 382 103 103
327 337 83 88
414 5 100 113
189 428 100 132
457 14 20 35
92 185 52 64
182 462 13 14
8 261 85 89
273 349 130 132
210 452 60 78
74 300 95 112
132 298 32 61
229 248 75 124
417 365 149 152
129 169 26 40
88 312 3 8
151 491 46 62
496 29 3 7
393 129 83 144
403 369 73 95
210 148 20 25
87 95 1 2
393 192 93 93
486 356 22 28
139 481 115 154
362 70 42 96
402 494 142 142
342 394 42 79
264 57 62 84
418 128 0 1
5 242 39 40
137 171 29 32
176 323 63 100
46 69 71 72
253 241 29 33
371 282 11 11
324 332 17 27
74 94 75 87
212 215 25 31
241 65 76 79
400 386 93 100
392 256 5 9
376 155 21 52
348 153 60 89
160 482 24 95
119 490 34 49
61 452 92 93
143 132 132 145
281 294 30 95
337 356 39 41
106 240 18 45
293 123 44 88
416 447 9 9
10 410 111 140
137 282 1 2
337 11 27 85
317 372 20 21
192 312 1 4
197 87 43 45
209 412 11 12
444 59 22 61
479 279 101 147
255 333 8 15
90 448 19 60
224 317 37 97
25 297 0 2
29 374 0 2
104 107 16 26
470 61 8 11
353 479 0 1
256 425 128 129
6 131 37 73
315 45 121 126
131 244 57 78
155 476 95 99
60 98 21 32
267 302 3 7
213 455 60 60
469 369 43 45
479 27 76 79
198 289 14 48
119 79 97 103
324 385 95 106
253 39 65 65
136 193 4 6
496 104 60 102
435 479 85 112
455 318 39 59
292 416 44 65
461 394 18 32
123 229 39 46
150 31 33 41
223 367 33 35
99 117 52 116
462 245 3 4
135 387 65 76
246 180 47 51
32 382 48 48
453 25 10 17
297 147 19 25
495 109 30 31
397 286 76 93
278 193 31 65
374 274 63 78
326 143 96 109
82 12 143 146
211 487 33 36
94 414 103 114
34 52 44 44
171 228 114 123
142 276 57 99
400 53 8 9
25 389 52 70
435 153 113 122
239 207 39 80
216 402 52 88
197 430 22 30
386 495 8 9
67 272 8 9
142 136 42 55
305 284 48 51
209 140 114 126
393 331 26 27
487 201 70 109
225 213 14 22
13 105 65 67
92 162 27 31
16 182 33 51
160 25 120 121
301 87 139 141
381 486 30 32
377 224 112 136
326 361 112 117
121 120 33 56
367 219 38 60
313 455 7 11
458 26 18 20
114 222 114 114
441 111 59 66
71 19 27 30
426 122 57 59
371 153 15 21
313 122 98 127
462 288 14 40
468 279 0 1
456 434 57 102
376 123 27 40
60 277 78 119
307 327 49 55
361 291 2 3
315 212 40 54
99 148 67 88
246 482 150 152
280 48 83 119
402 52 12 24
372 338 112 114
300 404 77 100
361 416 9 24
56 301 24 25
333 418 59 82
60 448 3 8
289 442 97 121
424 57 65 85
249 430 85 102
191 197 55 60
338 333 12 35
94 409 3 5
131 240 42 47
375 160 149 149
77 457 35 37
69 165 4 4
299 97 24 24
378 214 93 93
76 35 24 24
297 286 18 31
49 389 70 73
42 223 10 24
462 141 38 50
134 219 78 140
148 389 40 73
235 327 58 86
147 464 90 106
157 164 32 77
262 472 43 47
436 366 59 62
121 489 34 87
381 279 41 96
181 166 53 103
10 143 35 49
38 241 35 38
85 457 11 16
277 28 82 120
302 284 76 125
92 208 38 71
46 498 7 14
427 367 82 82
19 226 76 85
142 285 69 125
195 84 4 4
426 187 27 53
187 372 46 88
417 111 3 6
204 146 40 63
404 220 68 96
386 394 50 53
220 81 91 94
337 82 53 63
173 463 102 117
208 323 71 72
127 464 23 36
112 15 125 126
24 260 38 55
87 423 147 148
194 248 15 23
53 49 72 74
59 332 109 120
289 209 87 104
333 430 14 29
197 27 39 48
75 340 26 33
388 214 100 103
446 386 18 40
346 323 34 38
77 232 40 116
210 422 67 107
296 464 8 8
246 93 71 83
157 383 37 40
401 257 32 33
179 297 6 9
187 318 27 70
139 331 14 44
402 144 16 19
462 59 54 61
28 486 86 119
466 35 49 76
414 35 28 28
318 50 65 118
476 418 42 43
377 478 40 44
219 353 26 37
220 5 33 104
58 347 48 48
384 92 54 55
433 410 65 106
465 135 62 85
393 495 23 24
82 119 18 34
130 348 29 29
382 23 40 121
58 271 105 115
402 107 60 66
426 0 37 62
447 456 44 87
483 199 6 8
194 135 48 72
221 206 33 41
275 22 39 46
239 411 60 95
123 380 6 21
168 50 7 21
149 289 43 46
116 455 35 84
41 79 78 84
217 169 14 32
173 36 95 99
494 8 23 34
284 261 123 124
243 412 73 83
8 476 59 70
50 340 21 36
186 50 26 38
296 56 73 81
365 434 9 24
341 310 40 107
87 67 8 16
327 362 39 77
291 137 30 38
227 384 33 56
182 107 84 124
434 474 16 38
88 413 70 74
465 14 35 40
427 272 33 35
134 194 5 22
103 433 55 72
136 226 72 86
322 37 58 82
209 342 91 91
218 446 6 7
152 5 75 127
92 163 40 58
92 323 9 32
428 53 77 107
108 62 50 107
24 20 20 45
42 11 38 88
256 407 28 42
8 446 53 69
439 74 35 41
243 418 20 21
480 476 50 59
253 302 80 82
422 331 8 30
230 187 1 5
337 372 101 118
415 97 27 49
161 30 44 73
113 15 36 67
106 346 63 80
384 13 84 144
389 46 17 46
255 212 18 35
310 275 30 35
449 67 58 88
299 138 80 86
387 487 49 63
72 249 33 35
253 310 20 22
293 421 37 51
355 312 33 69
266 9 50 66
109 217 87 108
393 425 26 51
102 303 21 32
187 148 36 51
177 165 111 117
54 121 45 60
135 413 47 108
298 343 13 19
142 371 90 154
362 458 80 129
259 28 60 78
390 283 1 2
249 283 44 48
281 238 42 68
86 283 3 5
257 97 24 31
9 85 58 90
19 35 0 1
288 220 22 31
209 417 33 37
208 151 79 82
155 214 119 134
303 407 54 59
286 376 8 20
42 347 5 6
467 36 42 59
87 69 22 70
279 31 24 36
250 177 4 4
56 171 53 90
434 243 49 107
25 416 31 84
280 274 35 41
105 100 90 97
33 335 1 3
27 220 89 106
123 373 49 50
440 407 2 4
399 302 38 39
29 33 4 9
102 110 17 18
348 174 48 49
275 83 12 19
22 439 128 135
130 36 4 8
460 398 10 21
318 369 41 83
173 50 51 72
291 165 21 47
354 235 3 6
393 472 147 159
24 462 85 100
378 480 102 130
410 465 12 30
205 103 20 73
78 190 38 113
462 186 19 41
43 467 93 102
85 446 136 137
331 498 38 96
19 59 19 34
222 2 75 114
10 209 3 4
461 345 51 73
417 116 68 81
426 46 44 113
414 67 97 120
121 221 14 46
38 379 15 15
440 111 75 78
335 489 1 3
226 440 9 14
403 184 15 27
5 318 17 24
367 404 68 89
209 157 96 116
224 464 34 45
374 332 84 117
301 118 57 125
27 138 40 48
20 335 103 109
249 132 42 68
450 496 99 100
369 355 119 130
346 411 19 21
449 239 39 90
415 213 16 35
167 42 31 49
46 137 50 51
95 339 118 120
414 96 64 99
197 38 40 50
288 20 6 7
185 132 22 23
50 486 46 67
189 249 15 33
360 493 5 13
252 100 62 70
298 203 59 62
360 51 111 149
412 344 1 3
172 299 13 13
166 69 22 26
243 101 56 57
279 246 135 139
163 491 67 71
449 221 10 12
23 349 52 66
264 139 76 126
428 353 0 1
273 445 45 46
498 313 46 52
158 50 19 19
463 167 74 74
431 419 7 11
233 458 92 103
367 284 82 115
130 56 73 83
294 391 68 78
180 302 127 129
381 301 11 13
409 307 5 5
302 417 51 54
143 428 96 99
342 407 135 157
309 177 83 83
450 254 47 90
123 466 52 60
20 325 39 108
436 469 117 123
129 334 47 89
14 112 34 34
343 169 61 69
348 481 35 42
124 6 118 128
176 446 83 84
318 34 31 40
220 61 29 38
309 412 39 60
206 309 67 106
396 439 38 54
367 200 107 127
198 63 8 8
237 445 11 17
475 325 39 56
423 172 39 83
276 1 93 136
64 255 93 129
128 455 55 98
398 482 8 9
355 96 84 105
242 108 37 57
191 151 23 23
178 217 26 40
472 25 13 24
424 242 31 31
81 437 79 139
183 262 110 110
480 238 12 15
31 114 44 56
339 306 137 143
262 482 12 15
147 325 57 87
387 278 28 44
342 143 104 104
340 195 10 17
400 424 41 43
162 182 115 120
320 323 1 1
432 33 61 116
427 85 99 140
375 73 144 159
52 335 83 83
194 395 48 85
33 464 128 150
472 486 41 47
122 111 40 84
411 170 32 53
435 438 102 137
56 399 14 18
490 266 52 75
127 82 71 88
171 349 25 36
468 131 92 100
425 368 2 2
140 148 80 111
238 345 13 17
238 400 24 30
440 419 82 96
455 373 74 108
132 297 58 72
463 264 48 99
231 274 19 21
89 191 132 140
337 286 61 86
2 273 38 38
249 482 17 19
49 52 31 32
263 92 12 22
308 196 10 21
390 398 70 79
153 19 6 12
90 454 1 1
470 426 117 129
159 297 13 49
160 328 89 93
418 369 31 34
12 424 87 105
174 404 54 58
442 25 134 139
469 246 75 152
455 183 135 141
322 394 43 69
281 328 88 128
441 190 80 88
85 384 105 108
90 189 19 19
168 57 120 124
381 49 106 108
432 400 4 5
158 105 70 94
230 425 52 62
392 460 36 87
62 421 75 83
493 344 86 101
216 318 7 9
411 105 5 17
265 473 16 18
241 69 28 35
288 200 70 104
91 139 62 73
7 156 44 80
20 459 6 6
307 66 61 75
62 177 140 148
96 459 56 69
337 211 66 67
63 431 72 73
98 342 33 33
17 246 21 47
138 416 63 89
443 266 50 57
198 260 31 107
411 103 49 60
82 292 71 88
13 347 25 48
324 428 48 52
63 257 96 97
252 186 60 68
31 237 102 102
287 324 52 108
203 187 99 101
174 130 7 11
66 162 116 137
409 333 53 68
281 398 63 65
286 85 78 105
66 452 103 104
55 486 53 57
110 414 81 111
116 201 71 101
263 64 1 4
199 110 73 119
254 198 34 74
403 345 11 15
38 206 62 123
298 131 90 106
85 352 40 42
192 358 39 55
378 370 99 107
405 306 71 76
325 322 22 23
316 311 3 3
331 290 41 76
345 492 7 20
199 140 25 36
259 359 70 128
112 30 49 103
474 120 31 35
428 177 16 18
461 159 67 69
127 88 16 26
263 377 30 32
280 264 44 45
352 497 59 115
194 126 35 39
398 452 98 104
274 132 14 15
170 167 28 60
267 8 105 115
470 26 131 138
400 264 48 49
127 192 60 88
457 125 30 37
450 467 29 36
226 354 27 77
216 45 99 100
473 50 41 45
257 239 98 125
189 378 124 124
127 283 82 94
32 214 20 20
248 27 65 72
37 455 48 83
412 122 109 119
498 200 83 108
101 369 57 97
171 401 91 107
37 472 54 63
144 291 19 19
413 462 63 129
234 400 56 65
351 321 38 39
329 305 12 12
114 436 19 20
340 299 120 121
166 355 79 86
216 376 75 91
128 51 86 95
412 491 73 74
270 209 84 90
393 146 69 73
493 284 80 125
81 5 58 64
183 325 38 41
428 89 35 44
400 247 65 117
425 84 46 65
65 201 37 85
377 476 50 52
406 470 0 1
168 239 99 134
380 249 48 83
246 159 93 103
10 305 40 46
64 209 61 90
21 4 39 54
216 3 10 12
399 337 104 108
87 183 63 108
95 277 40 50
493 406 52 123
205 199 38 119
180 226 82 88
463 231 69 82
98 462 63 80
118 157 29 30
199 379 6 15
320 393 7 13
25 128 79 120
62 440 22 35
408 267 80 88
216 324 20 21
414 258 58 60
390 78 112 144
364 345 43 45
32 401 3 6
260 366 47 64
89 343 41 60
173 346 41 46
5 349 13 18
491 453 38 51
75 198 28 34
78 79 41 48
240 409 120 156
429 213 99 118
158 66 6 23
448 216 60 67
272 65 14 25
126 330 57 73
421 51 47 99
373 333 40 51
438 91 32 58
215 423 82 88
135 335 0 2
418 323 48 48
228 229 63 89
21 204 47 78
217 1 80 97
328 373 91 102
220 491 25 45
200 434 87 90
185 175 23 26
99 61 29 60
414 78 41 68
7 186 21 50
441 119 107 115
303 272 56 108
88 495 12 27
474 152 29 29
188 157 99 110
259 370 57 61
49 56 69 69
112 224 26 82
266 491 14 22
280 215 27 28
249 169 45 48
116 260 44 50
357 242 95 127
43 246 123 145
1 24 6 8
0 374 78 103
391 62 5 14
77 309 102 136
55 178 18 32
320 253 39 51
333 87 33 69
92 175 45 56
355 418 47 53
72 497 32 74
370 133 53 74
65 388 20 20
118 224 7 21
444 379 51 78
216 362 6 15
146 145 80 89
220 93 50 97
114 348 25 56
392 446 46 48
72 452 58 63
149 2 12 19
429 268 10 17
352 88 5 9
120 0 56 83
188 475 139 139
273 375 74 120
292 380 24 46
102 61 3 3
49 79 8 12
137 115 43 54
25 266 142 142
487 104 99 128
176 26 26 31
353 458 42 45
449 231 29 68
220 188 42 45
436 316 22 23
28 16 22 23
103 173 65 99
410 76 11 17
235 49 62 143
462 272 28 32
213 304 18 22
481 407 61 62
396 404 30 71
241 263 18 25
250 80 63 103
30 142 31 50
370 330 100 132
361 10 76 102
492 81 56 90
158 90 85 111
491 465 20 24
187 265 86 91
269 384 18 20
65 108 26 35
420 326 98 99
29 292 89 92
220 98 23 23
166 244 130 130
351 281 59 89
18 97 60 63
322 162 20 38
473 338 23 50
84 127 78 116
410 245 74 81
82 378 71 92
82 106 87 128
0 151 43 52
3 142 96 133
430 465 15 16
271 208 18 41
338 323 107 109
105 435 28 33
48 207 6 16
421 139 63 67
483 165 46 74
233 303 55 72
366 389 33 137
337 21 30 56
171 23 22 22
319 171 93 95
81 401 7 8
476 215 30 36
353 212 45 96
364 281 130 141
389 338 5 5
39 83 98 122
283 275 104 134
334 489 6 7
148 298 86 91
386 420 22 29
47 477 8 15
99 107 82 151
111 231 2 6
298 279 79 79
271 436 74 97
414 68 95 100
135 144 52 64
388 160 60 60
374 335 126 138
65 237 140 147
203 484 7 7
410 289 25 27
139 119 20 55
167 274 44 47
150 302 91 106
204 50 36 51
399 81 62 92
342 339 2 2
161 458 4 7
332 418 57 57
445 280 69 73
121 102 44 47
264 257 44 81
389 433 79 87
289 254 24 51
453 152 130 132
370 334 54 54
420 384 18 23
396 236 35 46
32 332 40 42
295 251 35 37
124 284 63 70
441 451 108 110
385 214 89 108
333 356 36 36
202 388 68 135
249 427 34 44
300 404 30 35
394 90 92 92
417 242 27 38
