600 7200
0 1 57 79
1 2 17 20
2 3 32 35
3 4 3 6
4 5 56 65
5 6 16 21
6 7 16 21
7 8 27 37
8 9 3 6
9 10 21 27
10 11 78 87
11 12 4 5
12 13 57 72
13 14 75 76
14 15 58 84
15 16 49 59
16 17 1 2
17 18 22 25
18 19 42 71
19 20 63 94
20 21 111 120
21 22 80 82
22 23 30 31
23 24 34 37
24 25 14 15
25 26 6 7
26 27 74 120
27 28 53 65
28 29 0 0
29 30 70 74
30 31 30 44
31 32 11 15
32 33 96 97
33 34 69 73
34 35 63 66
35 36 31 33
36 37 19 22
37 38 65 67
38 39 12 12
39 40 69 75
40 41 31 32
41 42 37 39
42 43 30 37
43 44 50 51
44 45 1 1
45 46 80 93
46 47 78 78
47 48 58 86
48 49 67 71
49 50 34 47
50 51 70 75
51 52 37 45
52 53 15 25
53 54 23 27
54 55 12 15
55 56 67 98
56 57 17 21
57 58 8 15
58 59 6 6
59 60 68 71
60 61 41 58
61 62 15 21
62 63 6 7
63 64 79 96
64 65 69 112
65 66 21 21
66 67 47 48
67 68 69 86
68 69 44 44
69 70 27 34
70 71 82 84
71 72 62 81
72 73 10 18
73 74 79 82
74 75 89 108
75 76 67 96
76 77 124 126
77 78 49 62
78 79 76 83
79 80 61 62
80 81 23 25
81 82 18 21
82 83 107 112
83 84 41 56
84 85 4 5
85 86 77 80
86 87 76 102
87 88 118 118
88 89 59 65
89 90 47 47
90 91 14 23
91 92 107 107
92 93 83 93
93 94 60 76
94 95 4 5
95 96 22 33
96 97 123 128
97 98 56 60
98 99 44 74
99 100 35 36
100 101 77 98
101 102 73 73
102 103 7 8
103 104 3 4
104 105 65 68
105 106 45 50
106 107 9 11
107 108 58 60
108 109 47 52
109 110 66 66
110 111 42 55
111 112 3 6
112 113 14 14
113 114 61 66
114 115 46 54
115 116 62 67
116 117 21 21
117 118 73 73
118 119 84 91
119 120 75 84
120 121 2 3
121 122 42 46
122 123 47 68
123 124 83 87
124 125 70 72
125 126 89 95
126 127 50 64
127 128 54 55
128 129 72 84
129 130 87 91
130 131 86 98
131 132 99 100
132 133 22 24
133 134 31 54
134 135 96 99
135 136 49 69
136 137 42 45
137 138 54 64
138 139 35 38
139 140 31 33
140 141 69 77
141 142 6 8
142 143 55 62
143 144 58 99
144 145 31 56
145 146 18 30
146 147 60 82
147 148 51 51
148 149 77 91
149 150 50 55
150 151 29 36
151 152 66 67
152 153 31 33
153 154 8 8
154 155 49 53
155 156 14 14
156 157 51 81
157 158 101 111
158 159 77 77
159 160 100 106
160 161 29 34
161 162 47 50
162 163 4 6
163 164 27 30
164 165 9 15
165 166 21 34
166 167 9 9
167 168 60 77
168 169 61 73
169 170 70 79
170 171 10 13
171 172 115 115
172 173 1 1
173 174 45 55
174 175 80 84
175 176 69 79
176 177 37 41
177 178 26 28
178 179 59 95
179 180 76 83
180 181 86 87
181 182 54 57
182 183 30 30
183 184 41 53
184 185 25 26
185 186 92 93
186 187 29 48
187 188 15 17
188 189 33 42
189 190 109 112
190 191 49 58
191 192 68 107
192 193 112 120
193 194 65 71
194 195 16 16
195 196 30 32
196 197 28 39
197 198 55 78
198 199 81 95
199 200 113 114
200 201 121 124
201 202 23 24
202 203 110 110
203 204 91 109
204 205 14 16
205 206 27 28
206 207 17 17
207 208 83 93
208 209 11 12
209 210 22 22
210 211 12 16
211 212 58 58
212 213 7 9
213 214 37 39
214 215 49 73
215 216 71 71
216 217 8 12
217 218 107 110
218 219 5 5
219 220 44 62
220 221 48 51
221 222 14 19
222 223 68 110
223 224 39 41
224 225 28 32
225 226 10 10
226 227 26 33
227 228 56 57
228 229 45 45
229 230 78 82
230 231 33 38
231 232 43 47
232 233 15 16
233 234 3 3
234 235 99 130
235 236 64 69
236 237 37 70
237 238 60 63
238 239 34 37
239 240 73 80
240 241 61 68
241 242 17 19
242 243 45 51
243 244 78 87
244 245 44 48
245 246 29 29
246 247 31 31
247 248 80 81
248 249 97 104
249 250 98 100
250 251 57 101
251 252 63 64
252 253 2 2
253 254 39 39
254 255 73 75
255 256 26 26
256 257 76 84
257 258 92 99
258 259 36 49
259 260 56 67
260 261 52 52
261 262 28 28
262 263 97 108
263 264 94 109
264 265 3 3
265 266 12 14
266 267 46 50
267 268 20 23
268 269 58 64
269 270 61 61
270 271 54 66
271 272 89 94
272 273 13 15
273 274 92 98
274 275 91 92
275 276 52 59
276 277 10 12
277 278 45 45
278 279 44 48
279 280 104 104
280 281 112 119
281 282 7 8
282 283 62 69
283 284 6 6
284 285 71 82
285 286 15 16
286 287 87 109
287 288 12 12
288 289 38 39
289 290 81 81
290 291 19 22
291 292 22 22
292 293 51 51
293 294 63 81
294 295 58 75
295 296 61 98
296 297 24 31
297 298 47 56
298 299 52 52
299 300 39 46
300 301 28 32
301 302 21 21
302 303 14 16
303 304 103 108
304 305 32 44
305 306 75 99
306 307 24 30
307 308 40 61
308 309 81 98
309 310 41 44
310 311 125 128
311 312 31 32
312 313 7 8
313 314 33 44
314 315 49 64
315 316 13 15
316 317 110 110
317 318 13 18
318 319 5 9
319 320 14 14
320 321 73 77
321 322 81 92
322 323 30 36
323 324 29 49
324 325 39 49
325 326 46 49
326 327 44 50
327 328 40 47
328 329 92 96
329 330 19 22
330 331 76 128
331 332 6 6
332 333 58 59
333 334 85 108
334 335 117 127
335 336 25 32
336 337 19 23
337 338 27 27
338 339 79 81
339 340 97 97
340 341 30 32
341 342 2 2
342 343 69 74
343 344 49 50
344 345 32 33
345 346 24 28
346 347 27 31
347 348 18 20
348 349 115 124
349 350 18 27
350 351 44 50
351 352 69 72
352 353 15 18
353 354 83 93
354 355 88 101
355 356 63 86
356 357 30 32
357 358 90 110
358 359 62 62
359 360 114 114
360 361 30 46
361 362 26 33
362 363 123 126
363 364 80 89
364 365 6 7
365 366 61 64
366 367 104 105
367 368 68 81
368 369 33 41
369 370 72 95
370 371 73 103
371 372 21 31
372 373 17 24
373 374 94 106
374 375 18 23
375 376 9 14
376 377 100 106
377 378 16 18
378 379 84 91
379 380 53 81
380 381 92 110
381 382 78 83
382 383 10 10
383 384 6 7
384 385 38 43
385 386 84 113
386 387 41 47
387 388 71 76
388 389 67 114
389 390 22 25
390 391 33 48
391 392 26 27
392 393 44 55
393 394 44 51
394 395 69 70
395 396 11 11
396 397 14 18
397 398 29 33
398 399 9 12
399 400 69 73
400 401 93 95
401 402 28 29
402 403 12 19
403 404 98 100
404 405 49 56
405 406 125 125
406 407 22 30
407 408 64 88
408 409 71 97
409 410 11 13
410 411 7 14
411 412 84 84
412 413 42 44
413 414 30 33
414 415 104 114
415 416 62 88
416 417 110 112
417 418 18 24
418 419 82 87
419 420 81 81
420 421 0 2
421 422 52 77
422 423 17 28
423 424 48 70
424 425 96 115
425 426 25 32
426 427 52 96
427 428 79 90
428 429 75 87
429 430 112 126
430 431 88 119
431 432 24 29
432 433 38 47
433 434 7 7
434 435 5 6
435 436 23 31
436 437 22 24
437 438 47 73
438 439 82 82
439 440 28 43
440 441 68 79
441 442 46 70
442 443 10 10
443 444 57 71
444 445 103 106
445 446 115 121
446 447 56 60
447 448 119 123
448 449 47 49
449 450 4 7
450 451 39 60
451 452 52 61
452 453 52 54
453 454 40 41
454 455 84 95
455 456 81 84
456 457 97 102
457 458 19 24
458 459 25 35
459 460 8 11
460 461 54 88
461 462 86 94
462 463 59 93
463 464 43 59
464 465 94 99
465 466 24 27
466 467 100 101
467 468 75 107
468 469 99 113
469 470 47 64
470 471 106 106
471 472 66 92
472 473 91 92
473 474 18 19
474 475 22 23
475 476 15 19
476 477 100 108
477 478 11 12
478 479 18 20
479 480 95 103
480 481 47 67
481 482 96 103
482 483 49 56
483 484 106 111
484 485 22 29
485 486 85 94
486 487 22 26
487 488 55 98
488 489 89 93
489 490 63 89
490 491 3 4
491 492 95 97
492 493 43 45
493 494 59 91
494 495 77 79
495 496 65 68
496 497 18 19
497 498 6 6
498 499 35 36
499 500 65 69
500 501 14 18
501 502 33 40
502 503 55 59
503 504 16 26
504 505 105 107
505 506 88 120
506 507 90 91
507 508 22 29
508 509 88 90
509 510 53 81
510 511 66 75
511 512 76 89
512 513 26 32
513 514 15 15
514 515 74 76
515 516 51 65
516 517 9 9
517 518 7 10
518 519 78 97
519 520 106 106
520 521 18 19
521 522 27 28
522 523 19 19
523 524 100 104
524 525 62 72
525 526 4 7
526 527 47 54
527 528 17 18
528 529 26 35
529 530 67 76
530 531 65 66
531 532 31 51
532 533 10 10
533 534 99 101
534 535 68 69
535 536 62 71
536 537 65 65
537 538 81 90
538 539 18 34
539 540 40 55
540 541 3 3
541 542 85 93
542 543 43 50
543 544 88 107
544 545 2 2
545 546 56 61
546 547 70 73
547 548 5 10
548 549 10 10
549 550 56 71
550 551 53 68
551 552 77 77
552 553 76 78
553 554 2 4
554 555 67 73
555 556 37 37
556 557 31 38
557 558 27 33
558 559 95 99
559 560 75 96
560 561 20 36
561 562 83 107
562 563 112 117
563 564 38 72
564 565 72 82
565 566 86 98
566 567 78 94
567 568 91 91
568 569 33 40
569 570 65 70
570 571 54 60
571 572 40 42
572 573 8 9
573 574 25 27
574 575 86 99
575 576 88 93
576 577 78 95
577 578 36 44
578 579 77 85
579 580 33 37
580 581 122 122
581 582 77 88
582 583 17 17
583 584 83 109
584 585 94 97
585 586 67 81
586 587 62 65
587 588 84 85
588 589 35 53
589 590 89 94
590 591 46 69
591 592 14 14
592 593 97 99
593 594 25 28
594 595 30 40
595 596 52 61
596 597 75 100
597 598 1 3
598 599 57 66
599 0 15 26
362 468 5 6
170 483 32 35
134 272 56 63
200 428 36 51
51 324 16 23
257 577 109 112
68 266 20 22
313 537 41 41
138 103 37 46
560 453 6 6
6 391 22 27
277 260 84 84
125 502 29 29
525 187 10 10
149 129 18 23
489 119 1 2
118 117 45 58
110 515 54 84
585 209 2 3
159 343 83 98
457 358 15 19
164 479 46 49
536 418 57 58
307 45 2 2
395 557 36 41
165 384 16 27
210 243 21 26
264 338 51 59
401 543 104 110
224 347 40 50
504 462 20 20
205 449 109 115
388 10 120 120
31 380 78 105
462 285 28 29
364 598 50 82
551 413 63 68
96 247 11 15
507 112 24 24
284 426 4 4
83 356 64 67
232 23 71 75
440 290 70 91
4 512 99 112
396 76 77 91
530 342 8 9
150 40 53 76
122 589 34 56
269 90 23 27
186 227 35 47
418 506 61 87
558 508 65 107
143 532 94 101
322 583 42 67
372 67 9 10
37 383 45 73
443 353 68 81
424 216 9 17
581 516 67 67
500 47 40 54
273 324 16 19
200 247 25 26
461 381 2 3
582 538 64 72
271 96 46 61
584 36 45 50
123 331 55 63
443 208 72 84
39 447 11 12
559 274 11 23
278 446 10 10
501 392 67 80
65 137 46 58
367 125 31 32
516 532 25 28
209 258 2 3
8 268 1 2
126 45 16 17
6 217 14 14
455 302 90 91
125 272 93 105
331 285 40 47
564 242 109 109
99 10 45 50
29 439 71 84
482 577 7 7
106 223 76 83
63 69 101 115
504 346 85 94
496 331 87 87
33 119 32 52
582 111 83 86
568 522 21 23
30 171 23 30
560 393 51 54
395 112 64 77
81 497 20 30
140 134 25 25
94 325 45 47
103 15 66 73
23 494 4 4
283 443 18 24
68 422 24 30
260 221 46 46
506 502 73 85
466 473 39 40
104 365 9 10
479 204 83 102
334 302 75 87
457 475 70 73
176 134 1 1
561 57 3 6
56 1 2 3
535 478 29 34
226 192 113 117
225 234 42 49
36 97 22 23
537 274 36 37
85 155 17 21
153 397 32 35
457 251 83 87
527 291 82 82
269 482 85 103
223 143 17 20
127 317 95 123
34 38 13 15
514 270 85 88
530 457 19 31
563 452 9 12
255 113 15 16
27 438 51 52
397 293 10 11
123 377 67 72
43 209 13 21
321 152 31 34
556 158 25 33
340 506 104 107
475 388 108 124
32 327 115 116
95 53 24 38
267 424 94 95
146 291 24 25
576 258 27 33
118 97 47 49
396 222 23 23
553 164 82 82
499 357 75 78
422 201 61 75
156 173 15 23
484 451 101 108
455 306 25 30
393 300 72 115
217 360 82 84
390 196 122 124
198 112 41 44
236 216 52 55
50 68 56 69
402 98 78 79
452 380 27 31
471 234 30 35
380 572 10 17
124 215 18 19
211 502 29 32
323 49 53 76
540 318 24 26
382 400 60 97
41 538 32 33
400 241 95 95
303 64 62 62
169 253 61 65
79 153 45 50
562 1 34 34
427 554 94 97
39 226 2 2
394 140 66 75
541 121 76 83
368 192 38 43
149 110 41 67
550 42 51 71
209 111 40 60
175 500 78 94
390 531 127 127
551 486 24 26
9 398 18 18
61 551 41 46
264 284 35 39
277 517 73 74
456 250 80 88
510 381 58 71
24 466 5 6
268 80 82 82
290 343 71 90
10 32 57 57
577 429 77 77
71 462 28 32
346 418 12 13
535 27 20 21
596 171 77 95
66 133 3 3
252 371 9 9
581 195 34 37
37 174 29 48
381 432 67 71
432 113 6 7
75 67 8 10
22 249 66 67
265 396 82 101
348 312 103 126
49 250 27 29
552 44 67 68
516 195 38 46
311 81 81 94
197 25 98 99
495 510 73 91
364 480 71 78
319 571 72 115
89 276 72 98
329 146 67 92
86 306 80 82
156 273 112 120
465 505 95 108
578 395 80 81
139 4 4 5
474 218 75 97
290 435 11 14
290 534 79 84
371 100 48 62
321 230 39 47
89 414 65 67
275 8 66 70
25 387 23 26
598 489 49 50
6 58 73 99
80 30 44 69
265 232 71 74
399 570 71 75
516 497 70 115
486 60 83 110
240 212 50 56
344 387 58 71
588 492 26 37
519 287 60 84
335 203 27 40
18 44 43 45
161 591 53 57
294 528 44 53
472 61 5 5
437 55 55 82
49 134 87 101
169 519 35 38
515 227 114 122
328 355 98 113
256 261 62 72
286 301 3 3
422 469 98 98
192 536 7 8
405 184 87 89
398 38 59 59
163 404 11 15
192 544 9 11
581 147 89 102
403 567 31 42
359 132 31 39
462 285 56 56
383 361 57 58
123 323 61 65
497 270 28 31
86 387 2 2
12 397 29 41
66 539 115 115
102 547 70 76
63 275 16 27
272 111 63 82
205 294 17 18
485 551 54 61
332 221 61 107
155 164 11 15
162 494 67 102
455 211 97 101
87 57 83 84
90 228 24 25
279 491 59 59
387 587 9 11
73 209 4 4
512 107 14 16
119 532 58 68
314 193 7 8
587 355 70 75
123 306 97 97
126 406 38 39
429 14 62 62
481 162 20 28
247 230 31 33
427 381 4 6
413 244 66 66
43 224 68 90
389 569 114 123
422 229 91 114
566 263 99 103
311 1 1 1
569 315 51 64
418 139 105 108
274 458 62 113
425 7 116 116
228 436 4 4
242 89 17 24
459 535 49 50
293 368 53 87
333 79 57 69
152 349 51 86
573 160 81 81
568 494 77 89
76 107 95 101
295 290 70 70
83 16 51 54
252 265 17 23
353 536 85 90
267 485 102 105
86 109 70 81
511 67 14 15
280 192 2 3
221 5 78 103
73 509 76 100
156 106 12 12
42 431 45 50
274 187 25 31
403 542 10 11
296 297 57 73
597 82 15 15
202 36 24 28
573 15 53 84
48 529 9 14
247 507 20 37
81 22 9 11
287 323 74 84
37 242 126 127
250 441 30 35
388 283 65 66
42 40 48 48
193 389 83 91
530 263 18 32
383 7 15 25
419 414 40 43
455 312 87 95
294 165 69 77
80 83 40 42
389 398 5 8
23 116 38 55
219 81 8 11
470 203 47 52
301 484 45 63
578 212 57 60
595 486 48 71
319 400 55 71
170 458 33 43
270 236 12 17
136 445 25 29
123 21 9 14
282 21 6 9
92 163 79 85
403 71 18 18
188 270 111 121
82 386 11 14
312 58 73 75
397 111 21 35
553 9 27 44
576 62 21 23
182 565 43 61
187 497 56 57
235 442 28 36
577 245 62 71
342 412 6 6
494 247 24 24
396 406 48 48
444 211 30 34
580 248 56 68
596 38 22 30
151 309 12 13
525 15 20 26
266 264 33 39
58 520 27 46
319 145 45 46
251 177 68 68
511 523 2 2
138 379 63 72
86 536 37 38
186 158 46 57
251 184 71 91
31 329 80 80
559 323 111 113
458 184 45 47
183 326 62 78
497 528 4 6
520 392 32 40
184 434 4 4
109 359 109 111
357 334 55 66
530 48 63 75
160 66 15 24
178 425 100 100
25 471 84 103
521 421 97 97
166 188 14 15
364 92 64 65
285 575 31 37
107 312 56 79
484 433 20 38
168 343 9 11
2 136 6 9
102 401 34 40
226 163 26 27
156 494 30 38
2 189 104 106
146 12 20 22
579 50 64 105
423 273 25 25
276 104 63 88
113 152 63 85
536 154 59 98
139 298 55 61
435 263 92 112
582 332 96 99
128 488 44 54
54 469 49 53
324 31 93 122
299 340 35 49
186 5 108 110
180 221 52 62
425 440 27 28
363 531 7 7
75 216 70 95
71 234 57 74
252 368 14 14
207 259 18 21
105 466 118 120
241 495 2 3
145 516 54 61
206 418 10 17
461 157 84 89
396 516 115 116
551 264 48 63
25 275 61 68
281 569 7 9
595 29 66 68
577 354 45 47
248 166 25 32
315 214 127 129
250 535 52 52
176 305 118 120
200 394 4 7
518 107 67 99
88 170 105 107
454 184 11 12
122 126 14 21
527 251 88 92
325 129 95 105
560 175 47 53
245 300 36 36
29 563 53 67
34 490 8 9
164 596 76 82
208 407 51 74
48 66 74 116
413 23 3 4
127 260 86 100
242 299 23 29
172 257 68 88
91 439 47 70
272 249 51 52
460 148 64 83
45 8 7 11
476 481 76 76
216 189 62 74
85 468 31 33
238 381 50 52
62 494 81 82
161 450 6 7
160 251 39 39
457 99 84 94
176 443 103 104
53 392 51 71
155 336 97 99
342 435 94 102
457 265 8 13
374 106 75 104
323 501 41 48
213 396 55 83
320 455 70 89
307 481 59 77
566 28 15 17
427 548 100 121
248 291 118 118
247 370 36 47
232 335 50 55
304 470 75 86
496 108 47 53
12 301 26 32
175 9 107 118
302 397 99 101
447 264 29 31
476 210 28 40
260 451 84 91
542 303 62 85
520 51 11 14
531 359 94 94
296 89 13 16
524 176 34 37
313 63 102 103
585 119 100 108
449 551 63 64
62 216 83 120
118 189 37 39
406 344 36 36
104 115 87 104
182 15 16 29
124 304 72 90
85 435 48 57
375 568 62 94
402 204 62 67
542 391 70 110
579 456 40 57
383 63 1 3
122 546 116 116
365 314 7 7
383 75 37 47
46 192 68 68
55 492 7 10
596 126 97 122
203 418 99 122
71 349 43 54
320 220 74 109
106 522 69 95
78 261 48 50
414 99 12 16
202 301 24 24
331 489 20 27
240 199 27 28
495 401 100 106
529 411 52 52
370 204 41 43
80 170 33 45
63 138 97 119
420 517 39 48
235 580 49 52
134 380 79 89
107 416 77 78
288 231 32 35
164 350 102 112
147 297 58 60
376 231 50 84
126 550 96 97
479 512 77 84
381 416 87 90
347 179 77 112
496 118 68 95
51 126 26 34
172 445 10 13
263 557 54 58
483 513 88 94
446 20 54 58
435 268 73 73
517 65 28 37
125 124 61 105
545 371 13 19
431 484 19 32
196 451 64 66
311 341 81 95
116 335 102 113
106 574 15 16
512 242 37 41
454 528 35 41
363 440 70 83
542 68 68 82
20 203 11 16
568 141 53 61
64 367 82 93
139 309 63 79
262 86 79 80
357 383 74 94
310 410 79 84
83 486 105 114
51 354 38 47
393 452 62 77
125 119 45 58
365 492 96 96
65 468 35 44
149 75 70 75
537 280 111 116
495 30 18 25
221 394 26 29
255 126 78 82
527 594 39 55
77 70 93 98
130 318 43 63
350 299 112 116
120 476 32 32
490 588 71 86
427 119 30 31
522 278 35 42
124 76 12 12
312 230 84 91
538 69 91 98
308 496 120 123
256 321 50 61
353 334 11 19
244 572 54 57
284 367 16 23
464 315 109 110
404 342 30 38
109 276 85 86
563 29 62 78
184 346 80 85
507 242 34 45
509 9 55 77
561 100 41 70
427 198 68 75
276 201 32 35
507 261 22 23
421 1 44 46
328 245 27 30
46 511 35 36
238 500 36 37
325 439 29 32
183 22 7 7
204 509 20 25
153 255 85 95
463 398 20 21
218 228 78 81
405 349 39 64
20 499 17 18
177 226 23 29
402 83 73 86
52 598 17 18
485 253 78 79
272 8 32 38
43 196 6 10
313 275 58 59
360 207 24 24
411 564 6 6
4 248 31 33
172 389 63 76
329 131 20 27
47 474 72 103
486 87 35 35
96 444 88 93
67 407 17 18
122 188 54 56
257 238 34 38
378 392 10 12
28 277 17 19
297 14 31 36
177 532 90 94
183 141 69 92
28 150 80 80
59 572 50 50
356 106 62 64
366 513 33 38
560 302 11 12
345 152 54 58
6 59 66 70
554 461 61 68
354 7 11 12
240 580 6 8
73 209 48 51
496 381 83 99
153 194 13 17
24 121 71 83
211 204 7 10
524 34 29 36
215 485 107 114
477 331 40 46
148 445 1 2
591 215 52 78
145 199 26 33
62 19 32 34
578 159 45 47
577 32 56 76
286 522 19 26
480 553 39 39
98 302 7 10
270 363 8 8
166 218 75 80
448 189 20 24
544 41 63 113
136 501 107 126
451 127 91 92
266 346 31 42
146 120 26 27
229 100 10 13
255 1 49 52
509 328 81 81
131 481 55 56
209 220 64 75
116 378 75 79
446 154 36 42
338 445 17 18
350 302 61 68
184 80 104 127
14 145 65 67
78 474 9 9
200 359 38 39
165 476 2 2
237 37 77 87
80 197 62 62
261 474 92 98
16 389 28 41
388 339 55 62
221 126 101 103
570 35 48 61
95 588 20 21
172 498 41 42
455 566 45 55
475 351 22 27
262 183 63 65
247 11 22 31
517 8 99 101
522 188 19 20
222 127 32 36
537 170 10 11
389 384 60 69
108 494 85 90
154 577 69 71
396 453 17 19
399 226 11 17
34 418 82 123
363 472 69 69
57 200 45 45
400 231 43 60
186 30 63 69
217 468 6 11
510 576 10 17
5 125 66 73
413 102 50 83
498 387 23 29
312 361 80 91
345 123 21 21
445 417 39 42
23 252 9 11
394 26 32 42
87 329 35 40
452 247 90 98
125 287 68 70
255 214 44 44
395 111 17 21
233 390 89 103
49 531 44 46
336 288 93 108
9 171 16 17
220 14 68 84
151 158 89 91
493 532 47 53
460 19 56 56
379 321 46 48
185 245 23 45
118 458 67 76
433 93 11 11
22 72 47 51
61 345 5 8
420 533 84 102
106 33 59 62
576 478 60 70
241 322 79 79
196 81 37 59
278 486 45 57
175 423 26 26
8 3 13 15
145 228 104 115
311 451 103 110
187 67 78 81
567 401 27 28
569 460 5 6
454 348 4 5
257 499 19 36
518 21 3 5
142 301 37 41
395 375 71 71
453 345 12 14
63 170 106 109
560 308 91 106
420 339 32 35
361 533 50 56
549 521 5 6
149 481 68 70
296 246 13 14
380 470 21 24
371 239 70 70
267 290 12 12
287 511 70 95
66 161 70 111
43 14 80 85
349 354 117 123
314 371 57 61
592 74 20 23
342 57 60 60
326 320 14 14
261 522 55 58
253 140 44 45
313 508 23 26
466 334 3 3
251 48 22 24
497 267 93 105
545 270 67 76
305 49 70 77
462 164 5 5
215 568 75 88
565 464 2 3
23 591 49 54
524 71 62 79
474 516 58 102
433 479 29 33
449 433 55 68
188 169 3 6
464 293 74 75
170 370 64 66
571 500 58 71
440 59 14 16
395 227 37 38
12 590 107 110
378 459 49 70
448 12 6 8
156 597 5 11
435 103 71 84
499 161 37 50
386 124 14 15
303 590 30 44
49 38 66 67
52 31 30 32
218 63 14 19
318 176 100 114
326 96 30 37
63 279 7 10
252 416 36 38
231 5 86 92
238 594 71 71
343 189 120 126
344 429 54 76
320 505 75 86
199 408 40 69
300 61 69 72
541 153 77 78
594 417 27 34
479 474 18 19
470 556 46 48
189 160 68 70
503 199 53 81
292 261 113 115
69 194 27 29
112 442 59 79
120 283 27 41
367 30 18 24
259 541 66 69
1 386 28 50
14 505 68 76
180 462 77 105
562 53 110 125
65 444 8 9
372 596 56 60
507 370 41 52
539 206 76 84
51 400 26 31
349 565 11 14
151 539 13 13
92 265 32 33
251 472 52 67
1 449 69 79
440 251 39 43
197 571 3 7
60 464 16 32
178 550 54 55
82 62 53 64
238 39 17 20
255 299 34 39
521 491 44 50
593 502 63 74
393 429 43 48
594 507 33 37
94 167 54 58
58 269 58 68
88 494 65 65
265 215 2 3
398 35 4 5
401 571 54 60
263 165 54 54
458 213 33 36
88 433 36 38
478 83 53 81
102 444 60 61
402 94 24 25
272 58 78 94
232 573 78 113
310 496 69 88
561 45 63 92
383 11 70 85
348 121 19 24
91 447 75 75
480 443 96 113
46 565 35 36
306 144 68 82
346 107 20 26
114 45 97 97
224 229 47 52
99 230 22 22
202 379 69 81
352 418 61 82
328 163 16 29
195 474 70 71
247 593 34 35
319 95 70 70
406 594 56 85
309 517 66 93
107 46 13 21
156 343 79 87
292 420 81 81
57 278 9 11
273 9 22 22
243 378 80 108
297 553 6 12
337 432 15 23
284 154 98 100
442 93 40 41
133 94 38 48
341 230 109 111
402 302 49 50
468 593 58 79
541 224 5 8
296 334 18 21
355 147 39 62
262 510 45 49
26 162 12 18
551 586 3 3
299 400 44 48
524 298 97 102
418 373 38 44
574 438 110 110
563 171 3 4
259 107 45 71
188 85 46 46
73 339 66 95
475 276 9 12
76 346 9 9
202 62 60 89
504 386 72 84
127 431 70 77
353 291 21 38
205 313 13 16
228 541 66 67
58 531 119 128
372 39 25 35
219 276 29 38
30 271 65 65
230 403 116 121
372 98 94 100
213 475 43 44
225 352 111 119
105 407 2 2
219 343 4 7
205 390 88 109
170 435 62 65
29 286 12 13
49 516 45 46
215 41 59 60
518 0 3 4
198 259 16 16
403 349 33 33
244 504 73 87
522 492 27 45
231 245 57 57
548 421 19 21
209 216 52 76
402 118 37 37
517 81 2 2
193 206 70 71
461 210 34 47
285 84 74 80
556 282 45 64
290 572 58 59
33 550 3 3
42 94 55 65
549 315 21 35
181 145 70 106
463 480 55 61
508 554 24 34
153 448 44 61
531 184 70 90
190 413 102 113
187 507 22 23
589 492 111 116
363 29 102 103
327 225 92 94
488 522 54 55
494 181 7 10
516 420 105 110
84 210 6 9
169 443 40 44
320 59 11 11
533 181 94 111
560 168 3 4
142 366 37 58
237 369 22 24
458 327 117 120
400 220 55 97
157 459 17 22
289 587 8 8
477 21 91 97
586 271 34 43
6 583 23 25
505 167 19 27
516 118 22 23
314 184 13 23
166 53 15 21
384 152 126 128
154 89 32 38
55 25 1 3
559 574 48 61
369 533 38 39
327 446 43 67
219 568 24 30
420 413 45 64
496 405 53 64
227 8 102 114
26 222 95 95
514 281 122 125
431 60 107 121
93 251 58 69
590 387 84 97
354 248 16 17
579 264 43 54
166 90 47 50
507 479 32 38
343 69 32 36
474 157 26 29
396 225 55 65
574 43 14 22
394 588 44 52
184 398 3 3
442 213 102 119
551 230 51 51
393 455 87 90
436 194 21 23
489 51 20 20
323 344 8 10
488 210 26 44
465 444 27 38
363 152 23 25
97 93 16 17
530 17 69 69
148 235 69 87
126 180 96 120
262 176 100 113
551 571 43 44
331 289 78 92
346 553 75 97
19 344 74 115
448 332 21 23
540 520 106 107
128 174 71 125
35 359 50 54
399 278 59 70
41 462 65 72
209 92 28 28
186 544 93 97
167 351 83 112
165 21 63 83
550 579 40 41
587 291 62 63
256 65 69 78
573 452 79 92
32 491 60 61
522 148 32 32
367 209 43 46
258 427 77 102
6 345 43 47
378 192 70 73
303 564 86 93
518 372 65 68
304 580 62 64
382 188 69 98
336 407 74 78
95 524 55 56
484 450 29 32
338 361 14 21
201 63 59 83
357 380 34 38
586 273 72 105
517 272 23 38
586 271 96 98
100 15 58 89
493 37 30 47
115 235 67 67
8 452 29 30
409 171 71 77
12 172 55 56
509 527 41 48
478 418 39 40
60 444 35 52
448 325 65 67
293 397 113 119
590 108 75 75
187 210 12 12
244 186 118 123
325 424 51 64
238 347 91 94
47 537 101 113
86 167 57 58
558 582 16 24
433 329 65 69
232 39 9 11
135 299 60 77
377 168 67 99
138 588 48 71
272 556 85 113
532 442 9 14
480 459 38 42
562 495 11 12
362 483 71 117
566 471 50 56
180 586 28 33
451 27 69 79
354 549 49 57
46 212 90 99
1 6 80 80
84 323 37 47
313 211 81 82
353 163 44 46
207 562 40 44
128 448 18 26
380 184 79 97
61 462 15 20
397 584 101 112
196 276 54 60
567 112 61 74
54 330 63 64
585 14 61 64
77 325 70 88
403 456 58 61
300 105 82 97
26 410 72 73
62 388 62 73
173 179 75 91
303 57 72 85
349 536 97 98
88 592 56 68
58 571 2 3
298 197 40 43
394 530 97 100
411 522 44 58
117 316 72 75
575 444 59 60
326 108 7 8
302 330 55 56
343 12 78 113
121 112 27 28
14 191 66 79
84 116 77 82
169 461 37 51
14 457 44 48
190 310 63 88
186 529 4 5
484 579 71 101
49 233 64 67
35 432 34 39
289 115 84 86
427 113 46 52
424 267 26 29
115 379 77 79
451 224 8 8
52 269 7 8
347 276 51 65
562 63 23 32
290 214 24 25
98 51 84 84
176 410 29 33
266 374 32 36
358 127 4 4
327 128 69 71
385 131 59 59
41 468 36 43
331 111 13 19
511 124 16 24
586 501 80 106
7 176 81 83
206 491 58 59
159 516 34 36
289 393 38 49
513 587 54 56
284 429 74 75
226 578 17 20
360 560 66 73
278 370 80 81
49 193 112 113
278 401 98 98
569 287 17 17
42 33 88 93
387 352 66 66
274 276 36 38
424 199 54 91
368 201 61 76
147 332 38 38
257 518 76 86
471 329 79 101
513 565 122 123
24 53 43 51
42 90 4 7
465 540 58 58
48 117 116 124
223 70 46 49
178 52 31 41
194 342 61 70
514 510 47 71
161 172 23 27
584 367 4 6
371 134 91 102
537 282 10 13
285 80 21 24
239 376 7 10
147 443 11 12
201 116 88 100
575 593 51 52
204 90 71 76
510 272 107 112
280 130 9 12
421 372 27 29
350 406 103 103
413 225 37 65
549 151 99 113
24 62 35 56
532 457 72 86
434 60 65 71
152 31 38 43
439 433 46 48
493 540 65 75
138 118 51 53
142 223 29 31
370 554 19 28
590 337 60 74
447 299 69 118
585 186 27 28
434 375 79 120
192 311 57 61
87 299 107 111
435 140 14 15
464 553 48 52
27 483 42 42
104 307 42 44
290 42 66 66
345 323 95 114
298 291 43 55
558 159 45 45
420 158 18 18
570 486 68 91
504 259 19 21
510 499 106 107
40 468 1 2
563 553 88 91
251 228 77 81
102 130 7 7
78 170 37 41
276 583 21 23
339 241 120 122
458 136 56 74
395 86 60 62
361 5 38 41
338 208 26 31
344 472 100 100
386 161 71 90
167 474 70 78
544 47 55 66
185 97 30 31
110 258 44 45
448 388 99 105
221 409 45 50
307 112 38 43
457 190 42 54
227 587 17 21
572 319 87 90
273 294 30 34
140 321 16 17
56 407 48 64
289 359 49 51
153 593 3 4
481 597 35 36
445 412 19 30
217 525 3 6
500 117 92 97
238 498 28 35
15 151 57 66
296 174 20 25
521 86 27 31
345 452 64 66
319 1 5 10
32 364 36 37
124 408 31 31
381 202 38 40
323 528 11 17
398 312 7 11
583 443 16 19
438 164 54 80
23 231 16 16
361 250 40 50
540 420 22 23
322 391 75 99
141 367 27 38
114 500 10 11
240 391 90 101
274 339 84 106
365 401 35 38
286 31 61 70
278 437 78 96
380 503 54 72
325 97 59 84
397 515 77 119
249 509 17 32
183 558 42 49
94 237 106 110
303 310 69 92
74 245 69 81
355 369 29 32
587 481 56 60
317 162 30 38
113 73 106 106
583 76 69 71
402 381 93 96
117 205 111 114
383 437 56 59
435 124 49 51
315 309 23 26
479 351 121 123
57 35 40 53
121 405 110 112
491 518 20 20
580 310 6 7
389 388 63 85
92 388 44 67
584 17 39 51
382 230 58 60
420 92 36 41
144 410 97 99
466 583 59 59
513 263 23 24
531 52 13 14
488 308 13 16
426 249 25 29
78 187 21 25
247 192 25 35
550 229 45 49
206 183 86 93
565 200 29 41
246 375 66 76
392 496 96 100
234 155 87 91
132 562 15 18
201 257 69 71
565 184 58 62
445 175 77 84
324 342 15 24
313 381 39 46
275 143 1 1
480 399 86 100
381 354 99 120
127 29 73 89
479 80 1 1
358 183 52 54
38 430 57 60
28 135 25 25
104 410 94 112
302 31 15 16
386 97 54 58
88 138 78 90
316 59 35 50
142 214 104 121
332 195 1 2
252 56 25 44
555 157 75 119
512 53 18 18
317 168 38 40
256 571 63 78
381 198 15 26
471 287 41 59
6 97 93 93
204 125 16 21
351 259 74 106
383 68 82 103
560 176 110 114
476 454 89 95
336 325 82 87
256 568 43 44
543 591 103 110
408 144 34 47
218 290 49 49
457 38 28 37
334 114 11 11
224 79 61 80
182 131 12 14
452 560 93 107
462 550 104 105
582 436 17 22
470 442 18 21
189 43 56 59
73 528 2 5
495 231 70 71
177 465 51 60
214 449 100 104
82 59 43 46
563 140 56 76
174 76 40 51
492 564 24 24
134 122 91 93
171 8 7 12
598 76 67 85
300 313 36 38
557 346 14 16
269 22 65 70
477 332 53 64
353 13 17 19
172 319 14 27
217 584 55 80
263 388 75 83
173 8 81 83
51 108 96 98
372 260 47 56
448 464 88 90
493 196 71 77
462 53 58 66
395 502 126 128
330 473 54 61
381 69 55 55
61 401 87 87
12 164 98 109
300 397 81 94
310 189 51 64
434 493 48 54
150 250 5 5
94 219 20 24
110 471 30 31
180 334 61 78
279 73 47 64
185 163 41 42
82 165 11 12
516 108 19 20
596 173 26 26
218 21 89 104
268 127 76 81
418 430 78 87
241 136 11 11
457 264 69 91
429 92 42 62
360 47 60 83
467 311 70 105
187 341 64 77
327 267 7 8
409 164 37 38
404 318 30 30
148 316 61 91
135 233 47 75
487 104 12 14
301 551 18 28
276 120 82 97
188 60 54 61
75 141 69 79
102 577 55 88
428 276 36 54
567 275 73 78
304 422 88 92
16 229 65 81
576 401 27 43
492 191 16 31
19 7 44 53
588 332 25 28
84 187 58 74
29 514 57 85
186 116 81 91
216 18 54 62
115 354 34 37
83 526 22 26
348 42 5 8
353 130 14 14
579 309 49 51
422 343 0 1
167 483 9 12
553 259 55 61
84 156 10 11
329 91 86 103
67 598 39 39
589 315 78 95
77 76 76 111
486 260 23 24
267 216 58 71
60 365 62 67
50 189 93 93
323 335 29 35
339 359 1 2
470 250 65 66
305 362 67 82
441 161 122 123
297 456 41 48
57 121 72 97
544 267 20 21
300 116 62 75
548 505 73 83
45 283 55 80
89 136 24 30
305 225 43 50
9 40 87 101
412 11 56 60
216 483 25 25
273 340 83 95
168 117 103 103
11 156 29 33
49 302 1 3
288 375 69 87
25 286 112 117
353 26 43 49
440 542 107 128
571 387 52 79
426 142 5 5
175 138 32 46
222 523 84 97
437 216 35 36
562 82 60 70
539 11 34 38
400 231 32 44
551 515 6 9
11 253 56 61
557 425 78 79
444 278 43 66
199 146 39 46
68 17 39 39
322 542 86 87
104 316 41 43
217 172 74 92
348 310 119 122
241 477 89 90
67 523 27 51
79 239 36 40
423 63 32 34
329 480 59 67
285 107 48 63
397 573 59 63
432 254 4 5
339 182 44 46
269 382 60 74
433 209 104 119
43 221 23 24
505 168 7 7
535 269 56 71
357 580 78 86
11 598 18 24
350 196 55 59
304 318 82 107
71 448 45 48
442 481 65 65
95 407 22 25
438 430 20 20
168 77 51 66
490 572 106 117
14 414 53 77
230 476 44 83
577 169 13 16
315 499 50 50
588 314 72 80
34 175 45 75
563 491 49 71
175 30 59 70
592 99 24 25
113 26 35 53
47 515 47 74
322 266 67 75
385 23 66 81
127 331 6 6
381 24 23 27
295 503 58 63
150 449 74 80
556 486 88 103
534 283 3 5
71 570 98 115
376 244 4 8
289 142 7 8
524 223 17 22
523 48 44 64
171 20 26 29
261 476 74 77
212 586 64 66
261 43 56 63
137 340 22 23
122 371 24 32
37 550 54 54
545 203 95 104
423 512 15 18
181 519 53 61
215 145 86 101
283 150 46 75
371 51 60 76
258 113 23 31
551 46 66 80
550 37 30 43
332 355 69 70
76 233 65 100
33 355 60 71
60 589 62 70
8 202 70 72
473 483 32 37
348 363 88 109
82 53 60 60
376 345 20 24
323 404 20 21
568 561 3 4
454 119 120 121
437 335 38 47
256 138 10 11
179 435 56 59
548 57 96 104
112 192 87 100
110 98 47 52
64 596 89 94
316 195 10 11
134 153 31 37
388 6 99 121
308 26 10 10
166 141 67 70
415 421 32 41
184 415 26 28
134 16 26 35
71 338 60 69
268 50 100 127
42 438 13 15
282 95 40 43
263 527 32 53
478 375 41 48
206 122 30 35
91 122 85 89
440 280 72 76
160 461 74 89
168 359 13 14
199 547 81 84
382 477 68 83
377 590 50 58
128 467 22 28
133 45 46 47
574 534 48 55
375 565 76 99
38 586 41 43
40 180 1 1
0 348 18 30
261 276 3 6
543 351 3 3
380 202 35 40
216 243 52 55
64 14 22 23
571 77 30 30
506 385 69 85
61 453 44 49
410 95 85 111
272 20 74 75
69 373 24 25
540 295 23 30
461 563 61 92
124 222 83 85
125 586 4 6
351 464 49 49
592 71 44 51
326 249 44 44
128 43 12 14
59 81 20 27
232 524 48 52
166 439 27 32
6 262 53 77
196 582 47 60
337 258 72 78
480 193 55 69
527 107 22 37
288 525 15 19
380 112 75 80
236 216 39 40
529 562 70 83
369 334 47 75
214 577 58 61
73 144 27 31
178 437 6 6
29 577 58 58
185 188 56 56
64 55 49 57
22 406 23 23
122 523 81 93
410 387 39 43
318 70 64 64
285 367 119 119
131 541 5 5
184 383 47 67
288 15 55 67
56 383 78 83
162 205 24 29
466 490 31 40
363 584 12 12
449 496 28 43
125 338 104 109
555 140 26 50
35 196 21 24
29 458 89 90
19 594 93 112
403 183 37 52
502 175 7 9
31 185 58 66
495 544 88 89
522 497 67 71
486 93 58 64
354 254 75 90
75 518 67 68
415 412 102 110
89 282 58 76
441 541 1 1
188 297 60 77
293 299 87 88
8 158 17 25
344 295 58 72
517 190 12 14
573 406 42 60
205 301 59 60
425 234 36 55
136 51 45 50
497 163 41 41
159 458 82 95
564 361 32 52
43 543 29 30
334 321 54 63
236 530 41 56
462 281 39 50
122 2 37 41
281 165 16 24
546 243 26 32
69 7 21 41
288 304 45 46
223 102 79 82
141 492 49 69
192 206 73 116
49 220 87 97
245 572 46 48
373 540 77 114
406 49 70 71
277 146 4 4
583 490 77 78
76 583 77 90
565 539 89 106
568 488 18 18
554 345 54 83
91 25 93 93
55 295 34 40
267 586 37 38
408 114 13 13
408 139 111 113
555 227 23 26
332 60 73 116
530 248 37 38
60 382 59 85
197 43 93 94
252 220 18 25
323 278 14 22
183 277 6 7
217 55 17 23
548 440 40 48
499 570 98 107
579 521 121 127
232 321 48 64
404 509 4 5
507 414 111 111
11 393 78 88
143 510 60 71
590 449 73 107
48 482 62 73
525 102 19 22
41 277 23 34
182 263 7 8
482 19 71 117
351 375 30 39
502 434 66 108
589 475 42 49
18 193 15 18
31 311 71 87
473 249 31 33
0 495 66 104
11 351 13 21
215 77 61 103
436 39 113 113
123 547 70 73
101 270 85 107
259 520 2 2
455 282 41 42
139 37 56 69
436 422 58 59
234 138 25 27
466 567 99 113
79 418 105 111
248 516 33 52
496 220 66 78
354 151 84 89
108 572 48 69
36 168 11 15
94 465 41 76
519 476 12 15
106 553 29 39
553 192 90 117
322 124 109 110
101 57 43 55
402 189 51 66
12 527 5 5
369 570 6 6
223 189 38 52
337 227 95 96
15 541 98 101
365 31 60 82
359 97 3 3
469 205 93 96
333 278 95 103
196 141 18 24
590 514 45 51
401 163 10 12
330 514 35 35
424 271 32 37
55 594 71 92
597 381 21 32
461 597 76 76
32 271 23 35
22 494 25 42
354 230 68 82
404 502 76 93
36 28 31 42
495 298 29 29
249 481 41 67
90 258 23 28
287 92 54 65
185 31 31 46
402 92 43 43
157 398 16 16
585 588 7 12
110 197 47 64
3 596 113 116
441 219 60 62
360 132 42 54
84 502 30 30
309 520 77 127
443 553 55 56
134 426 20 20
85 131 2 4
455 281 34 34
87 42 53 54
524 239 25 29
389 475 81 83
145 222 5 5
425 262 74 76
465 94 19 25
142 126 77 86
195 563 49 66
424 387 84 89
200 190 4 5
33 460 19 27
381 595 77 93
461 589 20 25
292 122 93 93
78 302 117 118
509 230 68 73
127 461 21 23
389 391 51 51
174 472 69 79
307 531 31 33
257 401 88 115
477 368 53 63
415 145 88 94
407 596 23 32
182 435 67 72
322 123 5 6
304 189 75 83
387 265 67 70
335 566 19 21
462 374 51 68
257 395 59 59
29 46 48 48
81 261 58 64
541 588 71 89
344 31 66 80
319 159 38 39
264 302 33 34
373 528 29 49
76 481 61 63
566 555 36 50
374 397 52 53
452 447 17 24
167 68 36 48
365 518 30 35
184 92 64 98
194 492 53 75
494 251 80 102
112 97 48 56
281 478 15 16
139 43 71 87
431 376 11 17
391 181 15 17
80 155 36 40
588 120 80 86
301 383 57 58
586 244 71 92
80 252 83 103
558 337 97 99
152 352 47 56
419 589 53 62
308 267 13 16
234 125 20 22
204 424 13 14
187 564 78 107
593 144 65 87
162 436 44 52
209 183 43 43
114 36 21 26
351 14 21 32
265 266 77 83
561 189 67 73
85 349 40 48
98 56 91 109
456 513 98 108
499 520 19 29
558 94 51 65
157 538 75 87
81 2 37 39
373 559 60 72
292 40 50 51
507 206 17 29
500 191 73 75
176 409 81 83
10 380 31 43
276 485 59 66
226 19 1 1
451 75 70 88
306 40 106 111
257 190 21 38
160 518 68 109
441 353 8 8
36 82 101 102
303 145 117 119
67 176 44 46
514 543 57 72
71 144 4 8
179 208 34 47
140 458 69 78
88 541 76 76
498 514 89 105
364 424 60 64
17 433 55 59
349 21 7 7
402 516 40 64
574 341 33 50
441 37 88 114
116 236 55 61
531 483 121 123
15 516 15 15
375 170 70 74
302 276 65 65
145 0 34 49
552 432 20 30
199 445 55 67
62 229 29 37
467 153 26 27
314 285 38 40
297 113 87 92
176 146 62 95
64 448 17 18
481 51 28 46
37 161 9 9
339 579 34 54
80 393 12 15
405 214 78 87
188 87 68 82
51 499 34 47
142 342 12 17
108 44 61 70
567 443 5 7
359 520 51 53
93 287 5 10
483 37 85 96
293 134 78 115
288 550 26 38
63 379 67 69
565 27 22 24
350 484 6 8
223 267 54 62
72 452 69 72
350 371 61 70
154 506 44 50
208 549 109 116
244 509 110 112
160 347 18 24
90 348 30 32
156 90 18 20
507 313 60 69
446 275 5 7
391 326 57 72
198 428 54 62
79 230 99 107
464 475 54 55
297 494 56 57
476 9 27 39
262 3 15 17
548 207 13 13
593 213 58 67
1 251 23 26
539 281 70 100
43 83 30 46
32 63 20 23
405 445 42 47
170 565 34 35
108 231 91 92
185 3 76 92
344 370 16 16
387 397 60 76
329 445 8 13
542 570 28 30
366 312 46 53
490 254 23 34
516 594 70 85
410 368 46 56
206 37 72 80
234 18 50 50
120 280 63 76
393 346 77 88
319 540 104 121
318 238 55 55
472 139 59 61
260 91 120 126
200 440 44 45
169 222 20 22
422 205 78 79
253 574 69 76
567 232 35 49
135 502 54 61
42 347 79 107
390 417 1 3
500 46 2 3
274 568 72 118
197 75 34 35
326 530 75 75
147 375 26 29
430 468 74 118
431 100 70 85
11 257 74 78
338 192 47 47
350 15 97 97
186 282 51 61
473 500 52 71
325 466 81 81
286 537 13 19
470 14 3 5
154 184 20 23
261 96 76 94
319 331 100 104
59 19 60 70
427 99 1 3
224 397 55 59
494 295 9 10
436 458 53 63
7 175 24 26
217 532 86 96
224 163 49 56
167 241 10 12
235 143 57 72
292 356 91 112
45 497 87 105
556 188 39 44
346 23 31 34
569 180 26 37
361 589 90 94
520 383 49 50
319 560 86 89
454 314 99 107
435 249 63 69
453 112 39 44
497 97 76 78
91 435 2 4
544 326 23 24
102 24 82 115
425 433 17 26
519 322 14 28
499 443 74 105
3 460 1 2
35 198 108 113
509 389 18 31
292 30 75 99
187 220 76 81
60 598 97 100
163 539 48 52
524 75 15 22
275 481 79 79
149 329 82 87
586 533 23 26
282 380 79 84
229 218 81 99
437 356 49 56
483 163 33 33
254 22 89 103
325 394 36 36
44 311 60 83
232 488 65 68
354 541 56 67
286 128 107 111
24 165 44 45
392 55 71 74
84 410 60 85
420 86 47 56
435 99 34 36
584 297 3 4
21 133 16 16
42 341 106 107
298 277 58 77
373 487 50 68
569 409 2 2
311 211 93 101
416 127 74 80
286 281 46 46
150 539 13 15
448 495 6 9
597 361 55 57
158 203 51 54
401 153 44 48
368 268 31 32
396 51 23 35
493 269 52 58
322 473 40 41
411 299 18 24
578 170 25 36
454 527 66 66
552 409 85 111
536 143 33 40
562 323 93 99
79 211 31 31
190 535 112 112
89 532 70 98
225 366 13 22
261 258 36 41
545 371 39 44
46 60 5 6
136 597 68 79
104 576 24 30
170 153 63 64
512 400 17 23
168 183 49 53
230 75 11 17
224 247 42 50
97 571 114 114
540 574 44 48
310 438 53 58
1 476 2 3
130 345 25 26
588 371 36 44
466 9 24 27
24 419 50 53
54 11 40 43
404 444 85 95
373 317 42 53
589 389 102 103
171 62 75 78
409 240 22 23
281 63 66 88
559 206 26 31
544 246 27 30
116 197 41 44
445 315 52 65
592 120 22 36
374 521 41 52
108 301 39 57
431 582 91 95
52 86 70 78
297 577 59 69
581 213 67 85
492 576 3 5
567 98 56 64
250 192 58 88
64 128 105 110
93 547 36 37
332 462 32 47
182 103 44 62
12 579 45 56
254 112 23 23
510 562 24 34
464 290 44 60
151 300 94 97
394 154 28 40
593 44 41 41
292 501 12 15
409 484 112 115
164 96 29 29
575 539 70 98
305 385 59 93
402 364 79 86
151 204 65 65
437 49 8 15
299 389 67 73
200 219 65 96
74 302 59 102
450 213 69 79
338 103 35 41
325 536 59 93
18 369 36 46
534 21 26 27
225 559 19 24
1 378 22 28
257 142 75 92
204 389 6 7
521 105 19 26
103 491 71 81
422 281 9 10
551 108 26 44
523 406 19 25
266 180 68 72
438 281 66 71
287 101 82 123
303 100 23 23
46 317 56 56
369 314 25 37
534 174 92 111
32 118 81 92
462 405 50 54
376 390 23 23
415 15 26 43
562 405 60 66
432 497 28 28
499 346 80 85
575 380 36 58
43 571 19 24
274 7 11 14
527 198 7 8
490 426 67 70
262 331 42 45
163 68 27 32
261 468 64 96
335 274 91 94
367 290 2 2
266 89 29 36
295 583 42 56
536 169 12 19
546 356 39 45
410 205 80 84
121 158 83 95
141 70 89 89
495 523 15 16
575 105 47 50
267 593 73 74
162 246 11 13
0 173 29 31
227 165 68 69
321 81 60 62
277 383 58 66
347 505 97 98
502 111 5 9
199 570 37 40
483 92 25 30
376 325 70 76
30 532 39 48
550 396 20 30
221 427 40 48
276 162 45 83
186 212 19 19
152 527 98 99
80 186 59 59
59 417 60 68
184 178 71 77
7 192 76 84
569 45 112 112
121 507 43 53
344 71 73 92
85 289 29 32
144 10 61 66
241 283 82 97
219 269 39 42
126 390 42 50
119 420 38 43
45 347 99 104
578 391 18 21
12 274 11 13
589 282 30 37
324 83 58 68
278 308 43 56
357 542 36 37
306 257 4 6
154 578 43 45
68 405 46 47
463 96 75 81
410 444 6 6
316 485 76 88
233 59 31 33
58 572 8 8
479 210 76 79
202 559 84 88
116 148 90 104
383 274 12 16
318 53 86 88
45 405 58 66
153 178 57 74
73 209 18 21
548 449 63 97
492 10 103 103
158 175 14 14
516 13 71 105
192 317 23 29
79 494 15 27
359 49 28 37
593 591 112 120
197 202 16 24
514 433 27 44
355 317 43 43
540 31 45 53
550 83 12 14
596 280 41 47
532 362 53 63
131 386 90 118
264 137 69 70
283 425 57 107
29 446 2 2
46 91 1 2
498 46 28 36
66 296 46 67
416 486 35 36
29 235 55 59
270 206 69 74
41 68 10 10
470 328 0 0
401 24 110 119
252 236 60 91
336 398 14 15
57 16 36 37
321 569 63 66
264 480 34 47
212 162 19 19
501 191 42 79
170 453 85 86
310 236 64 92
484 78 76 92
133 12 14 15
67 60 7 15
262 587 43 54
32 552 88 93
261 4 62 70
140 108 63 72
377 456 52 52
353 407 54 62
182 136 76 80
347 0 38 42
404 56 59 71
125 581 55 62
420 318 14 24
225 19 30 30
366 418 19 27
23 228 53 63
552 344 13 13
548 173 52 52
462 46 2 2
172 50 74 93
342 47 67 106
93 74 73 83
508 101 9 11
557 149 110 127
150 333 42 48
467 136 46 57
520 193 28 46
120 94 27 39
483 295 7 8
516 299 92 93
48 58 23 24
273 553 81 92
375 13 54 58
146 34 32 34
141 560 13 13
521 326 99 106
75 116 79 91
118 195 6 7
215 39 22 23
453 574 54 55
29 460 75 76
382 210 106 117
509 320 61 65
76 478 78 80
439 118 5 10
458 290 81 89
78 280 1 2
40 564 89 108
184 9 12 12
182 326 33 46
351 535 25 38
436 242 58 60
441 365 86 111
238 226 91 113
314 220 1 1
50 376 36 36
511 75 114 114
332 95 95 107
192 463 80 81
163 547 83 111
47 436 87 109
461 237 81 102
465 388 86 88
196 241 48 53
299 331 48 69
151 341 2 3
399 26 38 47
454 198 85 92
592 58 72 73
569 187 27 48
16 533 44 66
471 374 93 93
410 438 70 71
382 180 52 65
156 88 92 106
426 408 54 59
461 102 112 113
487 86 103 119
439 227 42 43
534 192 21 24
149 313 81 83
241 282 110 119
170 570 3 4
596 245 17 20
252 397 48 51
359 49 68 74
273 450 33 36
358 121 61 68
320 499 2 5
261 168 72 74
166 138 30 36
527 335 46 70
392 160 29 33
328 395 22 26
27 7 58 62
229 79 73 85
76 81 6 6
195 264 119 119
194 158 9 12
211 429 99 106
448 42 101 110
37 352 15 16
34 585 37 52
582 556 31 47
391 529 32 33
222 546 35 51
223 310 82 86
223 90 68 73
28 511 47 47
458 331 48 52
398 433 13 21
478 488 46 46
468 133 66 72
437 320 49 67
398 484 65 113
276 574 7 12
10 228 106 114
373 435 65 111
287 98 15 26
351 469 103 106
583 501 94 109
179 564 66 75
106 63 48 61
564 413 45 50
243 503 11 11
256 544 63 78
188 374 99 106
470 520 71 86
279 271 73 93
17 334 16 16
303 521 35 51
66 301 52 53
224 494 38 41
13 543 9 9
200 89 43 64
140 311 15 19
371 160 50 54
335 310 52 55
443 429 58 102
463 565 2 2
230 311 21 24
581 86 50 54
570 113 1 2
52 117 72 77
5 261 114 116
286 39 35 37
389 162 63 67
498 66 44 54
112 140 18 23
483 294 33 52
239 311 19 25
517 502 58 58
266 449 15 16
541 142 57 67
570 135 58 70
591 226 48 61
258 572 32 36
282 531 24 27
104 200 68 86
236 581 16 29
405 472 81 83
452 373 48 48
200 522 120 120
59 437 54 59
111 192 44 49
155 361 27 30
178 538 35 35
340 591 21 26
342 44 68 86
434 274 1 1
415 494 33 33
259 236 17 21
92 123 41 56
222 497 75 102
527 366 5 6
531 357 109 111
219 69 79 83
547 355 9 10
117 102 68 84
422 388 8 10
202 33 63 102
32 460 31 31
289 514 82 85
147 199 67 69
524 464 80 81
562 347 16 23
450 566 7 7
462 292 55 65
384 109 66 89
221 312 41 46
317 506 54 55
430 481 26 31
369 583 87 95
333 359 53 73
562 364 9 9
478 213 36 37
105 254 54 98
475 497 26 26
205 231 72 72
438 298 4 6
213 314 21 35
559 4 14 26
376 72 29 29
509 86 30 30
576 521 58 59
71 16 95 101
184 375 126 126
434 580 108 117
504 480 65 69
93 538 87 119
166 150 42 70
72 261 101 102
160 490 24 32
327 367 29 33
167 460 100 106
85 387 6 6
223 513 79 81
582 288 37 43
164 532 24 37
247 176 41 43
15 416 1 3
237 262 33 38
335 43 36 40
367 450 44 73
174 508 91 91
230 516 88 96
446 274 44 67
556 477 9 11
312 194 75 83
318 447 58 72
334 481 23 29
127 291 34 36
404 475 9 9
259 303 15 21
515 536 27 32
82 109 1 2
14 487 94 95
208 92 73 75
467 122 42 45
526 68 101 105
88 61 64 81
214 451 26 29
568 126 18 31
91 368 37 54
31 114 52 66
67 97 10 10
467 128 72 81
235 337 22 34
115 503 32 36
170 326 12 19
389 203 41 41
16 263 51 55
385 38 84 93
294 552 36 39
309 221 2 2
459 471 96 102
147 150 9 14
418 21 44 72
491 422 35 38
167 157 43 76
181 429 19 20
119 392 88 96
476 94 28 46
271 265 14 14
322 545 19 22
112 425 115 119
31 540 78 101
104 133 94 98
153 223 30 30
47 336 9 14
301 46 22 33
284 180 66 107
504 404 25 28
159 223 3 3
292 531 52 60
294 362 44 46
65 511 27 34
144 1 7 11
532 447 81 120
231 203 76 95
99 390 37 45
358 389 24 32
554 163 31 31
537 132 61 71
181 209 100 119
294 202 66 95
210 389 2 3
559 369 4 8
547 302 39 41
293 336 45 73
180 322 79 93
338 564 44 73
260 455 72 89
550 56 65 67
34 251 24 25
208 465 29 30
96 429 16 19
176 189 63 101
139 279 24 28
168 233 59 73
31 525 52 55
163 562 68 89
76 39 33 36
219 274 18 18
245 439 1 1
105 345 56 59
368 343 48 52
34 575 53 68
282 354 26 45
424 291 52 55
137 68 57 58
257 516 92 96
346 297 58 65
410 205 22 24
62 9 86 87
82 119 26 30
571 252 53 57
294 0 23 24
93 243 66 76
564 253 68 69
558 260 46 47
402 564 18 21
543 113 15 18
172 5 62 75
471 473 82 103
252 533 27 33
132 46 90 93
0 448 63 66
193 482 84 86
181 427 49 62
231 131 78 115
233 154 36 40
468 516 72 73
7 90 90 116
213 167 36 40
459 563 94 100
174 39 18 23
172 379 21 24
473 290 4 5
376 16 25 26
160 78 44 44
531 2 59 73
173 150 54 88
241 519 29 30
297 41 28 45
529 262 27 38
468 339 61 72
538 81 27 27
466 343 11 19
219 298 9 16
273 368 19 21
281 100 46 47
232 537 30 33
524 420 67 78
314 134 14 18
375 272 79 103
306 480 49 51
545 92 21 21
54 47 5 6
452 294 45 47
104 297 83 99
243 557 30 41
371 288 21 30
454 115 11 13
589 336 34 38
500 326 4 5
242 136 88 90
399 528 61 61
520 342 27 31
258 500 30 50
350 215 60 62
285 270 16 17
243 459 25 45
390 128 65 69
524 400 69 73
390 147 16 17
336 466 2 2
293 484 3 4
214 323 82 99
39 160 47 52
588 232 53 54
242 278 67 67
187 318 50 59
342 286 12 14
19 488 37 54
380 31 109 127
522 574 110 117
200 451 89 96
350 418 63 88
330 139 35 39
458 96 17 20
288 58 79 92
296 489 74 75
325 471 94 95
543 166 9 9
105 25 24 26
149 396 18 18
122 418 67 80
153 481 46 51
592 69 101 101
241 186 64 82
123 447 36 40
86 118 32 32
17 299 53 62
273 439 35 36
576 135 93 100
543 136 72 101
105 259 82 101
131 595 96 117
29 239 70 95
486 453 90 97
288 541 98 100
178 523 64 64
66 492 56 59
153 226 63 89
594 71 72 75
270 447 21 21
576 153 93 110
147 13 11 12
388 209 92 98
319 183 42 42
367 368 98 121
215 340 43 47
77 479 74 80
248 305 56 59
227 143 78 125
251 1 100 102
416 87 68 84
504 187 82 88
68 380 44 77
463 100 44 56
318 412 58 68
549 43 95 99
293 112 45 47
426 92 64 96
321 131 42 47
438 214 72 80
36 430 59 61
321 184 2 2
35 519 44 76
248 178 33 36
319 250 76 109
44 287 68 106
412 203 76 103
106 517 27 28
77 268 5 6
30 547 109 112
138 17 6 8
100 570 101 104
180 413 6 10
198 38 13 24
131 587 28 35
226 90 43 54
148 474 13 13
13 104 91 99
337 131 3 5
344 22 14 14
106 566 108 120
256 433 48 49
526 401 17 19
586 248 26 26
508 283 51 59
371 313 99 104
401 559 89 92
32 272 109 111
214 528 60 74
142 332 78 92
454 251 48 53
355 583 42 42
198 24 10 10
358 218 106 110
106 314 1 2
442 457 53 56
243 449 84 94
577 169 1 2
109 72 49 62
423 408 45 46
192 194 64 65
178 550 75 75
224 566 19 19
435 589 60 69
534 373 13 14
68 359 9 10
38 491 14 15
468 4 43 57
543 43 49 62
184 583 17 26
381 413 44 58
452 372 82 105
339 10 57 64
464 70 17 23
338 165 23 23
510 100 69 106
518 326 7 10
13 464 1 2
492 81 90 97
513 278 32 44
222 510 71 74
47 41 37 53
404 286 82 106
555 354 2 3
466 146 51 64
229 526 66 88
103 326 25 26
9 145 74 112
355 343 74 77
427 338 43 48
108 370 71 72
120 45 25 40
582 74 64 84
501 319 2 2
417 362 58 58
424 480 33 43
309 411 105 105
509 595 54 72
312 276 33 35
227 121 34 35
241 204 50 58
517 589 47 76
331 402 81 112
562 173 44 54
117 594 37 43
569 36 94 101
84 69 57 62
197 531 33 39
500 577 90 93
210 51 24 24
406 461 36 40
318 378 25 30
166 287 7 9
448 4 73 87
118 591 19 20
512 209 48 52
97 42 30 36
444 415 71 80
409 552 5 7
220 400 51 51
193 97 55 58
39 421 29 32
542 563 111 112
316 249 72 109
88 148 42 42
9 312 82 84
15 312 81 81
424 227 59 62
375 30 82 83
73 352 36 49
138 422 43 51
205 421 63 103
363 467 81 87
268 315 74 97
290 139 22 23
508 558 61 65
167 590 105 112
425 509 74 85
200 91 0 2
221 46 1 2
484 384 10 14
320 193 0 0
124 191 69 77
83 379 107 107
52 172 27 28
465 464 79 99
542 132 67 79
376 427 3 3
463 541 16 17
312 447 2 2
512 168 5 7
424 228 9 9
525 549 36 37
566 507 62 78
233 97 71 76
65 91 72 91
108 194 88 100
447 243 19 25
524 201 40 41
159 511 37 53
524 186 47 53
584 577 47 54
71 124 6 7
74 567 73 77
474 325 36 53
166 541 49 62
272 363 50 61
553 232 63 71
22 44 32 35
184 38 80 84
316 488 44 51
79 473 27 40
319 452 38 51
178 233 75 90
246 400 13 14
155 264 25 28
327 256 70 79
370 272 99 102
480 252 38 38
437 278 7 7
499 399 60 94
191 111 49 69
57 434 128 129
420 274 71 87
126 343 92 94
431 210 100 116
471 541 21 27
385 329 76 94
189 97 38 44
258 295 126 126
203 457 9 9
448 101 1 1
21 37 5 5
75 213 23 25
250 558 13 15
244 273 4 7
369 225 42 46
419 275 89 91
293 507 83 88
448 320 61 107
9 511 7 7
165 43 68 82
346 583 49 49
481 131 38 46
543 410 2 6
142 268 42 51
514 46 14 21
359 591 110 115
597 516 19 20
398 320 31 31
40 559 70 97
109 257 47 50
334 401 9 14
346 532 41 53
74 463 25 30
102 42 17 19
291 378 3 3
17 511 54 58
127 125 15 19
313 407 51 80
284 88 55 72
404 482 31 32
452 55 83 83
109 149 12 12
183 117 36 48
150 117 35 40
407 259 12 12
165 123 81 113
446 117 82 94
117 24 71 98
22 320 109 119
567 235 45 64
187 137 84 85
483 108 7 10
95 150 70 74
64 357 10 12
344 228 51 55
424 28 32 48
588 438 38 51
330 197 88 93
382 148 5 6
191 468 41 41
511 91 43 59
37 592 36 41
504 248 46 46
596 210 99 99
152 218 65 68
577 507 80 93
288 586 78 86
117 594 38 40
48 464 16 23
574 407 27 47
103 57 73 96
517 529 80 80
80 169 24 24
27 409 35 44
4 528 35 49
214 479 76 97
491 588 44 47
339 462 62 77
62 375 40 41
427 504 69 70
385 347 67 82
309 158 36 51
407 226 79 119
417 248 39 39
369 390 82 108
324 189 32 32
396 120 31 38
336 70 32 33
80 524 32 37
424 210 51 66
93 319 41 49
89 145 88 96
44 181 36 53
119 211 93 93
357 211 117 118
165 594 3 6
580 566 82 88
162 154 64 64
534 435 85 91
128 454 32 40
586 302 21 22
483 167 125 125
348 342 3 4
323 294 97 98
207 378 15 21
7 550 30 30
404 158 62 63
138 123 3 3
102 302 23 23
258 133 41 53
478 283 108 115
195 385 33 38
540 60 22 35
372 514 97 103
316 564 76 93
525 568 58 91
202 319 11 17
175 213 127 127
386 115 60 61
411 523 7 12
249 309 40 47
200 577 25 29
461 151 90 105
77 238 43 64
130 26 10 16
64 353 67 69
429 361 67 71
120 497 73 75
449 379 44 46
232 7 16 17
317 142 26 26
193 297 76 79
22 225 17 27
54 353 28 37
429 381 23 25
378 125 12 18
54 12 0 0
381 588 28 44
321 515 42 42
571 77 50 54
332 210 24 25
68 480 15 15
386 100 0 0
127 262 69 72
403 220 54 61
502 274 93 93
483 243 57 69
308 104 110 123
384 533 50 59
526 568 95 107
230 498 20 24
240 360 56 58
164 425 4 10
473 499 13 14
391 313 10 12
565 271 64 100
105 548 42 49
55 263 34 43
424 360 33 40
15 334 53 75
100 274 101 111
564 287 15 16
243 216 76 86
83 321 38 39
497 388 98 101
146 98 63 85
466 42 36 48
293 551 3 4
367 445 72 94
10 422 54 54
228 390 38 39
306 53 113 114
218 540 28 32
546 211 30 44
216 91 1 1
589 270 15 15
330 508 84 96
513 53 66 69
480 412 48 59
423 241 36 50
105 587 58 73
283 308 62 81
157 129 3 3
391 204 16 16
507 256 50 74
538 369 13 17
448 444 71 93
235 459 59 62
55 353 16 22
349 524 12 12
556 436 70 73
128 1 47 58
149 414 75 123
339 64 73 74
423 523 117 129
234 288 56 81
469 243 33 33
20 189 98 98
379 27 26 34
458 108 106 111
119 540 9 9
229 285 29 48
494 538 77 78
281 387 69 78
402 595 35 37
211 316 103 125
233 140 24 25
189 329 13 13
371 183 67 70
380 422 88 100
470 556 10 11
438 135 101 104
505 161 105 119
565 526 83 107
296 423 63 91
38 269 25 35
56 597 56 78
166 428 8 11
582 595 27 30
506 254 94 102
126 583 25 32
386 262 44 52
294 525 103 103
296 592 73 79
61 140 61 65
19 524 55 63
393 73 48 68
130 71 26 40
58 246 89 106
127 425 35 48
253 137 76 79
67 289 23 23
256 236 90 95
392 297 80 80
572 380 63 78
442 482 48 56
203 106 25 35
342 451 31 34
220 519 50 50
556 24 12 14
270 596 45 46
594 237 28 40
355 293 46 51
537 292 42 43
135 422 15 19
358 435 39 39
338 15 38 41
476 39 60 66
413 72 108 113
374 325 96 98
488 96 61 71
478 567 84 86
458 75 85 88
430 201 18 19
478 584 37 52
145 344 77 81
483 61 83 92
493 452 40 46
169 521 1 1
24 591 76 81
116 175 16 17
505 129 35 41
198 225 29 49
426 250 116 122
117 283 7 10
571 336 19 26
228 527 14 14
239 323 101 106
92 477 7 8
533 575 59 80
137 246 21 22
526 517 76 82
234 553 9 11
406 360 23 23
43 83 106 119
572 558 74 76
325 195 2 3
370 214 27 36
479 483 5 10
142 275 35 47
402 282 2 3
566 190 115 115
196 434 118 122
299 88 67 67
512 0 10 12
326 189 53 53
431 274 40 41
120 415 4 7
345 584 5 6
106 110 51 72
34 206 103 112
20 339 57 86
403 43 73 104
215 15 38 41
289 208 8 10
383 428 29 36
301 524 45 50
36 210 87 116
393 332 54 55
379 279 19 20
587 543 121 121
358 48 2 4
569 198 44 54
113 103 43 46
58 119 59 61
531 209 25 25
253 278 37 40
61 276 5 5
65 113 58 80
129 402 26 29
57 359 15 15
320 163 84 94
514 526 79 81
441 213 1 2
297 173 6 7
386 72 69 77
219 20 22 26
182 172 99 119
245 421 76 79
305 107 26 28
107 501 63 65
342 335 63 64
259 289 83 94
91 77 45 53
467 3 73 81
182 21 37 59
585 352 60 62
25 107 110 117
3 327 16 20
495 145 32 34
68 53 30 31
418 396 22 25
551 11 72 72
562 190 47 48
564 213 36 46
487 182 12 14
204 269 101 102
124 301 26 35
258 281 95 98
327 32 20 23
191 381 93 120
283 268 3 5
465 194 4 6
561 390 67 100
25 44 67 99
84 535 10 10
11 470 3 3
103 228 9 9
527 323 113 118
568 431 125 126
456 246 34 40
53 110 20 20
378 407 106 107
397 449 70 71
168 238 15 20
447 129 81 96
241 453 73 86
468 303 24 24
47 38 72 101
95 313 41 47
201 559 101 103
324 377 5 6
42 447 72 75
7 368 65 68
295 393 61 74
183 102 61 73
49 351 89 92
540 84 87 96
51 195 70 71
32 18 117 117
357 226 32 40
402 187 10 13
87 523 93 93
537 523 13 17
355 110 58 60
584 163 16 23
559 15 90 106
15 247 91 99
272 243 25 28
66 80 38 39
373 570 28 30
447 485 80 88
308 564 23 32
196 587 66 104
87 181 13 18
407 364 62 86
119 15 83 89
451 455 41 48
339 540 28 32
366 582 61 75
319 389 33 45
94 47 98 105
111 510 36 43
155 460 6 9
261 384 59 81
178 191 35 38
498 458 72 79
372 139 107 107
221 332 78 79
259 521 14 15
493 48 4 5
318 169 25 30
85 390 82 91
455 396 83 84
84 537 32 50
408 204 45 48
517 15 49 49
281 146 49 56
529 510 29 51
21 296 47 49
466 127 5 6
313 415 49 73
244 523 66 98
15 241 104 118
590 357 73 87
69 102 69 111
217 101 120 120
167 314 70 80
439 596 95 99
282 508 90 99
274 454 90 94
114 251 42 70
13 577 9 9
487 246 24 28
91 560 47 60
38 75 54 68
424 277 69 120
483 308 3 3
536 556 28 30
566 446 126 128
151 144 78 83
83 71 44 69
105 133 84 87
455 173 63 102
553 115 52 83
180 102 35 44
587 438 9 16
393 309 40 44
457 93 70 70
217 556 33 40
219 185 46 47
356 110 71 73
195 284 47 61
313 19 49 63
367 586 30 42
69 413 41 44
270 521 40 49
113 157 90 95
493 215 81 109
500 582 48 52
280 410 96 100
541 77 83 106
575 328 1 1
28 445 37 44
469 398 17 28
598 487 88 89
217 402 71 99
177 152 48 49
213 542 67 67
376 33 42 53
416 256 77 81
159 558 14 16
337 25 5 6
467 297 96 98
460 152 45 49
391 46 65 97
135 459 41 50
532 24 55 59
293 6 66 73
572 400 20 23
443 368 108 114
231 372 21 25
132 512 31 55
510 515 81 84
69 411 43 54
220 291 36 50
96 432 103 109
303 400 80 99
103 383 90 113
494 395 42 47
439 357 16 22
119 47 37 45
15 295 6 7
411 507 78 91
425 526 68 75
62 272 39 39
202 116 119 119
9 418 14 14
506 597 30 42
441 110 83 102
359 478 46 46
44 261 7 9
319 73 112 121
301 52 20 30
72 417 26 36
443 306 72 79
215 290 6 10
86 596 84 95
267 370 56 66
402 425 92 95
129 517 18 31
229 156 40 41
48 534 11 11
325 84 99 105
401 180 8 8
358 384 80 83
346 187 65 99
376 352 65 114
311 529 78 92
116 217 3 7
28 189 58 60
504 16 9 17
586 204 93 95
541 128 10 12
565 184 105 106
354 324 6 7
387 336 25 27
389 392 59 59
228 584 45 48
448 528 56 56
408 295 49 81
442 190 36 40
346 560 70 88
82 263 47 66
160 93 42 65
427 259 58 106
570 92 38 42
569 533 17 21
146 549 92 105
525 32 97 97
403 175 12 12
245 365 1 1
295 97 62 63
281 490 21 31
369 62 40 40
263 183 40 43
59 16 55 55
66 173 46 52
398 125 55 61
268 26 47 57
430 570 77 84
144 489 72 73
553 560 38 40
564 32 117 118
239 585 14 17
495 355 20 23
267 111 8 9
368 214 27 39
70 452 61 78
3 176 10 12
484 43 68 75
388 448 76 100
549 81 54 63
184 508 16 17
539 370 88 92
19 562 62 71
345 298 63 73
296 446 32 39
104 242 78 92
87 174 19 20
552 135 44 50
199 174 116 120
94 397 38 49
55 338 24 24
22 38 95 97
157 33 43 46
337 374 86 96
251 181 41 42
362 471 120 121
586 379 26 26
212 462 43 53
516 508 21 38
229 186 66 79
319 511 43 53
318 138 48 64
225 361 37 39
211 42 31 42
178 533 23 27
69 129 50 50
377 13 7 10
271 261 104 127
537 397 104 114
525 170 5 9
326 187 21 24
142 387 86 96
87 418 53 58
359 532 47 75
487 503 42 55
153 183 80 127
364 441 53 61
300 156 5 6
263 232 53 69
15 475 61 63
256 88 48 57
396 94 93 95
79 493 17 17
30 543 72 96
467 156 4 4
307 99 5 9
328 561 76 79
176 56 58 82
515 311 73 92
322 463 16 20
125 331 48 59
462 170 18 20
446 351 80 95
44 372 39 56
564 150 2 3
308 421 23 27
401 524 2 2
260 368 5 5
378 267 30 39
59 117 68 71
318 110 12 14
307 425 86 86
167 107 86 86
249 244 38 39
386 580 95 102
284 288 45 53
40 94 2 3
312 74 64 71
464 130 85 88
237 53 76 78
140 217 53 54
309 508 60 67
328 509 63 70
432 113 11 15
92 442 81 107
506 249 96 98
124 576 66 82
333 185 62 82
244 471 77 90
224 99 17 23
122 157 42 57
190 544 86 101
370 394 84 94
511 591 52 56
299 430 11 11
267 114 95 107
181 136 66 79
581 531 65 90
201 34 66 66
144 596 9 12
329 582 79 92
140 224 69 86
225 265 102 104
452 454 46 49
108 227 1 2
312 573 96 97
492 538 56 60
485 275 120 120
416 137 6 9
196 538 4 5
425 7 35 39
521 300 34 34
275 473 77 80
93 393 13 16
32 495 58 92
465 473 61 76
201 50 7 14
581 149 94 114
455 509 128 129
330 300 66 70
443 142 2 6
591 283 79 81
551 368 41 66
399 26 27 38
337 92 18 18
224 3 108 124
448 351 73 93
61 347 29 49
384 440 47 49
331 36 86 115
121 212 66 67
31 518 8 8
388 158 63 99
550 304 72 89
385 299 92 123
209 368 58 91
214 62 11 18
533 38 73 99
136 209 22 41
304 341 39 47
453 51 38 45
422 502 47 54
198 388 127 128
548 593 40 53
85 537 63 65
133 487 73 88
133 75 97 99
123 271 22 26
217 8 41 52
527 518 13 13
167 578 70 72
316 292 34 34
536 246 33 55
490 504 83 86
4 158 54 58
302 98 62 62
309 121 66 74
572 555 76 99
196 590 51 59
333 524 81 97
381 394 25 30
275 394 40 54
365 461 23 26
182 316 55 63
498 342 88 91
73 538 38 58
273 334 53 58
90 491 97 107
197 143 90 94
229 53 78 78
480 559 46 57
177 471 29 32
567 79 10 10
48 188 22 25
478 346 47 68
316 100 27 30
134 181 51 55
357 562 84 85
508 415 31 32
100 241 112 120
393 308 11 11
432 359 60 63
93 213 19 25
124 171 15 16
593 326 37 42
92 422 16 17
498 349 14 21
19 527 57 74
575 596 21 25
399 463 55 57
448 422 67 71
248 365 72 82
405 312 15 16
452 584 82 87
54 403 51 52
518 185 53 68
122 181 5 7
500 378 88 90
182 319 65 71
184 67 36 45
200 429 37 37
410 100 81 82
518 157 12 13
365 269 101 113
518 503 96 98
124 74 7 8
307 408 54 66
64 73 9 12
408 397 70 74
245 77 15 15
365 524 91 98
400 428 79 83
215 459 107 110
482 278 11 13
475 341 92 107
88 246 49 74
549 172 48 65
368 544 11 15
233 140 15 19
323 85 66 83
322 6 97 105
387 131 15 19
58 161 56 62
338 11 100 115
454 315 49 50
480 22 32 39
355 528 0 2
400 413 14 14
441 22 59 69
480 362 0 1
10 567 62 63
544 585 70 83
61 118 78 108
397 341 90 103
183 162 35 39
260 271 64 70
303 325 22 23
345 31 72 112
111 262 15 18
145 19 66 71
589 540 52 52
174 102 62 63
1 456 17 17
523 522 69 69
341 142 52 52
285 185 41 41
459 190 57 70
80 264 104 106
4 558 65 96
360 414 50 57
303 233 55 76
463 343 56 76
63 300 73 89
475 298 59 64
456 543 26 40
268 28 54 56
23 88 85 87
254 572 16 27
464 78 31 49
415 85 36 51
38 556 44 49
289 563 18 19
555 275 32 38
564 59 34 41
370 191 4 7
195 550 4 6
356 37 65 85
480 583 60 60
41 385 34 36
288 1 61 82
188 94 6 6
255 394 23 31
285 366 73 101
309 505 31 38
48 573 40 48
327 175 71 86
209 449 74 77
396 502 34 34
437 352 63 69
354 562 53 57
259 393 52 53
51 513 2 3
468 423 72 72
462 276 90 108
80 240 62 63
217 364 13 16
510 570 127 129
370 333 74 79
63 90 51 57
184 590 54 71
58 265 58 63
171 559 33 36
110 431 100 102
442 365 72 98
212 372 32 35
173 242 59 92
34 535 76 95
574 429 30 30
571 166 92 100
431 299 79 82
215 71 18 18
88 436 89 106
6 278 25 40
318 468 50 84
223 543 8 9
162 81 75 80
521 180 64 78
83 545 72 92
322 388 20 20
213 429 50 71
369 564 20 20
148 224 106 112
64 340 62 74
386 530 54 92
558 494 68 68
598 327 57 58
464 296 75 97
357 14 92 109
309 54 58 59
420 495 36 51
395 347 115 115
97 260 16 28
442 468 65 69
519 297 27 29
120 64 47 60
153 396 41 56
163 182 96 109
542 286 84 104
124 445 70 78
354 413 73 78
485 282 64 81
107 483 73 127
117 61 41 64
485 247 31 32
9 419 12 18
377 378 36 37
217 397 34 50
429 534 106 109
441 575 88 108
389 183 74 75
246 365 48 52
497 39 45 50
124 114 27 36
138 218 81 97
521 54 3 3
451 411 29 46
7 69 37 58
457 210 38 51
344 326 15 21
216 241 39 45
374 86 84 108
282 316 58 72
471 83 61 91
577 263 42 43
54 271 99 106
324 538 57 58
47 232 21 37
234 101 58 65
6 245 50 56
332 424 62 73
339 243 61 61
121 321 67 73
526 584 21 29
269 130 64 77
284 288 3 6
307 49 6 8
488 56 1 2
469 70 43 62
384 180 14 21
338 143 47 56
7 86 71 79
417 130 61 64
119 97 127 129
564 324 33 37
138 587 0 0
72 407 6 12
143 368 27 50
239 6 28 32
73 349 78 107
149 348 17 22
25 200 54 72
566 500 61 70
189 574 86 115
526 103 27 43
109 213 4 7
12 445 68 71
89 189 56 68
569 598 70 72
113 270 78 89
1 223 73 75
440 565 35 36
73 525 33 39
5 205 12 17
462 228 65 73
241 234 34 38
564 241 70 95
312 530 93 115
330 429 2 3
46 508 5 6
382 21 94 111
329 247 54 78
560 51 23 28
7 577 49 66
95 595 37 49
497 273 79 92
99 451 58 68
317 464 84 87
69 492 40 53
584 507 90 106
157 101 79 89
375 285 63 80
9 128 84 102
37 248 28 34
87 540 72 76
585 367 19 19
362 583 75 80
320 202 52 56
413 308 22 34
528 143 35 38
569 260 82 99
208 430 39 65
522 167 28 36
355 398 9 9
25 216 22 29
300 142 22 34
131 500 50 74
590 432 70 76
71 140 102 107
437 291 66 82
315 126 69 75
26 452 41 41
369 262 63 75
9 76 13 13
594 340 10 15
417 511 82 84
423 203 112 114
344 502 18 23
392 218 18 19
578 412 89 113
514 406 76 104
251 27 79 113
352 159 55 64
32 222 38 54
478 526 59 74
13 432 38 40
278 279 59 65
425 246 60 69
109 34 67 103
284 372 7 15
584 11 66 112
535 228 77 111
152 313 29 32
204 527 35 36
298 450 7 11
208 166 54 73
327 535 72 89
576 85 19 23
586 368 67 82
196 484 21 23
59 232 49 80
431 332 53 60
185 174 20 34
192 243 37 37
155 163 68 69
435 525 72 90
446 548 40 50
334 237 15 19
42 285 68 77
80 376 50 56
511 327 86 96
237 268 105 123
511 103 22 28
553 514 55 82
532 490 12 13
456 405 57 59
464 294 30 38
110 341 88 88
425 24 76 80
9 53 69 72
360 344 49 75
37 519 70 98
544 93 68 88
148 319 66 66
149 575 120 121
119 560 9 12
321 310 5 6
383 142 16 18
252 9 25 25
194 281 9 12
542 17 62 91
418 7 77 112
459 584 16 17
223 46 43 44
537 430 83 99
217 27 7 9
443 258 38 38
464 466 22 24
478 185 50 50
4 293 35 35
232 109 101 104
212 207 30 32
35 407 48 53
517 488 58 77
218 333 52 70
131 567 40 40
555 270 64 67
55 332 83 84
594 151 28 28
272 144 25 31
231 251 53 57
391 195 37 44
288 485 18 20
479 288 74 80
193 128 13 13
11 422 85 90
261 410 89 92
313 487 80 83
383 556 41 42
368 112 119 131
367 156 13 13
522 26 53 74
532 343 23 24
542 269 28 46
18 358 97 100
315 55 16 24
488 357 75 75
10 383 8 8
417 95 45 49
148 448 79 83
239 500 119 120
136 230 110 127
361 47 84 95
14 208 23 27
20 295 66 84
265 296 54 65
229 261 4 6
356 474 14 14
235 480 40 45
348 324 74 84
165 405 46 67
575 462 22 28
359 235 99 119
283 587 63 88
168 461 103 107
366 485 26 30
561 565 7 9
221 360 7 7
240 474 52 66
358 253 81 106
273 580 37 37
330 488 57 79
32 542 123 123
300 301 20 22
456 323 79 90
284 268 95 98
87 15 33 36
531 180 38 47
87 188 41 50
39 61 49 49
40 233 66 86
232 483 3 4
173 59 27 28
465 96 21 21
540 552 48 68
139 571 84 102
441 420 58 62
282 274 53 53
504 165 16 22
268 195 48 53
547 422 84 90
69 385 61 89
535 57 37 46
206 143 97 116
162 309 73 84
148 211 35 41
329 584 35 40
539 437 85 102
105 267 7 7
210 565 49 50
173 236 50 61
452 423 5 7
571 168 48 53
248 399 107 117
323 100 3 5
249 280 73 81
322 424 4 7
146 437 54 57
397 318 9 10
349 313 31 38
355 568 114 114
367 158 36 39
145 297 24 24
38 263 36 47
590 528 1 3
58 246 60 64
453 312 11 16
146 550 100 100
444 548 70 75
558 436 23 42
408 477 67 68
371 82 73 77
17 543 84 92
269 71 1 1
168 184 90 92
48 516 9 15
326 390 87 90
90 233 81 101
292 388 9 12
532 182 97 102
261 36 60 61
363 5 13 13
530 70 13 14
152 11 96 97
268 271 117 123
328 238 30 37
275 186 76 82
350 174 9 13
363 336 21 22
206 188 78 85
271 216 20 22
440 574 50 86
446 263 72 78
87 492 66 75
334 245 9 12
277 42 51 56
320 471 13 19
536 75 44 44
310 190 66 74
526 129 71 73
227 487 83 94
578 374 4 4
428 157 107 108
289 158 63 63
64 171 12 19
87 596 88 105
516 223 88 95
479 565 64 110
249 161 76 82
521 511 22 25
516 167 3 5
120 319 48 50
481 173 57 57
569 216 38 41
151 139 125 125
402 497 51 72
198 351 106 107
313 302 37 44
198 369 32 36
579 223 25 29
525 15 127 129
337 72 56 66
484 201 66 66
23 177 110 115
329 314 77 90
125 136 77 93
64 84 26 45
52 345 84 110
423 546 67 98
256 462 71 83
364 348 57 81
251 98 26 29
338 351 94 96
315 268 18 23
212 398 46 48
477 327 110 114
134 351 57 59
527 148 68 68
560 322 39 55
381 377 15 24
326 309 64 76
215 261 19 27
133 356 29 43
440 102 19 20
143 430 98 105
504 477 40 41
572 265 62 79
488 456 72 75
308 62 73 74
60 285 22 33
108 160 97 103
299 46 31 32
533 420 25 26
67 156 34 49
373 368 5 6
223 379 83 86
589 261 62 63
440 313 52 63
530 412 57 64
587 541 66 74
389 323 52 85
401 358 24 24
166 161 28 29
14 521 22 27
199 381 36 36
112 375 57 62
80 469 100 100
202 346 19 20
592 407 39 50
92 432 60 63
387 186 23 27
348 304 23 31
173 28 52 59
142 496 25 28
281 545 47 47
472 374 39 56
121 582 84 91
452 286 91 92
515 178 56 56
92 566 56 57
337 510 66 67
216 251 60 64
445 62 14 16
514 120 43 45
516 383 26 26
464 31 23 25
388 347 75 77
244 143 88 112
559 222 91 96
4 87 5 5
155 206 54 61
152 457 89 119
595 505 34 39
227 69 32 48
570 304 56 57
401 6 42 59
47 333 13 16
42 187 26 35
52 92 102 107
166 133 59 62
191 200 29 35
232 436 39 46
20 404 101 109
520 11 118 121
555 377 90 122
491 444 24 28
438 528 75 112
266 561 53 92
435 400 31 32
261 171 21 24
312 153 47 52
448 431 81 83
320 264 85 122
576 83 4 5
294 171 16 21
584 25 56 65
415 365 103 109
269 433 51 52
501 520 49 50
149 83 89 103
161 435 50 51
157 404 7 10
459 225 87 103
511 229 8 9
247 358 88 95
28 480 40 48
86 437 49 56
354 557 51 57
302 211 13 14
557 260 61 72
561 549 83 93
210 426 58 100
111 293 29 30
245 217 31 39
95 261 25 29
210 427 4 7
52 303 44 51
482 533 27 34
349 377 101 105
143 498 15 20
579 235 28 28
30 216 39 46
78 226 82 106
430 382 21 24
316 524 109 116
317 393 49 68
295 500 82 84
198 18 38 41
562 539 13 18
48 497 34 46
449 328 52 81
47 313 78 81
81 54 60 86
570 318 72 104
148 66 54 54
360 218 13 14
376 550 42 43
442 0 25 25
570 259 69 116
151 45 11 14
156 577 6 6
224 118 34 35
67 330 51 55
458 193 57 67
176 43 74 83
199 304 11 13
181 430 87 102
552 197 36 53
234 313 1 2
347 548 12 16
349 166 34 39
45 514 39 54
105 418 71 77
131 519 1 2
34 407 56 80
126 493 26 31
557 258 52 52
124 116 1 3
59 45 84 104
598 567 72 104
423 369 58 62
592 216 2 4
31 258 52 79
490 592 19 19
256 8 42 44
368 384 5 6
176 247 5 7
300 357 83 103
528 10 7 10
496 11 57 57
84 364 14 18
493 453 67 94
181 7 41 42
133 26 7 8
363 313 69 77
530 379 35 35
434 179 30 36
495 335 32 36
149 361 68 69
555 410 4 9
167 20 105 109
112 161 102 104
89 515 6 7
254 356 3 6
92 67 46 57
568 559 8 14
576 61 91 98
531 384 2 3
218 485 120 122
200 365 32 49
274 570 39 43
284 429 71 93
323 310 59 73
343 338 19 23
50 313 6 8
489 366 50 65
294 320 3 4
246 21 30 32
24 321 62 64
190 157 61 63
506 572 58 65
378 266 35 35
468 465 35 36
107 142 113 113
556 510 43 43
3 35 8 11
391 473 103 107
416 210 70 94
313 312 53 73
462 506 98 124
390 534 82 85
361 257 89 103
38 331 73 91
550 28 51 56
451 380 8 11
461 563 44 45
81 89 45 68
269 489 65 65
292 84 13 15
559 420 48 72
207 334 95 98
160 167 38 50
513 157 17 19
148 466 22 42
133 210 71 95
257 281 103 104
307 374 100 101
320 504 47 50
3 283 69 75
176 250 74 106
162 232 68 72
244 548 71 71
598 262 31 36
542 384 68 80
299 413 67 70
247 88 88 91
332 513 9 12
366 502 62 83
136 135 76 106
3 436 54 71
152 336 25 25
189 443 72 85
277 21 119 122
322 353 56 61
98 116 74 74
334 470 21 23
266 470 7 8
200 289 65 66
86 219 71 73
510 160 38 61
316 62 15 16
344 109 62 67
384 441 87 105
203 261 60 75
533 451 43 46
98 22 66 83
338 420 19 19
498 59 3 4
31 39 84 88
160 135 76 104
49 296 75 79
489 408 65 91
514 96 59 59
495 379 29 29
269 358 1 2
158 285 6 7
160 395 10 10
513 138 0 0
92 591 60 64
39 479 110 112
234 551 94 104
263 328 57 57
298 350 18 27
182 297 90 103
274 107 43 46
79 579 84 84
330 508 62 72
155 116 44 48
424 297 95 105
40 567 5 6
469 242 27 28
476 52 50 76
49 13 65 77
63 301 59 79
193 531 77 90
578 581 57 73
278 74 12 12
319 234 40 40
74 224 45 47
377 248 14 18
165 344 46 62
515 579 44 57
340 561 52 52
350 223 24 37
321 226 41 43
416 156 16 24
126 494 19 22
281 132 82 117
482 321 70 75
379 248 67 100
261 376 71 71
270 571 32 37
265 224 33 33
109 416 23 29
178 284 38 41
75 466 3 5
492 216 101 125
49 209 34 36
246 97 100 120
40 510 32 37
386 270 86 97
535 428 80 86
301 39 96 103
558 537 101 105
403 110 95 109
273 178 92 112
323 135 37 58
530 397 68 103
371 548 76 80
6 501 52 55
526 164 20 24
310 557 106 112
298 184 38 50
276 178 12 12
322 237 72 72
203 68 67 67
597 187 6 11
502 428 82 90
558 346 58 97
373 409 28 41
321 189 65 90
424 130 35 36
417 404 53 64
587 76 18 27
551 351 26 30
294 175 81 111
344 435 32 33
550 529 27 30
496 512 10 10
534 337 55 80
589 147 31 34
47 517 41 56
288 410 18 19
137 258 77 98
174 239 47 84
179 65 28 32
214 196 46 48
146 443 97 99
584 80 46 75
328 538 11 12
111 177 57 74
146 93 93 94
521 485 42 71
423 33 11 11
437 594 8 16
162 417 17 17
3 55 94 94
421 586 108 115
184 480 6 10
410 227 37 37
49 141 9 16
145 311 22 26
83 240 70 115
278 280 71 72
237 537 15 20
113 382 44 47
246 14 14 17
585 261 14 15
287 516 43 47
117 411 67 114
352 385 24 26
223 205 51 65
375 104 34 39
149 271 44 48
247 515 42 52
462 409 18 27
507 480 15 16
359 61 107 117
183 278 18 20
216 106 112 121
15 539 42 49
379 482 81 83
158 431 52 59
174 103 101 112
470 488 55 57
586 80 86 89
437 139 27 42
192 552 108 117
497 589 28 29
324 492 88 91
402 275 60 80
257 345 11 17
348 574 55 64
131 459 36 36
395 298 104 109
478 224 20 23
254 341 35 35
173 254 6 6
122 297 0 2
391 291 33 35
425 209 105 111
503 164 29 30
523 19 19 20
113 19 35 37
42 141 97 98
493 308 40 50
456 543 56 58
326 451 47 57
111 79 42 42
215 356 40 67
576 205 118 129
44 68 79 89
398 436 16 17
432 519 18 25
325 303 89 92
471 360 82 86
293 583 4 4
80 104 55 84
67 570 64 77
154 528 36 60
495 399 11 12
582 334 40 47
300 159 24 41
280 64 3 3
540 335 56 91
416 337 56 77
133 85 45 47
432 539 61 71
49 219 43 45
387 372 78 90
456 542 49 56
441 573 9 10
463 29 65 65
300 170 96 121
19 250 79 86
238 70 55 58
532 575 98 99
259 79 65 97
289 42 11 12
125 279 58 83
423 509 22 22
588 136 40 41
472 333 38 45
380 297 9 9
15 8 109 117
58 586 55 57
258 163 17 22
537 274 25 30
317 467 14 14
501 180 69 71
325 576 85 94
93 194 47 68
49 12 105 108
20 235 40 47
502 334 14 14
57 530 91 122
357 238 109 112
476 53 24 24
178 533 16 23
285 286 98 116
448 303 76 77
249 362 82 92
17 536 14 16
141 575 58 65
121 103 44 49
228 572 72 76
581 108 60 71
5 348 12 12
91 539 46 51
485 17 51 51
583 206 29 31
390 55 42 55
428 94 5 6
417 203 27 31
345 174 53 71
247 210 6 6
406 528 46 46
415 573 114 117
18 176 80 100
14 36 95 99
338 596 101 117
501 536 16 20
15 414 43 77
197 214 64 79
280 376 34 44
579 9 57 57
44 244 90 95
279 382 30 34
182 169 96 101
165 413 38 48
338 75 45 59
110 36 73 73
160 116 80 106
182 283 11 12
333 236 18 26
170 155 68 73
438 447 89 91
241 522 64 69
125 437 52 54
341 57 81 83
184 114 55 80
92 592 107 121
141 174 72 94
493 211 19 20
234 101 112 119
233 579 54 67
205 426 26 36
319 441 84 85
364 1 10 11
109 305 62 87
557 434 83 131
166 361 19 24
466 380 3 5
357 268 21 22
141 24 98 99
104 484 102 110
219 581 79 91
90 441 39 39
19 235 30 40
496 409 72 76
118 238 63 86
31 134 70 74
205 312 41 44
593 287 62 64
20 179 102 103
283 590 75 80
280 22 69 99
148 516 9 11
252 366 12 12
470 246 106 120
22 406 32 37
453 15 82 83
146 515 62 69
83 129 18 22
211 155 42 48
512 285 102 112
127 55 40 52
196 11 96 98
483 596 32 36
28 17 6 7
541 391 0 1
119 387 32 33
495 438 2 2
431 187 29 29
131 273 78 112
176 67 70 89
578 231 66 82
11 234 3 5
351 219 5 10
408 348 22 23
209 449 39 42
5 477 50 61
526 141 63 82
374 358 63 77
361 83 74 126
438 88 56 57
463 187 52 77
355 577 91 114
144 294 42 43
362 139 49 62
438 552 6 7
593 544 27 34
431 100 6 6
589 167 68 88
343 551 60 61
334 395 112 112
174 589 8 14
259 216 32 45
505 249 0 0
471 405 35 41
261 594 109 128
356 318 83 89
89 37 5 5
428 332 17 20
586 301 21 21
223 101 84 101
66 587 6 7
140 571 20 25
375 431 8 9
592 431 120 121
298 418 37 43
353 200 65 84
119 559 59 66
108 88 69 80
446 333 82 84
227 307 19 20
337 100 6 6
74 53 100 104
24 342 13 23
17 82 24 24
198 395 28 42
346 29 101 101
333 97 36 51
47 298 81 90
482 199 6 10
16 587 73 89
59 125 68 107
365 172 35 44
24 351 68 69
264 474 8 8
273 76 44 55
324 592 36 37
47 325 16 20
364 248 32 33
303 9 56 58
324 552 113 121
292 90 106 109
588 137 32 33
64 8 95 96
377 550 85 102
501 560 20 21
533 84 109 111
216 534 105 117
415 326 74 88
209 326 41 47
530 186 105 113
469 210 60 68
481 243 60 67
509 181 52 79
275 170 52 60
240 442 92 92
103 262 76 119
363 473 99 100
326 332 3 5
124 411 57 72
261 413 62 73
292 537 26 29
400 574 9 9
304 11 101 113
492 184 113 120
47 573 113 113
522 452 37 54
311 561 82 109
164 401 52 88
104 253 121 122
8 592 5 9
310 427 114 114
588 425 16 19
243 311 15 15
337 301 109 113
303 412 77 122
478 290 43 43
49 147 14 16
65 237 20 22
510 95 17 26
54 283 15 18
315 405 13 14
194 220 6 7
507 496 64 65
339 364 64 76
151 460 15 15
492 216 30 55
203 337 69 71
543 455 51 65
375 273 26 29
121 292 53 57
209 461 74 77
547 370 65 65
47 554 92 114
209 51 2 4
147 276 5 5
373 211 71 80
93 319 17 19
596 487 108 108
21 312 56 65
517 57 41 42
319 561 74 110
272 176 28 32
359 552 60 61
374 233 14 17
401 515 20 21
418 252 24 25
244 16 75 97
431 19 25 25
280 450 30 35
318 69 40 46
481 13 21 21
186 598 48 49
79 371 100 101
551 44 22 30
214 249 56 72
308 414 51 53
23 586 34 42
490 360 22 25
509 534 23 32
132 99 49 68
445 268 12 15
301 348 4 8
535 102 7 7
202 12 64 70
314 418 32 49
504 251 86 98
367 374 92 104
330 366 85 87
254 278 17 26
482 342 12 15
139 467 76 80
332 309 13 15
423 91 84 97
18 35 25 30
216 51 34 34
371 415 62 106
246 210 63 71
530 123 83 107
11 366 1 2
546 41 58 59
85 474 55 55
78 588 15 17
50 31 6 6
288 466 23 32
595 539 9 19
66 474 43 58
463 166 52 58
18 286 102 112
501 105 84 104
165 19 73 78
572 508 108 123
325 183 1 1
325 480 41 45
387 59 74 109
129 413 44 53
537 286 2 2
444 332 76 106
119 334 4 5
290 232 11 13
545 90 75 88
105 44 60 74
128 430 64 67
66 447 5 5
276 200 113 116
457 162 56 61
481 114 67 77
225 147 117 123
234 159 67 72
521 559 109 125
526 488 97 102
118 76 36 37
129 178 10 16
325 455 58 70
378 122 6 7
346 153 77 91
341 584 14 15
138 309 64 65
249 219 89 91
495 241 36 36
332 436 34 35
408 273 81 92
190 83 83 84
547 583 77 77
429 404 123 129
99 311 12 12
142 546 5 6
239 573 8 9
534 431 67 72
597 233 12 12
388 127 80 82
347 186 25 25
452 415 14 17
183 43 60 72
75 376 5 5
417 176 32 53
209 37 62 80
369 487 28 40
427 218 72 79
520 219 28 41
361 224 3 5
447 344 57 58
405 546 36 42
455 545 94 110
148 178 50 51
298 26 100 114
76 160 27 29
405 547 33 40
581 444 60 66
290 334 22 29
354 133 8 9
485 51 3 5
428 276 67 89
519 117 27 27
189 141 86 93
405 598 82 84
13 412 32 36
564 173 60 96
532 340 9 10
296 502 6 6
216 146 47 48
67 369 43 46
368 402 83 91
272 453 31 47
194 129 44 63
33 226 62 66
353 499 66 94
486 403 0 2
180 284 60 61
510 323 44 44
155 329 58 63
294 500 66 101
70 1 86 119
369 372 78 81
370 20 41 48
109 526 104 126
424 66 13 14
59 514 66 77
159 252 65 67
341 414 36 37
98 300 56 56
541 18 42 42
229 370 47 58
202 508 96 104
391 257 14 18
591 547 61 87
497 291 9 12
587 319 65 93
189 421 72 116
89 167 78 114
554 68 66 80
107 104 16 16
95 366 66 66
543 461 122 123
24 321 6 7
522 531 47 60
247 542 68 75
549 438 65 91
329 422 7 7
86 178 17 21
96 397 24 30
419 446 36 37
345 541 29 32
71 269 14 16
150 2 63 96
154 465 59 107
277 410 10 12
211 0 14 26
338 215 4 6
150 463 45 64
272 14 97 98
182 214 57 83
44 174 44 48
189 202 4 6
147 208 87 87
283 181 41 47
338 567 34 46
444 413 54 54
31 494 85 107
438 581 64 90
270 88 56 98
27 167 78 86
520 281 74 108
112 67 34 46
66 165 71 77
563 388 92 105
154 521 69 71
470 572 10 19
196 444 84 90
470 471 48 49
286 210 46 58
76 267 61 80
426 201 105 117
554 358 77 84
598 21 53 58
338 412 13 14
432 314 11 12
409 560 47 56
195 176 5 5
140 87 39 55
388 263 8 9
45 82 72 73
193 278 96 96
235 542 41 41
419 151 26 26
172 146 45 54
592 256 10 12
494 396 15 19
162 424 64 118
265 12 19 25
469 400 15 15
373 35 83 84
123 126 31 35
57 236 22 23
240 567 1 1
579 536 39 58
126 92 73 83
154 133 68 77
65 489 87 97
46 574 54 63
444 297 33 33
285 102 65 93
176 70 41 50
175 567 16 18
62 169 24 40
533 433 59 78
573 399 59 67
350 44 19 19
31 263 76 79
36 136 66 99
116 490 57 65
12 179 35 41
554 583 81 104
280 589 77 99
4 592 123 123
113 143 42 53
409 380 27 28
346 310 104 108
294 547 12 12
396 49 39 41
598 218 93 112
92 384 9 14
438 13 19 21
4 330 79 93
394 320 105 106
55 560 55 68
554 253 74 77
510 581 21 24
297 285 22 32
144 9 77 88
540 70 73 73
43 520 34 40
298 144 13 24
378 138 66 75
227 136 17 21
385 403 81 84
285 346 6 6
166 452 64 65
120 406 33 42
80 367 54 60
256 482 56 58
313 155 1 1
4 584 82 95
495 47 65 65
299 320 63 68
466 220 111 123
164 243 12 12
11 266 79 81
508 183 92 110
596 177 6 7
299 514 114 115
19 500 66 78
212 526 74 79
288 182 12 13
96 584 31 34
24 557 85 88
10 554 121 122
92 303 29 32
410 87 19 20
454 260 114 115
390 523 74 83
379 548 53 76
112 307 65 65
480 265 43 66
218 225 57 58
598 301 55 69
394 339 75 129
15 529 18 21
475 342 4 7
265 499 35 57
202 333 43 62
534 187 111 111
0 196 44 49
524 334 57 63
200 77 18 26
534 353 78 82
180 378 66 68
384 105 7 8
275 410 24 26
57 383 100 107
410 482 105 108
374 86 28 28
303 256 88 107
541 182 46 48
304 385 74 92
0 296 58 60
507 351 97 109
54 129 23 24
547 50 35 35
381 188 34 50
286 114 78 120
233 474 63 74
177 455 71 89
406 277 65 73
222 29 3 4
24 365 119 124
449 106 33 36
76 516 39 52
462 359 2 3
323 231 14 18
520 381 17 18
249 36 7 7
434 131 22 34
33 460 26 39
390 509 65 88
109 136 71 83
371 483 8 10
171 365 66 67
287 574 58 65
569 226 78 86
141 272 90 117
110 238 44 53
465 525 110 116
276 487 9 11
419 77 18 21
194 485 73 74
343 214 31 40
194 73 97 99
219 95 62 82
249 508 66 104
77 202 99 101
543 399 73 122
565 329 97 110
576 37 38 41
586 577 32 37
246 343 84 108
86 150 35 48
70 259 68 78
217 508 81 81
258 239 24 25
184 267 30 38
566 317 24 26
364 405 81 82
321 540 1 3
398 145 77 78
233 506 65 72
124 511 118 118
152 477 24 29
2 517 56 72
86 57 20 27
304 550 101 102
577 436 78 124
134 228 42 43
19 452 14 26
121 327 36 41
255 428 20 25
597 122 48 48
357 164 28 32
119 403 58 59
484 88 92 107
435 545 22 27
56 386 17 17
476 248 102 108
17 403 53 78
253 514 30 31
261 119 77 87
532 372 45 49
56 433 127 131
449 125 25 33
285 394 31 34
497 59 78 85
395 586 71 81
80 43 10 14
57 9 38 40
268 247 49 53
439 329 68 74
565 280 20 21
336 254 71 91
64 579 3 5
13 166 20 21
437 167 10 19
247 17 61 72
588 237 41 59
334 556 67 89
246 263 61 61
348 474 102 105
524 419 16 24
467 49 48 60
93 90 50 52
270 414 27 29
216 364 127 128
539 96 25 29
180 15 4 6
142 509 27 31
17 120 81 107
200 94 26 27
237 462 3 4
166 504 17 19
149 212 12 14
470 352 7 11
47 327 68 95
8 500 3 4
158 141 20 30
450 310 57 58
473 383 79 101
226 332 45 45
593 256 93 94
264 137 61 71
414 4 2 4
427 139 13 18
312 301 32 34
479 254 28 30
75 363 114 122
67 343 36 36
75 492 55 68
371 145 34 35
245 48 1 2
555 475 22 28
500 109 6 6
548 509 25 32
576 233 34 37
162 267 40 43
211 437 12 16
79 560 76 78
70 68 25 35
275 144 7 10
25 323 6 7
527 457 40 45
310 586 75 124
435 237 51 54
259 415 21 29
30 79 46 54
350 161 71 80
106 9 24 25
475 458 80 90
46 572 84 84
579 597 76 89
109 201 93 101
516 582 109 109
98 283 2 2
342 384 88 89
197 445 65 68
555 3 39 40
265 118 37 51
93 29 42 51
70 344 57 70
2 283 97 110
344 337 88 98
328 166 37 60
33 593 14 14
302 247 46 64
333 134 88 90
295 40 35 35
173 270 94 116
586 51 5 6
447 545 46 47
270 23 6 8
365 201 73 81
407 20 21 24
477 166 93 99
119 508 84 95
346 269 99 104
457 466 49 52
488 88 81 97
23 316 7 7
497 16 62 76
17 308 31 32
43 557 86 90
36 177 96 101
224 197 83 102
448 325 68 78
401 196 49 60
181 356 115 122
210 104 37 37
80 484 60 61
232 257 1 1
339 114 23 42
263 230 93 118
255 36 51 55
39 552 37 38
465 287 53 90
201 521 78 78
532 303 77 102
200 580 3 3
280 1 22 24
503 68 6 6
578 554 32 39
581 379 6 6
457 91 84 106
468 391 5 10
257 518 77 82
321 82 1 1
473 442 105 109
291 298 28 31
23 192 10 10
216 149 51 57
59 147 54 80
531 203 14 17
300 164 45 45
163 99 27 41
484 458 34 34
468 254 7 15
390 136 92 104
503 323 16 23
298 431 22 22
331 321 73 79
459 371 78 86
360 411 49 58
360 213 84 92
29 4 95 120
341 343 21 23
456 286 109 109
244 264 101 106
473 48 41 43
438 557 11 13
453 225 69 78
396 467 78 79
360 81 72 84
331 101 18 18
554 97 99 105
576 546 8 10
343 49 19 20
526 378 56 72
597 92 20 27
205 544 95 102
469 11 1 2
442 499 66 66
272 197 26 34
433 393 21 28
421 292 69 81
22 563 52 66
433 326 61 61
597 368 14 14
429 229 9 9
209 482 47 69
86 398 64 75
507 33 36 38
126 472 89 98
117 65 87 100
236 211 22 22
171 368 9 12
112 350 122 123
176 232 17 18
191 555 81 112
415 568 60 67
71 537 18 19
374 390 56 91
348 578 27 33
247 580 13 17
514 77 17 19
185 388 51 81
106 252 52 55
592 538 45 62
375 176 47 48
373 117 74 110
331 264 75 77
554 71 80 81
483 516 57 61
568 73 99 102
375 273 89 97
235 435 50 51
145 57 53 56
61 117 7 8
476 544 73 88
152 53 105 108
288 374 44 77
28 377 90 107
456 94 81 84
369 472 62 65
0 26 1 1
554 312 16 18
86 535 99 116
187 256 57 61
131 118 62 71
97 390 38 46
278 233 17 30
126 263 63 84
300 165 65 72
41 494 23 27
331 515 14 22
121 296 20 28
473 44 102 108
80 67 57 57
559 297 9 10
439 126 57 70
251 159 103 103
376 335 14 21
575 320 7 8
329 495 47 57
448 579 60 64
589 29 15 15
349 137 53 54
111 273 73 73
1 272 97 103
49 406 99 100
221 319 29 37
550 385 57 88
552 511 43 60
141 156 13 13
211 237 12 13
286 356 11 11
113 525 81 83
258 179 88 102
544 204 80 81
285 562 28 28
584 2 81 90
97 548 76 79
146 441 61 67
58 302 29 30
87 290 14 21
293 584 108 110
336 530 1 1
183 92 58 61
458 359 34 38
286 1 65 83
520 537 32 35
168 154 84 90
203 514 127 129
28 442 18 26
101 434 128 128
392 33 59 68
12 252 10 13
425 334 49 61
460 350 70 93
391 57 70 103
425 419 103 113
317 415 50 52
265 199 100 112
587 171 14 19
584 296 65 103
459 521 74 89
268 400 16 19
398 230 51 61
49 418 91 99
273 435 22 35
550 583 88 118
429 534 55 60
381 421 24 30
84 32 71 86
231 230 90 105
58 173 85 100
376 183 100 106
124 424 56 65
101 217 49 65
316 150 61 95
391 51 91 98
448 587 81 117
364 459 11 20
291 567 24 25
3 289 74 101
294 398 42 47
4 354 26 26
101 531 38 38
78 496 50 50
346 576 22 25
30 37 53 58
329 135 109 115
465 333 100 100
213 255 70 82
55 451 38 43
66 25 81 95
146 576 16 17
66 246 85 91
305 64 12 16
282 253 61 79
440 119 3 6
450 349 10 11
581 120 36 40
426 125 24 29
65 195 81 87
556 257 98 99
497 310 3 5
267 466 22 23
584 497 31 57
214 559 27 34
320 361 76 77
13 240 94 111
91 362 37 48
562 147 38 48
499 27 69 103
522 150 13 13
521 505 63 83
448 62 74 79
465 442 10 16
97 358 85 123
49 12 26 31
209 299 32 33
339 310 11 16
218 449 77 79
317 396 52 75
586 398 82 94
513 220 83 85
454 339 74 74
347 460 19 21
495 334 14 22
359 349 22 33
31 510 35 35
556 537 99 102
167 490 51 53
421 385 10 15
41 113 93 98
559 213 56 56
104 201 13 14
226 477 100 112
348 587 23 25
316 486 54 56
457 362 38 40
438 67 43 45
106 272 9 9
80 410 9 15
264 354 16 26
26 353 80 123
513 105 49 78
45 456 4 6
575 347 6 6
431 436 77 86
39 266 61 72
166 51 92 112
323 100 85 87
420 173 51 58
423 459 52 56
117 280 103 111
258 32 83 101
295 109 39 45
203 534 93 95
409 268 24 24
146 241 101 112
430 329 35 44
343 360 38 61
249 439 7 10
518 141 77 88
465 263 58 61
52 216 2 2
421 104 86 89
530 422 73 93
292 291 63 97
407 594 45 47
332 370 60 64
459 579 67 79
273 296 35 42
352 340 7 11
3 537 48 70
49 145 30 36
566 143 59 65
190 71 10 16
351 42 109 123
151 191 31 56
236 138 12 12
283 42 85 95
568 441 37 44
330 475 38 45
118 489 34 36
302 198 39 49
394 435 17 25
243 513 17 19
74 385 81 85
288 191 86 98
435 188 91 108
199 553 65 108
456 497 45 51
409 408 18 21
262 461 33 54
179 118 71 76
555 433 18 23
56 584 58 81
595 503 81 85
397 43 56 58
134 38 91 92
11 574 19 29
393 444 41 42
5 199 72 126
72 31 3 4
60 250 57 66
46 172 48 49
201 274 106 112
297 501 19 22
281 360 80 86
344 356 62 109
488 131 25 31
551 220 72 74
312 346 71 79
60 598 117 117
308 239 39 43
252 430 50 56
19 67 66 78
589 327 115 116
158 136 42 54
473 202 26 28
223 275 47 64
587 26 65 77
467 131 27 27
78 227 16 17
189 531 86 129
292 571 66 85
536 207 10 14
550 197 91 92
220 77 15 18
489 115 73 81
387 491 96 105
194 159 25 38
104 556 110 122
543 393 17 19
220 180 23 28
66 76 99 123
331 23 115 127
366 324 101 102
535 117 75 76
129 302 8 10
252 384 6 9
122 55 57 58
490 362 11 13
154 137 108 110
136 575 29 29
183 499 74 100
229 454 37 41
433 459 101 111
453 423 3 3
433 3 1 1
158 223 34 43
366 103 38 43
0 281 12 14
73 170 53 63
339 586 125 127
432 484 84 93
114 215 102 104
146 304 24 31
523 235 58 66
180 379 42 60
218 349 32 36
188 97 47 63
216 256 76 78
353 28 72 73
21 464 83 87
29 369 63 105
121 482 1 3
204 546 70 98
521 591 48 49
57 406 54 61
499 176 15 16
340 17 17 23
7 574 71 90
167 296 29 37
192 384 59 84
129 72 73 91
526 574 50 54
185 261 66 66
54 96 57 59
544 49 21 31
402 524 36 59
382 101 2 5
118 552 51 73
95 300 74 115
93 377 86 100
512 16 105 106
63 61 82 89
407 218 59 70
122 271 11 14
182 593 62 69
391 355 73 101
384 79 102 102
385 347 13 13
356 42 55 58
23 259 28 31
227 420 89 93
29 491 5 6
248 75 15 24
554 345 98 104
596 414 28 29
487 350 106 113
405 540 49 72
262 588 6 8
195 79 12 16
233 11 27 35
520 233 51 51
581 421 42 56
444 102 39 52
172 126 6 7
377 432 7 8
247 488 56 62
59 453 26 37
122 528 17 19
382 425 94 100
194 221 47 62
34 9 43 47
166 594 7 15
7 224 66 96
231 277 66 66
368 502 21 27
412 208 45 46
168 67 2 4
266 598 31 32
441 172 16 24
502 584 94 104
12 489 28 28
555 596 61 63
7 34 64 70
403 78 44 59
14 234 87 88
216 424 76 105
45 105 69 80
60 461 92 104
101 534 12 15
531 450 26 35
39 233 45 71
63 314 20 30
343 268 61 99
530 59 75 75
168 394 59 69
206 318 54 83
1 129 65 111
194 587 67 87
385 187 99 101
413 23 116 116
426 486 57 79
433 380 11 13
219 33 47 64
93 526 22 23
479 457 64 64
329 215 79 87
372 503 38 41
286 382 53 54
460 561 119 121
313 498 26 27
534 550 110 120
543 192 79 105
165 112 41 43
130 105 0 1
369 230 61 89
278 329 53 59
144 371 4 4
162 192 66 67
284 551 4 6
224 341 112 118
341 562 52 62
272 455 31 31
46 292 77 93
143 540 14 14
52 160 57 61
197 491 31 34
448 216 78 80
362 562 103 117
61 554 64 75
510 557 36 52
302 118 34 34
127 558 69 74
392 400 87 97
43 70 15 17
99 222 77 84
570 64 40 44
241 476 14 15
304 145 94 101
574 110 57 79
98 23 66 80
440 380 48 73
130 278 99 103
45 38 61 72
433 351 18 20
332 464 25 26
199 130 8 8
298 386 78 87
401 390 34 43
526 9 67 70
502 22 92 106
314 397 81 95
588 299 23 23
416 375 83 87
278 47 62 82
515 390 18 25
189 428 50 66
547 306 46 53
263 399 92 94
242 11 9 10
469 420 37 45
470 243 110 110
565 46 122 124
244 464 97 105
467 320 23 26
307 120 91 97
371 351 28 34
569 556 42 52
290 437 21 23
530 323 2 3
393 94 72 74
156 390 28 29
237 451 39 40
408 463 48 54
307 431 2 2
581 216 51 77
474 418 73 88
148 75 27 29
49 284 68 71
329 390 92 100
152 296 112 112
116 138 10 13
326 485 57 94
466 548 85 102
447 27 24 26
463 285 55 57
328 130 47 74
499 500 35 38
418 559 26 26
200 100 66 76
0 445 100 106
310 452 25 28
110 534 36 48
426 309 15 27
257 119 41 77
591 90 39 67
430 51 43 47
382 444 2 2
284 272 13 17
192 475 78 113
584 458 58 86
585 19 120 131
95 501 33 36
155 54 14 23
521 66 48 50
551 20 35 41
290 31 14 15
458 11 111 111
545 359 21 25
7 373 41 73
546 279 57 57
399 38 76 89
86 81 43 56
317 467 118 127
222 87 40 52
47 377 55 86
105 100 35 39
552 484 63 94
277 172 49 69
340 137 18 20
411 262 27 43
315 154 54 70
25 505 32 35
484 50 3 5
59 262 45 46
222 532 77 77
25 497 33 38
579 497 40 58
154 445 99 108
238 400 84 88
133 267 30 40
544 55 10 13
138 572 26 26
449 586 30 45
487 261 70 75
11 500 27 27
20 275 52 55
8 243 13 14
340 374 15 19
435 208 7 8
472 495 8 10
142 22 75 93
130 53 92 101
99 120 59 91
393 540 67 81
353 236 94 115
203 430 0 0
522 576 39 39
77 484 23 33
319 472 26 30
299 478 11 17
317 58 69 81
192 487 54 60
478 593 11 16
161 429 19 19
387 298 3 3
83 432 48 48
290 59 54 78
322 470 45 50
206 121 20 20
186 593 79 85
317 590 44 58
525 390 40 62
351 30 1 1
174 328 46 50
117 399 10 14
293 540 19 26
414 278 57 60
297 207 12 21
207 488 56 72
388 170 74 85
322 539 48 55
367 356 64 105
537 484 18 20
451 576 78 85
145 414 60 80
92 266 3 5
214 197 50 54
221 494 85 89
49 165 105 109
259 173 52 68
415 535 47 52
62 5 36 41
565 289 101 117
232 375 0 0
224 596 22 30
140 485 2 3
371 28 70 71
398 63 58 77
323 156 95 106
493 84 60 79
510 427 61 62
490 156 9 11
519 228 17 19
589 333 104 123
70 42 65 69
49 510 69 82
44 448 17 19
591 458 76 87
525 137 15 17
560 241 92 99
131 191 74 121
246 236 31 50
91 394 45 54
244 16 62 102
11 64 8 14
543 504 41 47
569 499 97 107
328 139 60 85
384 100 47 56
304 68 64 69
62 50 2 2
342 1 57 60
224 595 26 28
292 183 52 64
7 283 17 18
332 5 6 7
175 227 60 65
266 141 25 28
568 224 36 55
210 555 33 45
594 468 54 54
273 258 73 106
414 140 33 34
396 426 22 32
86 585 9 10
4 284 2 2
88 335 24 24
113 472 35 36
109 576 52 61
539 533 105 128
423 162 90 103
426 513 76 88
86 518 85 110
404 81 61 105
477 1 41 41
105 500 21 22
39 498 20 20
346 524 6 7
287 383 1 1
418 162 46 48
237 406 20 24
530 549 89 114
28 253 82 94
229 209 75 105
549 376 77 77
527 410 3 5
60 59 13 25
210 62 42 62
7 493 51 54
308 488 38 59
103 240 107 116
88 19 81 91
545 506 84 86
533 459 37 38
562 94 40 48
70 311 26 34
451 319 71 75
106 498 27 32
415 263 33 33
249 153 3 3
295 73 98 102
363 268 42 43
32 23 16 27
266 158 98 103
412 584 73 74
400 405 44 63
352 40 43 56
514 0 108 109
28 573 9 12
136 278 75 84
0 376 63 110
262 433 26 29
505 512 56 82
465 515 36 37
549 0 24 30
138 313 65 65
310 243 34 34
138 513 38 56
431 93 10 16
181 51 77 77
97 272 30 40
340 218 14 18
40 26 39 59
212 355 108 118
240 9 71 106
70 577 12 18
540 6 57 78
247 518 64 72
79 408 42 42
269 315 114 115
205 114 79 87
37 392 13 19
452 235 93 98
454 550 19 26
329 591 49 56
246 198 16 17
576 258 9 10
266 466 45 48
468 184 108 116
363 162 46 62
504 124 55 61
366 284 2 3
247 119 55 68
275 159 23 24
323 294 67 75
327 358 46 68
502 471 1 1
169 10 3 4
326 452 84 115
302 563 26 33
340 11 33 36
321 598 38 51
95 98 98 107
245 189 47 60
578 467 0 0
220 122 27 30
541 530 24 38
86 379 12 23
368 373 24 24
389 486 48 56
343 582 50 53
181 210 49 68
91 489 55 86
18 529 71 87
525 423 114 118
159 290 82 89
452 21 74 90
538 346 75 99
596 597 89 108
559 589 112 122
87 63 17 19
263 51 50 56
537 212 64 65
26 191 70 79
349 50 20 24
295 528 31 33
259 518 3 6
361 581 26 29
166 193 26 31
66 288 13 13
495 3 1 1
200 470 65 67
205 152 62 64
92 548 65 69
47 479 62 65
82 66 22 23
485 186 46 49
206 296 48 53
354 252 42 49
211 24 93 95
165 88 16 22
484 29 36 36
316 531 64 85
77 152 53 54
98 586 98 100
415 211 41 47
38 282 49 63
313 42 76 87
527 65 46 77
574 165 92 108
56 226 8 11
150 219 21 32
330 314 38 66
256 360 41 41
431 257 7 11
344 479 16 20
576 329 43 49
557 378 109 112
529 456 29 38
445 516 21 32
201 110 50 53
196 231 36 40
72 144 38 39
183 142 64 65
521 361 40 43
527 94 73 89
598 225 16 16
394 469 94 100
472 520 41 41
244 47 11 11
269 339 17 23
9 264 42 42
323 574 58 67
310 112 69 90
515 219 66 90
21 171 50 51
588 174 58 91
466 485 4 6
84 40 5 6
153 209 41 42
496 51 97 108
258 279 40 50
385 104 84 84
544 283 83 84
85 405 44 68
232 24 51 52
41 131 106 108
198 243 75 103
17 300 85 91
144 0 80 95
393 4 53 60
536 452 48 70
77 355 23 27
130 311 75 83
477 545 43 45
528 226 55 61
342 226 27 40
580 360 43 45
463 182 33 56
48 462 8 8
318 103 75 80
205 485 60 68
44 64 40 48
567 509 4 4
370 272 51 72
357 397 59 61
36 509 5 5
12 164 37 53
263 439 15 17
158 7 31 52
52 49 73 105
16 414 75 95
347 72 30 34
146 31 48 61
221 531 70 91
540 285 113 120
46 450 46 47
59 230 47 48
509 7 22 28
586 47 60 60
332 281 36 51
82 494 13 13
513 307 45 68
144 1 28 28
144 89 73 79
240 190 53 66
432 129 75 75
582 412 48 53
152 139 96 110
222 38 9 10
165 379 23 35
0 547 81 93
540 9 28 30
493 232 29 46
104 485 75 119
172 161 3 3
130 444 74 79
212 111 101 119
245 502 31 52
329 107 55 70
207 129 75 83
176 124 31 34
464 199 11 16
219 42 11 13
536 226 22 22
573 581 35 43
37 537 44 46
414 313 82 113
517 404 36 38
22 224 41 56
429 372 14 14
200 241 25 40
428 297 67 72
306 479 44 45
487 513 84 87
442 470 14 14
152 431 63 80
300 13 60 75
208 151 13 20
84 113 97 99
141 199 86 93
110 455 68 72
54 184 73 95
408 391 2 5
217 299 97 97
94 166 20 24
460 491 3 3
262 228 96 98
183 124 43 52
394 476 94 96
57 579 63 64
311 98 2 2
182 175 85 93
67 276 6 7
541 383 58 66
329 553 53 54
211 79 43 58
357 268 39 41
437 297 113 113
50 178 12 13
148 246 34 40
369 513 14 22
223 397 75 99
71 167 83 96
6 543 86 113
79 333 87 90
557 208 96 96
18 471 51 53
216 280 74 79
497 390 77 91
3 553 72 131
273 319 12 12
471 545 101 105
212 509 53 54
393 263 22 34
79 267 60 107
549 541 79 126
316 576 1 2
53 197 31 32
78 405 54 61
420 0 25 29
460 285 19 26
168 357 39 41
366 221 74 76
365 593 57 70
598 481 6 9
88 226 2 3
16 576 68 109
420 168 47 68
442 192 14 22
138 547 27 30
594 465 71 109
424 540 7 10
572 265 16 20
343 63 73 75
507 18 67 76
17 582 52 70
73 195 41 55
287 383 61 72
445 338 62 69
28 5 62 65
59 495 53 71
233 370 65 69
584 16 86 97
541 128 83 84
385 28 46 48
516 361 45 47
31 223 58 60
375 121 12 23
463 316 43 43
112 305 66 72
382 26 29 50
297 222 34 43
563 215 102 124
77 547 42 49
23 231 3 6
136 485 89 97
143 116 71 91
296 467 52 70
282 563 35 36
335 137 5 6
514 271 64 68
204 215 25 32
52 113 63 66
305 392 3 3
90 305 38 40
503 53 15 15
516 580 112 119
12 277 61 110
106 108 65 67
211 499 11 15
107 375 59 76
518 434 79 88
78 240 47 83
159 392 11 15
528 383 48 50
253 510 63 100
518 193 105 106
57 78 33 37
415 568 80 101
423 125 7 9
399 338 29 38
151 421 56 68
79 490 33 44
180 563 50 64
470 301 67 74
466 336 96 108
407 255 74 76
510 505 19 19
58 203 57 57
480 13 78 79
289 219 55 59
257 109 30 38
572 124 74 77
171 53 89 119
213 113 67 83
202 578 7 15
43 311 58 87
521 0 74 80
301 251 66 98
193 56 0 2
345 504 6 8
456 65 88 100
235 126 75 84
165 120 21 24
358 557 102 109
217 293 9 10
151 562 1 2
267 306 87 107
237 404 91 92
451 264 67 75
357 90 14 18
128 229 56 82
430 248 36 45
366 537 57 63
104 164 67 72
196 491 84 101
242 145 35 39
162 458 23 26
364 128 12 16
18 24 61 62
485 189 7 7
325 33 7 9
560 110 41 41
27 489 52 52
263 13 18 20
428 290 86 119
313 132 24 26
310 466 82 82
401 403 88 108
389 490 42 45
255 109 62 65
352 515 21 27
562 54 87 102
536 524 38 58
402 458 49 57
339 494 90 100
462 581 26 36
286 416 23 28
279 592 79 105
61 54 26 27
558 588 51 56
116 223 50 72
136 376 19 19
172 152 71 88
297 433 41 49
273 264 73 92
206 340 78 99
173 397 66 84
171 78 97 101
262 596 31 33
1 337 15 21
232 372 90 112
356 18 49 50
456 132 23 31
567 233 74 81
29 206 68 71
164 26 107 110
82 88 84 116
234 53 17 22
485 118 109 113
479 529 11 11
164 439 36 41
32 281 20 23
520 157 86 96
450 434 71 72
316 253 3 4
233 79 32 35
514 301 41 46
170 117 25 33
472 413 16 16
155 122 97 99
379 121 49 57
315 558 25 38
87 319 10 11
297 76 74 106
593 301 90 94
270 208 73 79
155 28 24 32
15 90 0 2
80 338 36 37
577 269 11 11
438 77 5 5
279 397 23 23
541 370 22 22
398 305 25 25
139 370 74 81
307 366 21 25
588 581 8 11
238 508 43 67
485 3 47 61
29 441 17 29
464 377 77 89
340 56 50 57
279 9 26 27
102 166 31 37
296 252 55 58
402 71 100 101
349 62 92 100
158 264 2 4
108 322 31 35
551 214 64 112
211 156 72 72
249 93 79 83
488 44 70 118
535 20 85 87
342 402 17 27
101 75 16 17
429 404 81 90
161 337 67 73
536 28 54 57
183 369 109 109
365 533 18 25
269 176 6 8
11 80 34 60
427 43 108 117
174 341 26 31
171 9 34 43
493 149 20 22
455 383 97 100
379 445 95 114
242 145 37 48
46 264 54 65
590 132 2 3
439 339 49 51
106 540 21 25
481 95 37 37
396 130 25 45
490 51 68 96
350 213 71 81
387 14 69 69
1 417 24 24
377 559 41 50
35 440 100 106
490 0 11 13
194 128 88 92
508 158 80 102
420 137 116 119
32 159 12 21
390 446 13 24
321 482 69 81
375 32 38 53
552 193 7 7
7 336 76 79
580 291 49 50
149 2 31 33
163 253 66 74
245 343 46 49
208 592 86 97
592 438 7 7
549 580 66 101
549 537 69 85
469 167 65 66
80 299 15 21
256 207 11 11
537 388 30 32
10 526 34 38
316 185 55 55
176 59 46 50
482 54 64 78
317 509 47 54
555 451 32 46
147 312 23 40
43 183 59 69
17 131 27 27
218 509 34 44
267 410 75 83
484 403 51 73
154 164 80 93
251 19 26 29
522 348 101 102
193 346 96 110
46 192 7 12
383 570 60 105
53 493 11 12
358 198 64 71
412 383 25 25
377 566 62 64
486 361 92 120
447 492 100 109
74 493 89 90
491 323 83 114
540 145 44 63
579 211 61 66
552 339 70 71
291 257 34 46
413 512 67 68
478 233 44 48
345 73 112 114
64 500 92 99
515 461 23 25
117 465 22 23
208 593 84 84
14 132 29 29
309 140 49 50
547 395 10 16
497 87 50 51
141 85 98 102
416 399 11 18
0 113 68 75
419 97 40 41
589 447 68 84
388 369 80 82
349 261 57 100
83 282 2 2
460 259 88 104
575 296 64 68
38 146 14 14
586 150 44 53
188 447 86 106
153 545 70 72
430 327 55 66
292 350 123 124
271 106 59 68
234 355 33 41
473 312 37 54
427 99 32 33
211 304 73 78
525 489 53 57
136 240 20 21
75 344 0 1
184 296 85 85
325 153 4 7
223 407 5 6
71 17 17 17
238 124 20 21
302 72 75 89
257 197 20 21
237 424 56 56
478 211 82 111
95 198 77 85
113 372 8 11
422 68 42 43
496 420 78 93
401 484 19 19
83 455 86 106
420 15 67 89
460 299 30 40
159 154 22 28
116 35 53 78
111 85 75 76
81 570 5 6
55 237 80 112
185 315 37 48
413 289 37 56
484 402 14 18
409 251 39 48
121 465 41 61
504 296 54 78
591 220 0 2
446 308 11 11
330 78 94 122
113 89 71 75
169 470 53 75
286 161 37 58
477 539 52 79
592 130 61 61
484 270 67 83
330 116 9 11
63 170 22 28
558 352 14 20
257 29 96 99
480 435 35 37
81 359 26 30
470 354 47 70
247 278 102 104
260 124 52 52
359 461 118 120
478 465 100 106
506 137 46 72
381 142 73 81
595 534 74 74
202 366 30 34
522 128 108 122
32 243 82 106
223 295 109 109
23 467 111 111
28 487 29 40
92 112 80 85
82 371 32 53
555 541 8 9
17 363 19 19
218 135 72 78
109 296 33 49
550 552 15 16
562 252 63 71
436 252 69 82
300 103 28 37
75 219 30 33
21 161 11 16
566 210 41 63
483 492 98 113
120 141 35 39
409 291 12 12
39 156 54 55
360 73 91 93
409 189 86 95
429 203 36 41
64 569 49 51
