400 3200
0 1 1 4
1 2 44 57
2 3 1 2
3 4 45 97
4 5 39 56
5 6 7 14
6 7 26 43
7 8 27 46
8 9 55 100
9 10 104 153
10 11 84 105
11 12 105 122
12 13 60 100
13 14 91 93
14 15 2 6
15 16 73 96
16 17 84 115
17 18 42 52
18 19 38 107
19 20 57 127
20 21 69 79
21 22 79 81
22 23 46 50
23 24 103 120
24 25 81 89
25 26 59 64
26 27 47 136
27 28 28 48
28 29 4 4
29 30 124 133
30 31 23 53
31 32 23 36
32 33 97 99
33 34 104 115
34 35 60 65
35 36 24 28
36 37 44 55
37 38 38 40
38 39 13 14
39 40 70 81
40 41 57 58
41 42 101 108
42 43 0 1
43 44 115 120
44 45 13 15
45 46 0 1
46 47 66 66
47 48 63 130
48 49 49 55
49 50 27 55
50 51 18 22
51 52 86 112
52 53 6 17
53 54 44 61
54 55 79 108
55 56 24 60
56 57 68 88
57 58 49 135
58 59 18 20
59 60 70 75
60 61 9 20
61 62 76 134
62 63 105 121
63 64 35 51
64 65 3 11
65 66 79 80
66 67 117 122
67 68 38 57
68 69 147 147
69 70 46 66
70 71 75 78
71 72 55 102
72 73 16 46
73 74 23 25
74 75 49 72
75 76 49 104
76 77 86 88
77 78 11 18
78 79 4 5
79 80 38 39
80 81 77 83
81 82 55 69
82 83 17 18
83 84 54 95
84 85 36 52
85 86 85 91
86 87 58 98
87 88 144 144
88 89 12 14
89 90 25 25
90 91 19 52
91 92 143 143
92 93 41 52
93 94 32 48
94 95 35 46
95 96 12 25
96 97 77 83
97 98 66 75
98 99 38 128
99 100 110 117
100 101 23 38
101 102 52 52
102 103 120 129
103 104 56 81
104 105 125 133
105 106 65 78
106 107 34 60
107 108 18 20
108 109 119 139
109 110 48 48
110 111 38 70
111 112 47 114
112 113 94 95
113 114 74 85
114 115 2 4
115 116 52 59
116 117 96 101
117 118 137 137
118 119 113 130
119 120 10 14
120 121 39 83
121 122 5 7
122 123 27 67
123 124 47 53
124 125 93 96
125 126 23 26
126 127 17 26
127 128 79 82
128 129 16 24
129 130 46 51
130 131 100 126
131 132 121 122
132 133 40 48
133 134 7 25
134 135 51 54
135 136 26 53
136 137 46 52
137 138 22 30
138 139 17 20
139 140 70 77
140 141 22 27
141 142 18 31
142 143 13 18
143 144 48 137
144 145 12 43
145 146 33 90
146 147 2 5
147 148 64 64
148 149 64 86
149 150 14 19
150 151 12 21
151 152 125 126
152 153 7 8
153 154 52 57
154 155 22 26
155 156 32 33
156 157 50 125
157 158 44 52
158 159 30 30
159 160 81 89
160 161 55 78
161 162 99 111
162 163 106 149
163 164 129 147
164 165 35 83
165 166 2 9
166 167 28 30
167 168 19 31
168 169 75 100
169 170 9 12
170 171 58 92
171 172 112 112
172 173 90 96
173 174 60 87
174 175 48 53
175 176 72 89
176 177 14 17
177 178 62 72
178 179 10 32
179 180 38 45
180 181 93 95
181 182 25 28
182 183 83 86
183 184 42 78
184 185 53 59
185 186 49 50
186 187 52 128
187 188 36 44
188 189 9 14
189 190 94 98
190 191 56 80
191 192 26 73
192 193 13 15
193 194 28 33
194 195 82 83
195 196 55 57
196 197 18 42
197 198 2 6
198 199 13 19
199 200 97 98
200 201 139 145
201 202 11 12
202 203 69 69
203 204 106 143
204 205 39 49
205 206 29 32
206 207 76 76
207 208 48 60
208 209 107 113
209 210 19 20
210 211 20 32
211 212 84 84
212 213 40 64
213 214 41 47
214 215 12 30
215 216 83 83
216 217 5 12
217 218 146 153
218 219 32 34
219 220 13 32
220 221 52 61
221 222 22 35
222 223 3 10
223 224 107 117
224 225 11 14
225 226 111 113
226 227 52 75
227 228 138 141
228 229 89 89
229 230 65 71
230 231 73 95
231 232 94 111
232 233 28 32
233 234 60 68
234 235 39 64
235 236 81 92
236 237 36 140
237 238 60 66
238 239 48 57
239 240 87 101
240 241 76 95
241 242 47 51
242 243 16 21
243 244 3 4
244 245 23 26
245 246 98 100
246 247 24 25
247 248 48 49
248 249 119 134
249 250 123 128
250 251 8 33
251 252 107 109
252 253 41 50
253 254 108 108
254 255 73 78
255 256 52 53
256 257 92 111
257 258 86 98
258 259 40 74
259 260 16 22
260 261 73 74
261 262 51 51
262 263 1 2
263 264 102 130
264 265 144 144
265 266 18 23
266 267 90 104
267 268 15 20
268 269 28 34
269 270 12 12
270 271 80 115
271 272 8 9
272 273 35 43
273 274 10 11
274 275 119 120
275 276 79 97
276 277 32 46
277 278 43 43
278 279 19 23
279 280 96 96
280 281 102 113
281 282 138 147
282 283 93 110
283 284 27 27
284 285 16 23
285 286 98 105
286 287 10 16
287 288 108 111
288 289 89 92
289 290 39 39
290 291 59 74
291 292 65 65
292 293 55 56
293 294 92 143
294 295 43 71
295 296 43 123
296 297 20 34
297 298 38 58
298 299 143 143
299 300 31 45
300 301 47 54
301 302 49 49
302 303 74 90
303 304 68 74
304 305 21 40
305 306 85 138
306 307 62 91
307 308 41 91
308 309 19 27
309 310 9 10
310 311 91 95
311 312 138 143
312 313 32 41
313 314 23 45
314 315 24 44
315 316 49 59
316 317 9 9
317 318 62 110
318 319 16 32
319 320 84 84
320 321 61 68
321 322 68 86
322 323 36 52
323 324 21 63
324 325 1 2
325 326 72 82
326 327 26 36
327 328 1 2
328 329 99 107
329 330 102 120
330 331 7 23
331 332 104 107
332 333 64 68
333 334 61 94
334 335 32 37
335 336 40 76
336 337 44 62
337 338 143 144
338 339 24 25
339 340 64 64
340 341 34 37
341 342 119 120
342 343 25 28
343 344 101 105
344 345 30 33
345 346 117 148
346 347 104 128
347 348 27 32
348 349 51 58
349 350 34 89
350 351 8 10
351 352 71 77
352 353 16 23
353 354 44 57
354 355 66 84
355 356 9 18
356 357 109 119
357 358 84 122
358 359 71 71
359 360 22 22
360 361 68 143
361 362 10 18
362 363 11 12
363 364 100 122
364 365 111 114
365 366 110 118
366 367 83 84
367 368 53 72
368 369 33 49
369 370 11 21
370 371 50 93
371 372 13 34
372 373 26 54
373 374 40 50
374 375 37 69
375 376 30 51
376 377 20 23
377 378 76 88
378 379 61 71
379 380 36 86
380 381 68 96
381 382 27 31
382 383 146 147
383 384 21 30
384 385 19 25
385 386 5 10
386 387 29 36
387 388 55 63
388 389 8 30
389 390 60 77
390 391 60 125
391 392 4 4
392 393 50 78
393 394 1 2
394 395 47 49
395 396 76 77
396 397 34 50
397 398 89 107
398 399 85 131
399 0 27 30
381 214 141 145
100 202 27 28
59 323 29 74
243 145 84 87
209 39 1 2
113 31 68 68
293 324 65 112
153 71 45 84
236 387 30 62
50 55 66 84
69 90 16 44
99 230 96 97
335 30 3 3
115 99 122 139
223 273 76 89
2 79 77 147
258 179 55 57
26 255 51 83
270 196 33 37
271 302 42 42
65 139 20 48
112 13 6 15
213 181 40 118
149 261 42 101
226 321 37 53
224 290 20 36
69 279 26 97
303 363 49 61
55 198 11 15
11 345 40 49
123 261 54 93
239 236 24 35
274 27 73 106
331 42 92 97
45 12 57 68
104 24 14 24
132 303 140 151
354 353 38 105
6 42 14 14
44 306 37 90
76 268 35 46
182 56 3 9
162 221 42 44
358 44 13 25
197 305 104 108
338 82 71 77
364 72 104 114
216 245 56 59
383 147 56 63
290 195 13 28
210 387 20 48
104 57 31 40
385 113 127 133
47 127 73 74
91 263 110 133
210 49 52 55
328 42 40 44
282 324 41 61
238 164 67 124
139 119 40 73
265 8 46 128
178 369 127 146
380 72 10 26
217 16 55 100
303 387 62 69
149 265 31 41
322 334 90 92
287 333 26 53
41 174 1 2
392 149 16 32
181 125 150 151
194 203 43 81
214 140 51 52
84 194 36 41
35 382 4 5
265 347 38 71
178 292 70 80
162 153 134 142
282 50 17 24
365 198 46 54
193 260 56 110
96 323 126 140
37 60 16 21
164 392 11 12
325 110 25 42
353 378 76 91
178 160 73 101
279 153 15 58
110 67 101 111
311 366 66 125
150 258 54 80
360 21 66 69
371 68 42 47
218 372 6 17
236 326 64 67
159 217 8 9
56 43 29 30
388 244 17 18
35 356 134 140
241 6 35 41
37 23 18 35
202 122 7 11
309 210 46 53
389 230 14 36
139 299 97 101
25 95 45 81
56 376 90 92
157 334 14 24
60 238 72 75
119 121 48 106
60 396 38 47
339 71 63 88
43 91 28 47
208 43 32 34
89 281 74 77
37 361 6 11
77 200 37 41
22 21 3 8
315 210 10 17
82 88 17 17
220 118 73 78
36 239 5 5
297 109 83 83
269 179 61 65
374 96 94 121
267 62 16 48
133 16 25 36
68 48 43 50
83 110 68 111
349 59 52 67
87 224 124 126
177 193 43 114
56 158 64 65
184 22 100 104
358 195 17 17
258 146 83 104
67 350 36 36
222 312 31 38
43 286 13 53
270 123 44 77
86 318 94 106
14 119 88 102
29 382 1 2
330 89 1 3
54 232 38 61
8 288 13 17
168 238 56 60
178 292 71 148
26 314 36 36
158 37 55 92
144 286 57 93
5 248 79 80
14 119 9 10
8 230 42 68
61 379 12 16
133 260 76 77
200 353 39 56
310 369 36 48
193 260 53 57
103 70 54 96
72 65 41 145
168 313 47 73
386 174 89 96
36 169 11 45
236 92 88 108
233 276 57 72
170 328 21 30
236 140 124 125
232 93 82 107
249 377 21 27
193 93 15 19
326 178 41 44
140 290 43 47
87 383 102 119
200 80 35 45
392 379 47 52
311 81 38 58
200 136 22 32
248 306 69 82
66 155 70 87
82 47 14 14
37 242 16 23
65 124 98 104
269 271 31 54
200 294 89 94
41 250 75 105
368 331 19 20
93 201 58 60
154 107 41 92
189 146 107 117
309 340 76 159
70 225 120 121
159 100 72 75
173 154 22 28
151 113 13 25
164 13 14 20
205 253 43 82
8 153 37 62
363 190 27 40
266 280 17 54
262 241 41 50
61 106 116 131
124 123 31 43
157 390 26 53
220 284 37 71
147 164 98 103
89 139 69 79
176 181 34 35
357 278 58 89
359 230 3 3
42 289 71 104
128 322 68 68
120 43 77 77
27 277 76 79
50 268 5 10
106 72 88 90
99 158 5 10
343 25 10 25
212 232 59 84
376 184 64 88
133 388 10 16
67 305 30 33
51 56 8 8
1 123 79 92
157 336 122 149
149 378 34 79
341 378 94 128
250 175 52 65
217 298 30 33
372 38 25 37
38 27 55 57
168 301 48 53
397 390 55 55
212 160 20 36
48 323 21 23
93 367 8 28
149 173 42 47
176 353 44 77
227 381 28 30
312 249 57 70
93 1 15 17
39 137 86 93
308 381 31 52
26 202 41 52
171 43 80 109
109 121 54 74
371 150 13 28
242 254 6 21
380 177 95 128
220 252 27 48
43 372 51 96
228 202 40 115
106 366 7 8
370 27 52 138
159 70 117 119
11 355 5 17
175 270 44 59
258 311 23 82
67 180 36 36
346 281 22 42
396 201 102 135
162 200 76 83
247 195 45 67
42 120 2 3
394 4 25 46
246 313 22 27
89 378 109 133
349 27 14 20
298 249 20 23
26 40 20 77
53 168 129 134
297 190 98 133
55 306 20 31
384 355 92 96
142 258 76 92
226 30 157 159
56 263 8 13
330 28 23 29
23 346 111 112
61 327 80 82
312 140 16 20
318 340 38 50
199 38 1 1
289 85 114 132
187 321 47 65
329 183 43 44
15 294 116 135
81 109 111 139
169 361 47 58
304 297 15 15
322 343 8 28
232 234 42 45
294 343 34 36
302 94 64 110
322 236 28 33
255 147 42 64
153 356 29 60
305 156 139 141
154 39 77 85
350 290 51 63
223 378 24 29
192 4 54 94
306 296 55 78
311 86 40 41
29 344 13 18
76 59 86 90
86 261 5 6
48 141 8 13
175 338 35 47
320 34 43 47
170 388 50 72
59 198 43 71
92 243 45 65
237 45 10 14
163 224 59 63
74 73 1 2
77 89 66 72
381 75 11 12
349 65 77 104
167 284 20 25
242 40 88 96
252 281 121 122
24 255 103 143
339 130 7 9
306 264 90 142
151 86 24 30
242 1 21 23
299 30 28 74
324 6 60 85
76 329 80 84
281 170 2 2
230 153 21 25
390 237 55 61
231 137 37 84
50 316 118 138
37 243 12 20
171 313 86 90
317 179 25 33
240 136 42 43
168 112 38 110
158 226 107 108
251 189 16 18
306 308 1 2
87 215 65 68
180 337 8 8
388 119 15 15
226 192 18 19
323 113 88 126
6 125 40 86
341 253 99 110
245 358 52 71
59 205 18 49
327 165 39 41
276 290 30 31
276 221 12 14
178 238 87 94
370 29 28 43
365 106 76 77
0 35 66 88
232 269 46 61
179 351 20 52
319 397 141 145
314 338 1 1
339 152 35 77
182 237 51 63
22 267 17 55
185 310 73 76
326 111 43 43
164 44 69 69
9 135 66 74
49 204 14 17
176 243 43 43
231 138 41 43
336 162 70 78
346 94 7 9
89 261 48 59
236 171 74 98
263 104 41 108
69 171 74 130
155 56 33 74
365 216 37 53
49 185 132 132
114 207 14 16
62 208 112 113
258 74 93 112
305 289 57 71
82 383 72 74
196 305 35 42
157 293 10 16
292 1 92 105
302 244 2 2
294 179 38 61
218 314 26 26
122 9 13 13
354 300 60 80
304 107 110 121
252 267 50 55
177 43 77 114
252 286 57 59
276 184 93 97
202 97 147 159
1 143 15 41
226 46 33 37
184 343 126 132
135 322 34 49
120 41 15 16
377 135 28 44
355 143 113 158
8 347 95 107
5 391 0 0
129 374 21 37
122 219 40 54
26 24 141 143
109 43 38 59
263 144 68 79
230 65 47 118
316 7 47 84
275 202 3 8
309 55 14 14
215 392 49 56
185 148 5 7
189 107 41 42
396 108 3 4
378 140 2 5
169 84 40 58
300 0 81 93
395 9 63 102
364 315 41 65
308 47 92 97
379 55 34 38
378 135 67 81
396 260 50 53
194 27 1 3
380 285 54 135
286 300 8 8
79 60 33 36
34 293 56 145
366 325 49 82
25 392 23 29
360 124 63 91
211 133 12 28
215 384 51 93
184 73 63 133
387 74 11 12
263 237 8 10
278 101 49 68
113 285 32 32
342 39 4 12
30 75 67 88
85 252 6 7
198 300 6 7
119 180 37 48
134 346 62 80
194 21 41 46
168 89 11 11
6 150 57 58
189 336 97 100
294 206 75 75
286 318 51 93
74 137 16 20
288 339 60 77
48 158 84 137
37 114 28 42
297 152 67 68
260 85 64 67
319 362 96 107
385 156 43 52
290 103 82 83
381 63 39 85
26 9 148 148
344 223 8 10
142 48 18 48
376 186 22 37
252 309 27 32
251 274 39 48
150 378 30 102
207 100 25 46
85 267 35 94
361 273 72 76
26 141 92 94
227 112 33 36
187 156 59 59
98 299 18 23
41 377 41 43
56 338 115 132
136 360 67 91
263 312 36 46
167 293 8 10
294 0 73 73
33 167 40 42
97 0 0 0
372 280 69 121
266 69 77 87
266 38 96 135
318 10 20 20
19 155 16 29
396 12 24 27
212 72 58 87
66 249 79 85
378 321 25 30
222 111 38 61
216 380 97 101
66 343 21 80
193 35 58 58
13 199 91 94
225 134 70 124
143 286 36 37
323 260 9 30
352 117 10 15
14 78 5 20
203 140 82 82
241 283 27 38
85 253 76 86
146 38 128 128
230 160 102 109
288 351 44 71
224 47 78 86
59 319 9 9
146 75 26 35
123 268 55 62
274 49 7 13
332 258 70 118
319 157 53 99
80 152 22 22
309 49 24 30
278 202 88 127
51 284 42 46
374 218 52 78
225 4 6 6
64 263 38 52
197 160 5 15
161 189 67 114
272 45 25 91
358 314 37 54
358 325 84 106
143 274 137 138
13 105 26 38
203 200 11 11
4 102 98 98
361 266 100 116
2 65 0 4
280 367 33 98
28 139 34 39
120 316 55 64
385 99 62 80
260 7 26 28
320 211 66 114
222 382 56 113
200 71 1 2
2 5 86 105
1 385 47 88
374 387 51 56
285 263 37 91
355 171 13 24
166 312 10 21
145 366 9 19
212 333 72 92
267 275 43 76
220 360 38 60
390 371 19 22
212 246 4 4
121 302 83 95
296 130 124 161
101 360 27 28
109 188 41 125
192 342 43 119
64 146 11 13
147 134 15 29
59 249 107 109
344 156 31 48
231 187 84 106
126 131 92 94
326 144 52 55
194 104 144 145
347 182 23 31
5 277 26 39
317 378 20 37
109 51 97 113
146 389 49 85
248 71 56 73
134 225 4 15
97 259 8 8
302 103 131 132
288 194 46 60
66 233 74 97
9 117 7 7
181 379 42 61
86 245 6 11
187 150 113 113
16 346 124 128
260 63 58 61
102 291 15 24
272 73 88 124
151 74 50 78
26 271 14 16
378 227 77 79
325 357 15 23
94 307 68 91
66 168 14 29
301 212 69 69
176 386 32 48
397 286 103 103
15 266 68 75
170 97 56 58
235 149 56 78
203 223 27 55
243 306 16 61
322 367 63 85
102 121 41 97
109 341 6 9
147 263 17 18
285 250 21 33
230 274 126 130
75 4 104 124
344 343 14 48
20 389 38 41
187 182 3 9
327 200 9 18
291 199 44 134
122 189 111 133
341 281 25 37
322 23 97 103
395 253 16 24
147 46 102 115
217 332 13 22
21 125 22 51
162 137 107 110
194 241 119 155
48 108 129 134
214 98 155 155
94 325 9 20
289 186 17 30
371 123 32 37
181 129 8 11
187 51 40 41
128 395 20 45
9 46 42 54
177 315 15 44
363 62 48 53
6 122 4 4
115 53 35 68
373 122 23 29
187 49 57 89
134 290 25 26
228 126 113 119
123 165 88 123
318 281 85 87
242 350 62 63
336 178 78 81
198 165 60 103
254 395 40 87
173 351 92 95
173 293 25 27
60 190 46 104
356 322 78 84
314 92 72 85
231 283 20 24
219 14 20 20
100 387 44 72
195 23 4 5
355 139 26 30
330 242 1 3
234 208 52 132
346 84 66 72
346 0 84 109
86 214 55 80
304 260 4 8
382 283 13 29
86 212 133 138
236 288 86 137
338 335 9 22
232 179 30 30
89 279 5 8
179 117 110 121
107 102 98 105
367 99 70 73
183 32 73 86
8 82 63 65
220 128 46 56
17 332 138 141
83 20 68 129
364 163 88 92
6 162 48 56
27 204 50 115
318 44 50 97
200 370 72 96
306 269 62 139
324 358 43 75
285 308 52 96
152 170 4 5
373 41 9 13
239 170 134 135
72 382 44 72
83 383 50 59
252 130 20 25
168 238 60 74
168 96 15 27
306 259 30 36
208 378 11 12
79 153 77 88
145 347 13 27
228 395 30 35
163 55 6 15
100 370 6 10
309 250 64 65
377 328 44 58
354 232 63 71
32 187 94 96
87 160 139 155
69 346 99 102
137 111 70 138
286 126 13 15
239 384 126 127
70 180 68 95
213 377 47 133
196 207 53 77
366 177 5 9
162 39 21 52
82 219 126 143
207 340 39 115
103 118 74 145
65 212 26 96
390 43 65 65
49 385 2 2
212 70 48 79
132 307 62 63
242 225 23 35
2 56 62 94
108 332 78 112
291 28 31 51
171 130 25 53
217 161 63 115
234 152 61 68
352 37 61 90
288 315 33 34
289 12 1 3
159 191 100 103
236 271 47 52
219 137 119 121
39 42 51 55
138 149 36 75
347 221 19 29
239 291 84 123
353 133 91 100
171 65 59 73
332 121 108 112
238 55 70 82
247 382 86 103
313 7 1 1
99 291 53 149
336 165 88 90
243 186 49 57
89 25 36 38
201 117 5 13
168 375 38 77
331 303 46 76
279 171 22 35
250 329 65 72
160 377 81 92
310 387 29 32
31 42 30 30
42 37 18 35
73 298 49 145
222 154 60 107
365 200 62 153
108 103 83 87
18 343 89 116
302 397 39 47
25 31 13 15
309 80 11 15
70 178 24 34
237 12 21 30
75 251 37 57
241 395 3 9
74 3 24 30
146 36 89 109
267 84 62 96
249 147 119 122
305 120 30 48
218 198 82 90
86 365 85 99
312 280 103 143
384 350 31 50
97 5 7 12
13 110 43 43
390 251 21 33
78 291 133 146
397 217 61 66
30 233 77 141
345 234 41 48
285 179 58 62
33 309 40 87
342 26 76 83
25 128 53 117
362 68 60 63
6 105 43 45
164 183 78 115
372 87 2 2
206 86 14 20
86 316 117 117
155 202 65 75
143 62 110 126
5 81 102 106
157 288 103 141
360 44 42 100
293 312 31 35
374 130 55 103
256 284 35 36
363 295 14 23
333 74 102 103
271 122 77 114
313 155 12 14
318 251 28 55
198 388 23 43
362 270 34 100
334 170 67 79
247 64 45 55
66 255 70 71
193 86 143 151
246 128 51 68
283 381 10 11
15 374 39 41
169 121 9 12
208 300 61 62
90 295 70 96
127 291 32 40
38 100 56 63
296 254 142 149
166 144 33 97
218 339 73 80
274 235 19 31
31 147 2 4
81 323 8 10
7 313 67 68
102 369 20 31
247 202 58 135
25 336 72 73
113 37 14 14
167 215 51 59
163 376 2 2
121 60 46 68
81 220 19 35
209 277 45 94
80 281 84 85
378 40 29 32
327 179 119 128
90 316 30 32
308 241 105 121
359 113 21 28
315 384 17 21
50 391 7 10
339 283 34 37
392 114 45 77
229 126 87 87
104 16 62 62
196 240 6 7
224 288 48 65
39 142 34 42
29 144 89 100
64 156 55 65
383 284 52 70
51 292 114 125
318 85 49 57
162 190 32 35
185 163 37 54
265 383 55 73
281 132 57 75
385 220 37 59
366 245 33 56
28 296 74 82
387 392 28 37
241 358 124 143
169 207 46 98
167 122 13 20
388 37 3 3
268 335 17 18
63 94 41 80
48 285 10 19
232 44 25 25
41 74 0 1
269 220 16 16
362 105 10 11
6 211 88 117
258 35 0 2
374 269 82 108
351 101 68 70
288 252 25 47
66 203 15 17
11 371 47 73
269 260 92 102
384 368 30 30
210 237 34 35
118 158 56 77
286 233 19 21
332 17 13 18
98 380 79 87
234 90 59 73
368 208 44 63
169 316 83 87
75 254 44 50
103 260 20 21
61 262 82 103
6 162 17 22
339 322 148 149
391 272 66 76
82 288 3 7
276 394 91 109
171 111 17 17
136 339 33 52
231 265 55 60
183 275 39 41
74 354 50 80
349 374 7 11
80 347 36 39
210 84 1 3
233 192 21 22
92 186 32 35
87 106 2 3
107 277 7 9
379 62 102 132
205 222 78 87
190 182 141 147
73 40 101 112
359 249 16 36
234 44 61 136
357 231 40 40
138 215 103 104
202 225 24 48
64 194 16 19
285 280 40 111
169 158 18 47
316 269 55 66
387 86 38 114
250 301 56 85
252 384 102 129
157 309 49 50
185 225 87 102
386 232 104 140
128 324 16 26
41 251 99 118
130 35 63 73
342 13 23 24
237 233 63 64
110 129 4 7
93 359 6 9
134 220 140 146
379 369 8 12
363 95 52 53
291 31 37 55
353 78 89 93
308 313 36 51
144 295 62 62
179 89 57 62
312 249 15 60
176 315 41 54
309 244 37 39
287 100 29 34
48 231 1 5
15 18 50 71
306 132 4 4
17 101 93 120
358 298 18 18
141 339 1 6
370 5 43 70
73 68 34 35
290 71 13 17
156 119 63 75
182 229 117 131
256 271 37 40
7 338 79 81
393 141 100 101
197 368 52 80
206 111 9 36
239 319 7 16
84 103 17 23
28 145 45 45
134 202 21 31
158 172 24 25
377 280 74 97
316 174 16 19
298 316 27 35
302 350 4 7
99 305 60 65
153 7 85 89
205 140 10 13
395 114 30 30
104 382 81 83
184 39 45 83
108 101 19 58
362 93 114 124
44 296 52 57
26 160 29 34
348 257 30 35
1 255 19 19
88 79 33 36
190 195 137 144
35 199 40 41
110 382 100 127
184 280 114 116
31 170 110 120
388 332 38 48
157 3 34 44
132 203 105 122
10 70 82 95
265 102 66 88
311 200 72 73
392 232 120 139
86 392 21 35
23 100 22 74
159 15 20 27
4 34 72 104
300 39 72 125
375 199 83 86
55 99 114 118
332 101 8 14
106 143 94 105
96 285 120 124
186 299 115 119
6 115 27 64
50 398 41 70
245 154 16 64
326 390 76 106
151 66 36 74
245 159 51 59
373 304 40 75
14 389 1 2
42 152 90 101
145 103 59 101
157 305 43 55
177 10 40 54
389 134 25 49
150 333 30 33
361 23 70 78
97 20 96 96
25 140 26 29
356 88 44 82
313 50 16 21
339 166 18 55
319 151 9 10
301 262 48 49
155 237 9 14
358 201 98 103
385 142 55 58
130 53 38 40
321 154 45 108
372 328 8 8
11 56 83 95
309 326 23 43
202 86 1 4
388 19 46 83
189 75 46 50
225 323 29 93
60 397 10 14
115 369 2 5
59 126 107 133
190 132 107 129
182 129 105 116
141 392 55 92
364 246 83 99
16 156 18 29
163 216 6 9
339 261 82 83
266 226 57 58
113 158 16 32
23 284 39 53
313 27 65 80
2 213 24 81
380 321 28 114
94 195 38 40
298 263 35 58
109 237 29 42
211 95 74 93
266 73 13 17
258 365 59 84
181 225 13 16
365 30 6 8
342 239 84 96
69 221 0 1
97 77 73 73
361 86 16 22
362 341 23 31
267 49 5 7
349 34 108 109
265 35 117 131
282 80 46 49
119 260 15 38
349 141 26 27
84 391 103 106
104 396 5 8
254 270 58 120
50 242 39 60
84 89 38 84
307 311 36 53
394 109 10 17
308 133 111 112
295 259 88 119
119 327 144 148
343 207 41 57
269 7 82 119
105 379 79 80
364 48 50 66
276 60 62 65
7 2 24 33
218 153 82 140
76 321 20 66
141 304 53 55
184 166 18 19
333 225 131 131
172 329 7 18
337 43 19 37
221 298 17 42
14 97 121 143
18 357 88 88
278 258 16 25
202 31 75 76
232 78 41 77
22 20 41 138
331 344 42 95
223 335 11 12
177 329 66 68
330 167 67 107
369 65 97 100
230 231 54 57
289 193 14 26
331 56 32 52
386 265 9 11
76 253 27 69
124 374 35 45
285 230 35 69
19 53 30 47
147 51 105 119
153 231 56 62
237 35 5 7
343 194 12 12
277 209 10 18
115 189 68 158
82 0 27 27
203 234 42 89
336 386 46 81
237 242 80 83
45 343 6 18
23 203 49 64
304 176 35 45
215 233 4 19
271 99 103 142
137 197 55 57
318 364 13 15
240 122 55 101
227 51 40 81
80 379 50 51
376 240 94 101
169 188 83 91
298 389 33 35
292 28 55 61
98 59 104 107
276 72 4 9
261 110 84 122
245 227 84 93
369 27 86 99
117 113 5 5
187 40 101 104
145 169 84 91
310 376 55 60
128 161 72 74
170 138 38 55
333 277 19 51
326 30 133 135
390 19 41 46
127 172 0 2
116 288 93 96
345 64 142 144
131 238 4 4
332 45 45 94
215 71 50 58
284 31 7 16
343 15 83 86
311 22 96 118
309 336 40 54
376 107 24 65
290 273 9 24
17 242 57 69
74 180 81 144
172 50 27 60
196 241 45 72
220 82 78 93
96 53 20 24
22 4 148 159
319 103 145 146
274 25 61 63
345 265 50 52
308 182 47 73
97 108 46 50
219 136 49 85
219 354 16 20
38 0 62 62
91 39 95 128
220 303 73 81
368 349 45 104
135 24 74 84
315 308 41 43
107 359 1 5
222 79 43 66
312 70 116 122
196 40 82 90
233 28 52 86
183 147 73 80
344 209 70 129
8 271 18 19
192 184 7 28
141 370 5 11
9 159 59 60
378 92 89 115
252 305 76 121
0 158 31 53
331 230 105 112
219 182 41 113
379 385 71 108
233 361 56 109
278 189 113 154
328 4 43 53
13 314 116 117
201 383 85 88
116 222 19 24
395 387 65 88
165 91 4 6
364 323 48 49
266 140 18 31
309 281 30 33
351 240 30 42
115 301 23 29
395 156 63 75
13 361 2 4
42 48 5 13
358 313 14 19
161 247 26 27
284 164 46 61
315 277 29 29
233 396 80 84
58 283 73 86
239 4 75 75
364 241 66 88
214 168 40 117
259 33 5 10
90 109 22 25
374 376 107 116
34 210 50 50
313 142 35 56
174 311 74 110
179 108 86 106
78 252 42 44
186 317 34 49
139 111 47 76
159 113 42 98
93 216 44 50
10 331 147 149
26 335 36 120
203 2 39 44
308 291 22 32
55 366 60 72
94 133 14 15
392 194 34 37
358 39 33 61
153 38 15 27
109 114 130 137
303 60 87 90
312 66 81 101
274 217 41 57
346 247 47 48
323 21 98 98
332 234 9 10
278 154 10 20
60 199 129 146
323 293 24 27
186 344 16 19
362 319 24 26
264 173 32 34
387 57 64 118
172 83 9 10
107 64 46 47
139 340 39 46
343 345 11 29
96 228 6 14
147 216 37 50
157 201 41 88
14 196 4 12
301 259 1 1
127 251 27 73
269 137 48 111
306 152 68 69
212 260 19 20
77 317 30 35
47 113 25 26
306 168 14 22
16 163 137 142
209 200 31 64
338 196 136 145
221 170 108 118
107 241 51 51
112 57 34 34
376 12 12 13
165 289 46 72
58 340 12 13
330 52 14 18
12 82 109 110
390 328 18 47
137 2 19 21
350 167 54 68
35 357 86 132
14 177 38 83
223 319 40 81
96 108 61 111
386 72 12 26
173 83 12 15
195 158 71 82
290 66 4 15
356 142 18 23
85 106 6 8
294 97 64 80
226 376 79 103
222 132 52 63
83 379 151 152
75 108 15 29
109 13 64 66
172 206 91 97
153 312 31 39
115 91 17 37
42 173 77 109
248 2 45 84
105 162 117 137
288 241 37 46
47 377 43 65
32 149 58 60
379 230 9 10
262 159 25 38
379 125 15 16
239 54 19 28
70 139 113 114
312 143 86 117
143 259 71 105
278 202 30 48
398 337 112 113
49 294 84 118
254 72 102 119
2 264 55 63
252 279 125 133
97 219 23 47
152 127 132 141
2 177 47 48
271 44 32 39
146 300 6 7
259 380 30 62
329 60 79 86
226 40 82 116
56 239 56 63
85 354 22 42
150 225 104 118
65 248 20 45
91 239 3 6
281 243 31 73
114 394 50 56
51 186 65 85
180 89 51 53
317 42 33 46
129 196 100 119
211 61 14 15
378 231 9 10
291 262 42 58
18 147 55 94
177 137 21 47
364 148 126 132
139 225 35 35
380 286 72 90
71 53 9 11
357 19 16 21
59 367 110 114
171 387 128 129
269 284 76 101
361 249 80 134
190 207 15 28
359 227 46 77
377 197 62 65
237 341 103 107
105 343 47 53
25 142 62 95
310 314 102 107
128 359 26 27
275 318 56 71
212 280 94 111
227 23 79 82
363 131 129 131
218 97 50 50
83 8 31 33
72 201 61 67
175 168 82 82
330 378 22 24
276 362 50 144
49 368 39 57
95 71 139 139
12 311 85 103
24 166 26 43
316 191 56 57
340 297 23 33
27 210 56 112
311 102 34 34
233 44 21 24
357 314 100 108
100 109 22 46
148 154 78 104
298 254 66 149
385 335 27 36
114 176 68 82
281 244 99 119
24 229 10 15
65 393 63 79
355 329 73 104
35 72 82 93
328 30 35 44
324 148 100 105
16 137 9 10
392 372 3 3
365 253 22 38
374 301 7 8
286 335 110 111
8 194 18 67
245 134 72 90
236 321 24 65
269 133 48 65
130 3 12 14
271 65 43 57
215 91 11 12
147 337 82 106
29 368 7 7
162 367 69 76
373 122 9 20
354 199 103 145
382 10 50 156
237 376 92 102
386 336 44 99
103 209 69 79
78 11 90 96
23 296 101 115
289 80 14 17
213 154 129 131
107 301 8 9
196 34 40 41
286 302 29 41
27 373 49 77
391 366 110 111
114 46 87 87
57 108 7 14
231 5 23 28
235 59 18 18
9 374 50 86
92 168 100 105
101 210 118 128
275 285 30 32
174 374 12 17
309 111 10 12
282 327 122 125
159 322 38 79
90 161 54 59
89 224 78 88
185 146 41 61
213 85 88 88
22 382 41 71
239 334 23 28
231 298 48 65
313 29 7 8
35 202 2 2
99 386 44 50
373 341 63 75
39 159 64 78
241 122 60 95
49 51 56 73
215 262 83 89
290 111 20 25
368 314 75 82
123 48 32 59
276 133 44 47
42 231 14 21
360 352 40 41
379 90 18 45
140 273 52 82
160 208 48 53
84 292 78 106
379 375 102 127
9 257 11 17
182 226 105 128
381 293 150 155
62 287 1 5
293 352 111 118
118 15 141 141
135 270 39 48
15 307 56 118
57 344 11 24
260 281 53 65
300 350 42 104
175 358 153 153
211 7 55 83
301 18 117 123
388 210 0 2
248 281 36 63
149 78 41 47
188 263 1 2
302 294 53 80
195 74 83 96
314 319 103 131
103 10 37 55
273 118 11 22
4 180 25 55
283 67 33 83
253 237 37 122
115 6 93 120
233 294 72 77
0 74 19 34
280 178 48 72
108 314 10 13
71 332 27 31
229 118 62 93
164 136 66 66
339 239 109 114
203 36 18 20
208 228 43 45
6 362 27 30
318 38 62 66
132 229 13 20
172 187 133 135
6 128 41 78
241 226 53 54
133 195 93 97
91 26 37 41
275 233 17 33
254 194 23 55
95 167 76 122
328 69 138 145
208 375 53 67
94 358 69 71
46 294 67 68
186 349 109 119
47 68 8 9
221 246 90 117
109 116 22 33
253 107 28 40
63 192 66 120
92 226 58 68
189 221 10 12
250 30 5 13
116 87 89 111
236 370 19 21
62 205 73 80
141 333 39 61
225 169 10 11
104 375 25 28
71 86 70 81
237 47 12 30
194 220 10 15
70 122 36 36
363 385 76 100
266 251 62 89
230 362 88 127
34 8 69 69
297 52 37 40
362 179 5 6
289 181 37 37
270 341 57 77
34 287 137 139
290 155 85 98
81 197 81 103
12 382 61 114
35 180 8 12
377 336 21 57
340 43 13 38
343 190 36 94
307 392 99 104
46 390 3 4
266 161 57 87
70 29 23 71
138 369 55 115
61 139 139 139
161 56 53 80
299 347 10 25
267 21 53 80
251 87 100 105
306 62 20 23
74 295 21 24
122 331 3 3
40 77 76 85
343 18 60 118
362 313 13 13
137 198 49 94
7 108 144 145
95 282 35 57
43 230 18 23
65 115 9 12
55 214 112 114
143 393 43 64
160 172 3 5
228 388 5 6
89 221 37 114
169 109 52 53
177 281 2 3
392 26 51 55
154 282 87 98
274 236 26 48
208 159 40 65
386 309 85 88
296 177 6 7
115 170 42 103
210 108 16 25
267 260 48 55
35 127 51 63
34 128 98 111
330 361 1 3
48 275 50 64
229 160 8 32
254 124 24 51
169 372 70 88
76 249 33 34
198 246 45 47
127 162 30 46
33 293 50 52
324 282 33 38
205 240 89 111
150 252 20 21
202 254 68 85
231 9 18 18
38 212 81 81
219 199 31 38
192 398 40 54
150 311 17 30
205 353 45 57
318 175 126 138
155 361 114 146
94 21 82 87
101 386 88 135
258 376 49 91
299 277 78 81
316 36 39 46
212 198 1 1
392 324 23 23
3 250 41 56
99 177 26 29
156 144 6 9
361 338 97 97
328 394 42 84
319 98 53 112
185 1 61 112
369 105 51 116
177 202 9 14
251 197 84 95
76 322 80 83
202 98 83 86
82 101 0 2
49 84 50 123
242 324 97 111
110 355 9 21
186 153 53 72
323 77 54 67
269 293 12 16
253 61 25 65
206 59 33 85
353 24 32 39
261 317 132 143
136 130 20 35
309 395 10 26
68 306 29 107
268 294 106 139
319 241 66 86
150 121 21 33
120 140 41 98
117 303 62 79
257 6 80 105
238 39 88 103
39 220 74 100
278 22 35 76
278 247 37 37
153 295 38 42
379 106 17 24
69 396 65 108
65 235 37 47
215 205 116 129
283 127 4 6
102 14 39 41
343 216 65 93
377 258 61 121
113 314 89 98
196 190 56 86
165 327 45 52
196 53 14 14
148 8 79 111
129 28 11 21
152 101 6 6
173 389 34 49
151 296 9 10
124 35 12 19
228 63 65 115
372 357 85 91
25 146 120 159
395 268 57 76
67 239 17 35
204 12 35 51
249 332 13 18
162 324 89 114
42 342 46 52
27 230 20 20
323 292 13 18
97 236 36 36
174 253 16 20
141 137 16 35
237 280 29 47
264 362 8 9
274 141 29 40
25 91 80 110
251 230 61 135
141 185 56 58
236 132 59 111
77 40 54 68
130 217 56 63
353 372 42 57
266 364 35 42
395 134 20 36
345 384 19 37
227 351 3 4
75 6 109 111
275 269 20 43
396 391 27 37
171 269 95 96
389 174 27 28
63 5 19 20
82 238 96 138
220 246 120 125
108 396 83 84
212 71 0 4
76 250 27 33
26 132 16 18
10 361 35 44
35 379 35 67
170 212 65 76
198 175 50 75
97 288 64 69
64 137 64 92
53 87 62 79
151 226 63 68
27 42 13 14
295 167 1 2
207 309 51 62
337 381 8 18
117 152 24 29
195 299 11 20
164 63 6 7
96 281 88 88
156 23 79 94
162 87 70 74
342 366 23 39
98 388 77 92
168 310 44 96
129 7 27 109
176 1 6 9
362 323 36 36
352 13 25 30
118 129 60 155
398 154 0 2
263 25 69 97
123 103 15 16
161 221 13 33
80 268 27 66
394 106 60 75
268 28 83 117
361 326 70 75
345 369 42 63
194 119 4 5
225 295 50 58
8 123 33 44
274 20 48 78
262 122 57 76
372 235 41 108
23 317 13 21
115 283 11 18
46 256 30 67
80 325 11 14
288 62 95 103
73 80 27 28
167 374 62 79
160 390 138 140
378 18 7 12
120 300 79 80
174 380 130 152
352 268 7 10
333 294 6 8
202 76 18 25
329 294 46 117
2 272 38 59
249 397 1 4
108 325 72 103
132 56 72 145
257 277 33 34
359 232 15 43
344 230 60 81
12 213 44 56
157 54 66 70
327 265 105 128
97 305 79 118
116 117 54 55
87 362 67 97
164 163 38 39
177 292 1 2
298 338 26 26
55 18 48 74
228 207 48 55
229 340 15 17
100 322 10 12
266 1 27 35
60 312 37 45
213 148 108 119
332 132 126 135
347 198 83 114
25 342 47 67
72 353 5 5
321 1 38 42
295 347 84 130
311 184 46 49
253 43 41 79
163 64 92 115
34 140 70 106
378 134 31 37
266 183 33 42
219 196 56 151
180 317 47 64
268 299 37 60
95 186 55 60
279 147 23 25
14 266 102 143
260 297 20 24
183 202 66 71
179 257 74 110
180 151 65 87
353 201 54 80
269 232 69 73
19 335 31 43
315 343 22 38
74 332 23 25
344 114 1 2
84 244 34 95
164 322 4 11
33 367 51 51
313 302 98 123
45 172 104 115
101 255 67 70
14 324 52 52
372 288 35 54
298 198 105 124
205 160 58 98
189 353 25 26
215 321 64 70
145 308 74 116
361 64 59 132
25 172 6 6
373 395 45 82
154 117 14 14
117 109 27 35
96 134 140 143
101 259 31 38
366 24 45 71
49 344 88 100
207 22 92 120
109 159 33 67
247 357 6 10
374 212 49 56
174 235 50 79
233 311 29 90
203 196 6 10
103 238 20 23
229 329 19 20
371 107 61 82
198 139 24 66
314 378 61 67
94 143 93 115
2 236 66 66
344 216 4 4
94 105 72 72
51 267 35 46
238 371 51 51
53 141 5 7
290 377 72 83
19 26 75 76
250 240 139 139
76 114 135 139
358 322 15 29
212 176 15 25
103 305 77 86
44 333 31 43
186 74 50 74
7 298 15 15
191 398 30 78
80 240 135 145
256 106 8 34
107 48 79 96
348 13 59 60
150 107 112 154
257 117 16 31
21 175 6 9
182 210 85 107
97 384 88 89
342 279 2 2
18 83 67 79
362 254 34 49
25 391 80 81
183 14 126 143
307 216 66 109
16 386 26 30
245 387 71 109
186 150 60 61
247 137 67 134
393 8 50 84
197 111 21 28
127 393 14 28
81 360 107 110
246 281 37 83
274 148 107 127
10 316 83 83
277 52 54 73
303 160 0 3
212 24 33 34
327 197 53 74
229 365 17 31
63 58 50 81
107 386 107 127
76 327 19 47
88 278 89 125
122 376 40 154
19 152 141 143
196 140 47 50
348 391 23 44
117 160 1 6
360 274 17 21
386 198 85 90
2 134 28 60
194 224 71 74
138 133 4 4
287 187 141 144
316 59 9 12
395 14 55 75
318 34 123 125
342 362 71 157
338 172 11 11
56 269 27 35
87 273 52 54
250 304 60 63
87 38 74 76
211 277 19 23
260 252 31 82
319 30 40 43
78 342 63 127
143 227 19 20
254 318 46 91
26 252 6 14
219 75 25 40
398 389 88 140
332 131 6 9
316 1 90 106
354 81 34 37
313 374 33 58
71 288 20 25
108 176 134 134
8 39 38 48
55 84 76 99
84 236 48 102
39 261 4 7
225 156 6 9
200 282 31 71
333 283 28 41
205 0 50 143
228 81 70 111
84 277 41 129
172 320 85 110
61 85 26 41
79 269 2 3
17 182 18 21
90 380 23 63
284 93 67 142
340 8 8 31
188 107 40 40
166 194 18 19
254 333 83 130
166 190 28 29
361 216 29 31
24 2 14 21
355 9 56 58
261 349 39 48
313 182 85 108
284 344 24 26
215 334 41 99
150 71 63 86
47 163 95 104
91 54 22 49
169 297 42 58
141 136 12 49
79 380 25 45
191 123 43 87
280 205 56 89
217 269 68 69
263 281 60 93
21 305 7 14
14 19 56 57
350 71 13 13
201 267 46 82
18 104 61 62
380 266 26 28
364 202 70 130
301 168 23 24
3 70 106 113
336 42 1 2
94 398 49 82
77 221 100 127
149 88 32 44
303 176 2 2
66 81 47 58
293 255 45 82
243 341 54 118
49 398 1 1
342 180 14 41
348 394 9 31
44 265 34 50
142 90 40 60
261 320 1 3
209 118 8 8
65 38 36 107
375 289 72 104
314 169 49 66
284 319 0 2
259 39 120 120
88 55 87 92
115 234 31 72
299 38 30 56
294 359 7 7
162 12 64 70
66 194 90 141
165 325 101 104
57 369 17 51
46 2 87 90
29 235 11 12
62 263 6 14
3 313 52 52
65 140 69 71
217 359 6 9
0 142 106 111
182 152 29 29
45 300 53 57
190 331 22 35
33 3 76 91
191 280 64 109
181 32 107 116
69 169 109 125
336 66 8 18
293 212 51 78
220 324 73 107
297 379 21 21
317 299 44 45
44 55 126 141
95 312 56 71
330 178 27 27
171 24 67 84
270 78 33 38
144 152 22 37
367 240 25 38
294 194 46 52
231 112 31 63
358 24 90 100
192 91 4 5
290 347 109 129
184 229 2 2
372 100 75 88
213 345 51 86
26 223 87 88
30 109 134 135
132 208 29 38
355 215 0 1
138 125 79 115
365 216 61 66
209 202 33 36
333 391 9 30
140 255 2 2
12 261 45 86
258 227 43 46
66 186 49 83
119 6 1 3
287 266 33 45
42 187 17 41
359 295 20 46
349 196 47 73
46 164 98 125
41 299 16 20
124 372 41 63
303 37 37 80
95 209 39 45
262 27 47 59
23 105 62 71
292 357 95 99
221 197 5 10
266 377 23 36
19 87 123 127
23 263 53 73
27 74 50 65
27 88 34 45
326 47 21 24
307 314 62 70
398 39 2 6
78 362 70 122
164 323 15 20
5 20 43 43
179 187 78 121
62 311 7 16
349 141 103 114
122 225 23 27
65 326 20 30
110 186 55 78
58 328 111 130
313 268 32 80
159 93 52 89
298 130 5 7
286 245 23 25
331 353 78 107
379 158 26 27
238 88 49 133
135 237 22 23
221 58 8 9
302 325 49 100
115 102 3 4
391 89 24 26
354 125 44 70
325 339 77 84
398 217 10 36
231 105 4 15
248 302 45 47
120 281 74 75
96 243 31 32
381 25 99 105
367 375 23 40
40 275 23 59
195 210 10 22
221 240 33 41
392 99 54 54
258 278 18 25
81 210 3 4
209 5 10 12
55 107 24 25
103 67 24 61
396 293 36 90
29 384 7 12
346 208 50 60
358 338 144 148
313 159 32 36
83 368 7 8
81 281 18 18
7 294 69 127
4 271 36 77
168 353 94 132
203 74 7 13
310 38 109 114
71 217 97 106
100 97 115 125
55 185 39 96
72 131 73 82
26 163 26 66
113 283 98 103
43 240 6 19
208 286 4 7
285 259 77 96
115 373 64 91
337 373 20 38
381 248 37 74
208 368 5 8
230 190 52 79
365 274 143 149
306 180 11 28
346 79 70 85
238 265 19 42
168 118 19 45
273 22 3 3
113 347 53 65
68 211 41 56
136 313 82 100
217 364 96 103
282 314 61 81
326 16 30 38
298 244 60 67
134 93 67 69
329 195 20 35
330 124 5 6
97 262 3 4
256 241 91 113
133 198 61 87
315 106 76 114
351 302 3 5
79 65 85 97
83 320 80 84
227 102 48 50
289 22 21 42
275 393 19 25
208 138 9 9
83 244 54 74
93 29 15 19
49 367 28 57
363 327 49 126
94 45 73 91
110 99 57 67
334 4 35 36
236 172 8 8
336 385 36 51
385 26 73 74
364 145 26 46
303 326 38 92
91 210 107 118
234 225 100 123
54 355 27 62
220 182 84 123
163 388 46 64
229 135 8 11
230 385 36 36
276 275 24 33
51 197 58 74
396 78 57 74
206 23 92 92
191 49 24 25
161 185 86 94
198 188 82 85
308 24 112 127
290 1 44 45
181 17 116 137
145 170 27 51
315 364 4 6
179 119 9 18
347 95 4 9
88 325 54 68
8 203 24 64
120 230 98 103
278 206 118 119
47 336 42 53
37 168 55 138
225 333 18 26
183 334 22 24
223 356 102 104
71 123 39 39
381 82 20 34
246 313 64 120
24 135 35 35
397 169 34 73
13 232 0 2
72 201 19 23
270 220 52 87
84 225 54 58
165 250 45 59
378 12 36 94
375 125 90 100
293 132 7 9
368 173 109 145
304 127 41 46
322 42 19 23
153 25 22 28
77 387 0 1
273 396 58 94
367 377 109 153
25 346 60 86
329 40 73 87
334 148 47 52
341 112 60 121
330 316 4 5
54 196 60 63
251 396 8 9
192 128 102 117
291 249 39 45
192 334 84 105
16 328 3 3
242 79 25 47
300 343 29 34
260 361 58 108
4 272 11 26
369 365 18 70
356 151 22 45
172 200 52 97
226 339 20 22
336 180 31 94
288 245 2 4
387 169 22 25
366 37 147 153
86 3 30 36
190 209 7 17
292 37 149 149
332 289 17 19
156 384 26 33
354 25 60 67
108 125 13 20
223 166 7 9
297 273 51 52
31 163 83 104
12 118 62 62
281 255 30 56
382 168 80 85
194 154 59 81
158 366 93 100
204 355 36 37
180 129 81 86
0 385 18 34
234 242 90 123
396 163 38 42
253 380 82 94
302 332 31 31
279 374 19 20
318 62 35 66
332 327 32 61
306 302 107 114
108 84 24 28
19 325 29 33
386 21 129 130
354 79 45 63
210 100 27 50
337 317 97 104
202 140 19 22
305 168 26 31
49 52 13 14
305 34 50 109
321 365 92 115
348 375 41 42
21 243 61 101
172 360 20 48
95 375 131 132
253 161 84 135
319 379 43 70
257 366 37 41
156 360 88 89
318 395 144 145
163 89 41 75
61 39 48 127
338 30 9 13
250 35 68 87
388 30 23 28
156 166 52 74
289 110 86 128
234 233 81 83
149 271 38 60
82 377 42 52
334 68 20 48
118 205 36 46
293 185 109 109
386 194 1 2
299 70 115 132
61 238 99 130
189 183 71 76
23 138 38 66
126 3 26 34
317 131 110 121
65 295 128 140
92 179 69 84
276 157 53 88
250 138 77 78
369 8 110 116
382 176 23 26
233 25 19 37
190 15 44 62
114 307 47 55
374 10 104 112
272 283 22 32
222 154 8 24
247 225 86 130
156 132 15 36
225 61 129 137
217 98 25 30
52 5 43 58
120 150 58 91
319 116 42 85
357 157 70 92
91 170 4 14
55 49 111 120
177 385 2 2
110 103 49 104
345 175 62 124
100 174 29 45
311 53 28 29
28 42 76 136
197 202 29 52
390 376 92 98
353 295 6 16
241 129 58 58
281 62 88 107
89 257 85 88
312 223 89 90
261 57 63 123
373 110 15 37
2 343 30 37
251 297 110 111
340 283 9 24
351 321 105 122
172 370 1 4
28 174 14 48
320 239 112 139
171 199 99 125
8 62 11 31
214 79 18 29
389 384 48 49
319 81 58 96
215 367 26 49
333 57 11 17
63 175 132 136
196 102 47 94
272 356 53 69
323 345 86 99
339 336 6 20
208 391 36 70
45 168 37 41
7 56 40 51
333 6 8 19
247 300 33 34
354 175 0 0
286 328 20 55
19 347 33 47
243 244 69 91
117 174 13 16
309 277 24 24
314 183 57 153
268 383 22 27
117 186 99 101
359 299 1 2
359 327 51 127
320 299 35 53
383 182 37 75
371 113 97 101
49 71 16 18
397 166 99 112
359 319 42 63
140 227 3 9
331 48 15 16
20 270 39 50
363 84 52 80
369 94 7 14
329 176 57 128
375 98 33 44
145 253 34 37
36 154 67 87
217 340 139 139
39 173 4 5
279 251 65 71
269 160 55 57
348 285 62 79
131 12 50 57
360 316 35 36
308 178 136 144
47 339 19 27
87 144 78 79
101 279 10 29
52 313 37 43
346 160 53 71
271 48 129 146
287 5 65 97
302 46 6 16
340 178 6 9
187 316 31 111
290 222 10 10
234 299 46 47
20 253 44 44
41 322 45 62
112 285 72 82
206 384 1 2
174 167 9 9
258 14 25 39
347 140 2 5
112 271 36 42
15 379 73 84
129 2 3 5
24 94 118 134
357 233 68 98
58 388 5 8
11 15 50 54
278 165 18 24
183 364 66 88
213 377 14 21
255 41 96 127
55 103 58 99
117 23 47 49
234 384 38 64
39 318 40 43
131 242 141 143
294 124 69 79
2 161 38 38
146 91 29 38
163 355 29 33
277 315 15 17
27 368 15 16
243 25 130 137
250 12 19 25
204 21 26 50
213 2 1 1
3 143 39 52
132 364 19 38
137 397 95 112
240 89 11 26
271 341 84 85
261 339 3 3
29 370 61 124
373 102 0 1
116 211 4 16
265 269 43 67
371 68 49 55
161 106 47 113
10 366 26 74
350 226 74 75
92 389 19 25
335 76 18 23
91 359 16 21
35 140 21 35
106 262 61 103
391 211 3 3
20 254 0 4
303 332 45 51
186 100 25 26
171 88 37 56
176 179 67 137
175 237 63 68
311 291 141 153
364 114 39 44
60 263 72 76
213 325 38 39
375 89 15 17
189 229 2 7
123 343 43 48
345 29 125 130
196 281 52 55
394 330 15 30
181 60 68 71
347 29 11 44
82 245 73 75
212 378 56 118
328 158 112 154
158 351 66 72
294 32 25 76
225 122 38 66
46 251 8 9
243 34 85 108
22 160 11 15
130 86 89 90
227 243 48 60
83 235 14 15
211 16 1 2
349 271 96 131
156 75 41 53
345 307 39 122
253 106 75 77
357 219 2 5
346 99 26 36
115 191 9 9
92 180 9 9
176 256 14 14
351 93 41 66
208 304 16 45
335 369 1 2
145 288 71 96
340 388 46 60
107 157 120 147
54 17 49 78
332 27 23 65
259 380 66 128
207 286 64 75
384 247 95 97
66 46 94 103
76 114 63 83
350 333 34 39
242 203 55 65
285 99 4 4
168 124 25 29
127 189 72 94
248 167 25 34
383 290 28 30
29 238 48 49
280 393 38 39
209 6 64 75
207 376 98 109
196 277 16 17
220 305 75 146
134 39 72 88
273 122 31 45
127 129 68 97
394 294 43 44
54 15 20 39
368 155 4 10
343 69 28 31
26 378 29 48
119 380 49 73
391 363 89 90
252 314 43 43
257 93 145 146
317 121 13 17
393 147 122 123
298 366 63 118
197 123 36 55
212 122 65 99
222 80 149 153
175 328 29 34
340 394 53 109
245 151 81 121
393 298 6 11
284 154 6 7
361 217 119 122
30 120 2 11
50 79 36 80
103 52 75 75
196 125 138 140
271 219 85 125
322 81 10 14
231 301 17 21
110 146 93 94
274 77 98 125
76 213 86 89
67 344 14 22
385 274 122 127
126 236 128 147
77 146 6 8
245 145 77 95
70 190 7 8
115 187 5 6
72 329 26 32
282 96 102 124
54 203 1 7
313 199 23 24
114 58 91 121
282 23 22 52
206 282 34 42
180 391 51 74
157 183 9 10
145 299 5 7
263 349 58 59
318 117 36 36
222 318 29 50
289 347 125 140
42 299 29 34
91 265 7 8
279 328 57 108
370 384 13 29
168 53 121 122
175 348 44 90
215 33 68 73
324 330 4 5
184 238 69 70
376 192 31 35
22 383 16 40
391 53 80 81
238 117 116 132
130 57 26 46
330 347 20 72
34 201 30 61
194 327 72 81
331 362 7 26
296 262 14 43
56 138 40 42
191 336 49 65
124 277 59 75
103 248 22 36
375 205 111 132
210 253 46 48
366 222 17 28
220 39 85 95
7 172 18 27
149 22 76 118
191 359 90 94
199 176 30 62
98 91 54 55
324 5 7 8
64 203 18 19
79 238 39 83
147 290 56 72
260 235 69 82
371 223 28 30
21 269 9 36
249 322 24 30
151 91 6 8
206 162 111 126
362 72 13 17
209 161 68 76
185 387 107 109
238 8 65 72
61 223 61 68
136 14 54 78
125 267 68 91
214 240 0 2
127 198 13 25
383 101 17 17
295 203 117 128
89 121 41 57
50 8 35 48
208 177 63 100
216 82 15 20
1 160 34 42
334 14 22 36
293 276 9 35
267 115 40 42
291 298 39 39
179 153 91 91
386 334 26 30
141 38 77 96
89 371 14 18
3 229 102 104
223 63 49 67
95 390 51 84
111 206 28 30
61 279 17 17
127 272 47 72
182 32 9 19
350 51 28 55
270 200 8 10
120 72 120 124
125 258 22 24
283 261 36 39
34 111 86 125
25 248 47 66
256 114 31 88
223 44 61 61
179 363 53 59
47 54 84 89
107 48 59 60
152 131 11 21
73 64 137 138
267 378 92 118
377 196 10 20
299 164 93 108
144 120 35 36
265 384 64 89
148 389 21 25
389 226 22 50
41 194 125 125
38 2 1 1
282 183 6 28
169 221 4 4
272 89 157 158
156 56 114 143
377 21 27 84
221 389 29 93
153 14 91 95
375 109 38 38
25 132 122 125
143 376 126 137
187 162 147 147
232 314 75 86
286 40 102 112
332 342 3 8
312 290 4 14
317 85 8 8
36 159 31 52
366 100 18 23
259 249 61 68
192 365 9 9
333 32 60 63
270 219 73 97
187 172 52 124
204 41 4 4
98 33 45 101
65 111 100 121
177 31 86 100
325 309 24 71
291 349 14 14
293 10 68 78
218 65 61 141
292 234 28 46
278 261 10 12
75 263 45 69
136 382 26 38
369 243 30 34
96 59 48 50
144 162 36 86
249 256 108 138
167 14 28 47
297 341 48 49
332 356 102 108
18 269 91 104
391 105 36 39
173 215 43 72
109 217 46 57
55 27 45 117
382 279 25 48
321 230 6 12
87 329 75 82
235 148 76 92
333 318 15 40
0 326 7 10
282 272 42 101
309 64 37 37
37 28 93 105
112 272 108 129
39 382 134 147
54 159 14 15
251 230 64 72
152 37 44 86
199 367 11 35
165 262 38 45
10 60 32 107
43 89 132 136
219 8 32 37
44 313 23 65
253 94 10 10
202 1 71 94
31 152 96 102
3 351 51 82
381 385 1 2
