600 7200
0 1 82 148
1 2 106 133
2 3 14 19
3 4 61 130
4 5 26 37
5 6 27 51
6 7 53 87
7 8 28 48
8 9 26 48
9 10 74 108
10 11 4 5
11 12 23 27
12 13 4 7
13 14 13 13
14 15 31 78
15 16 63 84
16 17 44 61
17 18 11 14
18 19 21 59
19 20 2 6
20 21 26 30
21 22 144 148
22 23 53 58
23 24 77 89
24 25 138 151
25 26 141 152
26 27 29 86
27 28 23 40
28 29 20 22
29 30 35 38
30 31 30 69
31 32 57 87
32 33 65 66
33 34 46 51
34 35 83 90
35 36 15 17
36 37 74 93
37 38 74 78
38 39 25 27
39 40 35 41
40 41 136 137
41 42 19 21
42 43 37 57
43 44 41 43
44 45 19 22
45 46 17 24
46 47 40 40
47 48 61 126
48 49 22 25
49 50 54 109
50 51 0 0
51 52 36 48
52 53 3 10
53 54 15 21
54 55 52 71
55 56 4 12
56 57 58 76
57 58 33 95
58 59 83 93
59 60 6 6
60 61 3 8
61 62 7 13
62 63 50 58
63 64 40 58
64 65 35 107
65 66 42 43
66 67 91 95
67 68 42 63
68 69 68 68
69 70 13 20
70 71 83 87
71 72 34 64
72 73 37 99
73 74 100 106
74 75 18 27
75 76 55 118
76 77 53 54
77 78 7 13
78 79 130 150
79 80 35 36
80 81 66 71
81 82 78 98
82 83 25 27
83 84 12 23
84 85 57 83
85 86 141 151
86 87 11 20
87 88 67 67
88 89 3 4
89 90 77 79
90 91 1 6
91 92 43 43
92 93 55 69
93 94 18 28
94 95 53 70
95 96 14 30
96 97 120 128
97 98 37 42
98 99 13 47
99 100 8 8
100 101 5 9
101 102 21 21
102 103 20 22
103 104 67 98
104 105 39 42
105 106 36 43
106 107 10 18
107 108 9 10
108 109 8 10
109 110 102 102
110 111 50 89
111 112 17 42
112 113 107 108
113 114 65 74
114 115 43 67
115 116 102 114
116 117 42 44
117 118 69 69
118 119 74 85
119 120 17 23
120 121 17 37
121 122 23 30
122 123 1 5
123 124 5 6
124 125 76 78
125 126 69 77
126 127 70 105
127 128 134 139
128 129 33 48
129 130 69 76
130 131 100 126
131 132 98 99
132 133 78 92
133 134 13 47
134 135 119 125
135 136 26 54
136 137 28 32
137 138 50 69
138 139 61 67
139 140 111 122
140 141 36 44
141 142 16 28
142 143 26 36
143 144 19 58
144 145 14 52
145 146 49 129
146 147 34 65
147 148 79 79
148 149 40 54
149 150 22 30
150 151 12 21
151 152 45 46
152 153 21 24
153 154 30 33
154 155 69 82
155 156 68 70
156 157 2 7
157 158 36 42
158 159 71 71
159 160 44 49
160 161 43 61
161 162 81 91
162 163 9 13
163 164 73 83
164 165 17 42
165 166 14 44
166 167 38 41
167 168 13 21
168 169 57 76
169 170 29 36
170 171 12 19
171 172 43 43
172 173 15 16
173 174 41 59
174 175 94 104
175 176 42 52
176 177 9 11
177 178 40 47
178 179 14 42
179 180 64 76
180 181 101 104
181 182 59 67
182 183 22 23
183 184 15 28
184 185 35 39
185 186 105 107
186 187 44 110
187 188 35 43
188 189 76 112
189 190 38 40
190 191 71 100
191 192 8 25
192 193 123 139
193 194 40 47
194 195 143 144
195 196 21 23
196 197 35 79
197 198 60 122
198 199 56 74
199 200 12 12
200 201 148 154
201 202 103 113
202 203 8 8
203 204 102 138
204 205 63 79
205 206 3 3
206 207 46 46
207 208 106 131
208 209 50 53
209 210 53 54
210 211 83 126
211 212 1 1
212 213 18 29
213 214 54 62
214 215 1 4
215 216 49 49
216 217 7 18
217 218 117 122
218 219 139 146
219 220 24 57
220 221 29 34
221 222 54 82
222 223 19 54
223 224 83 91
224 225 3 4
225 226 60 61
226 227 17 25
227 228 102 104
228 229 76 76
229 230 60 65
230 231 49 64
231 232 101 119
232 233 75 83
233 234 34 39
234 235 54 88
235 236 19 22
236 237 17 71
237 238 10 11
238 239 77 91
239 240 103 119
240 241 76 95
241 242 99 107
242 243 88 111
243 244 5 7
244 245 66 74
245 246 104 106
246 247 41 42
247 248 86 89
248 249 116 131
249 250 6 7
250 251 10 40
251 252 43 44
252 253 64 79
253 254 36 36
254 255 54 57
255 256 87 90
256 257 7 9
257 258 63 72
258 259 58 108
259 260 3 5
260 261 74 75
261 262 22 22
262 263 91 109
263 264 57 73
264 265 106 106
265 266 40 51
266 267 6 7
267 268 25 32
268 269 21 26
269 270 1 1
270 271 17 26
271 272 20 23
272 273 72 88
273 274 45 51
274 275 148 149
275 276 62 76
276 277 25 36
277 278 89 89
278 279 25 31
279 280 103 103
280 281 55 61
281 282 45 48
282 283 64 76
283 284 44 44
284 285 59 82
285 286 50 54
286 287 31 47
287 288 61 63
288 289 54 56
289 290 88 89
290 291 20 26
291 292 30 30
292 293 57 58
293 294 92 143
294 295 60 99
295 296 47 135
296 297 59 97
297 298 10 16
298 299 44 44
299 300 59 86
300 301 131 150
301 302 132 133
302 303 13 16
303 304 54 59
304 305 15 29
305 306 50 82
306 307 7 12
307 308 32 74
308 309 39 54
309 310 76 87
310 311 3 4
311 312 34 35
312 313 57 73
313 314 36 68
314 315 44 78
315 316 23 28
316 317 77 77
317 318 64 113
318 319 52 99
319 320 98 98
320 321 34 38
321 322 1 2
322 323 31 45
323 324 10 32
324 325 74 108
325 326 57 65
326 327 35 47
327 328 25 33
328 329 52 56
329 330 105 124
330 331 1 7
331 332 25 26
332 333 8 8
333 334 1 2
334 335 24 28
335 336 28 54
336 337 28 40
337 338 55 55
338 339 60 63
339 340 71 71
340 341 23 25
341 342 60 60
342 343 52 57
343 344 138 144
344 345 18 20
345 346 74 94
346 347 32 40
347 348 56 66
348 349 3 4
349 350 27 73
350 351 4 5
351 352 88 95
352 353 57 80
353 354 69 89
354 355 112 142
355 356 11 21
356 357 130 142
357 358 3 6
358 359 36 36
359 360 4 4
360 361 23 50
361 362 20 34
362 363 34 36
363 364 92 112
364 365 122 125
365 366 82 88
366 367 75 76
367 368 64 87
368 369 50 74
369 370 41 78
370 371 4 10
371 372 31 79
372 373 43 88
373 374 16 21
374 375 7 14
375 376 48 81
376 377 115 127
377 378 35 41
378 379 19 22
379 380 22 53
380 381 42 60
381 382 53 60
382 383 112 112
383 384 7 10
384 385 9 12
385 386 17 33
386 387 62 76
387 388 75 86
388 389 10 34
389 390 48 61
390 391 19 41
391 392 57 60
392 393 33 53
393 394 42 65
394 395 31 32
395 396 27 27
396 397 55 80
397 398 72 86
398 399 99 152
399 400 91 101
400 401 56 58
401 402 87 91
402 403 20 52
403 404 3 3
404 405 76 96
405 406 34 34
406 407 18 33
407 408 65 121
408 409 16 33
409 410 36 46
410 411 11 32
411 412 60 61
412 413 80 86
413 414 120 136
414 415 20 24
415 416 45 86
416 417 44 45
417 418 57 93
418 419 44 49
419 420 89 89
420 421 50 120
421 422 1 6
422 423 32 98
423 424 37 88
424 425 49 69
425 426 47 81
426 427 33 124
427 428 25 31
428 429 21 29
429 430 96 116
430 431 31 53
431 432 35 50
432 433 25 37
433 434 57 60
434 435 113 133
435 436 72 119
436 437 100 108
437 438 8 25
438 439 67 67
439 440 3 8
440 441 49 63
441 442 27 78
442 443 70 74
443 444 0 1
444 445 1 2
445 446 83 90
446 447 122 134
447 448 51 54
448 449 56 63
449 450 4 10
450 451 11 30
451 452 69 89
452 453 131 137
453 454 62 63
454 455 6 8
455 456 122 130
456 457 49 53
457 458 0 1
458 459 44 83
459 460 47 87
460 461 35 99
461 462 93 107
462 463 21 55
463 464 2 5
464 465 5 6
465 466 66 87
466 467 141 143
467 468 54 109
468 469 52 67
469 470 22 42
470 471 58 58
471 472 80 149
472 473 51 52
473 474 82 93
474 475 21 23
475 476 9 17
476 477 78 89
477 478 114 121
478 479 6 9
479 480 50 59
480 481 66 128
481 482 96 107
482 483 106 133
483 484 88 95
484 485 13 22
485 486 105 125
486 487 51 72
487 488 38 139
488 489 103 113
489 490 38 74
490 491 34 52
491 492 43 45
492 493 81 91
493 494 66 150
494 495 3 3
495 496 67 71
496 497 78 80
497 498 107 113
498 499 151 158
499 500 1 1
500 501 25 49
501 502 17 26
502 503 30 35
503 504 35 88
504 505 100 104
505 506 69 123
506 507 130 133
507 508 9 16
508 509 83 87
509 510 33 74
510 511 32 40
511 512 65 90
512 513 24 41
513 514 40 43
514 515 26 27
515 516 43 65
516 517 32 35
517 518 50 99
518 519 53 78
519 520 12 12
520 521 80 86
521 522 72 77
522 523 106 106
523 524 6 7
524 525 14 19
525 526 23 69
526 527 6 9
527 528 36 41
528 529 22 37
529 530 68 88
530 531 124 126
531 532 23 62
532 533 85 86
533 534 21 22
534 535 96 98
535 536 104 130
536 537 109 111
537 538 92 112
538 539 26 104
539 540 19 35
540 541 46 52
541 542 65 75
542 543 52 68
543 544 2 4
544 545 52 84
545 546 11 14
546 547 68 73
547 548 53 111
548 549 99 99
549 550 3 6
550 551 51 84
551 552 15 15
552 553 57 60
553 554 35 57
554 555 42 53
555 556 56 57
556 557 49 70
557 558 23 30
558 559 33 36
559 560 47 83
560 561 38 132
561 562 13 21
562 563 95 102
563 564 9 41
564 565 85 105
565 566 96 120
566 567 52 74
567 568 33 33
568 569 4 7
569 570 17 22
570 571 8 10
571 572 70 75
572 573 124 136
573 574 47 55
574 575 82 104
575 576 33 37
576 577 72 110
577 578 24 35
578 579 91 108
579 580 54 67
580 581 131 131
581 582 46 64
582 583 98 104
583 584 61 105
584 585 78 82
585 586 17 24
586 587 67 71
587 588 79 81
588 589 42 95
589 590 26 29
590 591 62 129
591 592 54 54
592 593 3 3
593 594 44 55
594 595 20 37
595 596 27 39
596 597 22 43
597 598 75 125
598 599 14 21
599 0 29 86
132 120 66 81
588 301 77 88
478 374 43 59
172 77 32 63
532 366 21 40
586 432 108 113
590 139 9 11
224 76 29 30
98 317 51 78
28 204 20 21
554 166 35 51
260 237 130 130
264 410 32 32
271 429 59 61
592 312 36 63
83 462 83 85
534 408 50 86
152 580 17 44
337 545 54 76
202 109 6 9
576 539 56 90
363 520 85 93
9 320 59 63
151 305 65 76
441 333 116 141
229 231 9 23
543 115 49 67
211 463 128 158
442 454 1 1
224 312 59 84
533 528 57 60
334 406 124 135
155 18 78 78
406 318 22 40
531 490 100 107
259 336 4 17
401 193 41 46
239 19 8 16
411 318 56 60
574 138 0 0
427 203 39 46
401 470 52 57
156 88 41 69
537 230 64 80
420 237 70 95
333 199 52 72
355 561 63 132
508 173 28 83
447 150 60 81
535 595 29 52
63 215 9 19
428 155 40 115
352 356 16 19
274 34 42 111
232 484 48 49
236 431 46 121
572 195 9 13
135 95 12 46
281 354 24 24
220 434 61 113
99 467 5 7
106 533 72 79
87 379 7 11
294 2 82 101
154 549 15 28
411 514 51 61
292 218 125 153
428 69 8 12
510 155 51 58
393 493 22 83
157 491 79 82
483 308 1 2
339 437 75 116
48 197 25 26
184 6 63 77
555 249 30 31
580 340 63 95
543 525 39 50
327 187 34 34
520 99 107 110
120 67 7 10
429 201 85 111
201 345 59 59
44 168 110 127
215 219 28 39
201 267 126 130
490 295 53 62
387 399 35 44
196 260 62 76
449 238 116 118
103 8 17 57
33 423 21 23
409 322 22 24
367 74 14 26
443 121 43 51
254 126 18 27
396 444 61 124
341 400 42 43
242 113 52 57
126 588 69 85
472 392 38 46
91 288 43 76
62 232 4 7
449 587 11 11
467 127 68 90
112 310 18 19
288 472 103 113
148 384 28 41
434 413 17 24
415 123 85 92
168 51 1 2
519 389 68 110
379 75 20 30
423 475 31 40
1 129 117 124
40 329 43 58
159 171 37 41
207 557 45 48
197 260 4 7
167 551 35 43
96 355 38 42
452 556 1 1
195 494 67 93
376 271 27 34
493 224 11 18
123 596 97 120
511 83 134 143
94 527 19 51
419 493 12 17
502 231 29 31
93 123 98 102
196 263 13 15
87 296 1 2
155 26 51 115
424 325 12 15
161 564 14 23
352 365 124 129
434 332 73 94
450 521 141 144
385 126 28 81
47 528 149 150
345 567 13 15
325 287 61 90
182 132 94 98
333 128 27 27
323 470 4 4
492 228 110 116
150 139 4 7
418 160 44 95
472 43 120 133
213 218 4 7
323 402 8 25
282 499 72 76
361 397 31 32
58 429 57 66
215 514 13 14
497 258 31 47
555 347 17 17
246 164 67 89
244 234 13 17
310 329 36 89
459 324 152 157
85 499 49 61
502 586 21 46
195 247 25 31
528 274 34 107
433 121 79 82
99 375 52 52
491 38 27 27
111 95 65 73
498 338 35 42
278 467 58 59
276 17 92 97
411 58 17 19
379 48 93 115
32 491 33 41
268 593 27 36
160 210 21 59
446 26 42 75
235 219 28 62
69 501 46 66
171 248 51 51
461 113 33 38
283 83 67 67
16 365 70 84
360 511 24 30
289 341 129 133
250 333 59 70
241 211 46 70
291 7 129 147
130 263 3 3
472 258 18 29
302 158 11 11
467 596 5 5
122 375 14 19
89 314 113 125
23 33 26 28
28 516 1 2
521 486 85 89
280 338 22 23
278 513 48 52
222 262 36 93
408 482 100 111
558 467 43 45
565 350 28 40
119 425 116 120
415 227 2 4
296 534 63 89
22 200 13 15
397 36 5 5
425 261 15 27
85 324 42 57
293 351 14 14
221 418 56 87
23 248 81 94
260 514 38 99
322 399 28 51
229 474 54 111
566 580 123 129
258 407 67 75
138 436 83 103
280 359 27 28
93 258 12 14
580 438 58 101
496 275 65 92
103 193 69 79
34 290 1 3
343 126 38 60
72 425 62 66
489 387 125 139
415 229 25 31
227 37 82 87
475 107 18 37
301 347 2 8
331 136 58 62
450 380 124 134
557 268 1 5
405 48 85 142
158 469 86 109
135 376 9 15
229 560 34 76
312 173 70 128
431 339 66 138
251 344 37 40
562 74 102 115
151 229 24 34
13 109 41 41
185 294 56 131
195 472 66 86
235 47 13 16
479 364 8 10
216 381 82 104
595 251 38 49
123 310 34 38
445 131 65 65
19 136 146 148
588 456 77 80
533 191 58 58
535 289 54 100
44 506 66 80
363 3 100 128
534 394 88 144
12 213 13 21
243 295 11 11
381 44 117 122
129 135 40 45
6 169 96 114
213 480 54 55
597 138 44 95
533 258 16 16
589 288 38 48
115 468 35 88
106 304 65 104
295 483 6 7
172 460 102 126
454 159 23 79
548 593 40 72
531 70 9 27
181 396 115 122
31 342 17 17
121 255 37 40
519 466 7 7
351 108 105 129
295 3 24 25
282 492 32 38
332 63 38 52
191 418 58 75
55 589 28 34
275 385 7 7
516 506 7 7
315 466 63 63
301 316 0 2
223 358 46 52
473 292 14 21
438 270 30 30
467 439 24 41
545 87 92 104
209 366 72 106
277 183 116 124
322 420 42 51
434 308 11 18
317 488 18 19
331 310 1 9
24 158 112 112
465 367 26 27
294 513 51 91
590 40 17 18
257 168 21 62
506 361 26 37
201 536 11 38
590 277 85 85
72 515 45 63
357 474 101 114
573 24 41 41
161 77 6 7
114 16 49 79
348 368 38 42
18 525 54 56
184 350 70 91
536 572 45 51
376 529 1 2
576 373 3 8
515 546 25 48
73 201 11 11
149 526 27 33
538 574 4 7
57 90 11 13
232 569 13 20
516 312 37 37
534 100 54 74
320 288 13 39
500 148 86 145
286 371 21 78
177 434 68 99
472 3 63 80
300 338 27 27
255 163 0 1
432 103 53 55
205 544 99 99
506 83 105 122
117 132 24 71
14 235 46 133
45 416 41 47
245 27 51 59
241 127 56 73
584 108 47 51
162 184 50 86
252 391 51 104
244 27 33 71
217 133 32 39
323 265 67 124
280 341 34 38
489 479 12 30
369 589 18 32
413 296 22 44
224 52 2 5
345 409 71 91
261 496 28 49
412 499 53 82
131 417 78 89
8 60 160 160
33 340 104 119
153 414 19 26
411 562 71 74
80 529 15 49
236 239 38 106
444 284 25 30
464 596 36 68
416 194 111 113
216 571 79 120
27 186 77 97
123 158 126 129
14 547 14 15
534 312 98 99
264 399 18 25
431 450 62 92
314 448 44 80
482 120 62 72
199 318 63 109
25 115 11 15
85 429 33 97
251 496 42 46
407 515 35 35
452 84 21 28
350 151 62 82
29 344 6 6
494 176 55 80
548 111 41 77
127 20 141 141
174 414 45 47
535 328 129 137
205 207 12 20
483 28 64 90
299 139 59 92
53 155 2 2
207 322 111 114
465 284 67 98
244 505 120 159
543 218 65 131
561 463 34 34
64 334 24 36
522 477 9 9
294 227 16 18
254 70 113 116
570 335 65 90
255 103 41 84
206 141 39 136
430 530 63 85
72 46 32 76
264 462 71 91
116 1 94 102
508 312 81 121
7 539 116 120
320 473 81 96
431 456 31 97
172 65 3 3
134 241 54 107
102 4 57 102
333 422 30 94
561 329 89 106
3 531 15 22
452 44 99 105
584 250 75 110
221 513 92 104
568 333 50 81
410 171 5 12
463 342 73 75
345 195 86 113
199 415 76 79
340 321 39 39
301 400 15 34
217 553 34 59
588 363 37 42
578 349 35 48
387 136 18 19
196 247 14 32
371 512 87 110
358 107 21 62
332 464 8 9
261 191 118 121
334 388 28 55
397 401 48 59
64 389 15 24
240 526 80 84
83 217 12 13
132 253 111 155
321 516 3 4
519 65 59 60
260 145 83 86
66 286 66 113
255 364 8 19
436 361 27 28
419 540 39 42
88 448 11 26
437 416 15 17
278 513 123 145
282 539 105 128
232 579 115 115
4 368 50 81
57 561 108 121
100 490 28 32
247 515 40 96
496 415 18 49
99 6 25 27
282 369 104 134
118 180 99 145
151 173 18 32
57 241 39 83
343 199 91 94
403 283 12 21
27 484 7 18
158 529 133 134
38 54 36 53
516 393 25 28
112 202 64 69
359 141 43 45
214 417 26 31
164 474 8 8
334 157 56 68
149 520 37 38
135 536 52 98
227 189 91 95
209 377 5 6
308 217 13 32
191 128 4 9
196 143 54 72
429 274 14 34
509 36 28 49
287 426 5 11
194 294 138 154
572 228 100 138
477 458 4 4
375 267 6 11
502 126 10 12
424 590 86 109
389 420 20 25
483 399 4 8
124 508 81 96
211 5 80 82
596 148 44 50
364 242 44 91
555 264 130 151
156 161 30 70
289 423 18 27
47 541 121 122
598 492 30 39
343 585 72 81
25 151 105 107
598 112 80 90
161 559 93 96
285 113 65 127
519 560 22 25
5 400 47 47
409 307 77 106
30 464 0 2
338 354 24 36
589 146 4 7
64 318 43 101
40 562 3 4
500 6 13 42
368 334 24 48
568 219 28 108
347 102 22 22
435 570 107 109
327 214 36 60
323 502 56 57
2 230 22 34
464 91 2 4
446 582 30 44
359 459 7 12
83 560 1 4
216 278 16 31
346 249 1 1
148 297 92 134
578 239 121 125
171 517 24 50
197 239 58 60
429 225 42 46
261 315 94 96
79 475 79 85
362 104 26 55
267 467 54 79
37 515 33 49
331 135 69 76
532 530 36 45
223 108 100 103
498 285 52 61
334 17 37 44
110 298 107 116
324 597 6 18
527 296 60 62
216 96 19 22
128 461 25 27
219 96 7 18
482 473 34 68
503 577 36 59
415 537 50 78
502 218 55 62
124 129 89 101
387 138 59 66
130 497 86 87
276 562 38 73
84 122 26 79
505 265 34 61
386 427 8 24
371 502 134 141
400 179 8 12
204 224 68 82
346 550 1 1
341 538 49 67
476 528 54 76
580 27 38 53
368 566 62 95
589 476 32 77
26 306 102 126
166 245 81 99
107 283 62 96
319 585 107 109
400 3 43 67
133 426 13 15
311 242 30 35
66 300 103 143
104 139 16 26
32 158 5 9
108 320 104 104
238 437 36 56
303 381 61 67
302 433 6 7
106 515 67 123
545 9 8 10
70 378 34 37
8 333 40 87
109 215 20 23
316 142 42 93
437 239 53 56
560 33 6 6
587 441 2 3
308 254 32 36
378 66 91 123
510 304 38 38
57 182 42 48
250 19 17 20
110 392 122 127
588 119 35 49
595 80 57 136
402 180 13 14
42 328 36 69
548 71 100 101
58 196 46 71
431 287 148 149
381 176 84 124
136 218 0 0
525 93 9 19
484 440 72 131
263 153 29 87
484 68 37 44
323 154 73 89
473 531 97 98
200 403 95 101
472 205 55 74
486 550 5 5
232 338 74 79
352 51 66 81
469 225 97 99
411 585 76 104
588 72 55 69
579 492 36 40
448 201 118 124
562 68 17 50
93 90 123 135
268 502 39 64
84 259 13 18
498 391 49 58
567 381 28 29
73 504 28 44
213 422 49 116
492 384 45 46
577 312 81 82
449 508 63 73
5 591 10 12
402 255 6 10
194 309 16 29
396 87 1 4
214 516 124 125
38 339 78 85
62 438 48 52
455 335 41 44
521 354 7 9
434 117 57 75
332 318 33 40
214 174 27 36
301 251 97 103
251 317 66 112
226 578 4 4
212 571 35 35
331 160 127 134
70 398 56 76
539 116 8 10
454 84 96 108
41 141 24 28
390 467 3 4
412 129 28 32
123 494 28 34
446 111 94 104
170 191 28 41
201 234 8 12
261 234 94 123
119 73 52 82
498 40 24 41
258 190 33 37
462 117 69 89
339 305 58 67
515 434 23 49
354 263 96 139
360 491 57 65
565 469 34 37
543 567 23 45
478 360 68 119
302 342 22 22
263 33 34 57
322 203 99 102
273 142 27 30
320 45 115 154
6 551 16 61
64 234 14 20
505 414 37 38
567 175 32 60
96 399 35 39
401 589 60 94
196 428 46 51
215 255 28 28
396 276 33 34
66 70 73 100
136 429 76 83
136 507 58 77
19 582 112 124
47 115 52 64
35 516 76 107
236 390 74 78
295 318 38 43
536 395 78 84
355 380 56 70
55 515 98 122
516 446 92 92
513 485 15 17
162 220 43 80
393 20 1 2
331 21 56 58
468 598 26 41
464 274 111 120
371 195 18 19
480 36 30 48
503 347 38 57
381 167 39 42
16 267 55 100
482 379 102 106
283 233 64 69
233 471 35 42
400 441 23 26
145 136 75 98
7 519 69 77
6 32 47 49
114 358 130 144
515 232 56 121
407 55 61 134
483 247 14 14
230 520 28 28
199 475 26 50
146 143 56 65
501 1 49 135
403 430 10 28
477 319 25 30
286 469 6 20
93 384 41 62
132 192 82 104
154 500 70 71
365 188 85 99
547 220 12 17
62 194 71 112
578 333 97 116
373 430 52 60
387 333 103 108
283 169 63 64
575 230 9 14
550 78 45 58
230 75 153 159
193 118 99 129
509 126 127 129
473 46 38 56
265 364 125 131
397 325 34 48
485 3 69 69
90 101 44 48
452 61 32 130
596 140 59 78
244 34 30 31
38 256 87 101
127 438 14 34
594 256 39 56
344 239 11 12
117 184 93 120
432 74 50 50
92 395 10 30
433 494 38 62
17 536 124 127
375 353 95 115
339 75 41 49
22 210 57 64
329 67 52 55
479 359 98 100
216 500 49 50
231 59 4 7
217 192 9 34
163 376 13 28
173 470 12 16
468 250 22 22
348 129 11 16
23 225 86 90
117 554 108 141
412 464 54 64
70 394 39 50
488 165 39 58
33 459 65 70
511 286 93 97
303 589 35 43
261 389 28 28
187 474 75 76
342 143 6 12
443 468 16 48
424 563 145 157
171 397 25 27
271 347 63 74
252 123 93 108
192 186 48 49
329 391 12 13
110 210 110 116
202 25 118 120
197 212 66 85
519 532 114 116
156 283 25 28
301 155 28 36
316 240 13 17
231 275 16 19
571 51 43 50
499 102 63 83
114 253 121 122
101 92 29 34
404 504 50 81
562 14 39 125
24 98 40 54
300 211 10 16
188 70 18 33
233 298 21 22
395 499 11 12
100 352 9 16
563 227 86 96
113 438 29 31
382 417 79 82
172 126 34 80
309 355 13 23
499 563 32 121
389 329 7 11
282 592 29 59
62 458 49 57
521 18 43 81
103 176 107 110
509 589 42 47
231 21 70 119
499 524 40 51
479 420 54 73
417 261 31 59
379 1 129 142
492 430 39 44
129 207 140 140
233 240 6 7
293 333 64 118
78 446 79 102
553 272 34 102
403 261 34 38
459 401 127 129
534 558 10 17
72 594 76 80
468 319 33 35
488 279 56 59
264 79 24 58
489 59 28 29
491 459 78 89
507 224 44 82
283 3 11 23
567 436 16 30
483 544 50 55
568 527 10 36
270 17 45 59
596 540 23 45
211 236 70 87
175 587 13 16
24 466 74 81
149 460 41 69
365 580 67 80
368 52 4 7
507 105 15 22
349 140 59 60
36 52 14 15
227 113 12 25
429 502 53 72
217 139 55 68
533 64 9 32
319 104 3 17
246 358 86 90
110 564 1 2
596 466 5 8
364 355 84 105
199 594 51 67
374 23 11 17
430 572 43 53
462 498 27 34
595 489 2 3
328 134 94 126
423 152 78 78
117 334 18 24
288 113 5 7
523 564 54 70
575 101 149 150
17 170 133 149
277 443 3 4
422 586 45 105
322 242 114 116
73 59 75 77
467 126 30 44
366 109 64 132
27 439 75 113
454 537 20 46
489 537 75 109
249 40 6 11
29 44 1 1
92 238 95 128
472 360 142 145
210 27 96 132
57 363 22 33
373 194 103 104
98 205 30 39
578 588 82 86
268 359 46 62
399 87 2 5
407 518 46 151
548 470 40 41
318 262 42 45
561 45 82 82
337 526 48 106
578 495 73 137
557 62 7 20
469 37 8 10
503 266 68 68
255 52 51 78
547 231 75 76
469 557 50 94
348 182 0 4
234 270 13 30
398 413 41 43
269 519 114 118
595 222 14 24
569 556 152 157
549 76 89 94
293 110 42 72
434 291 76 121
109 88 68 82
68 344 55 138
358 366 31 40
385 198 41 80
513 451 24 38
136 501 105 119
173 246 97 107
392 210 41 55
488 533 10 10
296 459 36 60
189 40 16 39
549 349 25 25
517 163 27 57
288 264 32 57
432 71 72 75
428 592 4 11
386 414 14 20
290 503 49 63
485 511 37 135
496 251 32 45
176 304 95 98
523 124 47 53
369 236 69 127
71 566 27 56
355 16 83 84
106 368 93 100
442 295 112 122
54 507 89 95
92 177 86 96
140 97 148 152
348 199 83 133
90 538 102 148
299 558 25 28
60 355 2 3
411 227 52 55
11 179 24 24
410 97 59 64
424 251 74 81
297 90 57 58
172 562 19 28
330 263 60 154
32 211 86 87
408 209 129 142
208 104 20 43
255 541 91 94
63 186 86 87
252 389 25 27
18 295 31 67
489 598 99 115
271 208 49 98
178 120 102 106
153 390 82 101
460 557 16 23
83 357 52 141
493 241 11 29
159 252 96 116
168 445 62 111
98 129 44 94
177 237 37 60
262 300 103 122
398 54 7 8
571 85 69 75
112 592 99 100
38 512 32 33
388 489 23 24
577 39 73 114
375 66 99 107
457 316 54 95
185 376 26 33
422 39 23 23
504 363 22 31
60 58 68 76
456 212 27 62
173 159 84 95
165 560 19 20
537 448 29 106
328 555 80 120
268 422 9 9
138 359 114 126
163 110 32 53
388 191 86 94
221 473 30 55
363 440 10 11
80 367 3 13
131 476 20 42
74 389 143 146
516 394 76 99
338 434 29 47
10 57 0 1
354 277 85 91
399 314 1 4
519 183 19 30
444 199 78 151
149 398 8 12
500 552 93 113
511 103 93 94
265 303 1 2
384 172 3 4
257 400 37 50
116 339 66 87
18 461 106 108
409 273 2 5
66 418 114 123
67 540 1 2
313 547 43 53
583 340 12 15
594 221 64 94
345 302 58 134
91 120 44 59
507 65 20 21
325 134 82 107
199 182 44 44
591 72 110 116
47 346 75 89
265 37 72 72
493 307 80 108
92 437 2 9
530 216 26 52
179 370 75 84
294 341 26 28
19 566 75 75
188 201 50 79
304 134 66 97
185 385 12 15
41 209 50 53
273 10 39 56
201 92 76 123
19 533 30 71
34 422 3 4
128 229 68 69
574 47 37 123
590 451 120 135
237 414 14 20
119 239 55 66
269 564 1 1
334 326 103 111
339 150 79 141
427 255 42 72
246 443 105 110
341 96 134 138
93 504 95 118
229 68 44 61
460 210 23 24
508 399 96 96
87 478 61 68
109 230 0 2
194 361 120 135
145 476 11 12
101 313 54 62
518 154 36 39
357 422 15 16
466 238 55 102
146 257 53 58
526 308 75 77
501 73 27 32
153 314 24 58
153 108 17 37
123 483 37 50
81 156 41 90
222 480 7 19
543 27 20 20
102 171 41 111
332 340 41 96
9 451 47 47
518 569 72 73
348 43 8 9
557 587 41 42
579 16 23 36
391 242 132 137
488 19 31 64
279 597 87 93
344 257 17 19
563 533 97 97
128 539 34 34
433 162 120 127
213 67 67 105
231 591 105 111
372 365 104 127
525 201 70 71
509 130 3 9
503 357 91 100
7 449 65 83
568 404 70 108
448 142 37 80
292 391 26 52
566 5 63 113
352 232 28 60
291 513 4 5
468 2 12 14
272 482 48 143
155 206 68 82
334 201 77 100
139 168 39 49
484 113 71 93
301 291 10 12
582 399 14 14
264 32 27 51
592 587 130 133
122 161 99 105
158 400 32 40
81 76 56 117
473 276 69 98
248 400 52 96
253 360 102 121
166 589 4 5
478 559 11 17
365 156 30 31
570 177 86 93
56 82 100 149
248 182 115 124
574 248 0 1
225 296 105 106
346 7 55 75
169 114 53 78
135 64 39 62
400 227 159 161
554 84 19 27
226 458 127 147
306 241 96 110
39 489 97 103
239 338 30 60
245 590 57 61
490 372 86 89
213 448 102 123
232 437 90 92
475 258 68 137
187 81 64 70
435 437 41 59
143 276 46 51
522 361 56 104
121 539 12 15
521 269 41 89
442 290 34 65
297 300 1 5
86 576 48 54
564 112 60 78
425 37 82 84
8 507 33 46
337 453 73 87
275 476 34 36
405 204 50 58
306 316 21 29
363 407 32 54
199 322 5 13
260 582 2 2
330 374 60 60
583 38 51 64
68 529 106 125
409 29 32 42
566 118 121 125
232 477 14 14
357 166 113 150
595 383 61 103
204 457 69 121
60 399 4 9
176 385 140 145
494 4 101 105
502 507 13 15
504 282 59 90
280 344 122 128
14 57 31 32
490 454 31 40
568 335 68 81
498 112 55 57
322 115 89 90
554 253 53 53
487 159 65 68
68 390 72 80
229 42 101 101
98 327 4 5
470 96 24 69
79 332 21 32
92 268 139 139
487 111 43 53
494 44 56 88
171 158 35 36
510 511 57 82
536 149 3 9
300 509 1 1
214 547 111 123
404 90 132 141
415 421 5 12
351 541 85 114
452 200 10 25
530 297 21 29
167 270 18 22
143 176 98 118
518 501 24 35
476 5 33 42
322 341 6 10
140 424 60 68
369 53 69 87
414 233 5 5
473 394 40 46
256 378 105 113
575 316 45 77
84 441 107 121
382 420 63 63
486 17 31 113
283 123 37 46
194 415 49 133
522 301 2 3
148 177 76 88
509 390 39 52
267 256 53 56
192 175 52 68
112 554 62 68
533 585 129 142
230 448 39 86
171 344 40 57
31 575 50 152
455 540 88 98
381 352 37 83
554 63 1 1
561 345 88 94
45 532 49 55
353 229 111 129
364 538 70 71
275 44 117 126
145 319 65 66
440 93 89 125
201 167 70 108
416 487 112 113
288 498 121 121
424 498 26 50
450 402 7 9
325 266 121 123
594 466 41 70
39 154 6 6
490 421 128 139
33 23 0 0
471 424 30 43
114 50 33 42
525 153 53 54
586 294 13 29
509 233 38 42
228 5 85 96
249 429 12 18
164 89 120 120
415 201 29 51
210 314 103 127
393 175 66 89
22 71 44 50
113 320 92 96
219 226 46 52
511 37 54 64
560 254 11 14
4 198 80 127
24 16 93 121
333 213 63 68
542 299 46 56
300 502 39 43
226 553 50 90
380 548 113 120
54 526 101 141
424 26 115 116
299 18 44 107
412 475 9 16
84 389 47 52
451 333 78 106
203 114 102 127
593 185 22 33
357 56 63 78
592 368 6 7
269 384 20 50
422 73 30 32
558 191 137 137
575 434 21 26
231 344 59 125
183 211 32 69
561 185 89 109
423 540 10 27
276 239 113 113
218 500 16 25
219 302 65 69
270 345 39 71
94 417 71 124
523 253 113 128
166 247 88 108
144 172 49 74
150 91 34 39
335 312 75 95
24 468 23 35
228 357 5 12
326 370 15 35
32 500 13 36
225 244 23 79
284 137 49 64
475 181 72 77
9 488 41 71
77 448 1 2
212 167 83 104
166 410 74 84
220 306 87 130
351 31 3 3
233 10 98 103
19 459 8 9
144 55 43 45
251 577 50 55
213 14 21 22
537 200 37 54
349 456 32 33
233 359 56 106
439 154 91 93
228 17 44 46
30 396 109 119
500 48 4 9
437 309 17 41
265 554 80 127
287 325 4 4
434 525 60 75
174 266 108 110
258 4 23 23
322 482 18 19
377 178 16 17
319 332 26 34
391 256 12 18
483 251 68 94
508 278 31 57
274 188 82 97
549 457 9 11
226 114 9 20
397 456 21 27
235 280 101 109
291 463 89 97
500 564 26 41
322 172 62 66
85 460 35 39
252 396 111 128
114 572 57 130
84 140 32 46
498 82 12 12
278 450 81 107
564 157 81 117
80 416 26 38
284 422 134 134
151 68 101 108
528 129 131 140
369 53 28 28
32 25 13 18
384 275 86 88
495 330 84 97
174 544 18 23
213 275 26 50
342 547 119 153
23 475 9 25
177 401 27 76
180 516 46 119
559 438 8 8
149 90 42 50
144 442 0 1
339 234 26 81
27 567 29 60
505 372 47 47
245 16 68 103
98 534 22 49
32 194 66 100
352 223 142 148
562 313 75 84
589 404 55 62
126 77 70 73
258 361 18 21
465 130 11 23
347 486 37 38
336 144 47 91
19 282 86 86
420 298 70 113
234 325 39 50
108 311 1 2
115 368 37 37
479 401 37 56
461 203 58 82
124 168 43 46
558 338 17 55
456 83 83 84
257 569 99 130
277 499 110 117
176 545 31 35
399 297 69 126
13 533 25 41
196 414 38 39
326 73 90 93
374 288 25 62
263 17 69 104
243 558 53 61
289 197 109 133
533 90 72 81
544 322 48 69
572 445 42 54
237 89 30 101
105 39 43 92
140 459 22 28
61 238 53 55
147 330 120 125
100 344 30 47
296 255 34 36
61 80 21 24
271 177 89 111
139 473 152 154
200 557 60 75
388 549 71 72
297 14 116 116
24 382 73 89
23 139 40 55
525 184 22 39
310 515 54 68
323 551 55 61
415 327 67 86
107 562 27 29
88 171 75 115
44 421 51 94
495 232 19 20
68 52 13 15
286 10 36 41
94 209 28 28
425 103 21 29
260 589 33 38
201 23 40 48
545 56 131 131
29 239 9 19
388 271 6 14
309 362 13 25
481 252 12 30
41 395 32 45
220 571 85 96
281 395 61 63
36 285 14 14
594 32 33 74
390 543 5 16
527 234 49 56
531 449 22 49
567 187 90 122
545 556 106 129
552 446 26 35
155 227 33 86
200 82 5 14
78 298 38 46
290 598 87 94
490 531 14 25
99 26 22 52
4 126 3 13
533 499 13 18
517 338 50 65
578 568 3 6
132 258 52 122
243 315 19 24
387 72 53 70
22 367 76 89
527 432 65 88
469 398 48 105
29 241 38 38
280 61 38 42
532 78 7 10
149 237 47 78
77 186 34 43
25 584 47 53
451 237 37 52
297 34 3 3
272 103 4 7
202 519 27 57
210 405 38 42
210 32 60 93
40 228 97 111
491 260 16 16
195 482 86 121
5 596 13 24
262 542 5 5
587 507 68 97
504 432 46 47
25 543 40 59
53 548 52 93
365 366 42 45
502 29 32 44
583 312 16 22
153 200 12 27
389 501 50 73
151 209 69 91
218 141 122 156
570 190 1 2
536 28 110 112
523 472 3 5
175 419 147 147
149 340 114 133
466 216 40 82
439 431 8 15
73 490 3 4
74 41 24 33
536 510 103 141
507 179 51 114
120 157 29 30
300 129 15 30
298 502 125 157
322 570 8 9
401 349 46 62
292 491 135 159
253 561 69 118
385 358 37 71
544 244 34 40
290 22 14 14
406 95 20 43
88 238 91 125
282 541 80 81
577 277 17 18
436 61 28 30
2 538 39 57
369 507 10 10
480 325 105 107
244 61 8 33
121 130 2 3
174 571 101 112
124 427 70 87
83 414 26 51
563 26 76 89
338 182 13 20
280 327 25 27
376 151 37 53
452 113 54 69
440 33 33 35
406 259 66 71
370 321 29 44
533 61 30 37
446 311 7 15
1 187 11 13
299 487 56 94
41 403 40 48
581 50 23 23
34 324 27 32
476 311 39 41
148 522 53 88
583 129 67 81
110 445 19 43
41 182 35 140
302 542 11 15
313 412 71 72
205 187 50 59
359 249 2 9
340 528 7 18
184 316 28 39
245 549 89 98
572 38 38 93
536 45 2 7
242 295 89 112
523 435 90 127
198 305 125 133
577 164 1 3
41 61 105 122
247 238 67 78
7 196 111 143
273 51 60 97
132 236 101 133
99 438 21 59
468 27 15 24
31 1 35 52
157 198 25 55
278 492 37 43
186 520 39 42
214 294 13 14
246 438 8 11
362 270 113 114
6 413 94 147
209 543 2 2
442 91 68 80
128 357 12 16
178 137 57 77
576 449 66 89
276 162 31 81
537 421 16 26
239 575 28 55
47 280 5 8
118 226 64 127
566 569 51 53
348 49 39 108
63 476 1 2
434 546 68 88
373 425 89 95
495 585 34 43
69 245 47 70
579 407 8 8
212 52 20 30
356 327 72 73
534 494 35 51
221 234 19 19
210 273 56 87
74 541 12 14
88 521 115 124
272 111 51 59
454 535 56 71
142 17 90 108
57 197 53 59
4 291 9 10
250 518 20 28
237 50 48 69
83 263 2 2
172 28 26 28
151 239 70 108
363 415 114 122
375 297 46 88
453 522 97 121
527 502 80 120
224 108 90 107
454 79 6 8
223 237 46 124
255 67 22 31
31 416 29 47
238 314 26 29
439 125 30 33
27 81 47 67
385 278 78 95
432 160 10 11
255 470 44 65
11 242 14 19
36 27 56 83
292 459 24 25
226 588 51 70
365 134 48 81
256 582 7 8
489 109 79 100
33 307 27 77
197 148 52 120
497 177 52 52
415 124 9 12
367 156 104 115
369 233 106 111
315 227 65 65
529 540 72 110
12 81 1 2
97 551 72 122
557 119 81 85
205 284 9 10
242 453 45 71
167 480 49 111
50 103 5 5
96 33 15 27
18 35 76 76
465 416 54 70
18 33 144 147
394 236 58 71
94 275 78 123
113 390 77 88
41 99 77 100
59 482 61 123
197 137 4 7
334 25 35 40
281 433 29 46
38 27 29 90
149 333 43 67
299 78 76 83
379 207 47 48
88 577 55 74
126 482 49 127
5 352 29 32
186 8 6 8
253 194 35 35
25 321 56 56
217 409 16 16
584 458 64 82
588 111 41 41
476 34 26 33
142 478 38 44
309 444 70 71
336 145 102 102
533 22 53 55
167 515 49 91
550 219 4 7
164 490 99 110
323 488 6 9
103 182 74 110
2 426 1 1
205 290 25 63
553 249 112 120
554 34 38 138
39 373 99 121
195 533 49 50
221 299 79 109
354 484 51 93
379 398 22 32
42 103 82 103
494 586 96 98
376 301 40 44
142 195 66 78
458 448 26 38
432 588 124 126
232 402 128 145
311 332 43 71
149 249 8 9
192 267 29 45
526 65 8 8
504 3 27 55
585 552 6 11
287 337 47 63
329 339 31 58
334 242 71 73
256 494 69 152
480 252 70 83
40 89 41 41
519 174 73 98
51 72 40 118
237 468 3 3
570 592 36 50
443 424 38 66
245 35 23 38
138 336 33 39
85 84 24 59
246 497 64 91
591 350 18 74
322 38 83 85
203 585 39 42
305 237 79 147
6 239 52 134
279 341 37 45
530 13 110 116
571 286 7 17
214 335 74 77
120 555 57 61
465 1 81 83
217 203 7 10
228 225 25 35
55 175 57 58
188 173 23 52
23 48 99 99
303 163 31 40
525 561 126 131
217 495 5 5
505 457 77 79
35 420 40 48
41 547 52 133
573 450 99 106
337 256 0 2
349 313 141 144
34 384 26 52
75 4 42 85
150 15 24 38
583 45 71 113
459 365 23 32
458 257 18 22
375 537 145 156
510 564 19 34
1 234 81 100
492 466 46 46
359 567 29 37
47 509 59 78
219 15 15 34
579 158 21 30
378 461 26 33
403 539 11 28
65 145 38 56
444 102 28 80
473 112 15 25
311 81 21 67
90 318 71 92
257 317 1 3
201 237 4 7
135 141 78 90
33 60 40 105
371 340 70 150
250 77 38 124
17 349 75 75
514 282 43 46
506 107 81 127
353 75 31 32
133 114 70 75
410 449 70 102
262 149 105 107
161 199 35 42
391 567 79 101
45 276 42 46
364 488 26 63
396 190 71 97
311 198 81 88
226 393 0 1
86 22 111 150
227 462 36 136
596 250 2 4
308 185 4 10
155 363 76 120
267 464 82 83
572 452 38 59
409 123 25 48
130 502 109 110
173 588 6 6
482 488 43 76
78 123 28 29
66 96 49 52
115 347 52 97
401 285 31 33
34 262 56 60
309 370 55 63
156 371 63 105
36 557 44 56
60 368 16 22
596 135 41 42
30 361 31 39
509 395 31 58
458 261 54 116
16 165 46 46
148 45 36 98
370 347 3 11
31 371 54 81
35 49 78 116
206 475 48 81
6 159 104 106
226 102 10 33
510 568 67 96
438 281 77 103
32 254 33 76
173 291 118 118
17 325 17 18
214 580 26 60
502 376 58 108
452 553 84 87
118 217 52 57
525 410 17 28
284 86 52 53
192 500 31 90
423 444 152 156
196 511 21 23
45 395 19 37
3 186 49 49
91 138 74 76
594 32 50 66
550 151 117 122
391 594 11 11
91 134 11 11
246 14 65 100
42 373 18 22
373 311 90 152
393 12 114 124
523 538 78 90
212 397 18 37
355 25 4 7
341 191 30 44
358 388 4 4
188 450 80 81
523 300 16 18
222 591 9 11
241 211 67 67
215 31 82 103
422 303 9 10
568 225 64 106
499 54 9 14
415 339 125 140
276 417 1 5
4 31 72 80
377 392 140 156
130 84 25 30
378 446 71 77
125 109 69 81
48 589 41 70
92 188 26 26
357 172 48 48
153 501 29 37
342 405 35 56
302 103 8 13
71 531 61 66
584 413 49 54
358 396 3 13
41 431 46 50
495 12 52 100
312 69 43 46
53 234 32 56
68 147 5 10
218 280 7 10
5 131 46 111
251 485 27 61
531 87 86 129
200 176 103 132
316 580 26 32
280 498 14 22
163 322 26 57
167 568 88 101
572 187 23 29
493 359 5 6
259 135 71 74
508 348 15 25
92 46 50 77
428 189 30 31
139 34 59 81
416 520 28 37
147 437 51 66
311 481 85 96
487 117 77 87
594 42 1 3
593 542 42 74
18 428 88 118
89 147 18 18
172 414 57 89
490 213 28 62
224 78 117 129
533 213 34 40
293 39 62 93
382 522 7 11
382 89 91 108
47 334 42 105
443 110 57 99
487 166 13 18
383 236 96 104
63 325 68 94
387 483 89 91
82 145 15 42
491 383 71 74
41 75 132 137
341 431 56 113
257 559 56 72
15 111 98 108
454 561 16 26
214 96 108 117
447 7 5 21
563 82 26 70
597 357 121 127
63 595 64 65
540 521 91 95
195 196 26 28
506 107 19 34
52 73 48 122
501 580 33 70
128 454 2 3
74 333 29 29
141 198 86 114
486 355 10 12
579 415 33 38
99 314 34 36
268 15 43 106
482 534 1 5
78 113 3 6
138 68 2 3
512 143 102 105
587 527 9 10
253 496 53 61
405 399 2 2
212 81 57 105
408 18 10 23
398 520 38 54
469 477 5 9
193 419 99 103
424 44 68 75
236 227 20 22
524 473 49 120
126 304 80 90
303 11 44 108
493 571 42 44
437 232 2 9
485 270 26 43
232 57 33 41
265 258 32 47
329 392 61 114
112 2 15 30
334 465 7 10
323 579 22 34
202 46 22 23
32 380 5 13
179 140 11 15
583 397 49 106
180 396 37 87
206 490 38 43
91 191 6 8
364 400 20 28
546 38 115 139
488 80 60 65
534 162 13 17
333 354 72 90
591 167 17 19
151 93 79 81
32 543 42 73
25 508 20 25
162 454 18 25
167 204 114 141
551 49 54 77
556 139 71 107
384 443 26 36
408 219 53 61
208 399 69 72
102 363 64 66
336 438 58 113
375 166 92 118
306 353 5 5
285 67 57 78
197 274 75 94
33 243 35 70
139 357 35 92
458 66 26 33
150 470 115 134
127 396 46 47
348 462 26 27
315 517 26 38
65 292 36 36
356 268 16 27
157 445 3 8
380 568 124 137
60 496 61 76
23 560 23 52
572 255 21 31
292 303 88 119
256 65 18 24
244 95 43 43
236 245 96 132
209 509 59 75
278 422 23 31
371 134 154 155
91 279 3 3
431 44 128 139
114 431 9 9
157 311 42 48
320 247 102 105
107 548 50 59
243 367 34 63
547 488 32 39
594 466 66 115
534 200 69 122
131 174 89 112
221 539 28 78
226 390 8 8
473 259 147 148
586 333 28 35
353 589 34 87
1 575 66 94
433 108 31 34
541 540 62 63
146 432 18 18
519 435 3 5
545 584 63 116
232 594 142 142
444 519 30 63
50 481 46 67
87 374 50 60
388 174 1 4
321 115 40 43
593 484 91 119
538 365 43 109
502 496 131 144
27 340 57 71
570 563 29 40
159 208 58 64
595 468 107 131
424 228 108 134
257 416 27 40
27 584 2 4
323 580 12 18
224 462 76 109
362 471 14 17
563 265 100 110
228 404 42 87
333 219 43 46
87 418 20 21
266 209 32 34
367 491 58 67
66 553 124 142
213 478 42 53
194 114 66 70
21 515 66 121
432 115 36 42
74 591 29 55
229 596 8 21
387 273 33 120
341 205 60 115
595 598 47 88
302 407 84 90
466 191 47 137
478 63 32 58
161 595 32 36
282 415 23 24
45 368 35 41
298 410 36 85
83 511 102 102
31 316 72 80
226 138 61 77
597 460 56 62
479 409 68 95
60 472 57 73
523 144 113 115
1 438 87 110
82 467 17 17
225 97 7 14
332 253 123 130
13 89 54 74
354 446 59 63
194 579 117 121
440 585 56 60
27 440 62 113
372 547 9 13
431 512 68 75
535 169 30 35
284 169 64 65
288 130 59 60
533 358 29 55
250 517 0 1
213 269 21 22
205 165 32 37
559 75 3 4
363 319 134 135
582 176 48 67
510 317 23 41
539 405 81 86
556 237 9 10
320 240 83 98
576 12 55 59
236 65 40 87
297 482 58 73
88 532 27 28
430 401 4 8
267 130 20 48
566 102 138 139
101 69 76 122
119 386 43 69
103 423 66 73
363 333 69 70
543 53 6 6
549 40 54 99
257 71 6 18
350 530 66 87
448 224 3 4
195 94 21 25
187 527 22 31
590 9 45 68
376 381 15 15
320 279 33 52
50 407 51 64
177 292 1 4
537 107 86 109
1 359 49 49
449 147 94 107
54 75 3 4
94 113 85 112
493 266 91 98
100 97 13 23
396 160 22 29
249 530 73 80
555 46 80 88
406 562 93 113
507 273 58 96
320 72 6 6
59 467 19 20
160 434 29 32
526 148 54 100
364 232 61 85
528 162 71 82
156 303 13 14
41 92 47 67
95 155 30 74
273 477 86 130
62 94 41 93
185 580 36 39
275 486 63 75
365 418 22 30
439 170 63 98
362 352 39 78
371 313 68 89
353 20 12 32
96 175 29 32
131 471 73 78
242 411 17 38
577 471 57 115
518 520 32 51
287 384 2 2
146 500 29 53
270 295 36 65
381 0 64 68
92 482 12 29
377 250 68 68
204 180 15 20
40 109 110 114
298 462 85 86
282 57 30 59
135 340 53 126
421 469 22 27
121 323 1 1
13 291 66 150
51 112 53 62
32 564 9 19
251 321 26 90
327 501 18 23
515 390 39 50
350 263 38 102
386 463 30 49
348 110 27 28
264 82 36 59
154 581 42 76
336 293 59 83
84 54 4 5
178 504 7 16
585 541 94 121
424 62 90 104
327 122 37 96
344 541 35 69
48 216 30 33
323 115 25 32
71 53 9 22
372 229 115 119
59 25 60 61
423 200 15 42
246 16 60 83
181 527 48 63
343 228 20 25
547 317 33 33
20 363 3 10
264 54 113 132
589 54 82 84
179 54 8 10
371 482 44 111
227 288 44 66
192 487 4 9
344 368 117 122
471 31 145 156
99 293 88 99
315 192 49 73
235 595 49 113
22 184 89 94
325 321 11 14
8 335 33 52
12 157 30 56
310 532 16 37
134 176 11 15
277 415 21 23
561 116 26 34
39 316 4 4
588 138 54 70
388 261 13 15
594 211 65 67
548 299 79 100
465 325 26 30
365 254 146 151
519 146 12 13
493 383 30 43
308 13 79 80
164 228 39 109
293 207 13 15
554 197 76 102
124 523 55 63
319 461 8 13
305 24 29 67
536 172 50 67
271 321 0 4
524 436 57 58
476 501 49 50
201 553 68 68
224 202 38 52
183 469 26 30
545 576 48 57
552 316 127 127
7 371 10 16
127 433 82 122
529 98 7 9
404 277 61 70
359 368 3 5
17 253 32 36
551 231 31 46
367 177 34 50
33 302 63 68
234 59 10 13
295 9 74 99
357 253 42 59
201 372 80 107
350 53 19 33
166 191 121 126
483 502 28 48
70 299 24 26
238 209 45 46
59 210 32 37
129 120 51 51
396 131 114 147
201 318 96 109
301 164 5 6
482 229 99 107
475 394 149 158
12 135 72 93
145 56 10 21
454 512 23 24
7 66 12 16
308 10 11 23
75 181 55 65
240 67 14 33
23 310 110 111
189 7 86 93
470 429 77 157
286 344 22 34
592 596 12 41
337 478 104 159
326 412 47 53
573 343 18 44
160 235 7 22
125 196 100 101
119 132 95 124
559 598 74 89
346 411 26 34
578 39 26 43
488 548 41 69
186 459 63 66
510 299 27 112
479 262 27 30
215 539 76 79
330 163 77 117
501 48 65 134
518 593 42 45
401 187 119 130
266 236 37 41
161 530 3 3
366 313 47 48
36 568 1 1
471 300 57 128
502 472 40 45
166 541 101 105
189 85 109 116
341 94 23 45
16 117 16 17
175 502 7 28
65 52 64 66
177 115 37 79
351 420 14 20
463 146 42 46
505 579 16 51
391 276 9 17
279 97 147 157
94 238 74 94
511 173 5 7
99 233 118 119
399 528 125 152
115 384 45 50
307 439 34 45
226 331 56 77
375 84 8 11
292 342 0 3
538 66 33 34
336 201 30 55
324 532 98 133
195 226 112 113
473 169 29 29
114 502 5 5
356 15 22 35
399 551 40 107
572 117 2 3
61 529 78 105
408 26 98 126
240 224 17 22
392 555 50 81
161 12 38 105
54 351 21 43
566 359 68 80
9 166 83 85
456 148 29 32
95 72 18 24
513 23 27 31
327 127 18 21
85 421 66 67
323 334 99 111
65 513 38 50
226 179 52 70
221 180 54 58
491 316 62 64
14 256 30 31
138 88 129 152
108 142 66 74
273 438 42 45
150 237 66 129
385 136 77 94
279 186 8 12
521 200 47 68
148 378 64 65
579 572 33 62
175 490 19 39
414 525 15 16
339 495 49 83
188 442 38 57
478 13 44 44
197 550 56 56
402 116 83 83
472 574 79 99
154 204 150 152
267 132 20 39
554 333 52 79
99 121 69 104
91 191 100 103
463 157 70 80
520 231 58 119
515 254 30 45
197 50 58 93
528 537 103 120
71 17 135 139
528 458 23 80
446 342 38 85
405 395 28 28
182 308 17 17
79 261 3 5
135 107 95 120
420 194 24 30
209 519 22 22
487 301 108 137
239 390 43 44
61 496 15 23
531 522 118 122
532 414 121 139
250 195 115 141
395 140 110 134
265 477 47 55
486 446 72 83
275 208 9 11
239 366 6 8
296 335 23 72
305 41 118 124
50 393 22 30
532 45 10 25
53 71 56 67
213 98 35 51
57 157 47 52
162 210 9 14
454 364 113 116
134 412 94 95
178 155 21 38
166 86 90 101
431 244 118 134
211 232 37 43
56 376 34 64
80 140 56 122
160 314 120 121
454 427 18 38
151 177 49 53
151 256 27 31
532 394 126 128
466 228 127 142
3 308 44 102
332 380 104 106
212 127 117 134
366 373 53 92
61 528 11 41
391 97 40 81
49 127 80 90
309 126 27 88
260 261 25 70
189 271 61 64
23 262 61 80
36 498 86 108
204 144 6 11
378 394 63 75
322 257 98 102
519 78 68 107
54 316 109 122
140 372 73 106
233 595 82 128
584 486 34 35
94 344 26 53
128 396 11 11
123 201 16 18
96 100 92 98
224 112 71 146
548 97 81 102
99 143 16 19
156 188 35 38
514 436 38 136
421 201 40 50
507 164 50 63
137 565 20 23
252 325 52 67
226 342 32 36
351 519 110 113
553 475 27 30
89 517 47 53
20 509 5 9
72 88 91 120
416 22 4 12
496 27 35 65
521 496 40 40
555 343 15 17
421 481 56 79
592 140 35 48
571 407 40 64
348 550 8 11
390 527 45 56
472 113 21 34
93 564 33 113
490 423 42 44
429 555 83 83
440 380 101 101
104 538 70 82
390 449 61 76
408 61 67 88
509 368 32 33
97 403 58 79
188 10 54 89
420 423 7 8
236 52 68 68
329 11 10 16
558 354 18 38
81 75 28 55
165 434 109 127
101 11 41 42
83 215 4 4
145 51 88 95
45 81 27 40
545 273 77 107
359 571 45 124
75 597 86 86
442 304 44 48
296 582 83 87
12 249 114 116
417 2 44 84
67 247 134 135
208 100 64 82
125 136 50 97
555 344 82 95
43 205 8 9
131 157 30 41
348 304 58 68
380 71 38 85
495 34 88 88
330 484 36 39
505 119 27 105
193 378 65 67
512 240 152 153
313 588 113 141
12 45 20 62
116 1 30 96
315 137 27 28
127 269 31 31
223 119 128 131
513 487 37 41
456 358 48 48
592 260 76 87
372 354 145 160
28 414 76 139
59 51 28 79
343 577 53 54
279 513 15 27
30 43 5 7
586 65 20 22
357 1 31 31
83 282 26 27
333 110 37 49
261 300 26 65
523 89 88 96
31 332 23 54
215 520 101 122
240 35 117 137
47 289 34 98
113 590 19 19
135 100 119 136
542 112 52 119
443 550 24 39
47 221 21 25
579 164 47 71
537 194 10 16
576 56 89 100
590 118 30 31
428 170 0 1
157 6 109 140
300 97 14 24
418 416 107 108
274 86 75 79
361 143 41 47
513 132 7 8
80 394 0 2
237 98 33 41
361 1 39 101
564 221 63 117
270 423 17 32
15 327 42 46
37 313 21 25
221 586 7 21
394 520 69 88
543 435 36 86
216 507 26 26
133 357 94 107
293 266 33 39
33 542 110 122
554 542 1 1
345 489 107 120
7 283 54 104
59 251 20 58
512 391 73 86
261 91 29 95
372 326 104 107
441 397 100 115
16 408 32 90
31 366 50 50
358 387 75 99
291 352 66 70
302 214 42 67
461 56 91 96
398 284 15 15
527 427 67 113
487 496 30 56
122 57 14 40
62 229 70 89
308 369 13 13
372 178 91 117
125 384 10 12
354 402 47 74
65 287 3 7
273 203 29 61
20 581 27 40
596 77 13 20
545 114 6 12
310 237 142 144
284 386 5 7
531 21 15 21
230 128 4 13
221 35 21 33
256 408 22 67
332 409 24 26
517 481 25 69
422 454 5 7
83 253 10 31
473 18 57 88
57 582 106 112
284 361 116 124
414 336 95 97
73 171 43 55
571 307 38 115
58 397 77 103
473 397 13 25
188 563 11 13
561 386 43 70
125 482 102 118
169 594 42 43
301 329 70 74
285 32 50 56
205 331 67 77
417 267 14 24
235 529 32 90
220 346 103 115
60 402 39 42
334 89 94 102
598 82 50 62
159 299 122 131
496 8 19 19
344 38 57 74
589 454 5 6
386 288 46 51
405 592 10 14
512 60 113 117
76 28 13 14
51 595 61 72
236 403 10 14
511 591 74 101
414 318 7 13
159 436 98 133
330 267 69 73
178 148 27 29
465 541 116 119
188 285 95 139
243 311 20 44
186 87 62 79
108 107 108 109
73 346 101 156
409 345 77 89
312 283 81 92
276 499 11 17
567 514 24 31
369 234 73 92
550 379 11 13
373 26 52 52
429 277 96 138
110 496 21 68
485 526 91 97
132 184 7 20
479 453 23 52
56 78 66 90
294 6 136 136
248 290 11 32
321 137 17 52
254 429 66 72
99 372 44 46
539 444 105 120
198 420 55 74
324 291 72 110
2 346 53 86
355 283 78 84
592 14 103 103
486 154 119 135
259 60 93 101
420 440 103 139
388 366 51 90
246 465 74 136
202 179 50 73
382 57 9 11
158 314 107 123
154 497 43 45
502 388 52 52
162 267 17 24
8 241 18 49
297 104 88 92
495 299 71 73
459 580 15 60
50 187 28 32
122 47 12 14
100 505 85 93
42 580 12 13
368 434 52 70
53 422 56 78
60 17 109 127
225 82 86 89
287 225 65 66
597 393 72 102
179 447 0 1
212 261 41 91
170 71 20 27
142 41 117 130
322 167 106 120
558 172 15 38
360 64 65 80
292 196 1 2
542 334 5 7
487 113 101 103
369 179 81 83
181 553 32 32
59 149 69 78
226 591 43 43
1 381 21 31
532 244 72 84
544 372 4 4
466 282 9 18
59 485 91 111
466 324 18 18
173 484 55 74
59 65 85 92
544 547 53 60
162 291 1 3
355 106 62 94
526 564 78 111
503 552 48 89
107 317 93 105
448 202 56 58
262 446 113 114
447 408 47 52
320 23 50 110
187 533 79 84
72 440 116 118
562 295 13 18
507 456 127 138
146 114 18 20
582 389 80 80
265 222 78 113
112 488 97 115
181 570 25 29
336 471 19 21
442 211 18 49
369 482 7 7
436 391 100 145
26 352 67 79
48 505 5 18
25 460 60 99
226 267 60 78
103 544 35 38
561 511 89 96
340 459 33 80
442 340 32 44
249 0 39 47
577 48 69 74
418 491 0 0
86 366 28 97
504 191 27 34
566 223 15 34
263 512 0 4
326 214 63 109
286 573 138 146
261 60 14 16
382 537 145 151
497 498 26 38
122 191 56 59
526 510 93 144
494 540 26 89
162 507 1 2
58 392 41 66
358 441 115 115
511 266 28 32
593 252 47 90
337 170 32 32
147 494 14 18
514 397 21 23
386 74 61 79
597 326 54 54
296 238 17 26
26 8 51 56
24 359 105 110
91 255 48 50
382 595 50 84
513 559 67 89
35 359 117 138
236 408 133 135
300 296 30 33
501 331 55 59
570 380 5 8
507 273 28 31
376 597 62 75
187 209 36 43
198 319 26 44
466 2 96 100
161 3 32 33
508 392 80 80
262 425 15 15
365 478 48 62
374 514 25 27
339 105 109 121
504 239 12 13
449 582 22 41
572 248 37 59
597 179 8 22
338 496 44 74
78 13 25 41
313 286 15 18
395 302 56 87
379 548 13 13
129 220 67 149
260 178 23 51
105 309 52 69
574 579 27 31
300 486 61 103
500 341 124 131
69 577 21 42
384 506 50 84
357 36 25 50
442 544 75 116
118 559 12 23
385 409 71 79
126 90 40 90
180 381 64 70
456 227 22 27
225 233 51 52
150 69 29 71
120 193 17 33
527 162 35 42
22 302 73 73
212 159 51 87
40 490 36 36
146 474 25 48
109 340 113 124
596 552 72 79
361 39 71 90
114 400 4 14
448 416 63 119
419 273 42 64
67 520 28 35
271 480 49 55
379 529 107 121
212 493 18 26
51 366 105 111
335 59 26 26
324 210 49 59
22 71 74 97
538 62 23 36
542 269 16 25
402 271 63 72
72 141 67 78
397 449 13 20
492 76 82 104
132 197 85 117
169 29 118 118
78 434 22 26
566 372 61 71
456 529 33 34
482 236 52 114
533 321 77 77
380 581 23 24
89 38 23 23
517 328 51 56
584 486 24 25
406 293 46 85
389 216 104 136
448 323 7 24
332 213 1 1
492 598 22 37
448 97 46 51
83 544 10 12
183 61 102 113
385 310 42 55
140 421 53 103
552 464 51 58
142 410 8 15
470 485 30 31
346 292 55 68
574 319 126 127
140 466 98 109
301 198 30 46
360 376 21 31
527 459 77 80
99 74 89 95
555 271 23 27
236 294 6 10
577 138 90 91
402 357 58 62
248 3 79 115
281 1 44 53
512 83 83 125
578 357 28 36
580 334 56 104
100 369 37 39
458 102 44 89
349 592 101 125
138 224 57 78
32 334 12 16
376 337 8 9
473 535 42 81
78 538 19 29
40 571 48 73
566 306 65 79
191 119 83 95
190 274 42 45
512 214 17 23
371 293 42 88
438 148 59 108
195 164 4 6
130 351 17 19
353 554 1 1
397 19 51 63
322 233 106 111
497 150 125 128
322 540 13 13
304 115 5 19
485 406 48 92
218 397 84 85
58 6 22 33
47 262 95 98
486 586 49 63
107 376 65 95
582 370 10 16
83 431 11 16
135 181 41 41
346 495 39 48
45 7 19 23
149 588 43 48
411 347 1 2
119 570 82 98
269 233 4 11
384 333 40 49
294 143 100 104
454 219 23 26
208 212 12 44
20 77 79 83
272 572 42 58
392 530 54 56
482 235 69 91
436 235 7 25
419 368 61 89
546 223 6 17
298 72 3 3
519 182 27 30
393 346 59 59
355 152 51 96
41 453 113 124
64 571 4 13
18 247 19 32
36 95 37 50
455 562 120 132
531 525 2 2
63 66 98 109
407 114 28 50
183 274 10 25
44 244 24 49
239 537 12 12
208 296 122 122
405 508 8 9
284 546 17 29
455 325 24 36
221 575 42 42
586 435 30 62
133 316 123 153
195 156 8 18
156 579 40 47
507 71 21 44
273 136 54 56
526 315 8 16
241 492 15 17
160 424 81 109
280 358 61 67
575 209 15 39
395 399 2 5
514 267 123 136
548 571 30 31
103 327 6 6
462 455 60 116
269 223 88 106
244 484 40 40
338 430 110 111
218 63 61 66
4 588 40 52
130 272 31 37
593 292 79 84
306 322 14 36
333 126 19 69
210 53 67 118
14 398 88 88
535 267 77 77
331 244 32 50
541 424 9 18
243 548 31 54
268 291 90 100
430 145 63 96
524 55 15 16
88 247 136 141
51 489 31 45
156 530 84 153
393 267 24 58
583 418 34 35
231 165 16 28
551 467 146 147
509 226 47 70
314 540 3 3
261 557 11 16
281 327 61 107
58 355 39 62
454 239 45 54
29 85 7 17
108 582 91 91
69 53 120 122
527 362 32 79
9 316 14 17
35 216 26 26
184 59 98 110
316 356 106 148
346 141 16 20
449 514 11 11
143 304 22 24
564 387 57 58
502 135 13 23
358 345 19 19
183 423 25 26
594 206 119 127
107 466 4 4
137 360 44 72
65 286 31 35
422 366 10 14
542 37 13 32
300 218 8 9
32 41 56 87
315 56 8 25
132 64 37 77
177 313 16 16
359 29 89 92
163 311 45 109
269 240 115 147
145 507 83 103
94 224 39 52
24 307 8 21
72 545 14 31
166 432 127 134
89 368 28 31
337 469 26 28
290 431 10 11
237 241 50 55
33 449 125 125
293 68 41 45
219 426 8 23
525 178 47 80
468 188 16 18
430 193 48 89
185 318 11 14
477 564 1 5
179 408 6 6
574 6 36 46
134 9 15 17
81 349 83 83
13 432 32 37
252 357 55 59
267 439 92 114
39 471 28 28
237 56 56 86
217 430 92 111
8 372 77 102
21 179 9 12
12 345 41 57
92 569 25 27
201 391 43 147
300 530 38 45
466 554 16 25
289 390 22 58
155 105 91 123
109 97 109 158
253 470 37 54
580 261 37 78
54 254 36 42
354 139 113 116
350 415 60 73
255 493 11 12
355 210 117 124
348 141 32 69
374 566 48 80
290 140 24 25
490 268 20 35
210 435 16 16
131 575 114 118
301 121 44 45
588 570 33 43
467 122 35 73
300 204 12 12
373 459 89 90
99 233 93 118
123 71 15 16
55 364 20 31
98 186 35 75
404 407 39 59
300 442 42 76
62 376 84 98
553 497 14 15
140 302 53 108
231 161 48 76
284 219 34 69
465 510 90 101
106 338 73 126
239 151 64 67
260 232 50 53
227 170 21 31
247 20 11 33
309 380 115 117
12 230 60 71
545 285 52 101
400 421 27 27
393 362 52 52
92 159 71 113
186 184 74 81
235 586 64 64
331 427 25 74
221 247 50 52
133 209 36 48
265 273 48 52
537 418 81 115
539 345 0 0
63 434 101 104
192 484 55 59
180 64 74 92
41 416 122 126
75 403 16 17
159 108 73 90
149 238 6 11
515 39 8 20
319 348 42 83
565 276 47 92
201 582 19 29
101 458 28 34
77 85 14 16
2 185 31 57
236 504 78 106
224 567 82 82
512 568 103 117
376 262 33 38
326 447 31 39
558 57 16 33
58 40 35 86
253 453 39 54
596 586 26 49
319 241 22 23
73 486 24 24
140 552 23 25
224 259 38 38
265 530 36 62
340 573 32 42
468 374 67 115
140 2 36 42
59 206 43 44
463 572 31 41
40 304 64 65
257 64 43 92
164 182 62 80
557 225 14 15
363 381 17 23
571 266 119 123
330 379 51 57
65 559 52 64
343 303 110 119
159 549 6 6
556 41 126 159
238 105 102 107
16 534 11 12
263 406 37 44
387 467 23 52
101 271 30 33
520 422 39 48
595 302 111 141
243 301 46 48
370 294 85 95
63 180 0 0
592 7 46 58
369 470 7 24
134 567 125 135
524 41 15 30
448 374 10 19
39 61 73 73
79 252 132 143
446 285 129 144
82 460 18 32
576 534 104 107
213 387 80 90
340 45 117 140
85 396 18 18
495 42 77 92
35 520 66 70
92 491 44 66
468 211 11 19
478 510 17 52
300 57 0 2
435 128 69 96
281 482 80 80
494 275 48 51
22 442 139 139
122 164 77 105
253 542 66 67
456 446 14 15
483 515 14 30
348 351 46 50
441 515 14 30
454 142 122 140
483 354 30 73
383 221 33 74
230 535 49 56
458 234 98 139
231 59 68 98
525 435 92 107
335 568 36 62
289 6 104 108
459 445 76 78
468 130 80 80
44 517 9 19
114 89 83 118
129 392 5 6
72 211 15 16
264 507 55 56
481 52 47 53
255 582 111 111
89 297 37 67
139 365 62 75
357 67 9 9
246 336 48 59
111 109 3 3
116 134 55 74
572 114 19 20
525 97 83 100
251 427 33 45
364 61 105 143
379 423 122 130
36 37 74 83
548 509 41 43
25 459 80 82
538 227 17 23
145 364 0 0
89 449 7 9
357 487 0 4
329 114 115 121
308 423 53 59
11 345 34 50
206 586 35 40
233 347 51 55
315 75 93 112
566 56 99 99
71 256 40 44
329 477 31 51
126 360 16 24
177 253 37 37
574 238 33 61
396 377 70 74
204 459 77 97
11 131 56 89
248 270 37 93
123 582 35 48
61 339 32 72
75 486 18 41
568 10 47 47
346 512 94 95
437 368 35 43
320 88 73 78
203 492 62 63
154 415 74 97
115 415 66 66
72 267 79 80
360 555 9 9
190 548 25 39
376 0 9 13
450 348 74 97
275 269 125 126
203 479 68 135
537 472 111 134
9 509 53 55
404 273 81 92
541 33 92 97
263 278 108 116
344 490 26 37
237 247 13 19
304 14 44 47
394 75 69 81
56 264 96 98
207 347 55 55
184 505 44 63
478 520 22 33
30 134 92 92
473 354 28 48
566 394 36 38
410 104 26 51
498 233 16 23
296 548 62 72
246 74 43 54
499 172 76 79
113 93 55 62
423 387 18 22
475 458 65 109
403 123 9 28
575 296 41 70
458 181 19 42
440 87 79 91
2 403 88 114
366 17 98 117
269 280 64 89
472 197 19 36
14 63 116 130
450 507 81 112
161 478 32 67
401 400 18 43
64 440 48 58
429 342 86 100
276 387 77 77
146 596 1 1
215 153 75 83
69 175 35 53
515 503 39 50
483 217 20 25
61 55 124 127
203 230 53 131
215 595 4 4
521 465 3 3
587 4 33 42
561 315 14 46
329 264 6 6
36 550 39 43
65 283 40 89
217 304 25 66
97 461 102 126
11 348 75 101
304 36 34 100
83 65 87 88
589 239 51 64
222 21 52 56
161 353 135 156
162 15 141 150
210 21 20 60
126 267 62 70
0 574 63 87
13 458 88 134
473 533 39 69
71 473 45 147
83 156 71 78
202 349 149 159
391 253 77 79
41 15 126 140
427 566 28 86
451 42 26 28
90 132 3 12
440 544 54 138
488 308 2 5
588 150 52 143
187 379 65 77
201 126 67 67
576 374 39 55
110 539 125 130
112 44 95 100
356 35 38 69
152 321 14 27
428 170 72 131
58 48 7 8
113 399 15 23
378 52 65 72
451 21 23 42
270 182 46 52
520 322 73 78
32 460 43 67
134 69 1 1
225 213 24 37
505 375 53 114
310 378 106 108
478 524 12 26
206 79 83 88
509 329 12 12
238 526 4 9
171 181 111 121
229 357 31 42
128 264 98 116
544 439 152 156
234 235 91 104
154 319 75 154
96 491 2 5
13 552 95 108
334 104 46 54
72 176 78 103
279 144 75 84
464 317 69 86
411 202 16 55
568 407 79 83
150 205 18 28
401 459 77 141
410 344 10 12
212 459 55 82
169 237 44 68
235 570 29 36
450 82 6 12
566 303 15 22
508 507 42 47
541 412 70 92
468 207 53 62
441 127 82 84
0 374 13 13
251 287 37 38
0 7 48 104
420 449 47 72
104 538 30 30
57 593 53 87
15 74 6 8
232 116 48 115
18 102 31 65
108 329 22 27
374 320 88 140
482 180 41 53
166 331 64 84
571 385 25 27
515 295 21 66
53 222 5 5
300 511 68 73
201 493 52 57
430 136 51 55
391 126 111 119
176 57 1 5
117 79 23 80
210 452 74 97
425 267 8 34
380 394 16 18
58 480 25 77
241 415 69 72
527 278 75 91
70 375 24 25
479 36 24 30
113 157 42 46
403 320 93 94
74 80 121 131
499 387 65 66
479 236 52 143
120 229 24 29
464 75 27 40
418 303 84 149
77 427 13 36
561 327 20 77
338 7 5 6
97 395 38 57
297 241 10 13
241 285 113 113
409 69 54 54
538 471 36 39
537 488 119 123
215 412 67 127
20 158 76 78
306 301 13 15
7 154 115 116
542 400 97 116
3 98 0 0
421 551 77 105
42 209 31 38
180 474 40 41
578 149 66 76
390 11 30 30
480 316 80 117
334 573 83 109
301 107 3 4
4 7 53 115
2 579 56 85
562 581 59 68
429 395 97 114
534 258 18 32
250 468 34 43
217 550 31 33
318 501 90 97
400 413 65 80
330 541 35 49
586 557 15 22
319 370 3 4
183 453 50 58
444 195 94 119
151 541 24 25
164 282 49 88
288 514 143 143
97 219 15 16
220 202 27 31
89 375 94 111
517 234 29 31
346 281 124 125
190 197 43 45
489 216 25 43
292 157 50 155
521 274 21 31
8 415 37 54
476 567 17 32
163 77 129 140
220 584 29 64
372 107 61 76
201 338 14 14
146 389 11 20
454 155 104 145
433 291 87 102
99 351 68 123
13 175 6 8
272 569 52 63
129 369 7 9
281 225 44 112
24 519 67 112
390 95 27 68
154 437 15 21
408 110 49 73
227 112 32 59
39 408 21 22
568 341 39 56
489 537 21 22
141 462 60 60
99 253 16 28
452 318 67 71
264 579 32 58
596 429 103 109
23 400 24 56
255 146 46 69
353 224 47 73
304 335 35 52
366 460 29 35
484 551 91 121
154 182 63 127
164 513 3 6
221 395 10 14
428 376 9 16
345 411 80 81
113 6 44 88
517 515 51 55
30 584 86 100
281 273 7 7
491 300 15 15
437 299 142 150
183 284 122 138
513 423 27 37
483 35 45 78
594 380 15 19
222 69 78 84
326 499 15 16
32 188 86 87
244 206 47 61
292 363 119 140
72 163 65 120
321 147 89 148
142 489 33 34
434 279 20 32
558 186 56 95
271 194 8 11
280 77 12 24
192 594 36 64
14 69 50 66
267 474 30 36
545 93 52 58
10 183 3 3
172 79 83 104
560 183 28 38
280 74 37 85
202 436 25 25
342 189 42 79
185 249 70 93
477 422 40 64
364 526 84 87
504 268 56 63
298 247 54 85
382 594 95 96
259 527 78 88
259 441 31 31
91 286 94 143
534 484 60 70
471 138 51 64
348 425 13 13
329 22 16 17
151 581 39 60
293 35 2 7
533 209 19 29
495 363 1 5
351 313 88 126
520 126 75 76
520 0 103 113
129 321 26 81
457 391 8 8
573 425 11 29
130 319 49 98
355 432 78 79
507 503 25 32
348 269 21 33
133 419 3 13
269 176 113 120
160 154 65 107
551 149 103 107
275 49 41 46
12 123 30 81
330 192 40 59
26 498 91 153
125 31 38 112
547 244 25 69
9 243 22 46
41 307 41 144
478 66 46 72
301 556 71 91
460 404 89 117
487 538 125 126
428 463 42 84
229 256 4 4
561 62 8 12
360 255 125 130
109 574 24 37
125 575 22 41
379 195 25 25
253 357 57 60
252 145 37 38
459 389 9 30
312 568 8 8
119 230 105 117
218 521 33 33
343 593 21 26
244 83 12 21
150 556 7 10
464 375 28 42
566 492 26 39
532 349 40 69
48 281 102 119
131 240 119 148
104 519 90 95
206 167 58 131
429 189 33 38
359 576 136 159
106 270 79 86
319 566 82 82
294 311 28 46
550 266 5 7
243 58 33 34
124 329 111 136
312 511 63 128
155 177 86 106
98 318 62 71
586 65 63 65
74 579 3 4
318 105 94 105
199 462 65 65
363 338 30 33
3 84 42 73
162 499 100 109
438 42 26 35
258 196 50 54
325 242 60 119
351 228 66 112
529 55 63 82
432 474 12 13
433 18 4 5
239 286 54 71
354 406 48 51
329 206 109 121
59 64 48 50
207 224 76 119
521 331 19 29
359 437 105 109
530 199 93 107
257 97 42 65
499 182 113 114
358 82 88 89
371 574 97 103
470 10 1 2
149 437 129 134
504 248 26 45
364 280 22 35
134 37 19 28
303 175 11 12
253 563 99 99
497 455 69 78
419 257 28 31
376 494 71 74
241 566 61 86
466 582 25 34
47 63 13 36
64 55 21 41
111 448 70 124
334 232 62 89
549 300 94 142
162 155 81 92
27 516 58 91
453 597 15 20
37 47 14 19
464 120 36 37
106 268 31 45
356 19 16 30
113 376 80 82
362 594 10 14
111 5 7 20
219 55 111 112
402 126 76 105
375 221 64 119
458 180 40 51
328 298 41 54
130 548 68 81
468 420 111 121
576 525 26 67
146 7 6 9
20 165 37 42
586 377 43 43
117 438 38 40
596 326 57 59
46 350 149 149
519 351 54 54
428 269 60 61
50 464 46 76
514 39 76 79
38 193 49 112
544 102 34 45
9 158 29 53
246 275 71 129
559 131 3 6
310 129 12 14
129 474 40 95
233 304 39 42
214 94 105 111
8 122 36 92
236 432 64 145
540 67 51 98
440 468 16 22
562 196 94 102
384 426 15 23
545 443 15 22
501 111 56 92
408 184 58 106
470 233 11 21
477 376 85 85
298 583 34 38
544 406 45 82
501 256 29 29
371 97 27 53
100 384 31 60
289 129 42 75
369 192 50 78
425 572 11 17
22 561 62 66
254 181 8 8
313 450 57 68
136 442 78 90
190 437 56 57
57 151 48 73
445 381 122 123
249 217 64 93
327 509 84 85
412 353 25 37
47 221 3 4
122 484 16 18
11 470 48 57
154 554 16 33
371 303 58 71
38 504 22 28
170 57 17 17
251 323 32 68
245 565 8 9
182 91 29 84
122 331 24 39
313 416 53 55
121 422 61 72
568 60 21 23
491 269 140 144
135 474 37 51
463 362 43 112
540 170 8 30
473 577 27 32
75 587 11 12
509 425 25 35
588 171 47 73
343 190 97 99
156 24 78 141
294 360 3 3
337 432 63 70
59 213 45 62
43 216 33 102
96 235 142 143
575 427 139 142
77 439 69 111
477 128 40 55
244 285 44 46
278 245 47 87
399 576 73 73
423 199 20 63
578 330 62 68
549 368 96 106
42 445 32 53
581 589 17 35
361 538 104 131
253 310 64 94
251 183 13 16
583 55 1 1
403 503 15 24
95 141 36 119
72 428 8 22
349 66 65 70
62 111 0 1
404 330 13 14
544 157 6 15
9 318 105 110
387 52 1 2
562 404 108 109
528 151 73 83
432 378 40 48
99 305 21 36
17 558 53 78
404 390 59 65
577 553 12 30
316 356 10 29
177 237 63 104
430 350 6 14
498 26 16 20
148 571 42 70
352 135 60 88
553 312 24 56
254 475 75 79
113 382 122 136
155 390 12 13
91 394 39 138
9 243 10 13
510 484 109 131
588 408 59 83
124 433 6 6
415 592 96 108
256 167 12 22
204 510 32 47
347 398 17 59
275 413 47 66
112 531 52 112
524 562 4 10
121 521 20 48
315 126 1 2
350 289 7 9
139 279 11 13
130 160 3 4
160 415 7 9
569 93 84 86
308 333 29 97
286 273 42 148
109 60 96 112
538 374 25 45
351 66 45 75
536 347 49 91
207 323 79 100
303 337 33 58
96 291 6 19
428 420 71 127
254 238 12 14
475 405 39 60
581 129 75 81
375 452 61 79
378 577 129 136
235 465 35 39
278 338 83 112
580 348 56 115
192 486 11 15
61 377 71 88
195 53 29 58
513 20 20 30
357 350 55 77
165 195 9 10
140 540 7 10
202 331 47 108
569 553 9 12
546 142 29 51
437 47 40 65
530 117 82 105
463 470 52 77
216 443 38 41
269 134 54 86
469 374 43 56
264 474 41 53
465 366 36 56
431 150 15 24
73 348 5 8
23 28 38 42
460 199 4 4
26 152 96 108
537 447 17 19
213 509 1 6
556 8 36 46
109 103 24 34
436 107 3 15
235 179 59 88
274 344 67 74
384 406 19 34
11 508 33 73
590 211 25 66
296 553 115 132
310 167 29 31
360 479 13 21
126 155 43 51
43 218 39 40
202 304 50 67
237 258 6 6
566 420 45 88
475 261 26 28
448 474 50 51
454 525 4 7
149 459 128 135
230 10 55 85
308 210 5 10
593 171 51 105
157 573 59 83
277 58 28 62
163 152 42 64
543 140 116 125
66 445 40 47
40 240 39 50
522 386 14 35
2 383 10 40
133 119 23 69
286 292 58 121
53 299 36 41
166 574 155 156
277 420 30 76
47 256 69 121
583 499 31 48
236 5 42 58
198 304 95 135
15 105 75 90
398 153 36 93
467 300 49 62
588 348 38 121
130 589 40 40
34 151 54 56
239 22 16 29
6 52 74 108
451 58 44 74
563 298 32 45
82 149 53 69
498 152 20 25
159 215 81 106
145 428 83 116
279 449 51 113
9 173 64 75
76 598 133 141
367 232 25 42
489 585 127 129
226 99 116 127
368 239 81 89
560 457 31 72
21 584 0 1
64 228 94 147
217 155 44 45
237 459 59 60
267 15 34 54
585 202 37 46
225 501 24 29
543 34 34 35
145 30 74 108
38 210 12 26
535 132 34 72
470 75 18 20
510 250 50 53
479 227 16 23
452 393 15 25
232 355 7 7
538 303 57 67
578 214 29 29
195 79 37 38
482 232 116 122
559 492 1 1
17 84 46 59
464 490 31 52
303 130 0 2
582 29 117 119
284 113 30 34
338 485 75 77
90 596 29 29
173 554 3 6
89 190 120 133
285 198 90 126
274 195 100 115
212 589 106 120
547 369 112 113
24 234 35 40
244 324 8 8
510 393 86 91
400 339 49 51
170 237 56 66
35 427 88 88
470 40 73 138
3 320 50 57
570 483 37 101
142 293 57 60
447 395 63 120
164 356 61 61
317 142 40 46
400 110 14 17
388 548 102 111
272 338 18 18
547 45 9 13
514 358 54 70
104 332 0 0
146 117 50 79
543 129 19 27
544 512 41 49
401 74 16 17
525 51 28 41
398 54 41 58
424 120 21 47
179 391 27 40
524 211 17 25
126 587 61 109
156 595 11 12
382 406 103 129
75 364 20 31
127 134 41 42
461 466 39 60
591 164 13 24
463 199 99 100
443 389 80 140
179 491 142 142
515 312 21 26
404 10 82 104
158 569 75 78
547 72 42 54
415 91 39 60
11 3 12 19
327 230 143 143
114 482 41 66
212 457 79 84
277 249 27 28
501 338 50 52
259 494 8 18
507 65 22 32
332 447 38 42
21 146 156 156
28 536 43 78
418 388 36 43
303 48 77 86
348 118 44 93
33 30 56 92
498 517 89 119
335 504 7 10
266 494 25 37
495 251 117 144
555 99 52 74
345 347 42 45
435 290 6 6
497 84 37 52
580 399 10 13
114 380 38 47
187 562 114 133
428 346 45 66
28 79 67 83
221 77 65 132
230 347 68 75
356 53 11 12
515 292 8 12
415 313 32 32
173 283 136 151
123 1 28 29
305 351 45 77
505 580 77 147
355 364 48 54
68 515 14 24
35 305 50 50
457 264 93 103
323 350 4 20
407 149 91 95
206 296 33 36
478 546 8 10
361 184 74 79
340 77 146 151
120 569 29 60
564 360 106 111
253 282 40 64
447 585 29 43
438 43 50 55
147 88 102 105
415 109 7 7
393 166 123 127
369 341 89 91
554 40 104 112
175 169 4 7
281 61 59 71
219 253 25 63
465 564 72 80
192 243 63 74
255 207 38 48
500 415 16 50
489 45 104 119
585 29 41 51
191 258 1 2
175 432 102 119
519 96 81 147
197 357 15 15
499 68 94 116
323 106 65 69
426 46 15 20
515 23 64 65
467 33 112 113
464 505 50 50
565 161 28 63
435 411 17 24
26 364 72 81
112 271 39 129
259 75 31 38
295 362 47 58
330 124 33 65
144 79 43 46
33 6 157 158
479 154 92 105
412 38 61 61
518 399 21 45
463 273 65 66
146 163 39 52
330 205 89 105
330 531 23 30
57 1 87 89
137 59 79 106
331 455 77 78
553 524 98 105
203 36 50 69
473 462 23 34
161 539 1 4
334 118 42 69
469 105 62 134
295 60 46 64
350 42 62 123
276 221 61 72
517 314 78 82
12 407 13 19
289 276 28 31
211 556 15 16
13 239 40 43
567 138 73 73
378 458 74 137
1 237 25 61
496 345 85 118
328 274 82 148
569 578 59 123
350 542 98 109
418 283 124 139
492 6 58 60
19 472 70 109
302 575 50 54
175 333 16 16
593 582 49 96
248 137 5 6
547 486 45 48
400 211 41 45
465 423 12 27
527 361 55 61
172 451 30 31
594 234 71 73
20 542 2 4
64 72 10 12
538 470 16 20
241 372 9 29
427 246 57 58
472 416 46 51
350 595 66 84
88 425 114 114
359 6 59 68
547 362 95 95
322 252 101 112
389 50 4 8
135 164 19 21
562 564 76 99
52 315 26 45
471 214 60 72
261 467 97 112
268 163 112 112
117 378 24 50
280 476 53 62
210 167 69 71
239 170 62 62
140 325 20 21
15 497 148 149
39 503 113 123
305 3 33 40
463 438 30 33
83 549 73 74
141 201 31 34
589 291 40 42
538 58 36 57
230 58 30 33
163 172 57 61
456 90 59 74
469 100 55 99
411 326 34 48
520 371 17 40
486 31 115 119
499 352 3 9
418 232 20 28
91 299 63 109
486 441 37 41
279 517 7 8
544 479 13 20
397 260 21 30
582 87 92 106
258 124 11 11
161 96 28 49
208 511 45 56
515 519 13 32
145 343 5 20
220 325 67 72
236 302 89 105
21 294 5 6
452 388 1 1
191 377 44 90
404 206 35 57
459 228 47 73
319 390 4 7
115 476 34 37
71 170 20 21
460 253 51 53
24 246 106 137
314 300 40 42
508 295 47 87
332 255 82 110
162 363 20 29
169 85 49 55
564 19 8 12
249 434 43 58
87 511 10 12
495 78 10 12
19 124 83 108
586 492 60 72
205 3 6 25
525 251 50 56
53 537 44 75
21 265 65 83
335 479 39 82
144 163 104 133
580 108 8 15
260 125 13 14
294 238 69 107
435 99 14 14
534 214 9 13
127 159 4 8
441 146 66 80
340 565 111 124
333 198 55 97
124 570 144 150
113 162 40 46
165 20 18 38
259 310 56 92
230 468 21 52
173 137 34 37
63 260 55 104
372 3 47 101
158 243 121 123
432 362 73 81
71 566 47 50
48 225 34 34
569 345 2 9
393 238 14 22
569 187 13 14
358 81 25 26
105 209 98 110
469 214 94 126
215 389 126 149
418 304 69 90
597 506 75 99
73 441 54 117
382 108 84 113
3 396 29 51
378 419 105 135
146 329 29 60
228 191 54 67
3 266 41 46
407 66 14 33
220 451 3 5
390 571 61 62
494 90 36 95
340 60 77 118
85 359 25 59
127 532 44 49
225 338 40 79
97 373 31 70
137 359 7 7
422 366 84 91
171 592 71 104
76 279 48 80
271 133 27 42
476 63 68 100
194 295 136 136
317 92 10 18
568 348 9 19
438 394 83 87
28 221 64 87
266 206 39 49
547 222 160 160
209 339 33 44
571 430 108 123
107 80 2 2
536 29 17 42
88 551 92 98
258 581 94 98
404 427 102 103
542 375 93 141
285 311 14 22
540 340 30 69
566 297 45 52
357 512 95 111
157 515 74 76
37 213 32 77
466 472 27 37
193 539 16 28
414 478 29 47
319 421 82 108
341 35 111 148
546 196 76 123
327 145 43 57
125 13 18 22
109 302 58 61
263 252 26 28
496 568 9 12
414 543 145 146
73 552 56 58
142 107 144 145
18 468 95 95
37 249 27 42
475 286 54 57
510 445 22 42
41 316 32 69
468 153 23 36
350 67 11 12
536 472 70 91
150 164 54 79
222 232 90 109
448 381 106 146
578 504 54 56
171 264 36 78
422 367 113 115
36 343 14 16
98 590 37 92
534 494 94 99
52 109 69 111
493 46 26 34
486 223 35 141
24 206 7 14
589 559 2 2
549 380 46 47
561 452 3 3
430 503 59 71
12 291 26 57
368 202 78 85
354 482 58 59
405 199 57 71
195 4 13 18
408 98 94 101
323 137 10 11
221 506 83 109
44 553 8 15
243 551 45 84
561 183 7 15
531 299 146 147
573 15 122 160
356 564 125 131
580 504 47 58
154 314 91 91
118 16 104 114
34 445 145 152
433 120 4 4
321 231 80 86
161 452 2 9
294 51 54 57
429 454 31 36
40 560 55 77
587 550 74 109
172 70 76 85
85 163 13 20
347 8 33 33
354 88 18 19
13 562 118 126
138 253 55 101
152 316 114 125
414 428 17 37
262 562 43 44
464 167 24 24
424 491 108 129
239 484 90 118
136 243 60 64
133 336 46 48
278 219 90 100
321 128 87 89
33 574 75 91
359 501 33 33
346 448 30 62
470 43 11 14
53 304 2 2
150 580 72 72
560 513 33 45
58 238 67 76
362 183 83 97
74 77 19 32
323 393 141 142
435 167 9 25
553 472 71 94
185 72 30 59
415 200 33 44
64 63 29 53
71 541 119 123
145 569 30 30
164 210 77 85
327 240 21 41
195 127 32 67
418 569 57 102
476 14 102 102
77 274 39 87
512 572 96 103
583 93 53 108
14 441 62 87
479 177 2 6
534 203 51 60
580 23 31 83
510 86 138 138
125 390 71 90
421 237 85 87
525 514 46 66
537 569 23 29
10 380 73 109
28 472 102 149
316 9 76 83
422 230 39 54
118 171 22 32
395 2 87 107
442 332 55 62
112 487 83 94
479 565 36 39
15 237 64 84
177 109 2 4
271 282 38 98
101 343 44 99
356 480 43 47
9 520 24 29
442 301 0 0
112 143 98 107
268 592 18 33
471 71 12 12
498 140 72 72
177 408 66 66
205 285 54 134
360 422 67 79
55 76 29 84
342 204 1 4
543 170 62 117
58 299 50 52
344 207 52 71
281 502 1 4
193 419 25 38
340 214 28 51
293 403 38 39
39 158 71 83
350 149 82 82
292 214 19 39
251 501 79 93
103 580 34 64
563 341 34 36
537 264 9 16
441 489 20 73
524 569 16 20
102 24 32 36
370 458 38 39
174 301 26 81
160 175 17 19
288 496 23 38
340 333 76 77
331 87 35 98
46 69 36 38
131 440 30 96
556 90 9 9
308 302 57 57
501 421 78 87
254 47 18 37
564 104 25 25
129 358 25 89
71 118 51 65
330 85 9 27
183 243 144 147
579 434 73 106
377 378 61 68
544 550 6 10
13 287 107 116
78 150 94 109
269 21 30 100
271 148 42 50
513 317 8 13
431 521 36 51
233 453 15 18
296 430 2 4
573 466 3 10
271 41 117 128
504 280 114 132
65 141 120 139
285 391 110 124
589 501 6 9
586 39 98 102
242 424 21 26
43 317 43 52
554 485 17 18
208 532 62 66
84 315 53 121
521 115 91 105
31 305 62 67
131 383 113 120
93 79 13 24
444 147 12 31
498 29 4 7
115 346 129 132
27 531 106 117
470 115 45 53
298 587 2 2
163 596 25 25
424 226 9 15
346 100 23 26
174 36 18 20
321 493 44 48
590 274 64 65
258 36 76 82
583 18 36 36
332 517 47 69
165 202 51 55
422 10 115 154
39 204 30 31
424 456 29 92
354 225 71 83
238 321 121 148
464 485 36 44
267 20 16 32
255 416 64 68
163 90 69 76
391 358 5 5
190 230 3 11
193 426 94 126
542 8 5 17
412 469 37 44
240 117 64 86
186 224 21 64
559 577 17 19
374 178 20 64
370 183 16 35
243 329 14 15
440 188 87 116
424 156 63 68
360 409 32 43
378 72 67 81
382 451 87 92
14 104 15 15
318 396 54 82
299 182 64 74
598 313 47 52
466 205 80 81
531 363 54 119
262 563 43 47
542 583 10 25
32 357 39 39
579 519 100 102
565 439 76 101
416 402 88 97
55 306 71 81
297 17 68 74
487 88 0 1
375 270 18 27
267 171 41 42
216 29 140 146
508 373 71 87
592 531 36 84
148 525 57 60
1 461 92 120
158 446 33 36
303 56 57 98
296 357 29 31
484 330 70 72
148 444 12 25
152 5 15 21
126 480 97 98
487 444 37 45
534 78 60 68
230 303 62 78
115 247 40 53
440 113 92 101
92 251 59 77
89 456 77 77
37 337 86 101
477 553 44 45
195 232 91 103
594 101 11 20
460 416 99 107
442 523 102 122
362 587 28 49
182 140 14 14
211 442 45 45
455 442 88 91
10 532 59 89
58 544 9 10
331 490 79 103
34 409 61 88
371 167 16 59
443 415 73 110
159 110 12 21
595 542 27 27
354 294 71 77
308 571 63 79
191 21 33 36
21 376 66 103
325 404 98 150
388 450 18 18
472 427 34 62
286 502 38 44
491 189 24 54
80 223 4 5
470 194 12 13
93 228 16 19
63 261 94 101
215 227 106 111
30 186 6 14
143 342 18 23
524 559 83 135
377 38 32 35
598 593 91 100
461 101 58 85
133 306 3 7
228 374 134 135
65 243 128 132
421 63 58 113
187 42 38 93
100 485 88 119
116 146 53 79
140 261 81 88
66 211 45 46
130 357 95 107
227 396 64 89
26 411 57 57
321 38 22 36
413 377 28 33
502 212 24 50
237 355 36 40
423 117 11 13
250 196 84 88
538 531 139 141
262 399 88 101
149 593 21 45
140 518 104 141
192 341 68 72
15 113 2 3
497 414 69 88
162 595 140 143
172 257 37 50
382 584 30 44
109 95 2 3
87 124 69 82
516 330 55 88
520 162 148 154
332 319 24 29
10 114 66 82
179 39 30 43
88 15 79 87
163 53 51 62
431 256 82 84
448 297 30 64
412 147 42 73
423 96 35 53
385 79 20 31
309 228 27 79
380 41 12 13
69 443 52 58
2 311 77 108
330 506 46 89
128 177 23 37
239 293 40 118
87 247 17 17
71 144 35 82
469 235 5 8
414 243 12 13
417 513 82 127
174 147 112 128
386 252 64 96
428 194 3 3
409 264 0 2
29 543 125 129
228 529 5 5
116 178 17 41
582 598 19 42
5 394 3 3
484 185 31 40
71 242 68 90
151 120 91 101
255 592 28 32
377 402 9 12
433 542 100 100
323 518 74 107
485 292 35 42
20 338 66 94
345 12 36 41
162 411 9 9
451 394 28 37
330 559 60 94
405 35 63 81
203 173 78 102
71 69 94 98
294 120 60 68
56 433 22 23
544 110 21 23
119 250 62 150
430 241 88 89
517 568 2 7
39 180 113 114
490 262 44 96
593 529 76 91
36 500 38 94
43 304 39 59
115 108 47 119
442 439 0 2
408 263 73 75
596 27 39 40
488 452 31 48
84 593 86 92
416 186 101 135
348 220 137 140
345 337 1 1
320 352 55 62
81 363 116 122
399 489 34 35
458 511 28 29
175 265 22 32
544 586 67 68
245 141 69 72
438 15 99 118
508 97 13 18
28 442 60 76
312 292 79 89
510 60 18 24
484 47 47 61
1 126 10 25
468 239 57 74
222 494 130 131
198 499 60 141
297 534 10 10
513 275 7 21
530 65 81 120
2 267 55 77
521 522 58 74
277 183 55 57
65 469 42 52
96 429 12 13
210 400 148 148
202 165 38 82
276 476 48 83
294 595 27 73
476 381 95 97
450 557 11 32
279 270 101 102
221 95 5 7
400 580 94 94
446 113 67 72
304 341 25 67
386 585 49 50
227 463 67 89
302 299 49 59
349 294 1 5
503 293 81 111
515 169 7 10
498 106 129 140
171 6 15 15
366 459 41 56
483 43 10 10
552 488 31 123
454 591 5 5
259 538 24 38
383 273 4 5
487 205 130 145
433 271 67 74
298 479 79 79
240 467 53 77
530 176 21 49
483 513 45 50
462 495 59 77
96 540 2 3
258 46 120 120
593 493 41 54
175 48 40 42
164 156 11 31
201 556 21 28
152 389 17 17
550 36 52 67
74 517 68 73
310 33 107 113
164 239 27 47
371 536 6 6
562 319 45 58
262 353 62 81
350 468 75 78
305 295 14 15
155 357 20 20
343 494 11 19
557 160 48 76
297 209 56 60
472 568 23 39
141 215 106 128
3 354 27 54
517 324 1 3
141 158 56 74
77 401 17 47
358 558 47 52
80 211 5 6
436 566 43 90
29 39 57 73
375 361 108 133
115 171 125 129
537 484 11 24
319 264 37 50
155 458 76 83
67 500 26 34
279 111 47 62
11 448 11 15
287 597 110 111
120 361 42 132
385 159 22 28
161 72 63 98
522 19 43 62
225 161 115 118
386 175 27 27
32 264 9 11
274 316 37 45
146 577 40 75
514 419 0 4
27 124 44 76
543 381 35 44
38 587 68 80
276 22 101 147
462 324 78 89
25 580 27 34
368 581 28 31
279 225 50 57
371 206 71 147
590 13 102 140
295 166 38 43
190 590 10 21
122 541 52 83
369 423 57 77
412 223 66 93
15 475 50 77
416 79 50 55
456 241 3 3
319 36 37 39
491 296 72 85
344 549 8 12
94 88 82 89
161 580 54 66
115 492 48 62
132 418 118 128
183 565 154 158
29 228 48 112
295 210 43 59
522 588 38 43
176 240 4 6
541 411 18 20
580 298 76 78
3 201 52 54
291 336 64 64
208 200 10 11
431 280 107 132
475 89 11 11
593 22 55 56
478 51 117 127
514 543 111 118
507 258 5 7
84 403 31 35
131 411 35 40
376 457 30 31
131 57 82 84
317 417 23 23
391 379 60 80
479 46 43 58
118 514 139 139
215 341 7 21
382 478 77 118
40 379 7 14
329 113 59 71
598 584 48 109
499 197 5 8
475 1 79 83
531 122 25 33
469 562 49 64
107 432 24 25
163 264 120 148
12 58 38 45
82 127 59 81
127 355 66 79
58 391 4 9
337 234 3 5
300 423 37 66
499 425 62 103
309 1 87 90
343 122 96 108
127 416 90 95
258 481 89 110
92 128 30 78
118 404 4 5
26 274 24 26
135 570 61 63
426 140 77 90
511 12 26 31
283 160 15 37
250 291 10 21
381 501 67 79
249 286 47 92
542 325 30 49
37 3 21 22
533 13 57 57
392 524 64 73
470 273 41 103
426 517 17 33
323 502 102 108
226 106 49 67
71 245 81 112
138 81 65 67
255 447 36 48
212 205 31 33
120 571 96 99
287 184 144 145
421 309 86 87
326 405 45 66
395 422 79 91
31 458 17 24
22 29 22 48
526 107 14 21
301 401 46 93
28 157 21 57
570 400 10 24
547 303 77 115
453 253 57 57
4 105 152 153
505 64 1 1
141 597 59 69
115 332 87 132
224 133 73 85
455 264 1 5
99 122 57 57
440 382 96 123
366 513 58 89
74 598 1 1
514 271 39 46
522 592 11 17
66 398 24 60
214 135 21 78
392 481 0 1
315 178 2 9
98 58 84 131
562 434 43 97
472 253 39 40
427 478 0 2
388 58 90 106
133 83 68 100
173 352 84 84
449 57 37 49
441 539 3 7
243 19 111 112
100 291 88 133
248 488 29 67
86 555 15 51
69 3 59 71
44 353 16 36
94 395 7 16
5 469 49 60
98 211 65 80
325 539 11 12
1 213 49 137
273 229 70 77
67 450 113 117
285 497 23 35
49 4 27 54
286 421 91 109
272 48 102 116
104 254 120 141
505 100 13 15
440 319 88 99
331 487 80 113
446 569 12 13
476 450 18 37
67 83 116 126
143 468 122 125
496 267 35 35
257 37 61 63
405 117 47 48
217 228 11 18
552 360 37 55
441 291 31 47
348 169 27 100
537 36 64 97
288 137 4 4
435 521 118 121
276 344 3 4
559 150 74 80
320 518 79 85
40 335 45 91
46 164 72 96
198 312 58 73
533 323 1 2
207 188 39 62
548 324 104 107
314 303 17 38
500 587 21 30
211 383 2 3
18 392 28 91
387 341 43 72
100 280 55 69
179 10 2 2
431 399 58 62
63 281 13 33
539 443 32 42
523 295 46 62
69 247 65 107
62 450 26 43
186 558 96 96
456 56 23 42
142 314 42 45
393 41 97 104
35 159 58 63
439 536 84 95
332 296 7 11
399 567 21 41
28 131 47 62
35 395 57 76
40 111 68 69
40 132 35 52
490 71 21 22
461 471 56 71
597 59 2 7
117 544 96 120
246 486 25 25
8 30 98 122
269 281 40 135
93 467 9 12
525 212 84 112
184 339 31 33
99 490 16 16
165 280 95 97
87 492 79 123
471 403 88 103
239 141 115 123
447 195 2 3
430 368 21 28
497 530 70 71
569 238 10 12
358 132 104 124
202 356 18 18
331 87 2 2
454 488 78 109
173 153 7 8
587 134 36 37
531 188 58 77
488 509 85 94
598 326 18 22
347 158 9 11
373 454 50 53
181 423 74 75
144 365 11 14
573 37 95 99
551 564 70 71
60 413 38 47
293 315 16 33
332 361 48 48
589 148 24 58
388 417 28 29
122 316 1 3
314 8 8 28
83 162 9 13
155 101 38 64
595 441 36 104
44 577 5 12
520 312 64 64
537 507 123 144
470 239 88 102
125 553 4 10
121 422 47 51
11 441 110 117
7 407 19 32
252 531 80 97
305 111 15 17
466 58 112 116
107 325 108 108
150 146 84 120
83 277 55 61
109 197 74 107
39 245 45 49
171 424 81 99
65 361 17 19
312 429 11 11
429 388 77 146
173 560 50 115
506 561 11 18
572 372 50 82
313 553 6 8
346 285 45 61
548 412 135 144
459 271 23 27
520 118 37 64
357 398 37 42
252 178 46 63
410 33 7 8
170 522 59 72
102 318 33 69
205 470 31 73
327 547 50 94
424 472 90 116
490 24 25 39
447 367 61 63
201 139 57 70
495 293 29 35
496 186 13 23
146 393 10 15
385 363 103 113
200 298 65 90
473 160 63 85
527 454 10 10
119 98 62 94
125 480 121 125
341 153 28 53
434 33 18 46
413 590 27 28
312 207 11 36
125 366 72 91
140 43 27 30
74 551 48 60
545 491 94 149
142 68 42 83
166 149 44 57
502 7 36 36
355 258 12 13
504 577 15 27
578 40 122 137
546 218 74 75
455 490 43 90
136 316 130 132
352 337 52 66
81 533 62 62
331 273 54 85
245 582 42 66
344 203 13 23
345 578 32 32
414 413 12 32
77 295 55 58
594 118 18 66
310 35 52 67
286 73 23 32
242 278 84 86
297 282 119 143
463 36 47 49
436 2 33 44
272 26 115 151
218 255 47 50
473 547 4 4
269 180 5 15
521 143 7 7
133 489 57 70
13 304 28 34
181 346 154 161
418 310 72 114
71 505 71 78
55 253 105 122
338 501 21 27
275 502 16 25
335 534 84 91
107 185 39 45
573 123 68 77
370 470 108 120
36 203 8 17
596 254 25 72
19 349 0 0
109 302 5 21
406 330 98 133
126 338 17 45
249 376 44 74
567 18 50 51
564 188 96 100
441 198 5 14
553 260 44 78
457 191 45 48
483 63 24 27
231 38 29 29
116 581 0 1
411 595 88 119
552 566 100 125
37 520 54 93
494 60 69 73
502 222 49 53
512 169 45 59
495 474 3 4
81 295 52 95
376 595 4 9
288 193 128 144
437 374 15 36
288 501 117 121
25 492 2 4
363 119 51 51
451 516 83 85
391 542 60 80
6 409 13 27
554 547 28 52
535 227 20 23
258 301 113 123
339 509 18 21
505 271 103 103
433 368 1 3
582 254 11 12
550 55 155 157
130 5 46 65
286 314 19 21
438 56 78 122
499 434 17 20
234 576 34 40
531 38 60 94
162 189 12 13
334 250 3 8
447 410 36 57
47 245 35 53
18 178 37 46
422 383 17 55
574 252 77 84
292 231 52 93
238 550 73 99
306 533 36 44
270 193 34 38
1 578 22 28
352 363 98 98
595 245 23 32
380 570 79 91
453 498 27 27
420 561 11 11
477 93 68 70
499 491 73 79
460 454 80 87
162 127 10 21
29 488 27 38
580 32 81 118
532 119 86 105
315 151 48 57
506 477 59 149
303 210 23 23
458 252 17 34
74 78 17 18
458 51 118 119
482 548 86 128
522 562 23 28
31 365 101 104
259 540 52 74
143 563 67 85
380 242 82 103
480 570 140 153
387 550 30 38
234 540 107 118
478 593 138 150
245 134 34 50
92 59 160 160
508 45 8 15
376 53 118 123
582 45 23 25
235 250 122 132
434 165 104 149
351 332 25 34
407 221 20 29
566 483 120 133
102 284 41 41
308 168 44 47
278 411 155 155
292 0 32 115
105 521 13 22
357 489 62 70
275 312 9 10
208 518 17 52
5 221 121 121
197 529 10 20
443 532 25 27
269 338 64 76
236 521 86 89
207 299 52 83
12 441 60 75
265 281 63 95
38 189 31 74
23 370 42 47
461 219 102 114
16 431 103 109
425 114 73 83
231 85 61 63
338 576 49 60
199 173 26 65
92 513 63 85
147 108 22 22
8 251 16 40
225 369 76 77
174 501 37 140
236 536 29 37
255 56 5 13
74 496 42 42
579 7 18 21
155 445 119 138
262 558 30 41
262 244 93 107
81 219 8 13
64 521 34 43
304 231 135 135
564 452 130 141
443 90 56 63
193 438 78 101
93 403 26 32
386 329 100 103
335 385 73 96
85 555 128 131
166 133 1 2
515 299 68 88
446 447 125 132
426 85 56 96
482 473 39 64
556 6 9 10
262 195 42 74
359 522 54 54
299 464 2 5
94 137 46 77
119 133 92 122
577 184 68 106
122 595 37 38
552 329 126 127
85 56 21 21
263 519 39 80
153 509 41 60
535 314 43 51
518 424 116 136
505 68 65 82
587 530 5 5
253 145 0 1
85 552 126 128
9 68 91 95
450 161 66 126
263 3 36 48
493 300 7 8
521 180 25 81
366 542 35 49
261 137 46 78
416 86 97 110
275 574 40 101
575 102 24 27
279 398 49 100
450 5 67 70
491 493 44 105
449 311 92 97
274 535 111 115
169 381 11 13
107 62 155 161
249 527 119 138
479 488 37 38
341 30 90 100
73 83 4 5
406 335 93 130
126 418 121 128
141 73 33 115
265 545 91 125
148 205 55 59
380 197 14 16
232 397 36 42
510 519 13 15
259 43 78 103
377 296 70 79
240 242 105 131
428 340 39 54
18 316 43 133
475 141 70 115
268 582 7 9
509 256 27 33
216 296 18 38
419 152 12 23
470 198 121 133
240 291 92 92
72 549 104 113
8 453 74 107
70 79 130 130
268 34 20 51
474 436 111 114
334 74 48 69
449 171 8 9
379 175 17 17
484 478 43 45
428 315 64 64
577 2 53 59
250 33 102 104
22 224 84 124
210 15 14 37
408 150 1 4
570 364 48 48
3 15 2 3
141 596 139 142
351 593 16 17
583 81 3 5
23 230 105 107
248 132 68 68
547 466 46 58
566 72 74 80
61 484 14 17
154 545 42 45
35 202 27 61
577 266 11 11
477 206 30 37
363 537 106 113
187 383 1 2
242 275 26 43
137 153 22 29
532 171 73 84
473 100 11 12
553 71 50 92
38 509 100 100
18 117 53 68
32 311 33 58
3 5 0 0
214 337 25 45
547 264 14 38
596 421 67 79
134 94 85 91
512 373 79 96
510 23 6 11
555 467 49 131
153 3 35 49
317 65 31 47
405 247 110 146
103 207 57 66
159 577 1 4
550 308 72 126
340 426 27 32
584 91 99 132
115 87 14 22
538 128 10 14
210 292 28 39
393 411 145 158
317 35 7 10
381 6 64 108
499 220 31 73
151 93 49 56
133 255 31 66
269 529 21 57
356 357 109 113
436 587 61 116
172 168 13 16
395 347 76 76
488 249 48 48
134 66 75 75
345 22 31 38
516 348 105 123
43 561 64 70
422 199 156 157
496 144 48 65
91 543 109 133
44 165 25 34
368 474 62 70
567 520 112 126
238 570 32 52
526 313 72 113
49 286 27 73
183 464 18 20
378 27 65 77
52 591 6 8
240 60 23 27
129 337 85 87
365 217 8 21
353 106 27 33
24 23 41 135
407 549 27 44
113 309 86 88
461 568 61 83
159 339 64 105
329 12 92 133
149 143 19 44
286 38 19 20
270 32 26 49
384 76 106 119
140 321 26 59
457 187 68 134
554 27 38 53
432 544 91 95
582 231 23 39
236 579 16 17
26 450 49 107
41 284 83 104
571 520 79 82
430 361 154 155
371 431 25 28
70 544 13 29
172 509 39 96
501 179 96 96
304 466 77 82
148 19 45 49
186 102 17 35
284 369 94 101
252 142 150 151
436 217 11 12
357 196 87 105
591 142 45 55
10 286 80 84
564 538 71 77
416 172 78 84
458 580 37 40
59 515 32 89
184 249 13 41
194 437 66 154
442 223 6 19
23 187 120 148
233 38 124 128
104 329 7 9
568 227 34 46
571 296 95 135
545 542 97 100
471 159 74 93
140 551 91 105
183 86 141 158
221 466 64 94
550 576 22 33
185 209 69 72
183 419 79 81
120 568 46 56
493 122 82 125
591 487 31 86
228 525 76 119
448 67 44 61
232 35 118 128
326 522 4 7
180 38 15 16
120 342 24 38
78 282 19 57
188 529 85 91
329 474 109 120
122 50 47 65
452 148 27 37
220 353 31 79
115 486 12 28
320 426 21 28
516 215 54 70
412 514 21 48
354 570 25 31
219 28 29 98
217 357 23 23
285 77 33 41
281 23 22 29
495 302 55 80
144 485 14 15
304 29 38 69
299 96 21 40
87 547 45 60
34 213 52 57
424 159 54 69
588 401 45 61
275 30 20 57
449 53 40 55
524 224 79 102
176 134 23 70
478 223 93 103
521 516 12 18
448 122 13 27
398 47 106 114
493 411 97 105
577 105 68 69
80 454 19 49
523 379 74 76
50 268 39 129
495 26 72 75
358 264 78 106
288 128 7 7
576 177 124 136
80 440 75 93
176 570 40 45
86 179 34 120
521 301 5 9
302 228 66 70
492 299 113 133
543 96 102 103
393 167 5 7
208 188 21 30
505 293 14 23
416 355 37 38
372 156 92 145
308 589 67 76
380 186 60 110
333 148 67 89
59 354 1 1
259 125 60 61
34 449 35 77
539 420 25 47
264 259 26 40
137 213 100 102
8 33 8 12
305 95 21 25
358 325 49 56
436 271 34 85
354 587 124 147
334 115 6 7
404 147 25 44
483 248 42 61
137 35 71 84
244 532 145 146
109 82 84 85
242 279 42 56
581 404 25 62
12 401 25 26
336 271 22 32
22 325 50 51
401 338 84 85
360 4 26 47
297 155 128 151
152 63 87 103
306 506 32 34
182 331 20 20
12 189 34 55
266 440 48 61
124 160 1 2
240 222 93 123
22 179 113 116
415 148 62 75
173 276 84 87
448 153 21 39
229 386 65 87
501 139 19 42
57 594 30 36
557 120 0 1
344 393 85 89
94 275 34 35
585 463 34 37
309 240 6 22
419 63 22 47
409 416 25 54
48 107 110 114
77 271 32 45
301 34 45 48
108 574 34 50
388 141 37 65
391 157 8 13
167 506 3 8
373 314 58 89
172 353 71 81
67 250 56 56
545 439 9 10
82 439 21 42
72 216 18 54
197 107 9 22
96 526 31 71
568 466 45 122
294 113 64 87
247 415 51 52
180 137 53 63
577 358 38 51
584 95 112 152
339 314 12 15
291 467 4 11
4 10 81 81
275 99 44 44
331 13 90 99
134 598 48 56
85 530 92 100
32 408 87 89
585 374 27 63
21 492 119 132
163 283 4 4
199 500 43 48
564 518 33 69
244 555 37 58
472 359 60 90
60 413 84 127
513 28 96 96
436 52 61 107
128 32 8 15
238 244 121 140
151 125 52 68
374 307 22 30
549 43 37 89
48 397 38 49
330 504 45 51
258 572 44 74
62 20 30 36
49 400 8 28
167 460 26 59
47 423 128 128
465 300 67 100
525 49 111 114
15 305 36 74
97 546 117 118
351 390 37 83
392 65 25 30
395 329 56 56
573 146 91 96
365 149 24 28
88 206 22 42
243 533 71 72
385 509 29 56
22 226 94 121
512 177 81 102
535 430 2 5
403 504 94 148
157 196 18 53
323 408 14 32
326 409 6 21
41 471 83 84
418 176 102 128
345 71 9 27
493 441 23 82
222 388 48 84
478 177 1 1
489 56 102 103
409 528 68 122
96 210 5 7
42 470 23 42
408 564 16 17
574 580 16 16
238 127 60 73
345 333 34 40
56 349 74 77
550 139 66 68
393 301 4 4
90 409 15 18
134 508 41 74
12 147 19 20
470 272 60 83
141 42 31 69
2 520 8 10
229 378 1 1
527 309 88 91
578 2 76 120
329 502 37 41
363 190 61 87
78 135 62 63
353 358 53 73
288 159 15 16
541 271 14 16
233 406 28 37
74 370 36 38
94 83 85 107
29 430 25 35
513 355 73 137
393 456 96 98
460 360 8 9
280 512 115 139
230 585 34 49
155 259 60 74
419 486 3 4
203 121 37 42
272 141 6 7
520 379 0 2
184 443 34 57
498 261 43 109
127 417 13 14
457 78 44 66
74 218 82 96
261 489 75 81
67 134 88 93
587 569 48 58
246 458 43 72
252 560 24 26
127 546 79 101
331 595 95 126
427 197 42 42
181 303 52 58
29 550 8 18
151 442 46 93
521 486 34 58
16 120 58 79
43 465 9 9
296 16 47 55
399 327 4 7
424 188 91 91
530 495 43 44
134 458 112 128
85 140 33 39
440 172 101 113
592 510 12 19
361 226 46 80
527 244 92 104
75 221 36 37
343 34 12 13
410 101 82 90
174 27 10 11
137 166 41 51
80 485 60 69
187 577 45 101
391 212 96 131
583 113 110 125
405 168 36 38
273 309 88 102
355 284 71 71
456 185 83 124
182 302 38 106
506 144 65 93
242 389 63 70
19 160 49 54
110 107 6 19
75 414 36 42
282 583 81 82
596 178 63 82
32 431 8 9
94 126 67 84
454 466 62 105
591 294 35 97
370 556 30 118
78 121 26 78
259 114 38 45
244 577 62 63
153 487 15 28
530 36 12 28
551 462 30 80
549 360 137 157
494 305 24 29
230 518 17 38
410 104 128 137
19 33 33 47
444 17 37 43
259 140 117 117
540 205 52 74
548 445 25 86
378 317 112 112
70 171 41 58
214 275 65 103
56 586 121 136
305 268 81 129
337 145 50 132
508 566 58 67
63 58 39 91
268 407 9 20
408 92 48 64
317 448 53 128
246 369 67 114
580 190 126 148
453 147 40 91
401 390 99 104
7 381 106 106
582 61 113 140
455 68 0 2
427 277 36 42
276 427 99 107
479 557 19 32
93 81 87 114
79 160 103 106
291 151 4 10
158 404 43 50
470 458 49 51
23 492 8 9
368 561 153 160
130 188 91 125
3 509 19 23
431 70 39 58
234 484 1 2
455 338 23 28
174 239 11 30
14 530 15 22
150 403 14 21
448 358 15 16
181 361 37 38
496 420 13 32
435 73 96 113
135 254 78 158
322 61 39 52
415 365 57 71
227 317 50 91
113 176 102 102
459 564 40 40
121 421 23 23
64 263 37 81
95 97 92 109
559 72 11 12
411 29 29 33
502 430 32 56
530 368 1 7
136 466 10 13
60 491 123 136
163 402 0 1
489 324 0 2
368 434 39 46
69 382 7 23
163 426 55 89
195 297 51 70
134 589 96 117
119 288 7 20
447 266 14 17
503 371 81 93
9 156 38 77
60 523 36 92
507 571 40 46
466 133 45 49
496 391 69 73
69 390 47 77
498 4 63 77
204 377 92 116
193 423 107 136
122 430 57 73
577 542 26 59
453 156 85 134
366 489 145 148
122 520 16 33
443 28 4 6
220 575 61 100
254 450 25 26
299 444 38 70
189 205 106 128
86 264 82 110
144 84 16 18
216 595 82 112
35 432 15 17
490 369 50 65
176 164 22 26
281 129 112 127
88 334 50 141
33 354 4 12
154 75 22 35
396 206 30 84
347 276 12 25
88 585 20 27
436 28 90 107
443 199 35 68
521 23 21 28
509 256 79 88
250 143 140 146
543 301 89 98
75 368 35 39
387 343 50 76
524 383 78 82
212 129 103 111
39 86 16 21
119 511 81 103
211 433 7 19
342 290 79 128
104 288 4 4
350 163 41 90
180 397 123 127
199 307 4 8
196 280 100 116
406 402 58 58
192 572 54 54
62 526 4 5
528 51 25 33
101 287 95 133
34 525 103 130
166 103 34 45
350 493 20 35
71 179 12 43
283 463 48 48
108 87 48 53
303 435 70 73
53 502 9 11
459 82 81 87
574 222 12 13
138 94 50 79
454 165 37 60
187 374 5 7
165 300 67 125
199 256 61 62
161 220 62 93
462 468 18 63
119 350 16 42
466 125 104 113
142 68 18 54
576 65 25 29
465 370 69 87
498 189 14 15
333 84 129 137
60 446 12 19
450 270 46 75
436 210 43 49
332 282 10 14
179 153 17 17
523 491 63 69
64 190 70 76
94 185 136 140
226 339 0 2
266 188 61 67
581 491 68 69
220 434 14 30
149 462 24 43
360 352 107 109
364 436 30 60
594 378 7 9
424 241 40 141
367 171 62 73
157 243 16 42
171 369 43 48
137 333 2 4
385 495 65 65
381 449 2 2
289 425 30 74
104 179 15 36
334 61 21 21
114 410 83 134
234 20 49 85
100 554 6 19
536 434 8 10
208 375 62 136
533 401 3 9
491 72 6 12
486 176 59 74
318 597 10 10
417 506 103 106
310 159 108 127
182 582 25 42
445 407 16 18
539 203 41 81
450 588 0 0
585 517 37 41
1 385 89 102
49 175 38 43
218 166 21 24
53 432 36 73
365 239 49 60
16 471 69 100
314 246 101 143
91 76 39 48
101 81 62 79
18 364 1 6
571 272 46 46
155 480 66 74
203 396 8 17
144 345 85 120
15 79 53 62
151 214 65 115
380 507 40 48
282 202 31 54
527 96 1 1
98 381 119 136
201 120 20 51
181 157 22 65
451 23 22 22
571 322 13 20
349 23 98 108
89 156 4 9
428 245 5 16
513 409 9 15
562 431 101 108
262 175 120 134
468 478 19 29
368 464 18 32
248 591 71 103
97 515 77 87
576 229 23 26
110 200 21 27
436 135 102 107
161 570 25 31
349 301 89 121
80 508 38 42
261 500 2 6
375 573 95 112
8 452 35 55
423 561 82 90
419 445 87 101
194 520 70 74
325 515 24 26
377 515 50 58
235 447 49 54
572 267 45 47
121 22 20 22
22 527 84 98
515 15 25 38
597 195 36 38
82 388 67 118
383 69 52 53
113 88 26 53
456 592 28 29
594 280 126 130
349 416 51 66
407 385 17 31
279 447 51 73
365 321 30 86
436 74 56 76
104 4 46 65
121 29 14 37
52 217 8 27
225 414 8 8
151 356 33 66
540 404 15 22
273 466 115 142
298 15 118 124
112 332 42 77
217 507 34 79
257 229 16 18
248 488 1 2
5 340 118 125
91 10 12 12
43 578 72 84
209 430 47 77
517 190 84 84
159 388 126 140
2 497 70 72
469 187 50 50
354 11 76 115
114 254 2 2
381 407 74 96
458 397 21 34
427 569 32 61
137 80 66 68
504 529 1 7
533 115 34 57
425 254 36 42
423 277 77 81
398 461 66 78
294 347 83 120
63 95 30 30
277 453 64 66
490 344 35 98
118 350 26 28
482 257 96 99
337 317 73 135
345 568 46 52
368 94 49 68
298 493 48 68
106 350 8 17
326 222 41 59
112 467 29 35
498 575 79 83
134 318 75 90
145 289 47 98
253 235 104 113
97 290 32 96
556 290 58 66
51 199 62 73
342 60 26 32
415 29 112 146
470 527 41 51
395 594 61 124
507 214 31 35
61 274 22 25
330 226 17 34
164 113 100 108
202 395 7 21
378 423 0 2
551 402 37 58
447 434 64 78
185 571 31 58
588 54 51 88
433 537 36 40
577 596 43 45
495 431 58 61
194 47 28 50
498 417 74 75
421 66 17 34
55 329 12 12
394 53 27 60
36 558 35 35
555 371 78 92
454 285 2 4
288 5 34 34
117 306 50 64
279 26 20 27
324 322 87 103
123 182 19 39
380 191 71 90
553 577 51 55
51 8 3 10
234 123 49 126
97 499 1 1
295 25 136 151
571 205 8 12
232 9 18 57
522 251 3 7
6 358 86 103
265 348 95 112
134 266 43 70
338 181 30 47
259 159 9 9
309 489 85 122
46 313 47 51
20 197 62 113
200 236 91 98
124 259 3 7
442 288 97 99
509 596 17 50
141 226 7 8
217 461 110 115
235 410 80 85
497 95 13 14
218 478 60 101
208 119 32 49
405 517 37 71
366 64 1 1
458 183 15 18
384 550 66 72
126 65 28 48
105 76 20 45
585 310 123 123
394 34 77 105
152 208 14 15
82 452 78 80
161 125 30 46
254 425 117 121
76 465 41 42
419 76 82 82
454 427 73 88
293 574 49 52
577 201 7 10
47 102 151 155
488 161 23 50
201 128 16 18
88 96 73 73
213 589 108 127
363 92 11 15
415 437 68 135
206 346 87 145
59 228 78 101
200 257 40 67
5 407 92 99
21 175 94 95
188 469 80 84
549 229 13 15
144 54 8 12
251 168 28 108
158 558 50 52
547 468 70 75
458 237 115 118
408 405 8 21
170 286 3 17
353 330 58 147
548 254 56 65
104 536 24 25
25 242 78 95
458 27 60 72
204 55 10 22
479 401 122 129
321 229 73 76
337 238 17 27
228 397 84 126
440 0 11 12
496 74 24 73
340 241 61 128
70 262 45 105
533 368 39 46
56 127 12 28
451 435 35 66
112 392 43 62
535 9 50 52
173 524 96 117
534 560 0 2
531 35 17 35
387 559 86 115
545 18 36 47
37 501 3 3
230 84 16 29
36 567 71 81
120 256 91 112
554 27 72 73
93 3 16 18
497 239 98 105
213 437 7 7
276 244 18 50
557 466 32 33
30 550 41 47
575 156 12 45
14 233 25 43
459 481 79 112
98 543 31 42
531 378 3 7
140 458 111 127
286 369 34 60
459 556 78 136
403 75 25 28
202 162 40 59
491 537 32 36
506 201 61 103
306 190 138 149
34 441 30 36
492 593 114 121
226 52 67 67
258 578 126 138
184 524 31 114
592 470 65 70
57 287 38 57
326 586 58 99
548 559 27 34
593 26 12 47
343 336 107 156
220 114 115 122
511 207 9 28
389 60 31 31
271 296 5 7
43 246 44 73
418 533 1 2
542 522 51 87
110 281 57 79
50 228 52 93
482 229 15 25
449 344 100 117
331 590 4 6
393 87 33 34
515 198 55 56
284 474 108 108
445 123 49 50
111 185 70 77
278 585 26 43
470 25 26 28
446 341 19 33
28 180 53 86
419 428 17 57
82 170 46 98
312 579 24 28
0 273 39 102
69 450 58 133
50 366 25 37
57 395 59 73
12 253 89 109
317 131 7 9
101 514 55 62
23 409 98 105
538 140 62 84
558 354 61 88
188 350 123 126
158 121 35 49
539 498 54 82
265 341 8 20
218 285 84 122
217 106 3 4
139 435 3 3
520 227 25 36
62 518 106 124
86 134 54 66
566 584 48 71
234 175 122 127
164 33 29 32
91 594 27 47
306 583 127 127
20 35 82 83
447 236 46 63
194 196 89 160
309 489 32 37
558 286 88 88
468 118 53 79
580 111 13 15
172 453 9 10
253 411 13 24
76 310 107 141
105 363 18 44
451 259 16 24
157 367 32 40
339 306 9 20
191 210 39 62
25 135 7 13
22 449 96 98
208 126 50 57
409 10 9 24
295 517 47 48
50 442 41 64
510 397 16 25
394 81 8 14
297 565 16 26
47 442 84 128
560 444 110 118
92 480 54 64
139 369 78 131
183 567 31 47
535 490 113 118
480 460 47 79
515 325 74 84
151 490 30 33
80 378 11 12
350 222 47 89
121 184 74 117
490 93 99 106
435 117 44 47
112 234 9 12
511 389 50 66
106 247 24 29
255 375 20 21
379 541 56 73
537 366 46 54
144 90 10 13
10 74 49 90
568 276 92 97
432 396 121 126
286 364 27 40
159 580 8 22
39 560 70 76
586 574 15 31
23 597 109 117
99 230 64 74
555 10 68 112
18 356 64 113
205 304 46 48
570 213 59 62
10 188 63 70
570 221 67 67
212 154 28 30
224 324 0 0
336 209 44 57
386 275 11 17
94 27 3 7
375 458 18 49
305 124 46 74
503 222 34 94
339 508 9 13
596 331 109 136
37 215 104 110
87 292 54 79
166 97 18 20
344 427 65 66
245 89 48 55
519 41 53 136
530 523 67 82
133 99 12 45
130 547 76 77
453 595 25 28
69 570 36 114
200 328 7 7
240 420 4 10
82 203 5 7
73 291 26 32
53 248 40 49
0 294 1 2
589 498 55 55
223 6 80 130
318 585 88 110
296 511 41 129
266 248 52 59
223 338 44 62
430 26 7 11
185 401 16 21
159 34 73 77
385 77 48 67
582 233 86 135
134 67 38 59
297 183 28 36
254 554 35 38
547 415 21 27
119 169 50 50
150 513 11 42
298 258 45 89
95 177 71 88
564 26 57 58
148 53 25 25
312 505 67 93
258 260 27 30
277 317 85 108
418 436 23 26
488 73 25 43
165 522 85 89
273 55 43 134
285 249 24 74
287 456 39 53
386 351 3 8
362 525 11 11
341 326 124 134
169 181 81 84
331 372 75 85
445 355 13 16
196 343 94 105
114 250 88 109
490 391 25 26
36 192 26 68
313 216 37 54
496 337 6 7
46 5 18 30
374 92 85 89
192 528 43 47
97 583 68 81
518 510 37 38
557 188 89 99
469 412 29 45
141 386 55 69
132 168 1 5
576 587 20 70
54 299 36 48
41 190 69 69
90 524 74 117
336 431 48 60
196 270 34 81
130 573 30 40
143 433 36 45
220 121 43 44
108 238 40 52
71 182 9 20
520 230 41 138
570 52 32 34
168 565 65 79
0 322 18 18
597 148 16 17
207 538 75 119
139 474 106 122
363 342 105 107
263 108 62 109
192 519 13 31
404 516 1 1
447 501 74 76
217 268 62 108
269 147 88 91
129 174 92 108
82 226 55 57
345 47 10 12
16 232 102 109
550 495 109 113
65 428 50 51
293 128 128 128
143 99 69 72
364 450 6 17
484 28 35 36
514 127 37 40
377 561 44 95
468 497 30 40
505 81 20 21
22 259 47 68
418 449 7 7
580 60 8 30
597 405 32 38
55 507 68 93
37 487 69 76
142 363 30 31
317 129 34 47
187 319 44 66
166 564 59 62
562 189 16 24
262 65 54 55
107 435 32 43
382 551 57 86
90 139 2 6
216 431 76 78
227 199 29 34
481 123 46 53
225 191 117 128
553 325 56 114
540 334 97 98
61 175 28 80
339 28 38 48
219 290 17 19
230 56 42 45
169 148 61 83
149 416 84 88
135 437 20 20
444 252 73 130
553 528 98 116
194 329 26 50
318 544 33 35
389 393 50 72
561 234 41 44
502 579 78 117
422 187 9 18
445 481 20 35
461 597 2 5
411 578 69 148
8 192 71 73
327 141 62 71
504 507 43 79
543 340 17 28
395 421 48 111
280 185 20 31
206 587 69 99
523 594 3 12
548 562 62 123
416 393 10 18
84 502 15 19
433 430 62 100
321 455 9 10
85 151 5 13
440 13 68 151
409 316 7 20
70 32 88 88
463 457 24 40
3 272 99 135
107 40 14 24
558 353 4 8
265 13 33 35
562 285 75 85
456 132 15 21
113 127 31 76
593 137 143 148
272 39 21 21
413 173 86 88
429 573 85 93
398 267 24 61
265 334 34 41
377 161 8 8
386 210 4 6
145 77 18 23
333 199 50 86
112 440 3 3
369 21 106 106
343 194 42 87
310 26 15 17
153 85 29 81
359 145 16 20
27 252 22 22
418 14 17 20
142 462 24 53
129 427 62 73
514 533 14 18
169 231 32 44
438 463 82 126
248 11 87 96
306 533 5 11
194 155 7 19
82 400 63 82
400 69 22 29
499 121 17 18
429 362 48 51
291 132 154 158
534 112 19 23
563 55 50 64
549 204 20 21
