400 3200
0 1 1 4
1 2 49 66
2 3 0 1
3 4 38 115
4 5 24 49
5 6 3 14
6 7 18 43
7 8 24 52
8 9 52 118
9 10 107 178
10 11 80 111
11 12 114 140
12 13 43 103
13 14 106 109
14 15 0 6
15 16 79 113
16 17 79 125
17 18 44 58
18 19 23 126
19 20 41 144
20 21 78 92
21 22 93 96
22 23 40 47
23 24 113 137
24 25 94 106
25 26 69 76
26 27 23 156
27 28 10 40
28 29 2 2
29 30 143 156
30 31 12 57
31 32 22 41
32 33 115 117
33 34 106 122
34 35 66 74
35 36 21 26
36 37 48 65
37 38 43 47
38 39 4 6
39 40 78 94
40 41 68 69
41 42 113 124
42 43 0 1
43 44 129 136
44 45 7 10
45 46 0 1
46 47 76 76
47 48 53 152
48 49 40 50
49 50 16 58
50 51 5 11
51 52 93 132
52 53 5 20
53 54 35 60
54 55 79 122
55 56 10 63
56 57 71 101
57 58 30 159
58 59 19 22
59 60 77 84
60 61 4 21
61 62 71 158
62 63 114 138
63 64 34 57
64 65 0 13
65 66 80 82
66 67 127 135
67 68 39 66
68 69 173 173
69 70 48 77
70 71 87 92
71 72 34 104
72 73 10 53
73 74 26 29
74 75 46 80
75 76 32 114
76 77 101 104
77 78 10 20
78 79 4 5
79 80 42 44
80 81 89 97
81 82 58 80
82 83 19 21
83 84 48 109
84 85 29 53
85 86 99 108
86 87 55 114
87 88 169 169
88 89 13 16
89 90 26 27
90 91 10 58
91 92 168 168
92 93 39 55
93 94 34 57
94 95 33 50
95 96 9 29
96 97 89 97
97 98 69 83
98 99 9 144
99 100 117 127
100 101 20 42
101 102 53 53
102 103 139 151
103 104 50 88
104 105 146 157
105 106 69 88
106 107 10 50
107 108 21 23
108 109 130 160
109 110 57 57
110 111 26 72
111 112 29 128
112 113 110 111
113 114 81 97
114 115 0 3
115 116 59 68
116 117 108 115
117 118 160 160
118 119 124 149
119 120 6 11
120 121 12 78
121 122 1 4
122 123 9 68
123 124 37 46
124 125 107 112
125 126 23 27
126 127 17 31
127 128 90 95
128 129 9 20
129 130 38 45
130 131 105 144
131 132 142 144
132 133 42 53
133 134 1 29
134 135 59 63
135 136 19 59
136 137 53 60
137 138 20 33
138 139 19 22
139 140 78 89
140 141 23 30
141 142 11 30
142 143 6 14
143 144 27 161
144 145 4 50
145 146 18 101
146 147 1 5
147 148 70 71
148 149 67 99
149 150 3 11
150 151 5 19
151 152 148 150
152 153 7 9
153 154 38 46
154 155 17 23
155 156 36 38
156 157 36 146
157 158 46 57
158 159 35 35
159 160 93 105
160 161 43 77
161 162 99 118
162 163 113 176
163 164 148 174
164 165 23 94
165 166 0 9
166 167 12 16
167 168 19 36
168 169 79 117
169 170 10 14
170 171 50 99
171 172 132 132
172 173 94 103
173 174 55 96
174 175 50 58
175 176 81 105
176 177 15 19
177 178 49 64
178 179 4 36
179 180 35 46
180 181 99 103
181 182 19 24
182 183 93 97
183 184 18 72
184 185 42 51
185 186 56 58
186 187 37 150
187 188 38 50
188 189 9 17
189 190 109 115
190 191 46 81
191 192 11 81
192 193 14 17
193 194 31 38
194 195 95 96
195 196 64 68
196 197 5 40
197 198 1 6
198 199 14 21
199 200 114 116
200 201 163 172
201 202 12 14
202 203 80 80
203 204 114 169
204 205 36 51
205 206 29 34
206 207 80 81
207 208 50 67
208 209 125 133
209 210 23 24
210 211 19 36
211 212 99 99
212 213 27 63
213 214 24 33
214 215 7 33
215 216 83 83
216 217 1 12
217 218 172 181
218 219 36 39
219 220 3 31
220 221 35 48
221 222 19 38
222 223 1 11
223 224 121 136
224 225 9 14
225 226 131 134
226 227 55 89
227 228 160 165
228 229 102 102
229 230 76 84
230 231 71 104
231 232 96 121
232 233 32 37
233 234 49 62
234 235 39 76
235 236 86 102
236 237 11 165
237 238 63 71
238 239 46 59
239 240 99 119
240 241 65 93
241 242 54 60
242 243 17 24
243 244 2 4
244 245 26 30
245 246 104 107
246 247 10 11
247 248 46 48
248 249 129 152
249 250 143 151
250 251 2 37
251 252 127 130
252 253 37 51
253 254 128 128
254 255 77 84
255 256 59 61
256 257 96 123
257 258 92 110
258 259 33 84
259 260 17 26
260 261 81 83
261 262 59 59
262 263 1 2
263 264 112 154
264 265 166 166
265 266 15 22
266 267 98 119
267 268 15 21
268 269 25 34
269 270 11 11
270 271 74 127
271 272 7 8
272 273 37 49
273 274 9 11
274 275 141 143
275 276 85 112
276 277 23 44
277 278 41 41
278 279 17 23
279 280 109 109
280 281 118 133
281 282 160 174
282 283 101 126
283 284 21 21
284 285 13 23
285 286 113 123
286 287 11 19
287 288 122 127
288 289 92 97
289 290 44 44
290 291 60 83
291 292 73 73
292 293 57 59
293 294 90 166
294 295 38 79
295 296 20 139
296 297 18 38
297 298 18 49
298 299 169 169
299 300 21 42
300 301 53 64
301 302 57 57
302 303 81 104
303 304 70 79
304 305 13 42
305 306 83 162
306 307 55 99
307 308 31 105
308 309 19 31
309 310 8 10
310 311 106 111
311 312 161 168
312 313 25 38
313 314 13 45
314 315 18 46
315 316 50 65
316 317 10 10
317 318 45 116
318 319 12 35
319 320 96 96
320 321 57 68
321 322 73 99
322 323 27 51
323 324 11 73
324 325 1 2
325 326 71 86
326 327 17 31
327 328 1 2
328 329 101 113
329 330 110 138
330 331 4 27
331 332 116 121
332 333 48 54
333 334 62 110
334 335 36 43
335 336 12 65
336 337 38 65
337 338 166 167
338 339 28 30
339 340 66 66
340 341 40 44
341 342 139 140
342 343 29 33
343 344 116 122
344 345 15 19
345 346 126 172
346 347 114 149
347 348 28 35
348 349 58 69
349 350 11 93
350 351 9 12
351 352 79 87
352 353 13 23
353 354 35 54
354 355 70 96
355 356 8 20
356 357 123 138
357 358 81 137
358 359 80 81
359 360 26 26
360 361 57 169
361 362 7 18
362 363 12 13
363 364 103 136
364 365 131 135
365 366 118 130
366 367 98 99
367 368 55 83
368 369 33 56
369 370 7 22
370 371 45 108
371 372 4 34
372 373 17 58
373 374 44 58
374 375 12 60
375 376 27 58
376 377 23 27
377 378 83 100
378 379 67 81
379 380 25 99
380 381 66 108
381 382 28 33
382 383 173 174
383 384 15 28
384 385 14 23
385 386 4 12
386 387 32 42
387 388 54 66
388 389 4 35
389 390 61 86
390 391 44 141
391 392 4 4
392 393 42 84
393 394 0 1
394 395 50 52
395 396 87 89
396 397 31 54
397 398 100 125
398 399 85 153
399 0 27 32
381 214 166 171
100 202 31 33
59 323 10 78
243 145 92 96
209 39 1 2
113 31 79 79
293 324 48 118
153 71 36 95
236 387 15 62
50 55 63 90
69 90 9 50
99 230 103 105
335 30 3 3
115 99 134 159
223 273 86 105
2 79 68 173
258 179 63 66
26 255 48 97
270 196 38 43
271 302 45 45
65 139 12 54
112 13 2 16
213 181 12 128
149 261 18 107
226 321 37 60
224 290 12 35
69 279 9 114
303 363 55 73
55 198 10 16
11 345 44 57
123 261 52 110
239 236 23 39
274 27 72 121
331 42 91 99
45 12 65 80
104 24 13 27
132 303 162 179
354 353 13 114
6 42 16 16
44 306 21 101
76 268 37 52
182 56 0 10
162 221 43 46
358 44 3 21
197 305 123 129
338 82 83 91
364 72 118 133
216 245 65 70
383 147 34 45
290 195 8 30
210 387 14 55
104 57 33 46
385 113 147 155
47 127 87 88
91 263 121 156
210 49 58 63
328 42 47 52
282 324 38 68
238 164 52 137
139 119 27 76
265 8 26 149
178 369 143 171
380 72 5 31
217 16 44 112
303 387 71 80
149 265 26 40
322 334 107 109
287 333 21 61
41 174 1 2
392 149 14 36
181 125 174 176
194 203 39 95
214 140 49 51
84 194 36 43
35 382 5 6
265 347 14 62
178 292 78 92
162 153 155 167
282 50 6 16
365 198 46 58
193 260 49 127
96 323 145 166
37 60 16 23
164 392 12 13
325 110 24 49
353 378 81 103
178 160 60 102
279 153 3 68
110 67 105 119
311 366 56 145
150 258 54 94
360 21 77 81
371 68 40 48
218 372 5 20
236 326 58 63
159 217 9 10
56 43 34 36
388 244 19 20
35 356 157 165
241 6 26 35
37 23 8 34
202 122 5 11
309 210 40 51
389 230 9 41
139 299 102 108
25 95 43 95
56 376 102 105
157 334 9 24
60 238 79 84
119 121 37 124
60 396 39 52
339 71 56 93
43 91 12 40
208 43 24 27
89 281 80 85
37 361 6 13
77 200 38 44
22 21 2 9
315 210 11 20
82 88 20 20
220 118 83 91
36 239 5 5
297 109 98 99
269 179 70 76
374 96 99 139
267 62 5 54
133 16 13 29
68 48 19 29
83 110 66 131
349 59 48 70
87 224 147 150
177 193 29 135
56 158 75 76
184 22 112 118
358 195 19 19
258 146 89 119
67 350 39 40
222 312 30 40
43 286 3 62
270 123 39 89
86 318 93 111
14 119 97 118
29 382 1 2
330 89 1 3
54 232 23 58
8 288 3 10
168 238 63 69
178 292 62 175
26 314 43 43
158 37 41 96
144 286 50 104
5 248 80 82
14 119 10 11
8 230 41 79
61 379 7 12
133 260 65 67
200 353 39 64
310 369 40 56
193 260 60 66
103 70 33 96
72 65 14 167
168 313 47 86
386 174 101 111
36 169 2 53
236 92 95 126
233 276 63 84
170 328 20 34
236 140 145 146
232 93 88 125
249 377 5 15
193 93 15 20
326 178 48 53
140 290 49 55
87 383 110 136
200 80 38 53
392 379 49 57
311 81 31 61
200 136 23 37
248 306 74 93
66 155 62 87
82 47 17 17
37 242 11 21
65 124 110 118
269 271 26 59
200 294 100 107
41 250 72 117
368 331 22 24
93 201 52 55
154 107 30 106
189 146 120 135
309 340 65 189
70 225 133 135
159 100 80 84
173 154 17 26
151 113 10 27
164 13 10 19
205 253 26 85
8 153 34 71
363 190 9 29
266 280 10 63
262 241 44 58
61 106 131 153
124 123 15 33
157 390 20 59
220 284 27 78
147 164 114 121
89 139 76 91
176 181 35 36
357 278 49 95
359 230 3 3
42 289 68 118
128 322 79 79
120 43 85 85
27 277 75 80
50 268 3 10
106 72 104 107
99 158 4 10
343 25 7 30
212 232 56 92
376 184 60 95
133 388 5 15
67 305 34 38
51 56 5 6
1 123 85 105
157 336 137 175
149 378 25 92
341 378 99 149
250 175 58 77
217 298 32 37
372 38 27 43
38 27 46 50
168 301 54 61
397 390 65 65
212 160 19 43
48 323 24 26
93 367 4 32
149 173 48 56
176 353 31 79
227 381 26 29
312 249 48 67
93 1 7 11
39 137 100 110
308 381 28 59
26 202 42 58
171 43 80 123
109 121 32 63
371 150 9 32
242 254 2 24
380 177 96 144
220 252 21 53
43 372 45 111
228 202 22 134
106 366 7 9
370 27 29 156
159 70 139 141
11 355 4 20
175 270 46 68
258 311 9 96
67 180 41 41
346 281 15 45
396 201 104 154
162 200 84 95
247 195 29 61
42 120 2 3
394 4 18 49
246 313 25 32
89 378 120 156
349 27 9 18
298 249 23 27
26 40 6 90
53 168 149 157
297 190 101 153
55 306 18 35
384 355 103 109
142 258 84 107
226 30 186 189
56 263 7 14
330 28 5 14
23 346 130 132
61 327 92 95
312 140 18 24
318 340 39 57
199 38 1 1
289 85 128 154
187 321 43 70
329 183 49 51
15 294 129 158
81 109 118 159
169 361 44 60
304 297 16 16
322 343 2 30
232 234 47 52
294 343 39 43
302 94 49 118
322 236 16 24
255 147 31 64
153 356 24 71
305 156 160 163
154 39 79 91
350 290 42 60
223 378 15 23
192 4 45 104
306 296 59 93
311 86 34 36
29 344 12 19
76 59 83 89
86 261 6 7
48 141 9 16
175 338 31 49
320 34 47 53
170 388 37 71
59 198 42 82
92 243 38 68
237 45 11 16
163 224 68 74
74 73 1 2
77 89 74 83
381 75 11 12
349 65 83 122
167 284 11 18
242 40 84 97
252 281 140 142
24 255 109 167
339 130 7 10
306 264 91 167
151 86 24 33
242 1 24 26
299 30 13 81
324 6 63 99
76 329 93 99
281 170 2 2
230 153 15 21
390 237 64 72
231 137 29 99
50 316 129 159
37 243 12 23
171 313 101 106
317 179 26 37
240 136 49 50
168 112 10 117
158 226 126 127
251 189 7 10
306 308 1 2
87 215 75 80
180 337 2 2
388 119 17 17
226 192 21 23
323 113 84 141
6 125 32 100
341 253 112 129
245 358 51 79
59 205 11 57
327 165 46 49
276 290 35 36
276 221 12 15
178 238 100 111
370 29 27 48
365 106 83 85
0 35 61 93
232 269 46 69
179 351 14 60
319 397 166 172
314 338 1 1
339 152 18 81
182 237 32 51
22 267 5 61
185 310 80 84
326 111 45 45
164 44 78 78
9 135 66 79
49 204 16 20
176 243 47 48
231 138 46 50
336 162 66 78
346 94 7 10
89 261 32 49
236 171 64 100
263 104 27 128
69 171 70 153
155 56 26 86
365 216 34 58
49 185 156 156
114 207 12 15
62 208 132 133
258 74 100 128
305 289 52 74
82 383 83 86
196 305 37 47
157 293 8 16
292 1 104 123
302 244 2 2
294 179 34 68
218 314 23 24
122 9 14 14
354 300 49 78
304 107 125 142
252 267 42 49
177 43 79 133
252 286 56 60
276 184 106 112
202 97 170 187
1 143 10 48
226 46 35 40
184 343 146 155
135 322 33 54
120 41 18 19
377 135 23 46
355 143 120 187
8 347 103 121
5 391 0 0
129 374 6 30
122 219 38 59
26 24 164 167
109 43 34 65
263 144 76 92
230 65 31 138
316 7 41 97
275 202 2 9
309 55 15 16
215 392 55 64
185 148 5 7
189 107 32 34
396 108 4 5
378 140 1 5
169 84 38 64
300 0 73 91
395 9 56 114
364 315 18 54
308 47 99 107
379 55 37 43
378 135 71 92
396 260 54 58
194 27 1 4
380 285 34 153
286 300 8 9
79 60 38 43
34 293 39 171
366 325 48 97
25 392 22 31
360 124 63 104
211 133 8 31
215 384 45 107
184 73 51 154
387 74 13 15
263 237 9 11
278 101 46 74
113 285 34 34
342 39 2 14
30 75 68 99
85 252 5 7
198 300 6 8
119 180 40 56
134 346 67 93
194 21 24 31
168 89 11 11
6 150 68 69
189 336 114 118
294 206 80 80
286 318 32 96
74 137 17 22
288 339 62 87
48 158 82 162
37 114 26 48
297 152 71 73
260 85 73 77
319 362 107 124
385 156 46 59
290 103 95 97
381 63 17 86
26 9 175 175
344 223 2 5
142 48 13 56
376 186 21 42
252 309 15 23
251 274 41 55
150 378 11 119
207 100 21 51
85 267 15 103
361 273 79 86
26 141 100 103
227 112 31 35
187 156 41 41
98 299 20 27
41 377 36 40
56 338 130 155
136 360 67 103
263 312 36 51
167 293 3 6
294 0 79 79
33 167 35 38
97 0 0 0
372 280 66 143
266 69 71 86
266 38 95 153
318 10 24 24
19 155 15 33
396 12 27 32
212 72 60 102
66 249 92 100
378 321 22 30
222 111 30 64
216 380 113 119
66 343 8 94
193 35 69 69
13 199 94 98
225 134 64 144
143 286 43 44
323 260 4 33
352 117 10 17
14 78 1 23
203 140 85 85
241 283 18 35
85 253 81 96
146 38 151 151
230 160 118 128
288 351 42 82
224 47 86 98
59 319 10 11
146 75 26 38
123 268 56 66
274 49 4 12
332 258 64 135
319 157 33 101
80 152 25 25
309 49 23 31
278 202 85 142
51 284 49 54
374 218 53 92
225 4 5 5
64 263 30 51
197 160 2 16
161 189 63 132
272 45 8 105
358 314 31 57
358 325 84 117
143 274 162 164
13 105 15 33
203 200 12 13
4 102 98 98
361 266 112 136
2 65 0 4
280 367 16 112
28 139 33 41
120 316 62 74
385 99 43 70
260 7 30 33
320 211 56 127
222 382 41 126
200 71 0 2
2 5 79 108
1 385 43 104
374 387 55 63
285 263 18 97
355 171 8 24
166 312 2 19
145 366 6 20
212 333 77 107
267 275 41 89
220 360 34 66
390 371 19 23
212 246 5 5
121 302 95 113
296 130 136 191
101 360 32 34
109 188 15 139
192 342 20 133
64 146 11 14
147 134 13 34
59 249 126 129
344 156 31 55
231 187 86 118
126 131 106 109
326 144 50 55
194 104 166 168
347 182 18 30
5 277 21 40
317 378 17 42
109 51 99 123
146 389 36 89
248 71 61 86
134 225 2 18
97 259 4 5
302 103 151 153
288 194 35 57
66 233 68 102
9 117 8 8
181 379 42 71
86 245 2 10
187 150 131 132
16 346 145 151
260 63 65 70
102 291 12 26
272 73 90 143
151 74 44 85
26 271 15 18
378 227 91 94
325 357 13 24
94 307 74 107
66 168 12 35
301 212 77 77
176 386 28 52
397 286 120 121
15 266 75 85
170 97 63 66
235 149 55 87
203 223 20 61
243 306 5 72
322 367 54 88
102 121 15 98
109 341 6 10
147 263 18 20
285 250 20 37
230 274 141 147
75 4 107 136
344 343 5 54
20 389 22 26
187 182 2 10
327 200 8 20
291 199 18 153
122 189 117 150
341 281 25 42
322 23 103 112
395 253 15 27
147 46 117 135
217 332 12 26
21 125 6 48
162 137 123 128
194 241 128 182
48 108 147 154
214 98 182 182
94 325 3 19
289 186 13 32
371 123 13 20
181 129 7 12
187 51 46 48
128 395 10 46
9 46 41 58
177 315 8 53
363 62 54 62
6 122 5 5
115 53 13 63
373 122 23 31
187 49 44 91
134 290 29 31
228 126 133 141
123 165 94 146
318 281 100 102
242 350 55 57
336 178 91 95
198 165 58 122
254 395 31 101
173 351 108 113
173 293 28 31
60 190 21 107
356 322 90 99
314 92 79 99
231 283 21 28
219 14 22 22
100 387 35 76
195 23 4 5
355 139 30 35
330 242 0 3
234 208 31 149
346 84 76 84
346 0 89 126
86 214 56 94
304 260 3 9
382 283 11 34
86 212 153 160
236 288 82 158
338 335 4 23
232 179 35 35
89 279 3 7
179 117 125 141
107 102 113 123
367 99 70 74
183 32 77 96
8 82 63 66
220 128 49 63
17 332 159 163
83 20 56 146
364 163 102 107
6 162 50 61
27 204 28 125
318 44 38 108
200 370 76 111
306 269 48 162
324 358 25 73
285 308 35 100
152 170 5 6
373 41 9 15
239 170 158 159
72 382 39 80
83 383 52 66
252 130 21 29
168 238 64 84
168 96 6 24
306 259 33 42
208 378 13 14
79 153 78 94
145 347 9 29
228 395 33 40
163 55 1 14
100 370 5 11
309 250 75 76
377 328 46 66
354 232 72 83
32 187 99 102
87 160 158 182
69 346 115 120
137 111 61 162
286 126 7 10
239 384 140 142
70 180 66 105
213 377 27 156
196 207 55 91
366 177 1 7
162 39 15 60
82 219 143 167
207 340 11 123
103 118 62 169
65 212 8 113
390 43 77 77
49 385 2 2
212 70 40 86
132 307 72 73
242 225 23 41
2 56 60 108
108 332 82 132
291 28 25 55
171 130 21 62
217 161 57 134
234 152 48 59
352 37 64 106
288 315 36 38
289 12 0 2
159 191 118 122
236 271 52 60
219 137 135 139
39 42 57 62
138 149 17 75
347 221 19 33
239 291 81 139
353 133 99 112
171 65 57 79
332 121 119 125
238 55 77 95
247 382 95 119
313 7 1 1
99 291 34 176
336 165 98 102
243 186 56 67
89 25 41 44
201 117 4 15
168 375 26 84
331 303 43 87
279 171 19 39
250 329 74 85
160 377 86 102
310 387 32 37
31 42 28 28
42 37 9 34
73 298 28 171
222 154 55 124
365 200 43 180
108 103 95 101
18 343 94 134
302 397 42 54
25 31 13 16
309 80 5 11
70 178 18 33
237 12 21 33
75 251 27 57
241 395 0 9
74 3 27 36
146 36 99 127
267 84 53 106
249 147 136 140
305 120 29 54
218 198 94 106
86 365 92 112
312 280 107 167
384 350 22 50
97 5 7 14
13 110 50 50
390 251 17 35
78 291 153 173
397 217 71 77
30 233 67 163
345 234 45 55
285 179 67 74
33 309 19 89
342 26 87 98
25 128 37 133
362 68 68 73
6 105 47 49
164 183 69 124
372 87 1 1
206 86 14 22
86 316 135 136
155 202 74 88
143 62 118 142
5 81 120 126
157 288 108 164
360 44 30 117
293 312 30 35
374 130 48 120
256 284 41 42
363 295 13 25
333 74 121 122
271 122 78 133
313 155 8 11
318 251 12 53
198 388 21 51
362 270 20 118
334 170 72 90
247 64 43 57
66 255 83 84
193 86 167 179
246 128 32 58
283 381 9 10
15 374 38 41
169 121 10 13
208 300 69 71
90 295 70 108
127 291 30 43
38 100 44 55
296 254 165 175
166 144 10 106
218 339 83 94
274 235 13 31
31 147 2 4
81 323 8 10
7 313 79 81
102 369 11 28
247 202 40 155
25 336 84 86
113 37 15 15
167 215 43 55
163 376 0 1
121 60 34 67
81 220 12 35
209 277 33 105
80 281 98 99
378 40 34 38
327 179 130 144
90 316 30 33
308 241 119 143
359 113 21 31
315 384 15 20
50 391 6 10
339 283 40 44
392 114 42 88
229 126 86 86
104 16 49 50
196 240 7 8
224 288 44 70
39 142 28 40
29 144 98 115
64 156 40 55
383 284 30 58
51 292 130 146
318 85 55 68
162 190 33 38
185 163 28 54
265 383 58 86
281 132 61 88
385 220 32 65
366 245 15 50
28 296 86 97
387 392 28 41
241 358 138 167
169 207 36 114
167 122 14 23
388 37 3 4
268 335 16 18
63 94 24 83
48 285 8 21
232 44 12 12
41 74 0 1
269 220 18 19
362 105 11 13
6 211 95 139
258 35 0 2
374 269 90 128
351 101 68 71
288 252 19 51
66 203 10 13
11 371 32 72
269 260 105 119
384 368 36 36
210 237 40 42
118 158 51 82
286 233 21 23
332 17 14 21
98 380 89 102
234 90 59 79
368 208 47 74
169 316 94 100
75 254 23 32
103 260 21 23
61 262 74 105
6 162 17 24
339 322 173 175
391 272 61 76
82 288 3 8
276 394 104 129
171 111 19 20
136 339 31 59
231 265 60 67
183 275 37 40
74 354 31 75
349 374 7 13
80 347 32 36
210 84 1 4
233 192 25 26
92 186 35 39
87 106 2 3
107 277 8 10
379 62 105 150
205 222 85 99
190 182 165 174
73 40 116 132
359 249 10 40
234 44 49 159
357 231 18 19
138 215 121 122
202 225 19 53
64 194 18 22
285 280 21 125
169 158 13 55
316 269 55 72
387 86 21 132
250 301 51 94
252 384 104 145
157 309 43 44
185 225 90 112
386 232 107 160
128 324 15 30
41 251 108 136
130 35 68 82
342 13 25 27
237 233 65 67
110 129 4 8
93 359 7 10
134 220 164 172
379 369 9 14
363 95 61 62
291 31 36 62
353 78 99 106
308 313 13 36
144 295 69 69
179 89 57 65
312 249 3 72
176 315 33 53
309 244 38 41
287 100 32 39
48 231 0 5
15 18 52 84
306 132 4 5
17 101 100 140
358 298 21 21
141 339 0 6
370 5 36 76
73 68 40 41
290 71 15 20
156 119 67 85
182 229 134 154
256 271 43 46
7 338 93 95
393 141 119 120
197 368 32 74
206 111 4 41
239 319 3 16
84 103 5 14
28 145 54 54
134 202 11 26
158 172 27 29
377 280 81 114
316 174 16 21
298 316 24 35
302 350 4 8
99 305 47 54
153 7 99 105
205 140 11 15
395 114 10 10
104 382 79 81
184 39 37 93
108 101 6 63
362 93 132 147
44 296 58 65
26 160 25 33
348 257 33 41
1 255 16 16
88 79 28 33
190 195 160 171
35 199 46 48
110 382 102 143
184 280 134 137
31 170 127 142
388 332 39 54
157 3 31 46
132 203 115 141
10 70 79 99
265 102 70 102
311 200 85 86
392 232 135 162
86 392 18 39
23 100 11 88
159 15 14 25
4 34 73 121
300 39 68 146
375 199 94 98
55 99 133 139
332 101 5 14
106 143 109 125
96 285 142 148
186 299 135 141
6 115 10 65
50 398 17 61
245 154 4 73
326 390 65 110
151 66 16 72
245 159 42 54
373 304 36 88
14 389 1 2
42 152 89 105
145 103 48 110
157 305 43 61
177 10 42 64
389 134 15 49
150 333 33 38
361 23 80 92
97 20 110 110
25 140 31 35
356 88 40 96
313 50 16 23
339 166 9 64
319 151 6 8
301 262 57 58
155 237 7 15
358 201 114 121
385 142 65 69
130 53 44 47
321 154 29 123
372 328 8 9
11 56 89 106
309 326 16 46
202 86 1 4
388 19 29 85
189 75 45 51
225 323 14 110
60 397 6 12
115 369 1 5
59 126 117 155
190 132 112 144
182 129 122 137
141 392 43 98
364 246 88 112
16 156 6 22
163 216 6 10
339 261 94 96
266 226 67 69
113 158 4 28
23 284 31 52
313 27 48 71
2 213 9 93
380 321 8 133
94 195 38 41
298 263 13 48
109 237 24 43
211 95 80 107
266 73 11 17
258 365 48 85
181 225 13 18
365 30 6 8
342 239 93 111
69 221 0 1
97 77 78 78
361 86 15 23
362 341 19 31
267 49 3 6
349 34 126 128
265 35 133 154
282 80 54 58
119 260 10 44
349 141 30 31
84 391 122 126
104 396 4 9
254 270 48 139
50 242 40 70
84 89 26 93
307 311 34 59
394 109 6 17
308 133 130 132
295 259 87 133
119 327 170 175
343 207 44 67
269 7 81 136
105 379 94 95
364 48 31 55
276 60 66 70
7 2 26 38
218 153 79 165
76 321 8 77
141 304 53 56
184 166 17 19
333 225 149 149
172 329 6 21
337 43 18 44
221 298 13 50
14 97 132 165
18 357 103 103
278 258 10 23
202 31 85 87
232 78 31 84
22 20 17 163
331 344 26 105
223 335 13 14
177 329 76 79
330 167 56 115
369 65 114 118
230 231 62 66
289 193 14 30
331 56 32 60
386 265 10 13
76 253 17 79
124 374 10 25
285 230 29 79
19 53 9 34
147 51 114 135
153 231 57 66
237 35 4 7
343 194 14 14
277 209 7 18
115 189 54 187
82 0 22 22
203 234 29 99
336 386 23 75
237 242 91 95
45 343 3 20
23 203 53 75
304 176 20 35
215 233 1 21
271 99 107 164
137 197 64 67
318 364 15 18
240 122 48 117
227 51 13 75
80 379 57 58
376 240 107 117
169 188 97 108
298 389 36 39
292 28 62 72
98 59 120 125
276 72 4 9
261 110 87 144
245 227 84 97
369 27 94 113
117 113 5 5
187 40 102 106
145 169 96 107
310 376 55 63
128 161 82 84
170 138 31 57
333 277 13 59
326 30 157 159
390 19 46 52
127 172 0 2
116 288 97 101
345 64 167 169
131 238 2 2
332 45 22 95
215 71 53 65
284 31 5 17
343 15 93 97
311 22 100 133
309 336 44 63
376 107 13 74
290 273 4 26
17 242 61 79
74 180 76 170
172 50 13 62
196 241 41 81
220 82 85 107
96 53 14 19
22 4 172 189
319 103 170 172
274 25 72 75
345 265 55 58
308 182 44 83
97 108 52 58
219 136 40 94
219 354 14 20
38 0 65 65
91 39 100 148
220 303 84 96
368 349 36 122
135 24 83 97
315 308 49 51
107 359 0 6
222 79 43 75
312 70 125 135
196 40 94 107
233 28 36 87
183 147 83 93
344 209 64 149
8 271 20 22
192 184 3 32
141 370 2 11
9 159 69 71
378 92 94 133
252 305 72 138
0 158 21 54
331 230 113 124
219 182 15 123
379 385 61 116
233 361 49 126
278 189 119 180
328 4 47 61
13 314 133 134
201 383 99 104
116 222 20 27
395 387 69 102
165 91 3 6
364 323 57 58
266 140 11 30
309 281 35 39
351 240 26 44
115 301 23 31
395 156 69 86
13 361 1 3
42 48 3 15
358 313 14 21
161 247 29 31
284 164 51 72
315 277 16 16
233 396 93 99
58 283 72 92
239 4 89 89
364 241 67 100
214 168 20 134
259 33 3 12
90 109 24 29
374 376 118 132
34 210 58 58
313 142 30 60
174 311 75 127
179 108 92 122
78 252 44 48
186 317 26 49
139 111 45 88
159 113 33 116
93 216 50 59
10 331 174 177
26 335 16 141
203 2 42 50
308 291 19 33
55 366 63 81
94 133 11 12
392 194 37 41
358 39 31 71
153 38 13 30
109 114 152 161
303 60 103 106
312 66 86 116
274 217 30 54
346 247 55 57
323 21 109 109
332 234 10 12
278 154 7 21
60 199 148 172
323 293 18 22
186 344 17 21
362 319 26 29
264 173 36 39
387 57 59 139
172 83 10 12
107 64 53 55
139 340 41 51
343 345 5 31
96 228 3 14
147 216 20 40
157 201 27 98
14 196 2 14
301 259 1 1
127 251 10 79
269 137 37 131
306 152 79 80
212 260 22 23
77 317 32 39
47 113 30 31
306 168 5 17
16 163 161 169
209 200 27 74
338 196 154 167
221 170 123 137
107 241 59 59
112 57 33 33
376 12 14 16
165 289 36 75
58 340 14 16
330 52 15 20
12 82 130 131
390 328 6 48
137 2 21 24
350 167 56 77
35 357 85 155
14 177 30 96
223 319 35 95
96 108 48 122
386 72 8 30
173 83 14 17
195 158 71 87
290 66 2 18
356 142 21 27
85 106 6 9
294 97 72 95
226 376 80 116
222 132 49 65
83 379 178 179
75 108 4 25
109 13 74 77
172 206 107 114
153 312 29 41
115 91 12 42
42 173 82 130
248 2 31 89
105 162 133 163
288 241 29 43
47 377 36 68
32 149 68 70
379 230 10 12
262 159 25 44
379 125 17 19
239 54 17 29
70 139 134 135
312 143 82 129
143 259 59 109
278 202 11 38
398 337 132 134
49 294 82 133
254 72 114 138
2 264 59 71
252 279 139 150
97 219 9 44
152 127 155 168
2 177 54 56
271 44 33 44
146 300 7 8
259 380 25 72
329 60 84 95
226 40 76 127
56 239 60 70
85 354 19 48
150 225 118 138
65 248 9 46
91 239 0 5
281 243 13 76
114 394 32 42
51 186 60 89
180 89 60 62
317 42 18 37
129 196 107 135
211 61 14 15
378 231 8 10
291 262 30 54
18 147 41 99
177 137 7 47
364 148 139 147
139 225 38 38
380 286 70 96
71 53 10 13
357 19 9 16
59 367 129 135
171 387 147 149
269 284 82 119
361 249 73 153
190 207 14 32
359 227 46 91
377 197 73 76
237 341 119 125
105 343 47 56
25 142 64 112
310 314 118 126
128 359 31 32
275 318 60 83
212 280 105 130
227 23 70 74
363 131 151 154
218 97 58 58
83 8 33 35
72 201 69 78
175 168 95 95
330 378 25 29
276 362 30 169
49 368 40 67
95 71 162 163
12 311 95 122
24 166 26 49
316 191 65 66
340 297 18 33
27 210 49 131
311 102 40 40
233 44 23 27
357 314 117 128
100 109 6 42
148 154 72 111
298 254 50 175
385 335 22 36
114 176 75 96
281 244 109 140
24 229 10 17
65 393 57 81
355 329 77 122
35 72 83 99
328 30 36 49
324 148 106 113
16 137 8 10
392 372 3 3
365 253 17 41
374 301 7 9
286 335 129 130
8 194 4 78
245 134 80 107
236 321 13 75
269 133 49 74
130 3 13 16
271 65 34 55
215 91 12 14
147 337 87 123
29 368 5 6
162 367 77 88
373 122 4 22
354 199 106 168
382 10 27 183
237 376 96 111
386 336 34 117
103 209 75 89
78 11 100 109
23 296 103 123
289 80 15 19
213 154 147 150
107 301 9 10
196 34 42 43
286 302 28 45
27 373 46 87
391 366 127 129
114 46 96 96
57 108 5 16
231 5 24 31
235 59 20 21
9 374 32 85
92 168 115 123
101 210 134 149
275 285 30 33
174 374 5 13
309 111 6 10
282 327 142 146
159 322 14 75
90 161 49 57
89 224 83 98
185 146 29 60
213 85 105 105
22 382 27 71
239 334 23 31
231 298 50 75
313 29 5 6
35 202 2 2
99 386 44 52
373 341 71 89
39 159 68 88
241 122 59 111
49 51 61 86
215 262 81 91
290 111 21 28
368 314 81 91
123 48 22 62
276 133 50 54
42 231 15 24
360 352 47 48
379 90 13 54
140 273 51 95
160 208 56 62
84 292 83 124
379 375 113 150
9 257 10 19
182 226 114 149
381 293 177 184
62 287 1 6
293 352 125 136
118 15 167 168
135 270 11 24
15 307 41 134
57 344 6 25
260 281 60 77
300 350 20 112
175 358 182 182
211 7 51 92
301 18 137 146
388 210 0 2
248 281 34 75
149 78 47 56
188 263 1 2
302 294 52 92
195 74 83 102
314 319 107 148
103 10 36 62
273 118 7 23
4 180 14 59
283 67 21 95
253 237 15 142
115 6 96 137
233 294 82 89
0 74 17 39
280 178 22 58
108 314 10 14
71 332 28 34
229 118 59 105
164 136 75 75
339 239 127 135
203 36 21 23
208 228 48 51
6 362 27 31
318 38 67 74
132 229 3 13
172 187 157 160
6 128 28 83
241 226 62 64
133 195 106 112
91 26 42 47
275 233 14 36
254 194 17 64
95 167 73 140
328 69 158 168
208 375 51 71
94 358 80 82
46 294 60 61
186 349 116 131
47 68 9 10
221 246 97 137
109 116 9 25
253 107 28 44
63 192 58 138
92 226 59 74
189 221 8 11
250 30 3 14
116 87 96 129
236 370 21 23
62 205 84 93
141 333 23 56
225 169 12 13
104 375 29 33
71 86 76 92
237 47 9 34
194 220 8 15
70 122 34 35
363 385 78 114
266 251 61 101
230 362 86 143
34 8 79 79
297 52 43 47
362 179 6 7
289 181 42 42
270 341 59 88
34 287 162 165
290 155 90 109
81 197 85 118
12 382 52 132
35 180 9 14
377 336 8 61
340 43 7 44
343 190 21 108
307 392 107 115
46 390 2 3
266 161 50 95
70 29 9 80
138 369 42 130
61 139 164 165
161 56 53 94
299 347 7 27
267 21 54 93
251 87 117 123
306 62 23 27
74 295 20 24
122 331 2 2
40 77 85 99
343 18 46 132
362 313 11 11
137 198 24 92
7 108 166 167
95 282 34 67
43 230 18 26
65 115 10 14
55 214 127 130
143 393 41 73
160 172 2 5
228 388 6 7
89 221 12 126
169 109 61 62
177 281 2 3
392 26 59 64
154 282 92 108
274 236 20 53
208 159 34 70
386 309 86 91
296 177 7 8
115 170 30 120
210 108 16 29
267 260 43 54
35 127 58 75
34 128 111 129
330 361 1 3
48 275 36 57
229 160 4 37
254 124 16 57
169 372 56 83
76 249 35 37
198 246 51 54
127 162 18 42
33 293 58 61
324 282 36 44
205 240 99 131
150 252 24 25
202 254 64 90
231 9 19 19
38 212 88 88
219 199 31 42
192 398 33 54
150 311 9 29
205 353 37 55
318 175 141 160
155 361 123 170
94 21 93 101
101 386 89 159
258 376 38 100
299 277 83 88
316 36 33 44
212 198 0 0
392 324 26 26
3 250 39 61
99 177 25 30
156 144 7 10
361 338 114 114
328 394 19 82
319 98 35 125
185 1 52 129
369 105 40 135
177 202 10 16
251 197 95 111
76 322 92 96
202 98 88 93
82 101 0 2
49 84 35 144
242 324 108 129
110 355 7 25
186 153 54 82
323 77 60 78
269 293 9 15
253 61 17 76
206 59 12 89
353 24 20 30
261 317 152 168
136 130 10 32
309 395 8 31
68 306 11 125
268 294 116 165
319 241 50 80
150 121 20 38
120 140 25 109
117 303 57 82
257 6 76 113
238 39 86 109
39 220 70 109
278 22 18 80
278 247 42 43
153 295 24 30
379 106 16 26
69 396 53 117
65 235 32 46
215 205 126 146
283 127 4 7
102 14 27 30
343 216 64 106
377 258 53 143
113 314 98 111
196 190 42 87
165 327 52 61
196 53 14 14
148 8 79 127
129 28 8 23
152 101 4 4
173 389 34 56
151 296 11 12
124 35 7 17
228 63 53 128
372 357 97 105
25 146 130 188
395 268 46 74
67 239 15 42
204 12 33 58
249 332 14 20
162 324 99 135
42 342 52 61
27 230 22 22
323 292 10 18
97 236 42 42
174 253 18 22
141 137 14 41
237 280 24 52
264 362 8 10
274 141 17 33
25 91 85 130
251 230 50 159
141 185 64 67
236 132 53 130
77 40 59 80
130 217 40 50
353 372 42 64
266 364 40 50
395 134 19 41
345 384 12 39
227 351 3 4
75 6 122 126
275 269 16 51
396 391 26 42
171 269 110 112
389 174 32 33
63 5 20 22
82 238 101 162
220 246 137 144
108 396 97 99
212 71 0 4
76 250 25 34
26 132 16 19
10 361 40 53
35 379 18 66
170 212 61 77
198 175 41 78
97 288 61 69
64 137 64 104
53 87 67 91
151 226 63 70
27 42 14 15
295 167 1 2
207 309 48 65
337 381 2 16
117 152 18 25
195 299 9 22
164 63 4 6
96 281 93 94
156 23 84 105
162 87 70 75
342 366 20 43
98 388 83 105
168 310 31 108
129 7 6 128
176 1 7 10
362 323 34 34
352 13 27 34
118 129 41 183
398 154 0 2
263 25 63 104
123 103 16 18
161 221 6 36
80 268 19 77
394 106 58 81
268 28 88 139
361 326 78 85
345 369 24 55
194 119 4 6
225 295 46 59
8 123 36 52
274 20 35 79
262 122 58 86
372 235 27 128
23 317 4 15
115 283 11 20
46 256 21 75
80 325 13 16
288 62 96 108
73 80 30 32
167 374 58 84
160 390 164 166
378 18 7 14
120 300 78 79
174 380 145 177
352 268 8 12
333 294 5 9
202 76 18 28
329 294 32 137
2 272 35 67
249 397 0 3
108 325 70 116
132 56 59 167
257 277 33 35
359 232 4 46
344 230 62 92
12 213 36 55
157 54 69 76
327 265 116 150
97 305 76 135
116 117 58 60
87 362 51 97
164 163 45 46
177 292 1 3
298 338 31 31
55 18 36 75
228 207 48 59
229 340 17 19
100 322 11 14
266 1 30 40
60 312 36 47
213 148 121 137
332 132 147 160
347 198 80 126
25 342 48 78
72 353 2 3
321 1 36 41
295 347 82 152
311 184 53 58
253 43 22 79
163 64 102 136
34 140 72 125
378 134 33 42
266 183 12 25
219 196 36 176
180 317 38 64
268 299 9 44
95 186 60 68
279 147 27 30
14 266 105 166
260 297 20 27
183 202 70 78
179 257 62 116
180 151 59 92
353 201 57 94
269 232 78 84
19 335 23 40
315 343 19 43
74 332 26 29
344 114 1 2
84 244 13 104
164 322 2 12
33 367 36 36
313 302 98 135
45 172 112 128
101 255 77 82
14 324 60 60
372 288 29 57
298 198 117 144
205 160 47 108
189 353 23 24
215 321 53 63
145 308 70 132
361 64 44 153
25 172 5 5
373 395 26 81
154 117 17 17
117 109 27 39
96 134 164 168
101 259 34 44
366 24 44 83
49 344 99 117
207 22 99 139
109 159 28 78
247 357 6 11
374 212 54 65
174 235 42 86
233 311 8 99
203 196 4 10
103 238 23 26
229 329 23 24
371 107 65 96
198 139 14 75
314 378 69 78
94 143 95 127
2 236 74 74
344 216 5 5
94 105 85 86
51 267 38 54
238 371 59 59
53 141 5 8
290 377 80 96
19 26 87 89
250 240 162 162
76 114 156 163
358 322 14 35
212 176 7 21
103 305 87 100
44 333 32 49
186 74 51 88
7 298 17 17
191 398 11 81
80 240 156 170
256 106 3 39
107 48 86 111
348 13 62 64
150 107 120 183
257 117 15 37
21 175 4 9
182 210 86 118
97 384 102 104
342 279 2 2
18 83 72 91
362 254 33 55
25 391 94 96
183 14 141 166
307 216 59 123
16 386 28 33
245 387 73 129
186 150 69 71
247 137 55 154
393 8 27 78
197 111 14 25
127 393 13 33
81 360 123 128
246 281 30 98
274 148 114 144
10 316 89 90
277 52 50 78
303 160 0 3
212 24 37 39
327 197 44 75
229 365 16 36
63 58 47 92
107 386 117 145
76 327 10 51
88 278 91 145
122 376 11 182
19 152 167 170
196 140 49 54
348 391 21 52
117 160 1 7
360 274 19 25
386 198 99 106
2 134 24 71
194 224 80 84
138 133 4 4
287 187 165 170
316 59 9 14
395 14 59 89
318 34 143 146
342 362 58 185
338 172 12 12
56 269 30 42
87 273 58 61
250 304 63 67
87 38 85 88
211 277 21 27
260 252 19 95
319 30 43 47
78 342 52 147
143 227 22 23
254 318 33 99
26 252 5 17
219 75 9 32
398 389 85 162
332 131 6 10
316 1 94 118
354 81 40 44
313 374 29 65
71 288 19 26
108 176 153 154
8 39 39 54
55 84 81 116
84 236 39 119
39 261 4 7
225 156 7 10
200 282 18 78
333 283 9 29
205 0 28 166
228 81 69 129
84 277 14 144
172 320 90 127
61 85 13 36
79 269 1 3
17 182 17 21
90 380 13 71
284 93 54 167
340 8 2 34
188 107 47 47
166 194 19 21
254 333 76 146
166 190 9 10
361 216 27 30
24 2 13 23
355 9 66 68
261 349 32 45
313 182 90 124
284 344 26 30
215 334 28 115
150 71 63 98
47 163 107 120
91 54 11 52
169 297 45 68
141 136 4 57
79 380 6 36
191 123 19 84
280 205 56 105
217 269 79 81
263 281 56 106
21 305 3 13
14 19 65 66
350 71 13 14
201 267 40 93
18 104 72 74
380 266 31 33
364 202 57 145
301 168 16 18
3 70 111 122
336 42 1 2
94 398 43 91
77 221 105 145
149 88 21 38
303 176 1 1
66 81 53 68
293 255 28 83
243 341 44 138
49 398 1 1
342 180 4 43
348 394 3 35
44 265 28 53
142 90 35 65
261 320 1 3
209 118 9 9
65 38 13 119
375 289 65 112
314 169 52 77
284 319 0 2
259 39 138 139
88 55 93 100
115 234 18 78
299 38 21 61
294 359 8 8
162 12 60 69
66 194 89 164
165 325 117 121
57 369 10 59
46 2 103 107
29 235 4 5
62 263 3 13
3 313 39 39
65 140 78 81
217 359 6 10
0 142 115 122
182 152 19 20
45 300 36 42
190 331 22 40
33 3 84 107
191 280 63 129
181 32 123 137
69 169 118 142
336 66 6 20
293 212 39 79
220 324 67 117
297 379 23 23
317 299 52 53
44 55 145 168
95 312 45 68
330 178 26 26
171 24 71 96
270 78 34 41
144 152 20 42
367 240 13 33
294 194 51 59
231 112 16 64
358 24 104 118
192 91 5 6
290 347 119 149
184 229 2 2
372 100 82 101
213 345 47 100
26 223 98 100
30 109 152 153
132 208 19 32
355 215 0 1
138 125 70 124
365 216 55 62
209 202 34 39
333 391 3 34
140 255 2 2
12 261 32 93
258 227 40 44
66 186 48 98
119 6 1 3
287 266 30 48
42 187 11 47
359 295 9 47
349 196 49 85
46 164 103 144
41 299 11 17
124 372 31 64
303 37 31 94
95 209 45 54
262 27 30 48
23 105 64 78
292 357 98 104
221 197 4 11
266 377 20 40
19 87 145 151
23 263 55 84
27 74 54 76
27 88 34 49
326 47 22 26
307 314 65 77
398 39 1 6
78 362 61 139
164 323 14 22
5 20 26 27
179 187 70 135
62 311 5 18
349 141 118 134
122 225 20 27
65 326 15 30
110 186 51 85
58 328 121 150
313 268 14 86
159 93 36 91
298 130 5 8
286 245 26 29
331 353 83 126
379 158 30 31
238 88 33 158
135 237 24 25
221 58 9 10
302 325 31 107
115 102 2 4
391 89 24 28
354 125 39 77
325 339 84 94
398 217 4 43
231 105 2 17
248 302 50 54
120 281 87 88
96 243 36 38
381 25 115 123
367 375 14 39
40 275 14 68
195 210 4 22
221 240 34 46
392 99 63 64
258 278 19 29
81 210 3 4
209 5 7 10
55 107 28 30
103 67 17 71
396 293 15 95
29 384 6 14
346 208 51 66
358 338 170 175
313 159 16 22
83 368 6 8
81 281 9 9
7 294 64 150
4 271 30 91
168 353 95 152
203 74 7 15
310 38 127 134
71 217 109 122
100 97 132 146
55 185 23 107
72 131 76 89
26 163 19 77
113 283 113 120
43 240 1 21
208 286 1 5
285 259 70 98
115 373 60 101
337 373 16 43
381 248 20 74
208 368 3 7
230 190 44 85
365 274 168 177
306 180 8 33
346 79 78 100
238 265 15 50
168 118 6 45
273 22 0 0
113 347 34 53
68 211 40 62
136 313 92 118
217 364 106 117
282 314 54 84
326 16 29 41
298 244 69 78
134 93 77 80
329 195 17 40
330 124 1 3
97 262 0 2
256 241 101 133
133 198 49 88
315 106 75 133
351 302 2 5
79 65 98 115
83 320 80 86
227 102 49 52
289 22 17 48
275 393 19 28
208 138 2 2
83 244 44 74
93 29 13 19
49 367 23 66
363 327 24 140
94 45 74 100
110 99 63 78
334 4 41 42
236 172 8 8
336 385 38 60
385 26 60 62
364 145 16 45
303 326 23 103
91 210 119 136
234 225 111 146
54 355 18 69
220 182 80 137
163 388 49 74
229 135 4 8
230 385 41 42
276 275 25 39
51 197 61 85
396 78 62 87
206 23 109 110
191 49 25 27
161 185 100 111
198 188 77 82
308 24 121 143
290 1 51 53
181 17 125 157
145 170 23 58
315 364 4 6
179 119 8 20
347 95 3 10
88 325 57 78
8 203 15 75
120 230 98 106
278 206 139 141
47 336 38 55
37 168 38 163
225 333 17 29
183 334 26 29
223 356 116 120
71 123 45 45
381 82 6 27
246 313 52 134
24 135 41 41
397 169 20 77
13 232 0 2
72 201 21 27
270 220 30 82
84 225 58 64
165 250 44 65
378 12 25 111
375 125 104 117
293 132 5 8
368 173 117 170
304 127 45 52
322 42 20 27
153 25 23 32
77 387 0 1
273 396 50 103
367 377 114 180
25 346 55 94
329 40 79 100
334 148 54 61
341 112 42 133
330 316 5 6
54 196 56 61
251 396 9 10
192 128 109 132
291 249 44 53
192 334 85 116
16 328 3 3
242 79 22 53
300 343 17 24
260 361 53 128
4 272 8 31
369 365 6 82
356 151 18 51
172 200 36 103
226 339 23 26
336 180 15 107
288 245 1 4
387 169 24 28
366 37 172 181
86 3 24 32
190 209 1 17
292 37 176 176
332 289 18 21
156 384 22 33
354 25 59 70
108 125 14 22
223 166 6 10
297 273 58 60
31 163 91 122
12 118 73 73
281 255 26 65
382 168 94 101
194 154 58 90
158 366 101 111
204 355 40 42
180 129 92 100
0 385 17 40
234 242 87 136
396 163 44 50
253 380 90 107
302 332 36 37
279 374 22 23
318 62 24 70
332 327 24 68
306 302 118 128
108 84 27 33
19 325 30 37
386 21 150 152
354 79 35 62
210 100 24 56
337 317 97 107
202 140 16 20
305 168 27 34
49 52 14 15
305 34 37 125
321 365 91 125
348 375 49 50
21 243 53 112
172 360 7 48
95 375 149 151
253 161 84 159
319 379 18 57
257 366 42 48
156 360 83 85
318 395 168 170
163 89 38 89
61 39 23 141
338 30 7 12
250 35 61 89
388 30 26 33
156 166 36 69
289 110 83 145
234 233 94 97
149 271 39 71
82 377 23 38
334 68 6 49
118 205 40 55
293 185 129 130
386 194 1 2
299 70 128 154
61 238 107 153
189 183 81 89
23 138 14 55
126 3 20 33
317 131 120 137
65 295 148 166
92 179 75 96
276 157 36 89
250 138 90 91
369 8 128 137
382 176 11 15
233 25 14 40
190 15 36 63
114 307 53 64
374 10 120 132
272 283 23 38
222 154 6 27
247 225 82 147
156 132 9 39
225 61 151 163
217 98 28 36
52 5 43 65
120 150 56 104
319 116 22 85
357 157 60 93
91 170 3 15
55 49 125 138
177 385 2 2
110 103 37 118
345 175 47 139
100 174 23 47
311 53 24 26
28 42 70 161
197 202 24 58
390 376 100 109
353 295 2 16
241 129 50 50
281 62 98 126
89 257 99 103
312 223 100 101
261 57 49 138
373 110 11 44
2 343 22 32
251 297 127 128
340 283 7 28
351 321 117 142
172 370 1 4
28 174 4 55
320 239 125 165
171 199 110 149
8 62 5 35
214 79 15 32
389 384 56 58
319 81 39 95
215 367 13 46
333 57 12 20
63 175 155 161
196 102 28 99
272 356 54 77
323 345 94 113
339 336 4 22
208 391 9 61
45 168 42 48
7 56 14 30
333 6 6 22
247 300 35 37
354 175 0 0
286 328 5 56
19 347 35 54
243 244 59 92
117 174 8 13
309 277 28 28
314 183 37 181
268 383 25 31
117 186 114 117
359 299 1 2
359 327 35 149
320 299 27 53
383 182 11 67
371 113 114 119
49 71 18 21
397 166 104 124
359 319 24 55
140 227 2 10
331 48 16 17
20 270 31 48
363 84 45 86
369 94 5 15
329 176 40 146
375 98 32 48
145 253 34 39
36 154 68 97
217 340 165 165
39 173 2 4
279 251 73 82
269 160 62 65
348 285 65 89
131 12 49 60
360 316 41 43
308 178 156 168
47 339 7 20
87 144 92 94
101 279 2 31
52 313 38 47
346 160 55 82
271 48 147 173
287 5 60 108
302 46 3 17
340 178 6 10
187 316 10 130
290 222 9 9
234 299 55 56
20 253 50 50
41 322 30 55
112 285 81 96
206 384 1 2
174 167 11 11
258 14 18 39
347 140 2 5
112 271 41 50
15 379 79 95
129 2 3 5
24 94 128 151
357 233 53 98
58 388 1 5
11 15 56 62
278 165 15 24
183 364 60 93
213 377 15 25
255 41 103 150
55 103 42 103
117 23 54 57
234 384 35 72
39 318 43 47
131 242 166 169
294 124 71 86
2 161 34 34
146 91 31 44
163 355 29 35
277 315 15 18
27 368 17 19
243 25 152 162
250 12 19 28
204 21 13 49
213 2 1 1
3 143 30 49
132 364 7 35
137 397 107 132
240 89 9 31
271 341 94 95
261 339 3 3
29 370 52 146
373 102 0 1
116 211 1 18
265 269 44 79
371 68 55 64
161 106 23 121
10 366 15 84
350 226 75 77
92 389 20 30
335 76 20 26
91 359 14 22
35 140 7 27
106 262 58 119
391 211 2 2
20 254 0 4
303 332 49 57
186 100 29 31
171 88 34 63
176 179 56 160
175 237 66 74
311 291 162 180
364 114 44 51
60 263 78 84
213 325 36 38
375 89 16 19
189 229 1 7
123 343 35 43
345 29 141 148
196 281 60 65
394 330 10 32
181 60 57 62
347 29 2 52
82 245 70 74
212 378 41 134
328 158 120 183
158 351 73 82
294 32 14 90
225 122 18 60
46 251 9 10
243 34 79 113
22 160 11 16
130 86 105 106
227 243 54 71
83 235 12 14
211 16 0 1
349 271 97 150
156 75 36 53
345 307 12 135
253 106 85 87
357 219 2 6
346 99 27 41
115 191 10 10
92 180 11 11
176 256 15 16
351 93 35 71
208 304 9 50
335 369 0 2
145 288 61 98
340 388 50 70
107 157 131 171
54 17 35 79
332 27 11 73
259 380 56 148
207 286 66 83
384 247 106 109
66 46 95 109
76 114 52 82
350 333 37 44
242 203 44 59
285 99 5 5
168 124 29 34
127 189 77 108
248 167 26 39
383 290 23 26
29 238 55 57
280 393 45 46
209 6 72 89
207 376 102 119
196 277 9 10
220 305 64 169
134 39 65 89
273 122 26 46
127 129 65 109
394 294 45 46
54 15 15 43
368 155 3 12
343 69 16 20
26 378 24 53
119 380 50 85
391 363 89 90
252 314 51 51
257 93 171 172
317 121 13 18
393 147 145 147
298 366 46 128
197 123 37 65
212 122 64 113
222 80 175 180
175 328 33 40
340 394 39 121
245 151 78 137
393 298 4 11
284 154 6 8
361 217 134 139
30 120 0 12
50 79 25 92
103 52 90 90
196 125 163 166
271 219 88 147
322 81 11 16
231 301 14 20
110 146 109 111
274 77 107 145
76 213 93 98
67 344 3 15
385 274 141 148
126 236 144 172
77 146 6 9
245 145 86 112
70 190 5 7
115 187 5 7
72 329 13 22
282 96 112 144
54 203 0 7
313 199 25 27
114 58 90 135
282 23 16 60
206 282 38 49
180 391 44 78
157 183 10 12
145 299 3 7
263 349 68 70
318 117 42 42
222 318 24 57
289 347 144 166
42 299 34 40
91 265 6 8
279 328 51 127
370 384 10 34
168 53 144 145
175 348 35 102
215 33 79 86
324 330 4 5
184 238 80 82
376 192 35 41
22 383 11 45
391 53 83 85
238 117 126 151
130 57 25 54
330 347 5 82
34 201 26 72
194 327 82 95
331 362 3 30
296 262 7 49
56 138 43 46
191 336 50 73
124 277 60 83
103 248 20 40
375 205 117 149
210 253 52 55
366 222 14 30
220 39 98 112
7 172 17 30
149 22 76 139
191 359 100 106
199 176 24 70
98 91 63 64
324 5 8 9
64 203 19 21
79 238 32 96
147 290 62 84
260 235 55 74
371 223 32 35
21 269 2 41
249 322 16 25
151 91 6 9
206 162 123 145
362 72 13 19
209 161 79 89
185 387 127 130
238 8 63 74
61 223 68 78
136 14 54 89
125 267 74 107
214 240 0 2
127 198 7 25
383 101 20 20
295 203 133 149
89 121 34 58
50 8 36 55
208 177 57 112
216 82 10 18
1 160 32 44
334 14 19 40
293 276 2 40
267 115 37 40
291 298 46 46
179 153 103 104
386 334 27 33
141 38 67 95
89 371 10 17
3 229 120 123
223 63 51 77
95 390 37 87
111 206 22 26
61 279 20 20
127 272 37 74
182 32 4 19
350 51 19 60
270 200 9 11
120 72 132 138
125 258 21 24
283 261 41 46
34 111 87 144
25 248 44 72
256 114 18 101
223 44 71 71
179 363 43 51
47 54 89 96
107 48 69 71
152 131 7 23
73 64 162 164
267 378 99 138
377 196 5 21
299 164 105 126
144 120 41 43
265 384 67 103
148 389 23 28
389 226 7 48
41 194 149 149
38 2 1 1
282 183 1 32
169 221 4 4
272 89 186 187
156 56 127 170
377 21 6 91
221 389 13 108
153 14 95 102
375 109 33 34
25 132 142 146
143 376 146 162
187 162 174 175
232 314 84 100
286 40 118 133
332 342 3 9
312 290 2 17
317 85 10 10
36 159 26 58
366 100 17 25
259 249 65 76
192 365 9 9
333 32 57 61
270 219 67 102
187 172 30 138
204 41 4 4
98 33 34 118
65 111 112 142
177 31 93 114
325 309 11 80
291 349 17 17
293 10 76 91
218 65 46 165
292 234 9 36
278 261 10 13
75 263 40 76
136 382 27 43
369 243 32 37
96 59 54 57
144 162 11 85
249 256 119 164
167 14 23 52
297 341 57 58
332 356 117 125
18 269 94 114
391 105 38 42
173 215 30 74
109 217 34 51
55 27 29 137
382 279 23 57
321 230 3 11
87 329 75 86
235 148 81 105
333 318 9 46
0 326 7 10
282 272 19 107
309 64 37 37
37 28 100 118
112 272 114 145
39 382 152 172
54 159 11 12
251 230 68 80
152 37 37 100
199 367 5 39
165 262 33 43
10 60 14 126
43 89 155 160
219 8 35 42
44 313 12 74
253 94 12 12
202 1 63 97
31 152 111 120
3 351 51 96
381 385 1 2
