500 5000
0 1 68 122
1 2 45 58
2 3 29 40
3 4 35 76
4 5 23 33
5 6 46 86
6 7 31 51
7 8 60 100
8 9 82 147
9 10 39 58
10 11 70 87
11 12 17 20
12 13 3 6
13 14 144 147
14 15 19 49
15 16 1 2
16 17 62 84
17 18 83 101
18 19 24 67
19 20 21 49
20 21 69 79
21 22 108 111
22 23 36 39
23 24 5 6
24 25 38 42
25 26 112 121
26 27 26 79
27 28 20 35
28 29 54 59
29 30 1 2
30 31 6 16
31 32 48 74
32 33 84 85
33 34 9 10
34 35 1 1
35 36 23 26
36 37 83 104
37 38 108 115
38 39 30 33
39 40 39 45
40 41 68 69
41 42 66 71
42 43 18 29
43 44 108 112
44 45 21 24
45 46 88 118
46 47 12 12
47 48 16 34
48 49 57 65
49 50 19 39
50 51 10 12
51 52 61 80
52 53 3 10
53 54 40 55
54 55 2 4
55 56 26 65
56 57 61 79
57 58 30 87
58 59 14 16
59 60 115 123
60 61 30 65
61 62 65 115
62 63 105 121
63 64 54 78
64 65 35 106
65 66 89 91
66 67 49 51
67 68 23 34
68 69 75 75
69 70 7 12
70 71 95 99
71 72 21 39
72 73 38 105
73 74 90 96
74 75 13 20
75 76 21 47
76 77 49 50
77 78 49 77
78 79 16 19
79 80 15 15
80 81 6 7
81 82 56 71
82 83 79 86
83 84 43 75
84 85 28 41
85 86 25 28
86 87 81 136
87 88 25 25
88 89 102 120
89 90 97 100
90 91 1 8
91 92 71 71
92 93 83 104
93 94 104 151
94 95 35 46
95 96 31 64
96 97 125 133
97 98 100 114
98 99 31 107
99 100 113 120
100 101 39 63
101 102 100 100
102 103 11 13
103 104 27 39
104 105 28 31
105 106 31 37
106 107 1 2
107 108 138 145
108 109 29 35
109 110 14 14
110 111 37 67
111 112 33 81
112 113 152 153
113 114 80 92
114 115 0 1
115 116 29 33
116 117 73 76
117 118 54 54
118 119 64 73
119 120 12 16
120 121 36 76
121 122 25 33
122 123 42 101
123 124 56 63
124 125 110 114
125 126 4 4
126 127 19 29
127 128 130 135
128 129 16 24
129 130 72 80
130 131 37 47
131 132 12 12
132 133 55 66
133 134 15 56
134 135 118 124
135 136 29 58
136 137 10 11
137 138 39 54
138 139 89 98
139 140 93 103
140 141 56 68
141 142 3 5
142 143 23 32
143 144 48 137
144 145 33 112
145 146 21 56
146 147 27 52
147 148 40 40
148 149 12 17
149 150 30 41
150 151 17 29
151 152 39 40
152 153 75 85
153 154 13 14
154 155 18 22
155 156 100 104
156 157 27 69
157 158 106 124
158 159 144 144
159 160 7 9
160 161 27 38
161 162 20 23
162 163 105 148
163 164 61 70
164 165 21 51
165 166 35 104
166 167 0 0
167 168 76 116
168 169 13 19
169 170 61 75
170 171 69 109
171 172 83 83
172 173 23 24
173 174 12 19
174 175 59 65
175 176 80 99
176 177 36 42
177 178 49 57
178 179 34 99
179 180 48 57
180 181 110 113
181 182 5 5
182 183 39 40
183 184 3 6
184 185 38 42
185 186 113 116
186 187 57 140
187 188 38 47
188 189 91 135
189 190 23 24
190 191 31 44
191 192 23 65
192 193 91 103
193 194 33 39
194 195 52 52
195 196 32 34
196 197 39 88
197 198 5 13
198 199 81 106
199 200 148 150
200 201 83 87
201 202 5 6
202 203 69 69
203 204 9 13
204 205 47 59
205 206 72 80
206 207 39 39
207 208 106 131
208 209 59 63
209 210 15 16
210 211 18 28
211 212 86 86
212 213 5 9
213 214 25 29
214 215 25 59
215 216 17 17
216 217 4 10
217 218 73 77
218 219 106 111
219 220 5 14
220 221 1 1
221 222 42 64
222 223 22 63
223 224 3 4
224 225 31 40
225 226 52 53
226 227 42 61
227 228 37 38
228 229 81 81
229 230 40 44
230 231 72 93
231 232 19 22
232 233 105 116
233 234 2 2
234 235 11 20
235 236 15 17
236 237 12 51
237 238 95 104
238 239 35 42
239 240 16 20
240 241 46 58
241 242 21 23
242 243 65 82
243 244 25 33
244 245 128 143
245 246 48 49
246 247 41 42
247 248 36 37
248 249 28 31
249 250 81 85
250 251 6 24
251 252 88 90
252 253 43 53
253 254 152 152
254 255 30 32
255 256 11 11
256 257 100 120
257 258 38 43
258 259 45 84
259 260 66 88
260 261 38 38
261 262 40 40
262 263 98 116
263 264 26 34
264 265 22 22
265 266 24 31
266 267 119 138
267 268 78 98
268 269 65 78
269 270 43 43
270 271 24 35
271 272 35 40
272 273 9 11
273 274 60 67
274 275 43 43
275 276 71 88
276 277 33 47
277 278 52 52
278 279 53 64
279 280 62 62
280 281 39 44
281 282 114 122
282 283 101 120
283 284 60 61
284 285 24 34
285 286 125 134
286 287 8 13
287 288 98 101
288 289 16 16
289 290 99 100
290 291 13 16
291 292 113 113
292 293 78 80
293 294 49 78
294 295 48 79
295 296 39 113
296 297 57 94
297 298 42 65
298 299 127 127
299 300 23 34
300 301 33 39
301 302 11 11
302 303 110 133
303 304 51 55
304 305 34 67
305 306 14 24
306 307 78 114
307 308 20 46
308 309 1 2
309 310 12 14
310 311 63 66
311 312 138 143
312 313 37 47
313 314 41 79
314 315 13 24
315 316 87 105
316 317 18 18
317 318 3 7
318 319 44 85
319 320 54 54
320 321 88 99
321 322 9 12
322 323 2 3
323 324 19 57
324 325 86 127
325 326 56 64
326 327 51 69
327 328 6 9
328 329 67 72
329 330 105 124
330 331 29 84
331 332 44 45
332 333 40 42
333 334 29 46
334 335 102 117
335 336 11 22
336 337 14 20
337 338 10 10
338 339 75 78
339 340 2 2
340 341 72 78
341 342 55 55
342 343 114 125
343 344 8 8
344 345 34 37
345 346 23 30
346 347 109 134
347 348 40 47
348 349 8 10
349 350 42 108
350 351 78 95
351 352 6 7
352 353 22 31
353 354 37 48
354 355 98 124
355 356 39 69
356 357 21 24
357 358 60 88
358 359 76 76
359 360 134 134
360 361 11 25
361 362 23 39
362 363 62 65
363 364 3 4
364 365 49 50
365 366 8 9
366 367 62 63
367 368 72 98
368 369 8 12
369 370 15 29
370 371 35 66
371 372 31 79
372 373 54 109
373 374 42 53
374 375 13 24
375 376 3 6
376 377 139 153
377 378 11 13
378 379 72 83
379 380 11 30
380 381 48 68
381 382 2 2
382 383 81 81
383 384 26 37
384 385 45 58
385 386 39 72
386 387 78 96
387 388 33 38
388 389 38 125
389 390 70 90
390 391 28 61
391 392 73 77
392 393 56 88
393 394 14 22
394 395 35 36
395 396 75 76
396 397 10 15
397 398 123 147
398 399 83 128
399 400 4 4
400 401 37 39
401 402 51 53
402 403 3 9
403 404 36 37
404 405 20 25
405 406 154 154
406 407 37 64
407 408 6 12
408 409 30 62
409 410 16 21
410 411 24 67
411 412 45 45
412 413 78 83
413 414 52 59
414 415 31 37
415 416 20 40
416 417 135 140
417 418 66 108
418 419 125 138
419 420 7 7
420 421 21 52
421 422 20 49
422 423 4 15
423 424 0 1
424 425 83 116
425 426 51 88
426 427 13 49
427 428 3 4
428 429 55 73
429 430 83 100
430 431 7 13
431 432 50 72
432 433 26 38
433 434 17 18
434 435 4 5
435 436 28 47
436 437 82 89
437 438 30 82
438 439 63 63
439 440 0 2
440 441 110 142
441 442 15 43
442 443 59 62
443 444 12 23
444 445 143 148
445 446 147 158
446 447 31 34
447 448 136 143
448 449 1 1
449 450 1 4
450 451 45 107
451 452 34 45
452 453 26 28
453 454 152 154
454 455 57 70
455 456 33 35
456 457 53 57
457 458 17 26
458 459 46 86
459 460 25 46
460 461 23 68
461 462 114 131
462 463 50 129
463 464 32 59
464 465 106 117
465 466 2 3
466 467 143 145
467 468 29 59
468 469 3 4
469 470 27 51
470 471 115 116
471 472 45 86
472 473 61 63
473 474 90 102
474 475 116 121
475 476 17 32
476 477 104 118
477 478 72 77
478 479 39 54
479 480 88 103
480 481 42 82
481 482 1 2
482 483 17 22
483 484 16 17
484 485 41 68
485 486 45 54
486 487 62 86
487 488 34 129
488 489 80 88
489 490 11 23
490 491 19 29
491 492 86 89
492 493 5 5
493 494 24 57
494 495 27 28
495 496 97 103
496 497 31 32
497 498 55 58
498 499 45 48
499 0 57 67
174 447 6 13
118 409 58 87
470 91 33 38
31 117 35 88
43 485 83 86
246 168 84 148
363 459 100 103
105 401 39 68
196 265 78 81
27 55 7 17
192 282 81 100
412 487 3 4
39 274 29 49
326 35 0 0
106 212 20 21
91 446 76 114
135 8 10 11
337 226 48 95
291 74 20 31
392 7 91 91
487 25 59 63
305 86 3 3
370 238 104 104
469 385 30 33
68 385 64 82
304 134 4 14
34 29 18 26
494 62 38 44
373 210 91 149
29 453 50 64
341 375 46 47
260 16 51 136
322 69 127 128
261 158 124 129
496 384 89 91
148 246 58 72
291 319 78 79
252 104 69 84
383 179 14 58
228 207 48 85
237 305 79 89
480 110 96 111
179 209 78 102
359 473 6 10
182 32 6 10
249 266 20 27
205 423 17 18
190 397 31 66
360 426 111 111
125 54 19 33
175 96 53 87
84 276 46 47
394 201 4 4
467 350 19 32
206 15 26 33
333 498 53 54
357 88 91 129
188 135 109 141
40 121 42 45
465 446 28 50
27 33 18 62
24 90 93 143
213 317 45 49
86 464 36 139
349 289 64 79
77 316 78 97
383 128 68 96
489 325 45 45
422 3 109 142
320 83 7 9
433 46 52 63
439 61 125 134
262 389 50 55
308 251 32 37
433 313 87 111
452 455 43 48
404 318 21 33
210 65 93 131
237 35 66 79
52 436 13 16
394 105 51 51
180 89 35 49
348 62 57 60
144 52 49 85
408 485 130 137
251 270 46 65
144 471 117 124
441 24 80 82
346 330 30 69
187 452 60 66
377 7 54 113
107 329 27 27
482 469 54 56
347 73 64 80
328 489 30 55
143 5 42 60
229 488 46 88
486 43 33 57
139 389 5 8
477 76 2 10
331 282 70 85
328 204 39 45
285 386 3 5
285 80 58 113
135 74 47 89
261 362 69 72
228 454 124 142
492 28 96 99
38 384 38 59
383 318 35 38
416 179 57 84
243 155 46 46
234 95 103 103
462 423 8 8
163 328 24 42
2 137 6 7
378 305 27 47
170 431 50 121
236 209 15 22
259 170 22 31
70 177 50 80
100 442 30 33
246 122 55 59
63 92 26 30
278 486 10 13
384 310 54 124
108 76 99 135
191 293 126 155
129 228 65 72
14 30 96 135
334 338 14 14
48 81 85 93
353 68 101 101
110 303 7 13
29 297 37 40
456 450 28 85
65 302 13 15
349 154 35 61
206 74 11 11
57 240 27 33
194 16 5 6
375 289 36 39
309 287 49 82
121 272 50 63
145 31 73 100
367 281 33 46
265 475 24 51
416 428 4 15
145 355 95 128
485 413 42 75
187 11 11 22
100 409 49 142
356 338 106 119
120 480 38 103
134 450 35 36
35 85 60 158
112 71 16 22
430 137 27 95
415 456 103 104
454 430 30 56
447 62 15 21
76 50 98 107
339 210 34 50
486 235 36 44
163 199 9 18
444 229 106 127
178 475 117 143
431 472 3 5
198 13 83 93
293 222 15 58
297 409 8 9
330 442 62 84
121 122 63 98
155 298 5 5
266 455 97 117
485 230 40 41
110 88 21 32
394 399 30 38
7 341 122 124
357 471 36 37
161 92 29 36
137 202 4 6
444 311 9 9
360 451 57 66
434 66 56 78
283 485 94 97
29 431 51 60
275 222 4 6
22 170 49 60
191 270 102 103
116 334 27 86
9 112 24 26
417 406 28 30
287 423 47 82
163 154 27 32
103 162 48 73
356 396 52 108
183 139 117 119
492 70 43 47
59 201 65 80
495 55 18 22
234 273 64 112
491 349 72 102
3 358 61 63
471 268 56 75
368 190 34 35
338 73 105 115
435 150 54 80
310 22 29 39
331 322 58 63
457 432 47 68
198 491 27 46
266 395 19 28
305 135 52 67
16 165 137 145
209 310 52 69
341 356 92 101
186 96 50 53
495 7 83 112
142 281 2 3
490 74 14 15
157 49 36 36
92 114 27 38
347 131 108 132
225 492 62 98
264 395 78 97
386 473 27 29
200 118 27 73
174 410 107 150
495 346 101 106
33 24 47 49
92 200 11 13
410 439 78 86
199 11 6 17
453 415 38 45
242 379 86 130
485 160 42 44
28 100 112 144
168 204 137 140
416 134 39 113
154 274 22 23
438 114 21 24
18 233 61 90
236 413 91 95
130 457 19 19
110 395 70 71
7 233 68 72
211 478 3 5
104 485 30 64
453 15 30 34
91 295 47 64
229 449 49 126
460 244 106 111
368 461 82 84
257 42 5 6
162 233 114 124
185 376 21 32
443 427 29 29
206 235 22 30
389 362 75 100
412 368 46 113
266 206 95 98
437 442 59 74
159 384 50 108
340 406 27 33
327 190 21 68
496 386 98 102
229 97 59 59
85 67 48 48
91 497 78 88
354 236 95 112
465 418 60 61
334 149 23 24
145 483 14 16
138 379 17 22
34 341 39 48
359 337 20 27
437 37 15 43
387 265 80 141
400 203 30 65
226 358 54 77
468 25 101 101
137 405 49 57
68 78 101 102
262 84 116 140
51 467 50 62
30 102 16 16
304 322 24 29
441 29 52 79
407 405 101 116
76 273 46 46
206 10 71 113
480 315 47 48
110 33 108 110
429 454 47 62
190 473 42 47
380 300 25 27
354 329 91 134
405 44 80 83
271 46 11 11
390 190 84 91
422 30 39 101
297 274 14 15
148 384 40 42
432 57 72 102
253 318 57 59
132 231 51 79
72 30 29 42
270 231 57 64
403 50 35 37
488 98 22 40
303 361 7 10
449 176 122 124
360 151 18 28
346 373 13 16
394 181 46 117
456 158 23 43
153 102 6 13
294 172 49 51
447 18 25 28
222 491 27 34
214 257 64 66
446 69 38 44
58 359 34 60
130 448 48 68
25 67 28 32
50 92 80 129
283 40 17 27
356 286 32 34
345 98 123 137
112 58 8 10
481 190 18 19
140 484 54 105
137 143 49 123
20 304 9 9
193 413 45 49
62 337 5 17
146 144 78 129
98 318 10 13
233 321 16 25
319 430 15 34
446 466 11 21
222 160 29 62
399 433 85 92
314 430 135 151
245 9 1 2
296 241 59 59
495 144 7 17
91 357 85 111
244 375 29 35
332 433 125 138
444 61 67 86
116 105 4 6
239 490 20 22
115 15 52 52
487 198 138 140
346 49 4 5
183 467 24 24
115 167 35 66
13 167 16 20
156 370 16 21
202 352 63 103
217 5 0 1
28 125 58 59
34 414 21 22
321 5 27 30
460 105 96 114
324 97 64 65
45 139 20 46
12 484 48 48
436 168 10 13
102 65 13 35
208 474 32 52
59 9 33 39
27 484 35 44
34 88 17 57
5 213 14 26
229 297 6 17
257 267 10 10
111 175 12 12
376 8 58 62
316 458 20 20
231 41 101 124
379 81 51 54
403 303 34 40
21 138 2 4
165 64 19 25
257 85 35 44
406 110 6 6
344 361 76 80
400 171 19 19
190 199 78 136
340 248 29 33
413 348 28 41
374 17 151 152
453 8 17 30
481 162 56 64
147 204 64 96
251 423 67 72
283 299 39 47
131 382 10 17
65 145 66 69
475 25 12 48
78 11 9 9
140 497 96 99
143 271 69 123
42 225 9 10
269 358 29 84
483 347 1 2
172 469 25 84
369 261 10 10
420 467 45 63
264 421 64 72
451 157 40 40
273 53 46 50
315 203 41 66
417 484 51 56
120 124 121 126
21 260 48 63
252 101 85 95
96 156 30 50
412 93 9 17
164 136 7 14
100 190 14 14
467 295 14 18
113 151 3 6
62 70 22 24
214 4 57 86
281 16 63 63
249 290 67 91
409 21 5 15
70 474 46 79
288 456 23 85
407 218 28 42
443 259 66 83
182 164 79 80
278 145 0 1
441 354 3 3
186 225 38 38
424 160 112 130
340 18 22 65
59 301 16 50
61 35 17 20
100 443 123 141
399 109 49 63
173 151 79 85
115 270 35 61
13 33 58 118
447 427 39 84
38 91 16 20
149 273 36 68
93 435 24 27
260 364 11 27
444 2 28 50
186 68 39 78
411 107 21 40
420 304 33 42
483 388 77 133
359 442 67 104
228 422 37 43
290 277 48 48
351 92 95 109
301 489 65 85
407 354 105 109
470 258 13 41
139 309 3 11
270 189 4 5
221 194 33 62
474 255 151 154
65 225 79 120
359 498 30 38
1 434 114 116
154 186 89 95
175 57 144 145
141 285 58 78
159 173 43 64
177 348 70 124
165 285 10 12
403 353 25 44
372 194 43 56
400 243 33 95
325 466 1 1
76 369 76 77
376 201 5 7
261 116 57 75
97 53 2 2
174 35 90 130
308 125 45 84
148 397 139 139
302 273 68 70
429 419 90 95
248 78 56 88
221 498 85 119
492 324 77 119
373 459 68 76
375 34 46 47
111 36 64 93
313 460 89 118
4 207 71 144
212 261 116 116
63 118 35 53
343 204 77 77
460 255 113 124
313 268 102 105
299 483 50 69
159 453 21 44
348 127 41 148
88 17 21 29
310 470 31 74
81 369 114 145
329 427 30 33
86 484 31 48
41 449 103 106
394 49 76 90
242 296 38 117
239 185 18 19
306 20 2 5
154 344 60 108
103 189 24 76
192 43 105 126
421 156 58 83
323 21 63 67
150 422 5 8
178 465 30 34
143 393 56 93
338 51 11 27
189 185 22 23
55 81 46 61
339 308 125 130
143 454 14 14
322 399 45 95
355 75 63 108
322 16 45 52
226 311 89 121
274 460 58 60
324 132 24 53
495 154 79 100
481 132 30 88
497 408 70 78
93 34 6 6
299 2 26 52
234 1 97 119
389 385 57 89
138 396 63 66
30 123 42 44
262 454 86 120
366 157 16 17
266 358 41 42
430 332 31 32
48 50 53 91
347 167 43 95
419 215 130 135
153 461 13 14
89 221 18 41
307 429 127 137
137 207 96 114
442 207 38 46
175 418 87 87
295 412 62 100
138 209 70 78
270 378 127 142
452 146 28 67
272 367 43 109
438 46 107 116
458 385 12 16
167 225 59 87
337 295 37 65
284 124 23 51
55 196 103 106
141 368 49 79
40 277 27 62
276 439 133 134
7 437 4 6
187 395 112 123
147 495 139 148
78 265 14 14
197 258 77 90
256 116 96 99
487 134 115 139
322 436 105 107
247 306 39 75
170 246 25 26
313 443 94 108
133 213 4 11
62 225 42 82
273 389 49 65
328 327 36 80
302 294 38 66
327 232 28 51
347 285 29 34
349 313 104 143
111 139 20 20
271 204 67 108
196 69 59 70
305 129 13 17
336 290 66 81
223 214 41 71
110 186 20 24
269 209 78 80
210 18 93 106
374 139 15 32
30 175 17 20
227 427 4 11
311 253 68 98
209 419 21 21
330 397 100 130
424 26 113 126
284 253 111 113
175 375 25 28
41 170 80 83
416 300 19 39
165 76 47 54
179 220 64 65
72 161 12 18
391 95 48 136
304 337 98 142
52 377 21 34
53 137 26 60
190 185 54 61
201 498 32 92
448 412 14 31
439 303 41 149
138 363 48 48
465 38 104 106
141 202 34 56
408 475 91 92
245 78 24 37
384 191 37 57
376 36 56 81
186 134 12 20
395 149 46 94
295 293 24 45
146 26 47 52
138 317 10 15
39 484 111 115
426 308 11 22
168 234 71 73
193 1 39 43
221 236 124 126
293 26 79 85
193 284 43 91
375 267 96 140
126 156 83 121
418 79 29 32
70 80 92 115
421 118 32 33
103 24 37 44
363 399 58 69
169 265 103 111
89 302 4 15
227 53 35 36
280 240 81 93
300 423 93 98
27 156 26 56
84 289 53 107
52 161 7 13
270 411 38 61
324 176 4 5
349 420 93 105
332 148 8 9
46 462 71 72
473 258 9 19
407 151 8 26
493 191 15 29
118 11 15 40
334 14 47 49
176 391 81 106
458 272 29 35
92 443 34 38
192 144 10 14
450 373 65 92
335 117 53 73
217 439 25 39
183 430 35 82
120 95 54 67
481 422 60 73
293 226 78 122
66 268 57 58
307 227 0 2
403 430 68 75
297 227 58 67
236 493 1 2
486 404 10 17
160 59 4 7
452 228 65 65
417 126 7 12
332 347 119 131
403 419 93 99
111 294 41 76
291 75 91 106
459 171 52 56
5 314 21 46
389 236 144 157
484 205 4 11
156 208 81 86
40 455 113 117
149 436 32 48
46 282 57 65
304 24 97 131
488 458 18 18
38 2 139 158
402 381 69 79
229 184 40 42
97 143 30 42
406 365 53 125
59 25 76 85
106 193 78 146
193 458 96 97
216 86 43 67
173 39 67 68
314 3 63 93
258 191 4 5
328 430 40 79
447 483 32 60
126 170 43 126
400 17 54 64
375 7 7 8
214 127 86 87
7 307 110 117
196 495 4 5
371 33 70 76
128 303 48 51
432 477 44 54
221 2 20 20
104 420 19 27
203 21 15 19
341 71 52 59
340 361 33 35
243 177 18 55
135 132 95 105
348 369 45 74
480 49 25 34
420 259 12 14
158 40 14 15
335 112 0 0
122 58 11 30
292 94 133 136
229 309 74 75
444 318 21 24
260 273 27 33
4 49 35 52
435 307 10 19
416 105 21 45
463 465 111 112
298 460 85 93
371 451 52 56
339 324 39 42
267 1 4 5
373 484 48 63
193 226 77 93
120 256 49 66
484 433 132 140
349 18 74 124
466 353 73 73
267 489 67 67
247 183 84 89
224 187 35 48
316 262 20 24
8 358 66 75
23 165 6 7
228 265 50 68
111 99 90 99
290 264 112 131
238 367 25 28
349 201 64 93
345 294 77 102
194 143 81 107
444 36 30 47
102 364 43 73
113 187 118 130
53 344 83 107
210 336 76 88
486 485 49 106
309 243 75 109
348 415 21 24
149 297 3 3
175 367 15 32
83 336 47 83
54 23 1 1
446 378 17 28
132 257 2 2
131 419 36 40
289 468 44 60
90 447 39 144
323 394 75 99
476 32 25 25
204 322 51 94
48 186 18 20
447 386 45 71
157 81 53 59
1 220 90 90
1 87 108 111
65 414 32 44
199 167 48 52
343 383 5 8
285 353 44 49
457 67 47 58
26 153 79 112
152 353 70 73
351 183 33 37
260 252 77 83
92 306 28 35
451 78 103 129
63 403 55 55
389 415 12 14
271 30 12 25
153 200 19 23
116 209 38 39
302 198 70 108
15 451 92 100
491 180 26 27
474 263 29 46
243 388 41 61
160 102 50 54
436 443 55 100
342 147 133 137
217 426 28 30
2 462 25 30
479 387 85 96
251 125 20 26
77 129 19 21
187 123 29 31
390 374 15 17
198 410 5 13
250 97 27 61
64 11 24 24
173 294 93 94
480 278 10 21
468 470 87 101
397 137 6 19
179 384 25 64
160 412 40 48
294 496 29 85
105 346 35 53
100 53 51 65
423 141 19 19
152 160 67 78
261 277 41 56
38 164 17 28
384 172 86 103
316 371 102 117
137 26 60 63
23 385 56 57
440 470 36 54
413 100 23 30
187 451 123 128
59 170 3 5
373 159 148 150
319 192 6 10
3 232 105 110
409 334 43 61
120 34 27 27
2 399 20 22
469 192 19 76
465 302 43 57
35 376 7 7
307 29 62 72
153 370 15 38
481 223 64 91
31 367 76 82
6 347 16 22
421 230 77 77
422 467 28 79
495 93 26 43
247 422 124 127
178 172 88 107
12 158 80 95
202 198 38 43
479 69 106 112
277 285 6 7
53 221 113 114
72 70 21 32
56 188 2 10
245 260 42 86
160 70 24 32
397 63 142 143
384 50 37 55
64 427 125 132
482 16 90 117
214 181 75 89
279 450 35 45
385 286 16 24
365 312 68 74
54 220 9 10
365 0 124 151
62 446 4 4
495 242 34 34
427 364 25 47
342 349 29 86
153 91 103 112
63 119 83 90
353 82 11 13
345 78 34 40
236 172 19 19
161 202 2 2
180 7 102 107
452 368 25 26
77 130 28 36
334 359 66 67
306 20 110 120
437 395 22 28
58 341 32 41
167 436 65 76
127 77 58 68
102 492 45 60
37 367 81 82
486 444 97 112
475 184 71 114
276 414 10 36
18 297 45 61
14 416 13 19
142 68 26 47
467 42 80 83
241 269 150 155
13 497 45 72
478 240 65 73
55 360 4 5
312 44 68 71
214 1 38 89
43 152 15 27
434 406 27 102
289 88 3 5
406 448 45 91
287 306 43 50
219 90 60 111
173 11 79 81
177 289 75 84
215 349 59 102
12 179 61 78
480 203 42 57
380 87 4 9
487 296 9 10
120 3 58 65
116 244 65 65
94 5 74 80
368 452 61 114
424 172 50 65
474 475 43 129
178 282 9 10
175 345 69 70
208 15 12 19
28 202 134 141
287 408 74 78
66 478 62 65
328 209 37 89
201 249 19 20
381 84 81 92
396 63 61 113
313 382 37 74
389 292 28 53
241 356 89 97
349 489 40 130
274 212 9 12
480 445 38 74
376 214 16 20
217 465 105 126
492 244 6 7
241 414 22 37
323 122 68 81
316 287 14 22
290 104 87 120
253 52 125 127
475 89 46 47
352 105 11 22
469 104 34 46
7 336 59 73
64 337 41 135
297 149 0 2
269 316 90 95
485 171 33 55
84 425 50 72
73 140 114 142
295 220 58 76
174 465 49 70
301 24 33 41
443 103 71 87
250 333 65 75
380 318 33 45
248 255 64 64
104 439 60 80
497 333 11 15
27 311 54 71
457 69 115 116
453 0 97 108
66 63 122 128
348 153 34 83
457 205 24 25
112 100 80 83
232 17 56 83
97 242 17 38
288 228 96 145
472 91 42 94
403 111 16 24
324 434 12 21
133 270 100 101
28 244 33 45
210 45 17 18
312 41 65 90
44 244 35 51
207 245 111 112
322 45 55 72
20 166 101 105
386 25 56 75
438 416 74 126
29 150 34 111
465 170 66 68
158 30 46 49
246 456 99 99
440 79 42 95
436 85 25 47
341 140 48 113
69 463 106 126
455 266 19 19
9 199 11 18
316 491 42 43
233 390 41 78
184 318 22 78
73 460 17 40
71 469 18 19
476 378 60 62
158 463 41 66
476 365 22 23
54 58 8 9
61 343 71 121
231 123 40 64
161 10 33 40
40 8 22 57
8 273 0 0
428 125 70 135
363 408 4 7
398 219 83 94
81 198 89 98
114 492 75 100
462 111 43 43
328 0 33 54
276 388 54 127
46 157 57 57
147 482 25 54
490 18 2 5
460 239 73 76
310 455 17 44
215 38 21 28
370 229 22 28
480 324 14 56
49 486 1 2
367 210 90 93
106 279 15 17
246 496 41 76
94 353 2 5
105 384 124 126
462 20 74 79
220 58 105 114
467 474 89 95
124 255 59 65
49 128 96 99
480 209 69 112
420 154 85 124
349 21 24 26
370 431 35 41
149 234 75 80
281 455 80 82
179 177 52 57
3 328 56 61
275 419 3 3
192 469 68 99
391 27 14 40
8 231 121 122
268 194 28 31
270 104 59 122
478 247 70 72
95 351 140 141
122 276 13 14
360 296 44 93
11 305 108 126
368 283 5 11
452 256 130 135
297 58 80 98
324 435 50 66
159 205 12 36
437 137 11 30
19 163 20 25
225 331 32 59
162 253 40 86
433 390 70 111
55 323 67 80
178 322 36 42
497 21 50 55
347 279 63 64
410 373 98 101
277 372 84 87
418 198 19 31
337 78 39 42
333 359 9 17
139 327 30 37
293 201 83 83
498 163 30 41
52 275 49 55
190 382 40 92
248 472 26 30
135 397 144 149
449 430 36 133
492 328 63 94
247 463 107 113
398 16 90 100
83 143 20 34
418 286 29 32
360 209 40 74
397 190 96 101
163 343 13 43
436 0 46 96
2 72 72 74
140 291 110 143
377 141 86 136
456 363 18 31
6 113 82 88
89 477 32 89
107 0 3 6
45 20 77 147
467 226 90 123
207 490 6 8
458 74 129 130
411 74 80 83
48 228 19 24
318 281 14 19
34 309 51 68
375 158 84 86
269 119 16 28
71 244 103 112
316 179 66 92
12 293 87 108
37 495 8 10
420 440 41 60
62 3 25 59
230 214 7 10
223 497 42 44
206 109 111 144
368 59 8 8
295 172 68 72
350 419 20 24
63 89 93 93
468 92 71 95
493 255 34 99
452 232 52 104
349 100 110 123
471 17 90 98
332 95 72 72
240 463 64 100
143 59 75 111
79 330 63 78
248 196 15 16
104 339 66 96
307 105 55 89
175 58 55 129
185 81 76 87
463 425 122 124
189 164 39 132
320 402 126 142
403 362 26 37
436 206 46 55
479 67 13 14
186 68 82 89
92 362 1 4
32 457 36 63
175 36 41 44
118 260 60 62
449 378 111 138
8 313 23 33
366 53 144 147
417 334 38 38
318 346 26 29
128 156 46 82
232 488 42 48
439 53 58 65
117 490 44 50
161 205 34 36
301 181 115 121
432 460 15 29
8 219 64 70
190 201 16 16
63 260 38 45
63 396 43 104
250 215 8 18
72 116 33 45
390 265 28 61
68 440 2 8
479 12 24 24
305 374 19 53
56 394 26 60
363 380 119 121
463 112 3 4
199 225 5 6
223 484 14 15
133 255 10 16
421 147 86 90
141 497 8 19
63 4 136 145
334 145 15 17
313 399 47 47
208 329 23 23
301 405 38 41
165 132 21 34
145 170 59 63
396 307 107 131
89 227 155 156
389 142 4 12
106 146 100 110
103 393 96 121
333 274 18 29
425 345 7 17
231 169 35 72
493 87 28 52
262 281 18 38
27 231 16 19
253 325 59 68
178 366 3 12
36 126 73 89
89 361 22 30
216 245 35 44
61 8 94 123
358 197 81 97
431 180 104 105
101 157 4 9
193 472 65 67
435 470 105 111
368 458 10 13
257 265 23 51
169 61 3 5
382 61 49 91
199 325 76 90
56 339 46 58
151 235 10 15
267 72 103 106
209 24 45 49
176 145 64 97
220 188 58 62
245 373 75 106
30 140 49 50
0 37 33 45
6 408 74 109
34 195 19 30
116 184 54 55
161 412 88 124
413 305 120 139
452 22 86 99
448 309 14 15
477 292 27 54
204 213 36 39
44 478 61 63
113 435 8 10
406 76 94 96
258 167 52 105
251 454 91 99
32 487 82 116
419 371 16 18
277 50 48 88
112 430 15 18
429 321 47 102
126 477 3 7
441 220 45 105
48 387 48 54
204 183 20 27
375 112 58 60
35 375 13 19
161 242 59 70
454 384 87 92
471 373 48 55
300 364 56 77
350 195 55 94
428 186 32 73
84 353 59 62
489 419 44 44
117 272 72 90
221 58 10 12
379 368 22 29
253 410 125 130
165 435 92 93
331 229 100 132
287 251 72 121
193 492 62 110
343 28 85 139
182 320 34 35
233 210 63 65
183 428 51 57
286 250 85 128
86 411 100 105
111 343 68 70
93 479 78 99
429 256 70 83
266 342 67 69
302 304 29 29
65 273 52 52
105 196 47 49
216 269 79 88
195 201 51 51
458 4 49 54
411 417 2 9
115 205 96 138
471 129 8 8
76 445 99 121
252 194 8 15
271 479 103 104
48 456 14 20
30 173 76 151
173 426 101 101
191 462 58 64
20 35 38 42
55 370 11 24
199 221 9 12
288 155 7 19
36 243 48 65
215 365 121 145
159 475 118 142
209 65 93 133
324 113 4 5
62 413 19 28
372 459 10 11
93 420 89 112
341 211 99 104
205 462 37 43
6 261 98 106
427 170 4 8
341 419 115 130
167 385 94 94
8 122 33 124
337 203 38 48
194 187 22 62
482 468 40 54
431 275 54 63
346 10 57 75
26 451 27 29
369 260 82 106
478 25 17 18
92 270 75 83
322 156 21 46
151 57 80 112
116 434 24 77
322 483 109 121
202 339 41 95
214 10 92 104
347 229 82 88
346 106 45 51
430 0 86 100
115 27 93 94
249 196 99 106
389 147 63 64
89 135 91 128
194 92 72 112
209 406 33 33
162 231 63 63
450 51 3 7
215 251 97 115
307 427 24 24
74 345 39 67
474 322 31 33
204 409 45 49
313 449 74 79
476 94 12 17
148 372 12 15
38 230 15 16
47 214 25 51
212 108 34 37
455 470 56 63
104 3 42 63
155 464 4 4
273 385 56 96
63 388 39 48
272 305 80 108
121 167 4 4
54 399 2 2
368 113 98 111
148 198 46 56
212 297 87 106
268 153 26 42
247 292 17 22
356 262 79 85
353 363 19 23
295 45 42 46
412 166 46 83
326 437 79 84
478 487 57 80
226 424 46 47
80 489 1 5
325 369 31 49
402 57 139 150
477 119 75 101
13 296 42 52
431 488 46 68
375 365 74 91
340 161 101 105
271 54 61 147
333 283 103 110
169 467 19 19
82 362 38 46
253 377 58 124
484 24 15 34
300 427 102 124
485 296 44 110
459 383 1 1
405 445 70 104
104 145 135 142
38 256 33 60
389 431 57 100
22 163 14 17
128 82 23 29
153 343 23 36
310 63 18 21
134 113 37 47
313 106 73 108
365 329 5 12
351 293 9 21
184 493 37 93
299 418 44 146
334 148 25 33
393 264 39 42
259 485 73 124
298 341 28 43
228 442 11 14
441 107 81 92
65 302 14 22
289 209 12 12
262 182 6 7
280 493 11 12
356 11 25 26
31 75 55 61
270 333 5 5
491 244 20 29
312 297 56 57
208 48 10 20
3 13 107 110
274 434 116 121
195 425 114 125
123 180 11 22
286 67 6 16
126 238 75 120
141 456 102 107
62 228 28 35
148 9 75 77
492 202 68 69
239 331 52 57
339 86 109 110
26 141 16 22
477 396 30 44
64 304 46 64
299 257 70 127
86 231 47 56
99 441 6 8
246 170 42 87
397 141 33 42
212 7 20 22
216 431 97 105
436 386 53 83
149 237 87 92
179 494 99 109
431 370 4 5
425 367 58 132
91 463 70 101
222 8 35 35
68 110 100 131
198 20 88 126
484 271 61 88
70 79 11 11
470 90 10 11
256 97 7 8
123 44 73 73
311 333 97 131
134 230 61 62
86 478 9 10
472 497 23 30
278 282 30 58
151 320 110 143
165 135 24 63
220 102 21 61
240 2 31 81
277 32 54 57
30 224 2 2
99 418 48 74
289 75 11 35
369 36 29 60
45 90 51 51
103 5 34 52
196 79 13 28
97 67 48 72
441 467 8 9
313 253 65 73
381 471 46 52
205 436 27 28
338 427 96 107
169 441 56 109
63 370 16 16
77 485 30 58
172 451 65 65
0 236 26 42
139 450 53 68
347 151 88 110
265 171 38 38
406 490 45 68
194 178 29 41
389 236 26 28
39 142 29 89
257 468 104 106
229 190 8 11
24 141 26 28
192 397 57 64
442 210 34 63
152 326 19 31
40 234 43 44
29 218 97 100
62 246 23 58
354 260 51 77
314 354 46 53
101 239 7 9
400 448 28 32
120 179 58 83
17 216 13 17
496 207 25 82
273 109 12 27
85 477 22 28
158 385 45 47
150 470 87 90
300 203 22 34
91 84 81 84
469 189 86 100
49 422 23 29
182 276 11 12
179 95 87 109
89 110 7 7
425 477 76 76
80 42 59 73
338 325 51 69
57 154 22 39
125 444 61 78
292 101 25 28
448 212 28 36
289 77 37 39
111 381 63 97
33 350 38 71
181 16 83 86
41 126 1 1
258 320 9 10
392 212 46 46
258 393 84 114
359 282 88 100
72 461 53 64
417 490 103 103
77 117 25 52
491 336 0 2
1 361 77 141
123 99 14 33
314 294 71 100
442 406 104 118
84 107 94 98
319 329 47 49
211 264 64 141
11 493 28 72
53 1 102 117
175 67 67 147
46 321 57 78
235 41 72 88
317 2 52 70
469 24 7 20
427 439 39 100
292 466 20 24
250 466 132 143
78 198 36 62
76 330 39 91
290 14 3 16
73 7 14 20
134 484 35 46
52 168 66 102
14 360 4 12
295 263 21 27
93 246 15 20
81 177 51 60
46 20 18 25
252 264 13 30
454 452 49 50
487 378 54 59
74 65 47 65
315 357 60 99
131 228 21 26
117 30 85 95
486 434 35 50
74 440 16 17
173 308 2 4
320 360 54 108
13 102 16 17
193 326 40 62
333 396 39 45
427 340 100 101
52 423 43 61
132 216 67 123
28 372 55 59
75 308 59 85
86 321 35 36
455 272 24 36
488 243 3 7
183 47 109 116
423 282 26 36
75 161 21 28
300 242 8 17
273 378 69 101
407 370 72 94
479 265 72 92
261 208 86 97
112 196 109 111
234 262 21 29
370 414 127 127
1 5 100 117
477 362 17 36
338 208 8 15
238 274 84 90
408 371 2 3
90 498 53 73
340 99 29 66
443 273 49 51
453 58 76 142
135 140 124 156
372 434 61 68
408 108 16 22
85 77 112 132
368 44 23 40
326 430 51 98
289 200 66 76
200 183 113 116
170 383 11 25
150 185 87 119
278 231 139 141
119 122 112 115
342 376 115 123
189 330 76 109
80 44 66 68
26 71 3 3
69 150 2 12
439 451 49 60
58 488 5 6
249 480 16 21
27 447 32 62
239 318 8 10
271 326 32 48
220 484 19 20
444 464 61 87
409 307 45 57
494 252 96 103
192 311 111 119
234 83 95 139
181 364 78 95
218 349 28 60
165 455 8 9
462 266 23 39
382 244 16 20
463 286 10 10
130 479 54 64
345 18 45 47
76 141 28 46
435 50 39 47
281 33 22 50
415 167 28 112
336 67 9 12
117 252 76 77
232 226 87 102
8 323 21 56
409 84 35 83
267 60 28 39
494 399 117 129
245 400 33 81
429 156 21 52
82 154 37 47
168 203 55 77
130 86 108 115
357 190 46 68
480 246 87 101
418 457 58 68
317 27 36 47
30 272 5 9
233 302 2 3
211 156 49 130
121 68 19 29
490 370 66 97
61 135 39 85
212 379 98 114
419 485 56 60
344 47 40 42
97 357 40 52
3 213 108 109
433 273 15 25
165 211 7 7
323 71 46 54
242 44 54 70
68 453 55 74
100 310 33 45
105 430 9 26
316 440 82 128
224 327 14 29
107 11 19 28
412 238 10 23
58 300 47 49
6 74 38 103
429 10 75 100
69 327 34 44
248 136 80 85
180 394 37 46
326 79 23 35
157 212 100 102
479 49 34 50
19 119 81 82
163 82 45 66
30 40 149 150
168 146 56 87
384 452 93 106
390 458 111 120
350 137 69 80
117 255 94 118
97 413 68 82
464 372 124 136
440 361 79 85
478 425 85 117
25 214 32 46
341 488 30 33
82 272 46 50
35 223 92 142
363 426 28 31
496 458 24 47
497 109 34 44
234 17 68 103
153 193 1 1
49 373 14 18
412 202 22 59
441 173 46 63
215 350 3 5
143 52 23 25
414 360 127 137
48 159 84 118
266 490 18 22
187 349 18 19
418 316 51 76
289 24 50 67
119 190 109 158
141 61 12 13
400 328 3 4
321 337 36 62
33 240 16 17
145 409 61 77
393 268 37 102
462 108 31 73
169 420 43 43
36 342 80 100
186 40 89 98
334 242 62 65
135 324 126 126
184 69 73 112
357 134 92 108
371 41 9 16
151 96 3 3
229 190 44 48
60 355 21 34
476 321 7 18
416 485 60 63
457 180 48 89
424 173 50 50
175 421 58 74
104 461 95 97
122 192 89 107
72 9 7 12
13 399 100 114
276 251 42 56
71 437 8 19
59 243 45 67
124 132 1 2
180 61 58 92
348 225 7 26
317 334 20 32
158 177 61 67
78 204 84 86
322 357 10 15
259 241 42 111
62 128 127 139
445 123 34 42
418 59 111 111
13 151 63 63
461 342 139 140
261 84 50 64
467 298 56 56
350 180 73 91
484 285 66 76
207 98 97 98
215 319 11 11
463 353 50 52
23 475 62 113
266 416 22 37
380 333 45 50
159 12 82 111
250 148 84 125
422 103 131 132
268 388 41 105
478 201 119 128
393 494 21 80
416 465 114 138
383 198 77 78
145 113 44 61
27 208 63 115
309 267 5 8
444 193 55 69
241 3 143 145
184 449 94 104
490 128 50 60
131 415 33 47
258 6 114 116
356 240 112 127
374 473 61 101
300 317 13 15
273 450 46 71
331 156 47 48
329 111 8 18
434 224 50 85
222 325 0 1
360 159 46 86
258 341 93 96
216 373 57 126
200 201 32 38
295 369 18 18
67 194 71 96
227 468 1 6
286 301 18 19
10 353 22 31
35 451 25 44
118 144 11 18
249 479 111 131
6 488 6 16
315 219 66 93
426 205 5 23
494 95 51 52
150 24 112 120
390 262 54 100
123 171 36 92
153 441 34 42
301 113 78 83
470 25 17 37
404 484 120 125
44 230 20 21
34 181 3 4
482 451 26 34
250 146 46 63
439 340 87 88
304 207 57 126
196 31 31 31
490 489 114 144
397 22 43 44
447 145 65 68
190 8 28 29
483 238 104 123
486 137 26 68
220 70 69 74
108 358 37 75
470 491 48 49
488 467 18 36
249 143 45 93
463 286 11 18
406 329 91 145
121 103 61 83
347 360 93 110
187 0 56 61
408 487 18 32
41 329 77 95
85 410 82 82
23 463 15 19
416 12 64 84
97 220 40 85
296 19 83 114
36 334 89 113
267 268 21 47
355 313 29 43
384 86 41 117
270 358 66 104
63 153 40 125
300 176 25 33
306 80 29 47
230 71 60 92
308 170 44 51
238 192 42 109
347 122 37 80
459 399 7 26
461 372 122 122
192 164 1 1
387 98 6 11
228 87 35 36
13 310 67 72
141 445 88 127
65 439 100 102
380 202 5 6
437 321 46 59
158 314 102 112
67 185 36 87
76 28 84 115
390 224 44 48
74 121 1 5
156 127 96 129
152 157 5 23
36 336 9 17
233 86 29 59
425 11 56 89
442 92 119 121
450 472 72 113
389 443 19 37
370 85 82 83
46 214 33 34
384 205 3 7
422 240 67 68
335 22 9 10
459 386 2 5
344 60 37 39
107 444 19 20
476 246 41 47
191 144 20 34
19 94 18 24
266 103 43 59
315 100 40 41
265 481 95 116
208 263 42 76
122 368 64 138
412 211 33 33
32 437 24 65
232 460 30 93
217 269 60 90
283 426 64 96
162 323 71 120
130 367 93 94
373 433 2 8
202 490 67 96
395 245 112 149
249 231 4 12
396 94 7 7
107 410 106 112
409 76 51 116
281 207 39 73
306 185 93 97
434 398 15 16
201 250 62 98
139 421 59 60
365 383 18 54
343 182 142 146
296 104 5 5
273 404 6 14
309 92 47 47
208 81 23 24
481 243 24 32
224 434 90 94
179 49 3 3
312 397 8 8
321 328 31 49
64 241 11 14
262 316 56 95
397 196 117 127
126 292 12 14
465 332 58 117
168 136 58 88
253 368 43 63
139 487 10 10
353 230 122 124
217 171 15 17
330 271 45 58
61 356 7 7
298 17 103 129
161 145 100 113
202 381 13 23
179 438 34 52
330 82 124 139
361 122 25 52
24 452 130 143
446 12 54 61
234 487 102 121
161 325 97 105
447 474 33 39
315 98 76 128
336 69 49 50
427 440 95 95
485 495 2 3
391 486 72 113
155 70 78 114
362 244 53 57
442 417 37 41
353 338 3 15
90 6 12 13
424 89 40 77
294 146 33 35
150 152 0 2
197 365 53 90
367 346 41 56
398 167 8 21
169 217 23 52
427 0 24 37
273 242 15 20
145 332 30 37
364 297 50 78
358 79 42 90
416 443 25 29
417 178 12 15
386 299 103 118
225 497 41 42
185 21 28 47
349 493 44 68
476 56 53 55
60 292 59 81
39 118 71 92
12 83 0 1
127 496 14 16
99 168 15 17
21 388 50 99
420 308 20 36
132 198 85 115
255 308 50 50
166 371 10 17
97 10 66 144
81 360 91 100
324 201 55 65
214 20 46 70
292 69 85 120
143 119 8 10
392 255 0 1
402 28 29 50
175 50 86 110
398 48 127 138
458 215 36 50
378 421 49 50
453 35 44 121
346 361 92 96
35 280 132 137
445 370 2 6
290 278 21 27
252 329 38 42
130 129 27 43
179 45 50 54
364 213 5 21
86 256 43 114
277 382 97 102
423 280 27 27
65 94 17 18
298 404 100 106
129 124 50 84
226 294 16 44
361 200 25 55
452 352 92 114
221 169 121 122
318 252 69 92
155 145 10 12
218 70 38 45
15 65 80 83
324 339 19 49
461 481 19 49
408 231 46 76
224 203 104 125
81 86 82 84
302 138 42 47
50 315 69 80
294 171 18 18
196 492 1 4
452 405 17 38
470 488 55 79
395 435 5 9
23 265 11 12
286 400 77 84
102 301 125 135
387 111 13 34
55 10 90 101
478 383 42 104
236 198 78 82
393 236 32 95
177 89 25 41
80 261 6 8
357 360 14 20
83 183 35 66
231 149 47 92
439 378 29 42
219 28 13 21
434 10 153 159
393 464 17 42
263 496 118 143
18 143 39 84
470 328 43 100
11 63 40 45
453 179 18 22
175 300 94 128
171 477 115 139
180 454 10 11
336 404 11 15
85 353 93 117
449 287 117 129
261 188 43 44
384 50 28 49
430 275 28 35
50 358 29 40
4 124 74 92
492 397 70 100
197 125 73 111
324 408 45 61
3 164 138 157
488 492 40 42
60 194 40 41
127 366 36 72
109 37 53 68
102 409 17 18
361 19 65 89
214 368 19 24
131 30 64 127
92 5 22 60
189 226 48 60
428 239 9 12
290 373 27 28
199 401 70 72
146 394 108 150
74 321 19 19
208 429 20 36
423 493 21 50
201 335 11 13
402 295 38 48
465 16 49 110
101 266 29 43
428 411 29 40
438 402 51 68
401 411 63 64
179 333 1 2
150 335 54 69
256 479 94 121
432 213 38 38
420 39 11 11
388 348 99 107
218 395 61 63
493 24 8 9
241 400 47 48
312 382 54 64
64 231 42 77
237 458 29 36
225 462 29 51
44 59 58 104
284 384 43 54
173 343 10 30
62 368 13 13
480 26 121 122
401 92 79 100
215 77 2 9
352 210 76 108
369 403 14 16
456 261 137 140
268 369 75 75
180 81 3 5
325 77 60 113
454 23 19 19
450 175 13 29
468 305 73 105
278 302 70 84
27 33 5 10
47 254 89 96
61 320 12 16
469 17 46 115
81 37 129 142
160 98 27 34
400 171 35 47
94 151 64 71
436 116 14 17
216 237 82 102
25 487 4 6
274 436 67 107
101 469 69 97
312 314 70 101
428 110 33 40
17 314 7 9
397 465 33 67
376 360 70 74
376 334 34 36
241 104 127 133
257 479 102 117
174 261 7 9
292 15 26 33
66 108 10 10
342 244 63 116
338 24 30 35
63 200 76 141
461 131 58 128
191 200 17 65
423 105 71 138
487 129 43 80
472 270 64 69
392 60 7 25
419 294 0 1
142 458 59 66
41 462 15 16
87 330 15 18
459 80 24 58
86 270 61 61
96 295 43 48
233 250 54 68
138 493 71 79
178 324 4 7
88 376 16 21
179 464 75 77
93 141 6 9
252 107 102 102
62 141 43 79
246 164 67 71
44 38 84 115
297 37 91 98
6 98 68 70
196 410 67 71
472 479 72 132
450 264 38 52
57 377 109 120
52 434 22 26
369 286 4 4
48 10 54 55
43 207 19 36
54 380 23 44
235 156 16 17
371 354 16 19
431 99 51 59
203 376 25 25
108 193 63 88
488 40 60 106
404 32 48 51
66 53 17 19
156 52 30 36
51 363 17 18
151 71 30 67
209 273 80 100
211 465 27 28
440 342 78 129
55 477 12 28
300 217 43 43
387 166 54 87
334 202 37 60
477 1 26 29
270 90 83 84
149 132 148 149
250 334 50 91
253 327 42 111
337 470 36 47
227 332 33 42
395 252 72 85
256 70 54 76
170 437 55 82
257 403 122 125
72 367 100 155
401 447 24 30
108 294 1 3
333 424 33 43
329 237 9 9
169 429 51 58
110 468 105 122
22 71 94 124
162 402 136 146
276 66 30 52
303 189 61 80
267 271 45 50
0 345 22 25
430 204 57 69
440 302 37 61
205 297 37 37
11 382 108 114
285 123 34 38
44 216 43 81
86 462 43 61
201 410 1 2
274 148 67 73
96 24 24 35
96 88 30 73
22 90 28 43
357 481 43 96
393 416 114 121
71 466 58 69
5 267 29 39
53 372 72 112
382 293 12 25
94 45 15 20
138 44 11 29
372 200 100 108
333 154 14 15
492 369 34 71
419 208 51 102
316 70 21 34
445 434 35 37
185 25 42 77
402 234 2 4
8 230 97 104
483 68 12 30
36 456 11 11
168 193 72 88
251 15 83 86
153 259 46 46
125 308 48 94
29 315 35 85
227 33 22 27
96 340 6 6
12 324 67 151
166 234 80 93
307 180 27 58
405 193 37 126
273 375 52 65
304 398 10 13
424 207 34 91
181 125 32 53
114 175 152 156
33 408 5 9
208 358 47 85
188 212 44 64
225 51 115 119
10 176 27 54
418 14 89 115
353 259 60 69
322 167 30 81
322 364 7 14
8 250 22 25
21 5 16 20
382 236 43 95
134 332 68 70
377 314 13 13
482 107 10 28
287 43 52 72
423 142 43 57
463 138 29 36
75 308 12 12
144 390 23 65
16 283 52 61
327 437 3 3
197 97 41 46
73 41 6 17
240 162 6 10
172 22 36 73
184 323 87 90
373 269 123 133
24 213 111 126
206 467 22 33
307 92 45 105
475 460 87 92
480 34 39 50
414 421 72 110
33 280 49 90
17 293 62 140
321 86 23 31
78 104 74 81
295 87 88 113
324 184 20 20
164 492 40 52
447 386 17 19
428 269 93 96
348 401 98 123
415 387 86 99
88 354 53 55
140 423 54 57
119 422 30 43
300 203 55 56
132 249 23 65
199 302 76 89
205 243 69 92
220 164 111 126
29 74 18 27
2 188 26 61
188 34 88 117
115 436 2 12
166 104 46 47
60 200 115 116
242 150 87 87
144 116 31 42
445 114 94 107
490 292 133 155
106 342 110 110
152 201 3 6
2 109 4 8
16 364 136 157
283 485 20 23
391 480 102 136
142 236 98 111
132 321 7 11
82 79 20 29
115 280 37 40
12 290 63 84
291 297 17 23
148 133 34 48
30 226 24 33
127 306 53 90
4 190 43 45
202 299 22 37
425 356 11 12
407 257 125 127
166 272 25 29
460 206 81 81
225 176 73 94
107 287 48 54
477 397 93 104
2 416 120 129
122 364 117 124
30 450 50 65
90 11 24 46
416 350 45 48
498 109 30 40
426 72 18 36
27 193 16 20
153 385 54 121
416 88 44 44
188 401 60 65
10 379 54 110
230 425 41 60
357 104 43 137
48 281 101 154
133 368 57 64
246 444 32 77
82 108 5 16
464 310 1 1
434 215 54 71
52 293 70 84
219 446 48 63
79 348 43 70
460 72 52 88
122 362 12 12
96 194 32 129
96 242 39 44
456 133 108 113
41 467 30 46
171 246 31 63
192 367 96 104
199 3 43 47
481 149 105 117
457 347 98 103
194 343 31 32
430 46 117 134
459 281 38 84
111 117 45 50
43 254 56 58
188 170 39 42
313 353 0 1
177 253 72 76
384 237 17 71
55 464 49 51
289 375 3 8
183 4 76 105
358 431 113 124
146 225 9 31
427 212 12 22
89 377 45 49
224 427 25 32
463 70 31 40
342 473 140 142
128 130 3 4
29 43 9 10
160 77 13 17
491 156 79 108
129 477 70 89
133 340 35 108
248 133 73 74
20 480 82 147
288 413 85 115
257 93 124 125
168 68 57 57
385 466 12 12
120 97 71 112
91 454 40 105
304 12 14 21
460 155 54 73
127 39 64 83
354 344 74 91
276 474 64 103
61 159 17 49
229 4 13 27
172 297 92 108
39 473 99 101
3 383 48 53
291 394 19 25
370 112 1 1
334 84 33 39
60 497 8 8
145 45 107 120
138 249 85 110
154 229 52 70
8 485 61 66
202 170 51 52
53 167 128 130
131 342 92 108
411 162 24 27
383 466 38 40
138 153 76 147
342 433 75 91
190 301 14 20
400 313 2 4
155 161 63 64
321 215 23 44
19 41 6 15
369 189 39 43
54 434 45 75
420 446 64 95
181 225 30 30
74 478 33 33
424 155 28 28
453 269 32 40
271 163 94 95
49 444 30 57
98 475 92 137
369 372 3 6
178 498 59 61
125 61 120 136
413 239 31 65
114 444 1 3
267 105 54 86
129 211 22 26
388 355 95 98
26 46 6 23
268 74 34 77
491 126 61 61
37 104 40 41
485 246 60 89
362 256 67 85
484 131 63 77
204 99 81 82
474 98 57 73
187 200 114 118
56 390 40 61
419 9 143 148
39 132 113 130
169 446 25 32
28 396 49 60
444 235 47 55
63 117 16 19
366 103 28 35
171 34 95 115
173 12 27 84
85 438 67 70
451 248 7 10
470 48 19 45
436 200 73 87
356 65 19 28
63 369 57 63
323 199 9 13
30 169 116 119
50 37 28 28
285 264 73 127
400 280 133 149
174 251 1 2
16 271 29 34
324 294 69 129
122 142 49 106
8 330 120 121
178 278 34 71
45 196 93 100
405 239 21 25
91 301 34 34
272 355 6 7
467 20 25 57
325 305 63 64
315 91 39 45
84 87 68 117
182 349 31 111
421 226 50 100
262 444 55 62
196 17 23 76
121 59 12 37
103 489 65 68
207 345 3 4
269 266 66 83
112 279 6 11
198 360 43 52
326 172 111 116
284 293 60 94
145 394 121 135
264 330 20 30
131 199 83 129
330 424 19 20
475 9 57 113
222 412 125 127
306 178 90 100
72 136 94 101
454 9 46 98
287 490 39 50
276 392 1 1
77 188 118 127
247 332 39 139
491 381 46 58
173 64 35 44
291 314 59 67
76 23 13 17
29 23 118 129
178 349 4 5
371 354 43 48
90 357 86 96
209 81 13 20
493 231 32 44
405 94 3 10
377 123 41 75
210 171 148 149
441 463 31 34
82 59 37 52
138 196 100 135
138 490 67 106
248 322 21 28
287 393 10 13
357 398 29 47
6 46 0 4
348 356 11 11
284 137 121 121
490 466 39 39
156 426 63 73
68 152 75 93
255 205 51 67
104 324 27 27
347 81 102 138
86 422 20 33
51 371 47 51
84 131 4 4
358 221 9 14
4 276 28 57
245 448 28 55
114 216 26 31
423 416 46 47
208 243 49 54
23 110 46 50
326 94 79 114
460 14 70 98
203 53 16 47
457 108 1 1
14 194 31 34
285 488 40 42
33 178 38 39
293 312 50 95
415 457 59 60
189 21 110 141
398 366 44 86
0 31 50 58
408 435 70 72
445 472 93 128
149 283 98 114
114 43 13 30
84 375 67 67
407 185 14 15
454 50 18 71
257 99 90 93
92 317 69 69
409 448 32 41
460 117 16 51
408 110 26 85
164 21 47 49
252 495 38 38
419 443 132 135
17 65 107 117
137 414 75 75
197 200 107 123
263 408 110 121
152 141 45 82
359 361 41 116
235 439 47 48
455 37 14 24
189 368 40 51
22 276 65 73
69 357 6 6
240 131 70 73
293 179 10 14
331 145 37 88
454 45 26 28
367 184 39 89
428 448 103 124
375 385 116 135
427 291 3 13
465 57 88 88
116 120 96 110
348 284 29 70
337 268 14 24
12 481 75 90
360 159 1 3
159 292 61 86
154 92 24 27
485 47 95 99
139 221 12 30
119 183 66 85
151 130 44 75
305 82 141 142
222 294 4 4
167 20 94 108
492 262 70 75
418 15 40 68
11 255 39 49
146 434 45 117
424 400 38 72
271 460 1 4
263 403 98 108
114 37 20 24
41 330 44 109
100 280 67 85
214 453 4 12
463 317 42 42
375 388 82 93
110 434 29 35
456 98 8 9
209 353 52 56
366 2 51 57
280 345 73 140
334 323 10 32
475 33 40 47
453 469 24 81
125 104 89 91
248 377 18 21
177 98 41 114
340 163 66 66
122 47 50 66
155 124 78 83
226 223 38 61
184 322 44 47
14 305 12 12
401 127 1 3
436 309 55 102
370 97 18 54
331 452 43 55
394 357 97 97
435 478 48 62
157 44 144 154
0 163 45 71
295 397 13 26
296 134 68 140
404 91 64 94
135 432 37 57
49 471 48 90
392 248 20 20
191 306 56 76
72 365 36 49
472 320 16 40
458 98 3 6
311 277 15 47
7 370 76 81
464 117 51 140
364 361 49 67
482 21 40 111
221 388 56 86
206 113 88 93
347 205 97 103
24 11 27 28
64 162 63 81
49 318 36 110
136 222 40 54
374 103 18 32
453 106 12 14
345 479 56 92
347 235 33 38
230 345 23 23
383 331 56 59
302 192 82 92
435 110 23 26
274 344 3 7
98 411 21 59
367 430 77 86
423 296 19 20
273 296 91 99
107 363 106 130
288 420 108 115
94 45 76 78
207 161 51 66
484 318 52 64
141 57 40 44
229 451 58 75
456 430 74 77
153 195 135 140
25 167 54 64
77 166 84 109
3 42 43 60
390 332 16 27
199 99 38 52
360 43 76 81
450 72 98 104
133 177 66 68
354 282 75 110
203 175 48 102
197 375 27 35
342 334 140 141
51 306 8 13
174 229 67 78
161 428 58 66
120 304 80 122
360 239 44 56
316 79 104 132
378 35 13 16
338 204 120 121
431 9 44 63
232 159 14 45
41 273 44 47
302 0 18 50
62 65 36 81
454 155 11 16
398 74 104 104
326 431 25 67
299 109 8 27
360 254 32 36
101 472 73 76
276 334 104 119
276 211 39 52
154 370 8 14
155 218 56 90
406 112 57 61
342 236 38 38
46 87 3 4
164 118 105 114
213 209 34 47
315 275 77 135
415 310 28 52
465 431 73 108
118 374 10 13
314 246 104 120
473 11 85 89
255 287 50 50
471 214 59 82
494 289 62 158
75 96 113 118
453 276 24 25
410 32 10 39
86 373 56 65
347 360 90 99
454 59 64 70
365 173 63 68
282 387 61 83
368 247 70 98
324 53 114 134
439 33 86 89
492 424 84 86
337 298 54 76
47 282 3 4
232 181 43 97
403 74 76 100
277 444 120 134
420 209 112 127
183 186 25 59
242 180 4 5
490 210 48 66
296 350 93 124
221 370 135 138
165 63 15 15
424 290 35 35
28 443 54 61
24 8 144 145
452 315 57 83
239 414 75 88
347 225 129 129
269 51 50 91
370 174 98 120
250 286 19 19
48 53 68 92
456 67 41 44
235 106 108 121
266 395 26 56
387 303 63 95
161 444 59 85
306 142 33 63
451 484 116 131
362 99 83 86
322 233 134 135
136 436 3 3
426 274 22 49
450 368 26 28
203 255 14 14
460 359 73 99
279 46 53 58
465 271 18 20
121 341 56 56
226 210 59 87
140 291 3 4
57 350 75 85
120 5 114 125
407 52 8 23
183 299 49 51
290 433 68 99
346 480 47 56
164 127 2 9
268 211 39 64
220 348 100 129
51 239 128 137
85 157 11 12
487 272 44 105
37 283 37 51
9 318 88 104
143 23 1 1
319 227 31 37
293 14 30 104
187 2 48 61
95 322 4 10
347 172 56 136
270 287 34 60
76 215 1 1
314 431 85 93
31 229 49 51
110 242 82 116
23 272 36 38
62 307 79 122
18 302 44 149
65 121 28 50
392 187 52 84
458 395 151 151
367 81 68 78
419 375 26 51
471 493 25 25
115 342 3 4
176 9 40 43
62 217 55 71
327 262 38 38
13 164 2 4
266 449 132 143
235 110 70 73
147 244 67 69
119 2 11 19
454 396 10 15
447 175 2 3
342 212 136 138
357 335 10 11
156 147 104 111
159 433 2 3
124 150 87 96
46 116 36 44
294 425 16 20
325 408 2 5
209 391 48 50
458 243 42 43
31 68 67 67
383 482 80 81
33 338 55 71
14 86 66 71
289 86 5 6
62 118 27 29
107 432 5 11
429 26 48 76
87 4 1 5
86 24 20 35
50 225 32 52
265 262 99 120
368 216 63 99
31 230 1 1
395 54 11 26
207 169 35 76
237 423 78 104
103 67 91 105
251 44 34 58
471 110 23 25
356 364 41 80
66 248 21 35
167 22 30 58
336 415 75 116
209 411 21 37
406 268 48 53
284 389 50 113
409 366 61 67
263 189 24 29
216 469 54 55
106 179 30 75
416 356 42 76
282 492 35 42
301 258 33 33
358 153 8 15
340 384 51 51
139 51 10 19
3 473 12 14
363 349 70 77
143 476 31 40
429 148 22 58
165 342 10 21
310 353 57 87
231 106 33 42
258 173 100 112
432 82 51 58
332 89 4 6
36 195 104 110
410 17 17 17
456 167 24 29
395 489 72 95
269 323 27 43
404 391 39 59
395 211 70 79
379 70 100 116
11 105 25 38
116 352 85 107
285 169 82 113
447 436 118 118
481 128 4 5
186 101 39 45
276 184 59 60
183 423 53 116
108 10 32 32
109 404 39 42
297 49 136 137
456 71 94 103
142 42 79 82
471 266 40 73
20 202 6 9
303 379 47 126
112 94 30 34
405 181 0 2
344 478 94 103
260 106 4 5
151 222 111 123
469 202 15 20
301 68 66 127
481 50 31 35
349 129 36 59
343 419 45 47
58 110 3 4
76 372 26 26
147 348 33 37
236 194 41 64
471 12 19 28
298 303 83 86
490 478 19 20
77 17 25 30
298 75 50 71
372 215 26 26
167 310 46 49
469 37 41 60
5 465 42 51
280 341 87 131
359 350 4 6
216 154 52 96
245 106 68 71
227 86 19 39
408 188 8 11
341 22 47 65
314 45 25 33
346 306 9 10
438 242 61 118
405 390 88 130
323 174 55 84
218 406 70 85
324 118 57 66
296 47 96 103
462 100 34 44
39 25 27 59
44 323 51 93
249 135 24 38
145 114 45 51
185 370 17 24
132 142 62 77
277 112 91 95
88 235 95 97
406 352 2 2
439 123 41 120
414 56 34 65
144 95 148 149
191 456 22 33
133 396 28 29
145 210 26 34
139 434 33 49
112 482 69 105
103 329 5 7
450 238 150 151
204 475 21 26
459 108 65 79
203 76 9 10
202 358 140 148
421 83 94 113
362 51 66 134
262 233 55 67
428 182 1 1
246 110 109 121
171 324 38 131
277 31 16 17
174 368 74 102
375 38 18 18
108 404 107 141
373 430 17 57
336 129 78 114
413 489 26 62
40 171 108 118
191 46 3 3
264 335 50 50
20 195 66 124
81 17 37 41
269 232 3 11
350 80 71 117
347 226 43 58
407 142 4 5
398 389 5 5
472 282 78 87
57 464 28 50
245 142 37 84
367 463 34 68
67 403 49 51
330 360 104 104
156 209 9 10
195 59 29 49
233 413 30 45
263 495 45 45
460 83 1 4
11 264 122 152
75 438 52 103
9 194 73 84
237 421 63 129
372 278 50 51
167 12 21 41
469 89 3 4
297 178 64 86
315 364 95 104
363 143 15 39
381 465 72 115
315 464 17 19
485 302 36 37
205 158 118 119
204 275 20 40
301 492 106 128
177 402 24 24
449 490 20 20
268 36 135 145
102 230 54 70
296 329 32 38
188 160 65 69
365 280 8 21
236 86 31 112
46 282 9 17
370 61 22 22
55 466 87 87
310 123 64 97
383 416 25 49
194 327 2 4
195 231 67 75
367 212 21 32
474 319 29 31
200 71 56 58
195 379 18 26
361 94 11 21
371 201 37 88
246 85 32 32
225 357 15 26
162 343 35 35
4 483 46 68
121 452 40 43
147 307 12 17
442 203 29 52
319 442 23 36
382 297 64 76
418 180 47 97
465 482 98 98
4 405 68 69
233 4 1 5
221 379 53 59
356 379 33 33
376 416 95 107
58 117 29 41
242 218 45 55
134 416 1 1
248 0 109 116
278 135 6 6
160 139 34 58
180 5 60 62
24 32 139 140
325 225 90 96
74 91 28 28
425 263 41 67
199 67 74 82
230 266 93 119
154 34 63 141
223 428 75 84
433 212 60 92
351 371 23 72
23 69 44 92
0 462 150 150
235 6 104 107
315 68 7 20
21 216 100 129
485 110 1 2
288 11 82 108
400 284 4 13
475 106 46 95
304 182 68 72
411 436 73 81
449 372 31 33
245 158 74 82
407 182 53 58
256 234 65 65
206 231 15 16
30 159 31 82
320 62 35 59
210 414 126 133
287 366 42 79
224 284 13 17
26 450 20 57
248 424 37 37
288 270 6 8
327 229 4 5
181 135 1 1
198 210 77 89
144 429 6 7
197 338 89 110
384 69 10 10
70 444 56 86
245 48 32 40
246 451 31 41
497 346 26 32
40 142 27 37
377 382 21 22
48 28 13 46
3 456 74 87
122 142 6 10
268 427 22 58
421 317 81 109
395 160 100 145
384 345 53 77
17 300 52 107
493 117 13 16
31 408 84 87
419 77 10 13
241 152 34 39
103 116 81 86
208 405 32 67
280 40 31 52
363 61 14 15
466 85 17 31
329 273 27 28
374 131 101 105
137 283 32 32
30 69 26 33
72 236 54 111
487 340 38 40
121 325 94 95
437 232 9 12
157 84 60 65
32 5 47 72
156 234 22 49
145 287 89 133
231 371 49 87
332 464 86 101
180 267 33 35
405 194 54 111
372 88 67 106
217 4 18 37
15 343 38 43
241 147 22 38
285 110 1 1
46 334 25 27
124 52 98 140
269 180 10 31
144 255 99 100
456 371 40 47
168 171 72 137
473 486 18 18
295 40 85 85
474 454 84 133
239 275 22 24
454 498 70 70
491 33 38 114
421 438 5 5
340 436 1 2
493 125 57 61
227 315 18 26
442 240 15 18
349 406 82 84
264 391 73 79
195 348 51 64
155 322 151 156
212 358 114 120
449 120 51 63
18 430 4 8
121 0 31 69
167 110 56 109
189 52 51 101
104 212 62 91
372 71 16 20
353 58 7 8
78 401 22 41
207 492 57 78
295 142 56 56
0 261 27 31
179 326 42 48
144 106 6 8
254 209 34 70
89 132 13 35
173 477 51 71
64 162 35 65
101 381 46 49
130 454 40 40
214 57 106 116
498 329 92 92
310 465 49 84
331 13 70 93
355 251 0 2
361 161 107 125
465 187 2 2
498 346 53 69
437 250 137 140
324 428 9 21
142 104 40 51
160 340 12 13
254 136 73 95
111 17 103 106
299 44 29 33
403 296 71 87
82 388 111 120
124 443 3 3
214 264 20 26
384 181 56 58
451 187 68 73
400 59 21 25
274 195 7 17
338 433 17 19
432 7 58 70
463 293 104 132
121 476 73 76
194 145 74 83
374 187 27 34
229 98 42 53
459 496 19 58
360 19 107 116
205 435 12 24
78 351 34 60
261 106 57 57
104 241 124 135
185 288 66 74
267 196 23 41
486 215 134 138
362 263 20 23
330 58 19 23
82 476 115 117
291 392 17 21
375 105 58 62
148 202 17 26
264 437 40 66
495 207 15 48
32 141 44 76
398 288 1 2
35 106 119 119
319 440 110 116
328 147 45 45
490 150 69 94
35 252 12 12
139 245 94 99
401 138 61 120
265 92 130 139
364 374 2 7
375 81 106 122
42 135 13 34
289 347 20 44
351 458 52 59
102 462 68 96
409 382 60 86
191 332 60 70
316 184 10 18
397 310 131 136
346 200 67 68
89 142 151 151
418 443 29 55
276 364 25 36
156 138 53 60
292 478 15 16
498 136 5 5
176 218 60 67
164 397 42 42
107 69 58 103
128 163 85 103
7 188 7 7
151 263 67 82
25 272 16 17
355 296 78 105
34 227 100 103
304 29 54 65
170 119 44 61
234 1 36 49
167 474 87 93
271 403 9 10
1 368 20 21
442 412 8 8
359 288 2 3
128 196 5 7
309 243 13 16
283 429 4 13
175 184 43 45
362 431 59 65
490 123 14 21
264 370 58 66
28 227 42 45
114 288 63 75
333 259 150 150
169 386 8 8
79 403 5 10
482 429 15 22
153 226 58 59
98 444 3 6
260 363 76 80
345 442 49 62
148 241 53 84
9 310 34 85
288 269 1 2
101 405 57 126
227 226 47 103
235 196 77 78
487 215 69 70
151 419 31 38
61 183 140 150
204 386 98 100
170 83 45 60
278 307 79 79
243 72 121 123
375 265 85 87
410 158 68 103
239 279 81 109
408 281 3 4
484 197 7 7
321 299 64 128
287 439 7 9
106 304 71 74
13 239 60 67
135 196 24 26
37 268 25 27
463 33 33 48
53 203 94 126
73 29 103 109
466 384 42 50
355 244 143 146
122 263 90 90
469 217 30 43
135 404 15 22
234 13 11 11
479 255 9 16
26 43 30 32
167 197 3 8
355 118 7 11
145 155 80 93
298 498 45 57
277 391 94 98
77 162 80 89
455 196 10 12
244 352 87 145
85 253 16 49
201 452 82 137
384 382 38 81
277 74 65 75
107 194 65 84
315 233 3 4
177 497 30 42
160 388 50 96
12 430 109 123
237 240 50 70
252 477 22 46
59 88 14 33
74 381 58 70
440 108 103 119
189 385 44 44
144 37 141 142
45 1 59 66
417 92 74 112
192 25 46 59
241 346 41 52
175 335 116 119
156 388 40 99
381 215 70 77
359 65 58 58
367 67 87 110
7 488 3 14
22 444 90 99
71 236 18 20
13 442 30 68
5 149 12 32
363 66 83 103
182 423 95 128
452 399 12 39
389 332 138 139
110 27 104 130
386 47 74 80
428 448 113 131
138 153 107 114
315 50 30 93
415 485 53 60
488 138 23 32
176 200 56 86
476 471 37 67
0 447 29 93
35 489 43 47
109 287 86 92
244 339 153 156
479 495 113 125
445 170 28 86
327 21 125 134
10 405 22 71
33 254 18 49
485 33 30 58
289 303 46 129
458 398 34 40
10 237 31 31
402 495 10 15
329 325 6 6
234 489 11 12
66 4 31 56
446 443 46 86
94 248 79 143
283 240 11 13
107 450 13 20
99 181 1 1
37 136 20 38
2 467 26 29
151 35 41 45
295 252 94 145
370 189 28 32
193 314 12 19
391 271 15 35
8 189 35 36
63 195 12 24
420 477 103 110
300 468 47 47
49 42 20 37
281 176 72 79
296 368 47 64
295 126 53 63
13 317 56 58
46 335 37 43
112 388 52 108
484 331 22 37
330 474 85 96
398 40 60 70
155 52 19 25
122 139 100 112
141 259 85 107
495 19 37 125
173 239 83 87
359 454 15 23
114 415 52 97
472 345 72 80
18 226 8 13
286 313 70 108
233 386 18 23
14 341 54 94
142 447 9 13
465 278 80 90
394 348 96 126
372 166 12 15
196 435 33 34
272 462 88 88
395 263 76 78
156 113 20 45
146 376 33 51
27 212 20 20
487 351 39 64
46 144 95 108
29 334 3 9
405 238 23 49
154 92 17 20
465 33 78 124
460 83 32 42
60 286 89 116
219 243 130 137
28 276 3 12
185 490 89 95
301 421 114 123
326 349 65 71
255 432 59 64
266 93 63 68
11 7 1 7
431 219 24 83
477 331 13 18
379 437 24 89
477 122 37 42
311 174 35 109
129 59 71 74
473 428 65 80
416 44 54 55
397 275 54 67
48 343 118 131
493 102 27 27
70 19 133 144
213 242 62 63
412 477 32 87
247 252 58 69
138 150 65 95
53 26 25 47
462 260 17 47
55 320 0 4
308 332 45 57
46 324 28 42
175 300 97 123
47 494 66 66
150 68 9 9
244 145 60 65
128 481 50 52
87 8 27 52
479 369 90 92
96 485 56 63
359 141 63 63
354 103 2 4
69 94 6 8
111 92 14 20
287 264 58 71
398 297 24 25
475 134 17 20
459 476 74 75
147 498 69 101
130 167 57 75
121 422 100 113
147 16 23 52
324 270 10 16
78 410 26 31
204 288 110 129
266 298 58 100
165 66 125 158
452 87 17 18
107 445 59 64
48 311 18 23
120 400 47 65
145 397 29 42
126 42 34 46
116 62 74 86
365 447 66 83
177 339 16 17
258 443 49 88
148 418 27 27
466 232 33 35
493 461 1 2
413 301 112 132
390 228 3 3
89 414 98 99
139 429 31 33
304 195 3 6
478 487 40 124
252 27 22 33
282 294 8 12
290 180 58 106
347 213 28 31
495 434 23 50
207 9 97 121
289 150 30 30
42 455 54 92
65 201 28 41
135 63 19 23
146 364 22 42
98 306 19 25
339 432 64 77
396 473 42 54
291 278 47 121
161 228 72 119
475 85 19 49
448 387 22 30
424 474 25 37
450 419 28 53
418 479 90 94
310 472 7 11
344 374 31 32
280 169 79 79
135 213 70 116
103 273 114 120
144 327 75 135
175 469 38 40
56 27 42 96
228 313 64 95
160 100 36 57
86 146 77 114
289 89 17 20
247 12 65 87
19 290 36 73
134 7 16 25
81 154 73 99
285 491 30 52
139 153 3 3
332 275 1 2
390 449 133 143
34 220 89 104
138 124 40 40
111 373 6 6
205 9 75 80
13 281 43 49
371 82 75 99
29 375 33 57
112 472 49 60
257 128 74 79
27 402 2 2
474 264 66 67
107 15 37 48
190 30 10 13
372 474 30 57
18 329 80 132
434 386 100 103
459 472 19 31
331 196 80 136
313 492 61 81
454 214 9 18
47 147 19 34
18 255 72 93
167 312 35 42
26 398 8 10
51 207 16 16
288 122 24 30
26 325 71 95
142 113 7 17
150 94 48 48
314 130 13 25
371 159 41 55
123 29 29 47
202 103 1 1
130 99 88 99
11 333 63 100
91 327 121 123
43 122 36 41
463 387 126 126
389 5 70 107
277 488 72 84
402 308 58 72
179 168 2 2
47 365 3 3
99 445 15 23
124 13 50 121
486 179 43 63
140 295 15 64
493 82 42 61
397 413 129 130
465 126 137 150
229 467 27 88
435 77 19 20
84 78 25 61
114 177 17 36
29 244 51 51
497 225 40 50
461 177 70 106
424 334 26 83
438 373 61 65
143 321 89 147
295 334 104 108
101 78 48 54
117 396 41 111
213 190 101 147
455 183 13 23
474 113 35 104
189 9 12 35
340 24 23 48
486 418 31 111
166 309 55 86
490 76 87 112
350 410 35 47
438 448 112 113
79 343 36 72
444 379 52 54
212 128 11 16
250 38 59 62
350 483 35 52
69 174 16 29
463 313 27 27
240 215 32 34
287 78 13 13
480 185 25 80
324 163 69 73
466 69 89 99
238 161 9 9
271 18 12 16
289 5 8 16
353 21 73 96
183 317 1 2
257 18 33 50
417 460 9 17
108 271 6 8
223 304 77 96
452 331 73 77
252 374 55 122
255 46 26 30
175 375 48 57
363 120 86 93
432 84 47 47
20 1 25 41
265 442 16 21
321 223 60 61
134 215 78 96
356 155 34 70
107 279 64 79
104 315 88 100
123 105 73 75
267 293 120 128
447 8 55 61
178 26 116 116
49 252 47 51
127 100 59 102
337 14 131 143
45 464 36 48
372 393 52 56
449 260 69 137
33 67 38 65
248 363 93 122
147 182 29 33
195 406 120 129
77 82 57 74
429 75 47 50
37 343 35 39
432 314 7 7
209 249 91 141
113 350 56 85
226 239 106 110
176 140 101 116
59 315 34 53
288 17 68 69
19 142 37 37
435 439 22 23
233 40 58 71
318 470 19 20
318 104 11 19
342 415 43 67
414 206 72 105
265 258 111 122
137 54 93 93
80 454 73 82
274 337 30 33
85 363 81 84
235 56 37 52
366 309 28 37
14 67 21 59
204 446 42 81
331 479 51 92
70 21 73 105
438 144 19 30
256 16 32 37
40 165 35 56
327 158 36 48
466 314 52 68
405 226 60 61
238 99 49 70
43 478 66 123
148 101 32 32
85 146 5 8
461 32 14 38
410 103 139 140
467 337 15 22
71 282 16 32
281 257 115 144
265 70 59 77
355 232 11 13
290 463 95 104
384 119 13 36
325 220 63 84
266 495 56 63
462 236 107 107
35 456 25 26
352 39 31 32
404 164 136 136
413 420 1 1
213 44 96 97
339 80 25 42
132 124 120 125
40 265 31 71
341 310 6 8
462 192 34 61
262 391 13 25
452 72 17 25
160 362 87 102
22 154 12 31
403 100 9 9
438 75 102 108
431 87 21 55
34 90 64 147
320 203 45 87
487 226 40 56
277 323 12 13
307 144 70 102
442 485 14 21
82 227 12 21
110 154 50 93
42 214 12 23
494 286 144 144
75 197 9 10
457 371 68 123
308 5 12 12
138 89 42 83
376 207 23 44
485 3 31 55
483 201 0 0
441 202 66 93
38 159 49 52
0 230 64 66
434 199 40 48
495 332 38 44
16 109 110 112
151 305 36 56
344 35 50 50
380 464 76 110
494 348 72 73
372 338 4 7
340 59 8 9
239 304 90 100
230 327 64 77
276 30 14 29
128 430 18 22
222 247 38 49
425 187 104 107
323 89 25 54
462 15 19 22
427 31 21 62
477 262 39 63
104 461 34 35
245 90 80 94
486 404 62 67
413 263 86 88
102 365 24 33
494 406 35 90
78 85 6 22
27 189 113 129
33 215 102 114
493 484 61 85
356 411 7 11
298 51 64 65
246 205 21 41
28 121 22 22
473 3 35 39
179 161 82 113
148 268 37 118
158 367 41 41
80 116 51 52
411 257 76 123
111 65 54 75
276 364 19 20
477 123 21 41
430 110 68 68
324 384 39 117
388 336 48 53
461 254 77 85
322 245 55 92
118 138 47 92
331 34 108 136
474 458 48 72
312 157 108 131
385 403 24 28
407 431 31 49
169 56 33 111
68 100 12 31
64 422 116 124
197 347 27 64
316 0 36 39
324 17 7 16
151 303 118 124
321 10 91 131
203 489 60 61
201 111 12 14
254 365 21 25
494 164 7 12
89 447 21 31
444 418 24 26
211 192 14 35
381 396 22 60
23 174 88 144
198 185 49 96
215 269 101 124
184 256 24 41
404 292 94 138
485 423 32 71
236 432 61 64
355 230 130 145
47 346 17 18
230 21 13 46
279 399 0 0
394 193 55 66
460 385 49 69
261 175 111 111
244 488 20 23
370 288 81 136
40 356 72 105
145 246 40 129
456 213 64 89
40 435 43 93
142 183 4 11
474 233 11 27
366 245 46 68
40 111 28 36
220 171 29 34
87 186 28 29
175 3 57 67
266 270 26 26
111 214 44 147
0 404 17 65
388 58 8 10
6 249 44 79
352 67 7 13
137 376 26 49
215 390 106 133
4 301 53 92
456 467 41 106
340 221 18 33
66 95 4 4
91 111 51 77
53 309 22 23
110 82 24 31
452 58 120 126
357 327 1 1
305 377 54 74
441 102 34 71
94 160 25 33
226 28 30 37
56 478 53 103
162 112 72 105
394 381 61 85
451 182 49 52
34 399 73 96
226 116 34 79
458 91 81 109
486 417 75 129
312 303 37 60
276 3 96 123
412 237 6 10
428 340 44 48
155 245 47 76
293 253 47 63
389 101 64 82
168 195 51 79
428 375 45 68
349 332 68 93
63 136 78 87
270 454 32 33
358 260 58 65
496 128 123 135
117 480 16 39
138 480 8 10
168 443 12 18
101 253 15 46
433 39 83 123
386 360 8 9
208 191 54 92
332 149 12 30
254 430 36 97
406 36 23 27
54 112 109 118
333 246 35 53
72 281 27 33
445 50 37 38
48 83 87 115
477 334 28 28
224 495 6 15
301 379 142 148
421 218 23 24
202 480 20 31
220 309 67 71
345 132 59 91
296 444 17 34
139 181 57 115
401 60 26 37
456 65 43 96
193 436 3 6
67 207 113 122
309 136 29 35
409 383 21 27
19 446 18 44
411 287 20 71
370 155 2 9
396 217 15 33
131 198 20 23
248 169 54 55
485 350 27 69
388 115 18 33
383 422 5 9
301 239 85 116
48 488 3 5
444 103 71 85
318 446 34 88
81 125 15 19
282 308 18 61
181 307 69 69
463 240 37 39
232 236 27 47
310 482 99 144
387 243 51 87
269 389 46 65
5 287 36 47
484 213 89 108
340 237 18 25
184 166 6 9
411 346 16 37
225 395 100 118
376 368 79 84
175 477 39 64
136 227 87 88
220 205 49 54
332 117 30 33
175 331 31 72
257 343 4 10
480 140 74 115
410 397 43 44
42 105 114 116
228 100 33 52
355 271 47 59
325 197 37 44
304 78 50 52
231 179 39 58
224 291 22 49
397 20 61 130
264 211 9 10
278 434 71 75
391 331 30 41
332 219 8 13
191 31 1 1
405 276 33 39
128 426 6 6
279 467 63 65
495 380 125 131
112 168 14 17
219 192 46 59
403 126 43 72
165 106 12 25
353 79 44 45
227 492 42 47
479 104 20 20
119 293 31 31
244 100 11 17
344 199 24 27
303 11 7 10
307 286 28 33
31 58 131 149
340 139 144 146
72 61 55 63
65 489 66 70
32 20 139 146
476 391 83 86
74 450 17 20
461 45 22 22
243 214 68 130
200 117 60 69
432 351 8 23
269 244 96 100
214 372 15 30
246 231 63 63
224 42 25 28
428 7 48 58
486 65 40 44
323 265 51 52
425 84 40 51
168 81 74 95
293 24 22 34
242 81 16 26
440 255 11 16
421 117 120 142
472 7 72 75
121 335 25 37
159 259 24 35
259 461 69 145
377 446 98 142
29 480 35 49
118 37 39 71
299 440 57 61
11 51 41 52
221 483 24 38
235 420 27 28
7 484 44 68
136 448 0 2
377 10 38 38
315 479 86 151
121 494 100 100
33 465 60 75
115 113 46 59
78 419 16 17
129 96 1 1
288 449 42 64
38 39 12 19
276 347 36 36
88 13 36 58
45 66 88 93
327 443 103 107
392 10 23 24
182 232 11 24
191 247 38 55
52 498 128 141
65 259 72 72
107 435 13 24
52 57 10 13
58 158 27 31
107 20 17 39
212 94 48 79
498 231 7 10
368 476 59 76
47 392 9 13
366 45 72 89
72 187 2 3
478 315 30 32
251 17 32 34
280 318 55 77
147 38 105 129
281 374 24 30
473 245 3 4
96 185 50 73
291 246 18 22
223 305 75 152
142 479 39 43
150 188 147 155
428 304 43 61
102 169 60 60
224 173 12 14
466 259 32 33
95 406 52 89
475 73 50 97
471 294 7 8
41 244 6 12
328 322 119 119
400 394 25 28
425 201 15 53
496 320 54 56
249 339 28 31
49 73 26 31
435 158 105 113
11 136 69 72
460 204 30 61
114 351 39 41
90 425 12 20
235 495 62 90
342 86 120 132
331 488 66 68
407 322 16 16
254 401 97 100
423 424 25 25
395 281 120 129
186 227 60 81
24 186 14 17
245 265 33 81
84 93 97 107
288 80 83 98
371 491 66 83
237 21 30 89
173 269 100 115
133 475 130 157
189 48 84 125
309 343 8 10
190 328 87 157
208 327 98 99
19 296 71 88
93 174 4 5
60 446 11 15
74 396 63 64
147 106 36 36
313 419 54 54
196 179 41 92
468 128 83 117
273 192 17 20
132 353 15 53
13 264 43 53
2 382 38 47
83 25 5 12
227 267 117 126
209 202 33 33
289 285 92 105
479 202 115 115
171 333 25 54
406 24 20 20
316 160 47 62
151 13 36 44
286 214 34 44
93 217 75 77
281 136 87 117
419 259 76 77
368 461 131 140
74 154 75 102
203 420 61 87
395 172 14 49
83 338 68 111
246 68 46 102
344 475 79 110
205 231 3 8
199 281 100 117
286 308 28 29
370 310 64 88
51 173 89 95
387 464 112 119
254 142 34 36
186 351 23 23
494 400 71 130
269 356 28 70
110 246 44 61
121 484 77 140
236 49 18 39
265 430 112 124
170 353 102 114
54 321 122 125
303 406 43 68
15 450 10 11
162 190 99 102
5 340 63 123
125 174 9 10
209 233 65 69
317 202 112 122
393 182 26 56
2 291 102 112
120 98 93 98
361 355 48 49
359 485 63 92
195 476 111 133
452 288 61 75
95 173 43 119
169 173 36 36
437 237 38 42
121 48 119 151
474 210 95 95
429 21 52 59
320 325 105 105
419 283 69 76
7 251 32 56
341 201 30 33
484 344 13 17
96 50 2 5
478 161 37 44
476 306 28 33
125 190 120 120
351 362 61 126
391 125 75 88
114 254 63 65
361 369 63 63
57 38 29 30
55 313 54 55
259 0 26 29
298 144 106 128
45 261 73 80
164 284 81 82
475 331 120 129
29 238 126 133
266 358 70 110
407 261 122 134
132 383 64 69
376 79 5 7
362 371 16 31
263 127 30 42
292 459 25 59
108 320 61 64
13 425 41 83
16 413 72 97
107 258 41 72
359 94 76 84
182 240 37 42
462 456 50 74
240 176 85 116
423 1 28 33
119 400 34 35
407 281 50 87
192 493 97 119
493 455 21 52
306 487 19 61
228 294 47 51
242 194 5 7
462 359 44 56
396 319 14 14
93 377 32 67
85 249 1 3
33 232 56 86
1 270 17 27
360 302 94 103
196 421 63 66
362 444 97 100
107 475 2 4
430 370 0 0
332 308 35 65
370 257 45 61
284 32 14 21
324 308 5 6
322 458 15 21
362 62 64 87
93 303 40 48
341 11 39 46
19 8 32 43
54 438 89 107
375 53 20 64
376 381 1 1
183 274 40 68
66 227 67 85
173 484 16 36
26 462 16 21
175 290 12 23
378 83 128 137
294 39 16 26
342 271 129 129
81 366 35 50
342 80 63 104
136 117 10 13
176 169 64 72
149 100 13 25
21 380 72 75
2 382 94 107
255 81 11 24
436 363 65 108
213 337 15 38
248 353 27 29
476 132 9 19
4 0 50 106
479 6 121 123
191 104 58 64
437 19 19 20
469 300 9 9
173 168 8 28
17 147 28 43
167 81 58 61
111 185 35 37
464 381 25 28
353 481 99 132
85 305 75 90
71 63 51 66
64 293 27 36
183 477 26 57
380 411 62 83
92 386 37 63
326 49 34 44
99 371 4 9
401 360 5 6
79 385 43 49
310 497 44 100
364 250 4 7
59 486 47 47
493 47 29 75
105 366 64 98
329 368 52 117
446 271 37 41
356 179 10 20
151 340 28 63
106 423 33 34
333 404 44 48
177 128 51 75
356 250 36 61
377 59 51 78
456 235 55 81
50 495 75 75
302 311 41 67
215 400 76 140
437 200 119 125
254 388 1 2
36 475 72 90
386 43 54 54
136 69 40 53
438 167 121 138
441 90 14 15
153 94 52 122
69 454 37 39
93 127 82 85
240 322 78 79
401 488 70 106
251 156 56 83
471 207 35 81
443 286 24 28
186 25 4 5
192 217 84 86
227 107 12 30
429 114 29 40
28 449 43 72
190 152 14 24
239 401 62 82
341 193 33 45
31 71 72 116
0 377 99 129
0 329 31 37
223 246 38 40
387 354 10 11
87 384 50 67
252 403 48 48
254 297 65 67
145 229 139 140
294 311 118 118
207 390 55 84
66 329 101 105
183 324 57 105
342 3 7 16
89 191 31 47
1 261 67 74
378 155 27 35
80 126 21 32
329 156 73 89
297 428 101 140
185 292 77 79
235 232 43 95
118 491 48 48
12 193 70 81
457 188 18 47
126 50 20 21
143 391 35 58
296 303 71 93
456 442 26 108
115 73 42 75
195 304 114 116
189 11 91 93
309 439 0 0
340 430 15 18
85 493 56 120
15 375 79 86
121 252 66 67
61 497 73 91
233 354 110 142
266 61 133 142
12 319 60 63
353 60 48 64
119 359 14 27
51 447 23 44
169 223 14 28
380 30 83 83
142 494 87 113
23 100 19 20
136 143 14 17
380 113 65 65
436 361 90 99
107 199 18 19
123 53 15 15
149 457 20 21
195 106 19 51
247 145 12 13
326 485 32 38
365 197 30 43
465 36 37 55
138 380 58 65
193 422 10 16
73 372 124 124
102 400 101 106
235 246 75 80
77 301 24 46
213 171 24 26
361 97 30 64
276 271 13 13
477 344 56 56
431 240 8 10
266 149 91 119
330 321 93 99
362 14 52 55
489 226 100 110
437 197 98 100
263 494 104 126
240 81 107 107
83 253 60 119
22 349 54 69
474 309 8 9
39 223 67 67
370 31 32 44
