600 7200
0 1 42 76
1 2 79 100
2 3 17 24
3 4 34 74
4 5 13 19
5 6 38 72
6 7 36 60
7 8 36 61
8 9 43 79
9 10 97 141
10 11 19 24
11 12 102 119
12 13 10 17
13 14 124 127
14 15 29 72
15 16 112 146
16 17 33 45
17 18 27 33
18 19 16 46
19 20 24 53
20 21 14 16
21 22 50 52
22 23 51 56
23 24 81 94
24 25 76 83
25 26 28 31
26 27 19 56
27 28 4 8
28 29 51 56
29 30 105 113
30 31 37 85
31 32 58 90
32 33 3 3
33 34 8 9
34 35 118 128
35 36 33 38
36 37 47 60
37 38 85 90
38 39 37 40
39 40 10 12
40 41 92 93
41 42 118 126
42 43 42 65
43 44 17 18
44 45 40 46
45 46 55 74
46 47 41 41
47 48 34 71
48 49 17 19
49 50 34 69
50 51 33 41
51 52 17 23
52 53 33 80
53 54 45 62
54 55 74 102
55 56 32 78
56 57 55 72
57 58 42 118
58 59 63 70
59 60 38 41
60 61 25 54
61 62 78 138
62 63 100 115
63 64 4 7
64 65 40 121
65 66 89 91
66 67 103 108
67 68 70 103
68 69 78 78
69 70 23 33
70 71 28 30
71 72 16 31
72 73 48 129
73 74 17 18
74 75 19 28
75 76 48 103
76 77 145 148
77 78 43 68
78 79 75 87
79 80 94 97
80 81 54 58
81 82 74 94
82 83 66 72
83 84 72 126
84 85 27 40
85 86 114 122
86 87 81 136
87 88 20 20
88 89 9 11
89 90 88 90
90 91 48 127
91 92 119 119
92 93 47 59
93 94 58 84
94 95 85 111
95 96 65 133
96 97 137 146
97 98 82 94
98 99 13 44
99 100 92 97
100 101 72 116
101 102 86 86
102 103 52 56
103 104 67 97
104 105 68 73
105 106 63 75
106 107 35 63
107 108 53 57
108 109 37 44
109 110 113 113
110 111 2 5
111 112 10 26
112 113 11 11
113 114 11 13
114 115 34 53
115 116 69 77
116 117 65 68
117 118 16 16
118 119 47 54
119 120 1 2
120 121 7 16
121 122 38 49
122 123 29 72
123 124 43 49
124 125 136 141
125 126 100 112
126 127 63 96
127 128 74 77
128 129 18 26
129 130 17 19
130 131 65 82
131 132 98 99
132 133 45 53
133 134 18 63
134 135 92 97
135 136 13 28
136 137 83 92
137 138 45 62
138 139 87 96
139 140 35 39
140 141 91 111
141 142 7 13
142 143 23 32
143 144 16 48
144 145 17 58
145 146 9 26
146 147 17 34
147 148 103 104
148 149 33 44
149 150 40 55
150 151 0 0
151 152 47 48
152 153 6 7
153 154 13 14
154 155 37 44
155 156 14 14
156 157 33 84
157 158 66 77
158 159 118 118
159 160 7 9
160 161 4 6
161 162 7 8
162 163 46 66
163 164 63 72
164 165 46 109
165 166 16 49
166 167 36 39
167 168 41 63
168 169 49 66
169 170 13 16
170 171 43 68
171 172 99 99
172 173 72 77
173 174 62 90
174 175 22 24
175 176 121 149
176 177 42 49
177 178 6 7
178 179 47 134
179 180 23 27
180 181 52 53
181 182 44 50
182 183 25 26
183 184 7 14
184 185 56 63
185 186 131 134
186 187 8 21
187 188 50 61
188 189 3 5
189 190 102 106
190 191 2 3
191 192 13 37
192 193 75 85
193 194 22 27
194 195 90 91
195 196 32 34
196 197 33 74
197 198 22 46
198 199 40 53
199 200 11 11
200 201 11 12
201 202 22 24
202 203 21 21
203 204 96 130
204 205 22 28
205 206 31 34
206 207 29 29
207 208 6 8
208 209 11 12
209 210 96 98
210 211 72 109
211 212 48 48
212 213 41 66
213 214 29 33
214 215 51 118
215 216 78 78
216 217 12 30
217 218 71 74
218 219 82 86
219 220 13 32
220 221 25 29
221 222 45 69
222 223 2 9
223 224 12 14
224 225 43 55
225 226 101 103
226 227 72 103
227 228 138 141
228 229 86 86
229 230 142 153
230 231 86 112
231 232 66 78
232 233 99 109
233 234 25 28
234 235 86 139
235 236 44 50
236 237 8 33
237 238 65 71
238 239 39 46
239 240 117 136
240 241 26 33
241 242 44 48
242 243 62 78
243 244 22 29
244 245 46 51
245 246 106 108
246 247 23 23
247 248 56 58
248 249 46 52
249 250 84 88
250 251 10 38
251 252 46 47
252 253 16 20
253 254 75 75
254 255 111 118
255 256 74 76
256 257 4 5
257 258 38 43
258 259 32 61
259 260 34 45
260 261 83 84
261 262 117 117
262 263 10 13
263 264 64 82
264 265 44 44
265 266 28 36
266 267 97 112
267 268 13 16
268 269 43 52
269 270 23 23
270 271 14 20
271 272 20 23
272 273 16 20
273 274 43 48
274 275 140 141
275 276 40 49
276 277 4 6
277 278 51 51
278 279 25 30
279 280 103 103
280 281 128 141
281 282 137 146
282 283 20 24
283 284 23 23
284 285 34 48
285 286 110 118
286 287 73 109
287 288 41 42
288 289 80 83
289 290 32 32
290 291 102 128
291 292 25 25
292 293 103 106
293 294 28 45
294 295 77 126
295 296 6 19
296 297 73 119
297 298 43 67
298 299 77 77
299 300 4 6
300 301 132 151
301 302 141 142
302 303 6 8
303 304 94 102
304 305 43 82
305 306 3 7
306 307 33 49
307 308 66 147
308 309 36 51
309 310 26 30
310 311 144 149
311 312 1 1
312 313 21 27
313 314 52 100
314 315 1 3
315 316 48 58
316 317 24 24
317 318 49 86
318 319 69 131
319 320 82 82
320 321 43 48
321 322 77 96
322 323 24 35
323 324 31 91
324 325 5 8
325 326 37 42
326 327 9 12
327 328 80 103
328 329 56 60
329 330 47 56
330 331 29 84
331 332 125 129
332 333 36 38
333 334 48 74
334 335 74 85
335 336 6 13
336 337 35 50
337 338 13 13
338 339 119 124
339 340 78 78
340 341 141 151
341 342 103 104
342 343 112 123
343 344 13 13
344 345 24 26
345 346 108 137
346 347 113 138
347 348 108 127
348 349 130 147
349 350 1 5
350 351 36 44
351 352 34 37
352 353 53 74
353 354 16 20
354 355 55 70
355 356 51 90
356 357 9 11
357 358 51 74
358 359 107 108
359 360 4 4
360 361 43 91
361 362 7 13
362 363 104 109
363 364 48 59
364 365 116 119
365 366 59 63
366 367 8 9
367 368 28 39
368 369 25 38
369 370 0 2
370 371 16 31
371 372 10 28
372 373 37 74
373 374 65 80
374 375 40 75
375 376 42 71
376 377 59 65
377 378 120 138
378 379 39 45
379 380 47 110
380 381 35 49
381 382 33 37
382 383 86 86
383 384 39 56
384 385 58 76
385 386 24 45
386 387 39 49
387 388 42 48
388 389 22 74
389 390 69 89
390 391 12 27
391 392 31 33
392 393 40 62
393 394 41 64
394 395 83 86
395 396 141 144
396 397 59 86
397 398 28 35
398 399 28 44
399 400 101 113
400 401 148 152
401 402 124 129
402 403 4 12
403 404 62 64
404 405 24 31
405 406 81 81
406 407 6 12
407 408 35 67
408 409 16 35
409 410 90 115
410 411 0 4
411 412 26 26
412 413 110 118
413 414 84 95
414 415 93 109
415 416 19 38
416 417 86 89
417 418 91 149
418 419 105 116
419 420 79 79
420 421 21 51
421 422 0 1
422 423 19 58
423 424 9 24
424 425 69 97
425 426 31 54
426 427 26 95
427 428 29 36
428 429 43 58
429 430 115 139
430 431 3 7
431 432 17 25
432 433 12 18
433 434 0 0
434 435 24 29
435 436 60 100
436 437 53 58
437 438 16 46
438 439 57 57
439 440 37 89
440 441 18 24
441 442 15 44
442 443 38 40
443 444 38 71
444 445 57 60
445 446 93 101
446 447 35 39
447 448 75 80
448 449 0 0
449 450 37 79
450 451 1 5
451 452 79 101
452 453 122 128
453 454 155 157
454 455 121 147
455 456 18 19
456 457 143 154
457 458 3 5
458 459 18 35
459 460 1 3
460 461 16 47
461 462 51 59
462 463 13 34
463 464 63 114
464 465 107 118
465 466 54 71
466 467 74 76
467 468 43 87
468 469 51 65
469 470 57 107
470 471 9 9
471 472 62 117
472 473 68 70
473 474 13 15
474 475 29 31
475 476 25 46
476 477 101 115
477 478 43 46
478 479 6 9
479 480 36 43
480 481 36 70
481 482 70 78
482 483 75 95
483 484 15 16
484 485 13 22
485 486 29 35
486 487 35 49
487 488 31 119
488 489 25 27
489 490 37 70
490 491 30 46
491 492 63 66
492 493 40 45
493 494 68 153
494 495 23 24
495 496 29 31
496 497 99 103
497 498 79 83
498 499 147 154
499 500 58 68
500 501 17 34
501 502 42 64
502 503 37 43
503 504 1 5
504 505 90 94
505 506 19 36
506 507 40 41
507 508 56 95
508 509 41 43
509 510 27 61
510 511 24 30
511 512 42 59
512 513 27 46
513 514 65 69
514 515 18 19
515 516 55 83
516 517 31 34
517 518 38 75
518 519 34 51
519 520 124 124
520 521 124 133
521 522 5 5
522 523 126 127
523 524 115 123
524 525 58 74
525 526 38 111
526 527 39 56
527 528 8 9
528 529 23 39
529 530 62 80
530 531 52 53
531 532 22 60
532 533 41 41
533 534 78 81
534 535 115 118
535 536 95 118
536 537 80 81
537 538 20 24
538 539 20 81
539 540 4 9
540 541 42 47
541 542 88 102
542 543 64 83
543 544 1 3
544 545 0 0
545 546 22 29
546 547 118 126
547 548 26 55
548 549 155 155
549 550 5 9
550 551 15 27
551 552 61 62
552 553 115 121
553 554 37 60
554 555 1 2
555 556 74 75
556 557 33 47
557 558 1 2
558 559 86 93
559 560 43 77
560 561 27 96
561 562 69 107
562 563 52 56
563 564 1 7
564 565 5 7
565 566 106 132
566 567 83 118
567 568 114 115
568 569 58 77
569 570 11 14
570 571 38 46
571 572 137 147
572 573 78 86
573 574 95 111
574 575 17 22
575 576 25 28
576 577 44 68
577 578 83 117
578 579 19 23
579 580 40 49
580 581 120 120
581 582 41 57
582 583 128 135
583 584 53 92
584 585 18 19
585 586 83 116
586 587 96 102
587 588 77 79
588 589 61 139
589 590 66 73
590 591 25 55
591 592 37 37
592 593 116 120
593 594 63 79
594 595 2 6
595 596 27 39
596 597 28 55
597 598 64 107
598 599 42 64
599 0 1 5
306 151 47 58
355 529 106 119
558 90 32 44
293 176 53 105
318 363 13 27
261 188 124 130
287 47 72 83
384 401 4 4
75 320 10 16
450 141 113 121
470 232 49 73
93 411 136 137
539 563 81 81
141 275 49 51
324 13 51 89
162 309 108 111
376 32 37 64
86 259 23 58
464 434 44 63
111 147 76 104
542 73 39 63
144 419 101 110
332 130 2 2
264 52 57 67
530 235 88 107
184 593 14 35
454 399 103 140
440 454 107 132
350 113 57 64
578 387 22 33
484 246 2 2
395 186 56 61
235 531 50 50
331 132 19 33
326 588 68 73
340 478 29 86
522 172 18 20
286 532 38 67
195 586 63 67
430 590 18 22
41 224 6 7
165 98 80 87
403 28 29 49
80 554 29 36
222 260 39 54
510 264 38 52
150 271 46 97
363 592 25 76
398 83 78 105
312 534 48 86
509 152 80 149
165 337 48 138
349 202 25 29
39 576 46 124
592 363 138 140
398 9 32 86
570 151 56 75
330 441 33 113
333 530 52 52
231 85 56 104
115 262 37 49
463 589 95 104
454 4 21 31
312 315 95 117
528 455 36 66
406 578 34 41
18 304 86 105
318 144 54 77
490 447 63 71
336 68 27 103
193 170 59 61
19 88 73 100
318 389 84 130
138 5 94 98
203 479 84 102
470 208 43 44
88 288 65 98
230 371 28 35
237 421 85 86
199 566 86 88
561 587 108 132
173 343 76 100
150 356 112 113
595 239 14 17
215 69 60 84
155 459 78 81
356 70 60 70
34 482 44 55
484 173 35 43
431 451 118 120
195 50 9 29
95 179 62 67
354 105 55 59
434 589 11 20
467 28 9 10
533 333 9 15
379 80 37 77
2 461 38 38
549 143 72 79
514 228 36 44
218 591 40 49
69 84 64 111
155 211 75 105
493 322 21 21
491 326 76 101
308 4 53 55
437 509 12 14
197 111 28 41
6 298 75 101
249 109 117 127
340 519 60 87
525 594 52 86
187 129 67 96
99 446 24 31
67 30 105 111
201 497 31 42
345 277 10 11
168 490 34 36
219 198 40 55
267 569 45 56
295 243 59 65
399 180 49 49
260 424 84 117
238 561 23 29
8 268 6 10
423 93 68 84
322 88 88 94
74 127 35 93
121 481 46 65
126 163 103 108
444 481 58 61
400 169 25 30
113 298 31 35
588 553 55 125
392 405 20 23
288 351 11 18
232 22 117 122
587 85 90 116
127 430 27 27
310 119 19 56
472 437 40 41
384 184 35 40
413 130 54 80
123 414 45 47
51 13 34 35
389 422 89 90
75 158 102 107
475 161 0 1
129 481 4 11
329 280 37 41
171 162 34 46
557 285 18 49
260 20 42 44
551 374 25 26
355 247 75 86
452 556 1 2
195 494 53 80
376 271 25 25
493 224 9 12
123 596 98 130
511 83 58 143
94 527 64 66
419 493 8 10
502 231 9 21
93 123 54 67
196 263 8 27
87 296 1 1
155 26 78 78
424 325 14 14
161 564 14 16
352 365 109 128
434 332 79 80
450 521 133 141
385 126 62 69
47 528 110 137
345 567 17 21
325 287 61 81
182 132 36 96
333 128 62 109
323 470 1 5
492 228 68 97
150 139 8 8
418 160 49 57
472 43 139 140
213 218 6 8
323 402 14 18
282 499 68 70
361 397 24 29
58 429 40 61
215 514 12 14
497 258 32 32
555 347 11 18
246 164 61 62
244 234 16 16
310 329 42 55
459 324 134 148
85 499 49 54
502 586 43 63
195 247 44 46
528 274 121 126
433 121 92 100
99 375 30 76
491 38 22 24
111 95 96 101
498 338 24 34
278 467 71 73
276 17 50 77
411 58 22 33
379 48 96 108
32 491 36 38
268 593 13 24
160 210 33 45
446 26 73 74
235 219 33 52
69 501 69 81
171 248 18 49
461 113 34 61
283 83 23 48
16 365 76 79
360 511 36 41
289 341 110 136
250 333 36 37
241 211 81 93
291 7 64 111
130 263 3 5
472 258 18 21
302 158 12 20
467 596 1 2
122 375 24 25
89 314 103 115
23 33 40 49
28 516 1 1
521 486 52 101
280 338 7 22
278 513 33 35
222 262 87 95
408 482 56 145
558 467 27 46
565 350 28 35
119 425 76 109
415 227 1 5
296 534 45 83
22 200 7 17
397 36 13 14
425 261 53 60
85 324 42 59
293 351 10 10
221 418 39 92
23 248 61 80
260 514 48 59
322 399 50 56
229 474 115 147
566 580 113 145
258 407 29 32
138 436 65 65
280 359 64 65
93 258 16 17
580 438 102 102
496 275 41 76
103 193 95 115
34 290 2 3
343 126 79 129
72 425 49 74
489 387 112 115
415 229 31 32
227 37 91 102
475 107 35 42
301 347 8 8
331 136 27 59
450 380 136 136
557 268 1 1
405 48 56 141
158 469 86 137
135 376 4 5
229 560 69 85
312 173 39 131
431 339 69 122
251 344 11 32
562 74 93 99
151 229 32 33
13 109 31 33
185 294 61 61
195 472 85 106
235 47 14 15
479 364 8 10
216 381 67 90
595 251 34 43
123 310 27 33
445 131 79 79
19 136 75 79
588 456 33 33
533 191 45 80
535 289 80 90
44 506 54 77
363 3 146 147
534 394 76 129
12 213 20 23
243 295 10 17
381 44 121 129
129 135 25 30
6 169 61 96
213 480 54 56
597 138 41 146
533 258 16 16
589 288 88 90
115 468 47 84
106 304 115 116
295 483 5 18
172 460 90 125
454 159 21 73
548 593 59 59
531 70 13 19
181 396 107 121
31 342 22 22
121 255 64 69
519 466 11 19
351 108 101 111
295 3 41 43
282 492 23 31
332 63 40 45
191 418 32 54
55 589 55 93
275 385 3 6
516 506 13 13
315 466 91 111
301 316 0 1
223 358 79 85
473 292 15 24
438 270 16 16
467 439 20 28
545 87 33 92
209 366 61 103
277 183 33 118
322 420 38 55
434 308 17 22
317 488 19 19
331 310 1 3
24 158 88 92
465 367 24 24
294 513 81 94
590 40 6 18
257 168 22 65
506 361 22 25
201 536 37 43
590 277 49 63
72 515 98 105
357 474 65 111
573 24 16 34
161 77 1 3
114 16 46 56
348 368 26 49
18 525 48 53
184 350 34 81
536 572 25 44
376 529 1 2
576 373 1 4
515 546 54 69
73 201 7 14
149 526 21 33
538 574 5 6
57 90 12 12
232 569 18 21
516 312 52 68
534 100 114 118
320 288 12 38
500 148 46 126
286 371 50 60
177 434 74 136
472 3 96 98
300 338 16 26
255 163 2 3
432 103 65 66
205 544 93 99
506 83 115 116
117 132 30 41
14 235 68 101
45 416 37 66
245 27 40 46
241 127 59 102
584 108 43 56
162 184 38 109
252 391 40 44
244 27 117 118
217 133 24 32
323 265 68 89
280 341 31 33
489 479 26 39
369 589 15 29
413 296 78 78
224 52 9 10
345 409 83 88
261 496 23 37
412 499 70 98
131 417 58 90
8 60 106 119
33 340 116 119
153 414 12 18
411 562 56 75
80 529 28 59
236 239 107 107
444 284 20 31
464 596 66 66
416 194 95 104
216 571 106 109
27 186 71 98
123 158 54 109
14 547 6 25
534 312 53 72
264 399 11 28
431 450 106 134
314 448 68 74
482 120 53 80
199 318 128 132
25 115 9 11
85 429 25 82
251 496 47 50
407 515 14 30
452 84 25 46
350 151 33 102
29 344 6 8
494 176 54 78
548 111 98 104
127 20 89 130
174 414 41 47
535 328 88 144
205 207 6 15
483 28 90 93
299 139 88 115
53 155 3 3
207 322 109 109
465 284 39 84
244 505 67 115
543 218 39 45
561 463 23 32
64 334 44 46
522 477 2 6
294 227 11 15
254 70 47 135
570 335 90 100
255 103 92 94
206 141 39 76
430 530 79 97
72 46 50 78
264 462 89 93
116 1 119 125
508 312 101 141
7 539 138 140
320 473 63 64
431 456 105 109
172 65 6 12
134 241 58 124
102 4 110 114
333 422 82 89
561 329 37 82
3 531 22 24
452 44 108 128
584 250 92 112
221 513 83 83
568 333 37 60
410 171 14 16
463 342 69 78
345 195 33 79
199 415 29 77
340 321 35 39
301 400 40 52
217 553 52 77
588 363 55 94
578 349 29 62
387 136 18 19
196 247 27 44
371 512 42 95
358 107 58 58
332 464 3 5
261 191 117 128
334 388 92 98
397 401 48 50
64 389 25 30
240 526 53 54
83 217 9 11
132 253 139 142
321 516 1 3
519 65 106 110
260 145 60 69
66 286 38 88
255 364 8 17
436 361 20 27
419 540 21 49
88 448 13 24
437 416 5 11
278 513 140 156
282 539 105 145
232 579 140 141
4 368 58 94
57 561 108 128
100 490 22 29
247 515 101 124
496 415 15 27
99 6 23 28
282 369 140 143
118 180 100 114
151 173 16 34
57 241 69 80
343 199 25 58
403 283 10 16
27 484 26 26
158 529 99 129
38 54 81 91
516 393 20 20
112 202 61 69
359 141 64 66
214 417 18 37
164 474 4 4
334 157 62 62
149 520 24 33
135 536 38 110
227 189 68 100
209 377 1 3
308 217 16 38
191 128 9 11
196 143 19 58
429 274 16 33
509 36 21 80
287 426 16 16
194 294 107 109
572 228 66 108
477 458 4 4
375 267 8 13
502 126 8 13
424 590 85 122
389 420 12 20
483 399 8 18
124 508 52 95
211 5 35 39
596 148 47 69
364 242 89 92
555 264 47 96
156 161 119 122
289 423 31 35
47 541 111 113
598 492 35 38
343 585 23 50
25 151 91 133
598 112 54 79
161 559 77 84
285 113 77 96
519 560 51 53
5 400 45 53
409 307 102 121
30 464 1 1
338 354 12 36
589 146 14 14
64 318 92 106
40 562 3 4
500 6 23 50
368 334 19 39
568 219 60 99
347 102 10 17
435 570 135 149
327 214 55 63
323 502 48 54
2 230 19 19
464 91 1 3
446 582 14 44
359 459 9 17
83 560 0 4
216 278 28 29
346 249 3 5
148 297 103 123
578 239 96 108
171 517 25 34
197 239 24 35
429 225 30 42
261 315 43 66
79 475 25 60
362 104 69 85
267 467 71 87
37 515 28 44
331 135 81 83
532 530 35 55
223 108 115 126
498 285 51 59
334 17 33 47
110 298 59 95
324 597 11 18
527 296 68 68
216 96 10 16
128 461 25 28
219 96 18 20
482 473 44 81
503 577 51 60
415 537 95 102
502 218 18 41
124 129 115 126
387 138 27 62
130 497 135 143
276 562 90 94
84 122 40 59
505 265 23 26
386 427 17 24
371 502 138 139
400 179 11 13
204 224 64 73
346 550 3 4
341 538 108 148
476 528 50 120
580 27 36 40
368 566 79 148
589 476 123 124
26 306 68 105
166 245 102 103
107 283 79 117
319 585 45 53
400 3 23 45
133 426 7 14
311 242 12 40
66 300 109 129
104 139 23 28
32 158 8 9
108 320 107 114
238 437 27 36
303 381 36 39
302 433 3 3
106 515 91 111
545 9 9 9
70 378 22 31
8 333 76 96
109 215 9 10
316 142 101 106
437 239 15 46
560 33 7 8
587 441 1 3
308 254 70 92
378 66 65 77
510 304 43 44
57 182 15 24
250 19 8 22
110 392 116 118
588 119 35 35
595 80 70 80
402 180 5 6
42 328 30 45
548 71 36 63
58 196 34 72
431 287 137 138
381 176 120 130
136 218 2 2
525 93 20 21
484 440 120 138
263 153 54 71
484 68 26 32
323 154 59 79
473 531 92 98
200 403 54 91
472 205 95 95
486 550 4 4
232 338 114 120
352 51 53 72
469 225 55 67
411 585 98 110
588 72 38 45
579 492 27 36
448 201 111 122
562 68 53 62
93 90 98 109
268 502 43 63
84 259 12 17
498 391 70 92
567 381 14 22
73 504 25 42
213 422 117 129
492 384 29 38
577 312 97 113
449 508 58 123
5 591 28 42
402 255 9 10
194 309 24 26
396 87 1 3
214 516 57 101
38 339 26 26
62 438 29 48
455 335 55 57
521 354 5 6
434 117 70 93
332 318 15 60
214 174 46 61
301 251 64 66
251 317 51 95
226 578 2 2
212 571 31 49
331 160 123 136
70 398 104 104
539 116 18 19
454 84 61 84
41 141 52 56
390 467 7 10
412 129 28 31
123 494 21 26
446 111 94 133
170 191 55 58
201 234 3 3
261 234 84 90
119 73 55 69
498 40 57 71
258 190 35 35
462 117 63 73
339 305 38 70
515 434 44 53
354 263 102 106
360 491 54 84
565 469 49 53
543 567 38 40
478 360 55 87
302 342 44 65
263 33 36 39
322 203 50 92
273 142 36 38
320 45 117 127
6 551 45 54
64 234 15 18
505 414 38 50
567 175 61 68
96 399 91 95
401 589 140 155
196 428 19 43
215 255 12 28
396 276 10 10
66 70 142 143
136 429 38 74
136 507 65 76
19 582 40 109
47 115 34 86
35 516 69 83
236 390 28 84
295 318 64 98
536 395 78 99
355 380 53 54
55 515 92 108
516 446 61 83
513 485 15 25
162 220 62 74
393 20 1 1
331 21 58 61
468 598 33 33
464 274 75 111
371 195 23 30
480 36 84 88
503 347 45 60
381 167 77 78
16 267 77 113
482 379 87 91
283 233 22 31
233 471 42 42
400 441 18 20
145 136 28 114
7 519 40 53
6 32 32 34
114 358 120 139
515 232 43 101
407 55 91 128
483 247 44 47
230 520 21 27
199 475 59 59
146 143 22 63
501 1 72 117
403 430 26 26
477 319 33 41
286 469 14 17
93 384 67 75
132 192 117 123
154 500 138 140
365 188 128 129
547 220 6 10
62 194 39 130
578 333 38 76
373 430 17 23
387 333 132 132
283 169 29 43
575 230 15 16
550 78 49 64
230 75 98 116
193 118 72 92
509 126 66 98
473 46 28 30
265 364 145 152
397 325 99 120
485 3 22 22
90 101 41 42
452 61 60 109
596 140 34 101
244 34 42 47
38 256 87 95
127 438 25 29
594 256 50 59
344 239 6 6
117 184 60 66
432 74 50 53
92 395 35 36
433 494 54 69
17 536 128 130
375 353 106 115
339 75 37 47
22 210 34 44
329 67 44 52
479 359 59 69
216 500 34 46
231 59 14 15
217 192 28 33
163 376 23 38
173 470 15 52
468 250 8 11
348 129 23 34
23 225 54 94
117 554 121 125
412 464 84 87
70 394 29 46
488 165 68 77
33 459 146 150
511 286 96 100
303 589 12 29
261 389 30 52
187 474 31 118
342 143 6 9
443 468 17 35
424 563 74 86
171 397 15 30
271 347 124 127
252 123 67 75
192 186 44 76
329 391 17 22
110 210 85 115
202 25 39 74
197 212 85 94
519 532 105 117
156 283 24 24
301 155 41 45
316 240 13 26
231 275 12 15
571 51 23 70
499 102 37 42
114 253 119 121
101 92 15 24
404 504 93 98
562 14 114 120
24 98 99 104
300 211 5 14
188 70 30 31
233 298 17 20
395 499 4 9
100 352 13 28
563 227 34 64
113 438 17 19
382 417 25 81
172 126 46 61
309 355 18 35
499 563 99 123
389 329 11 13
282 592 93 102
62 458 45 75
521 18 61 73
103 176 29 45
509 589 44 62
231 21 138 140
499 524 64 65
479 420 18 36
417 261 41 56
379 1 65 80
492 430 12 42
129 207 40 156
233 240 3 3
293 333 33 55
78 446 61 88
553 272 78 97
403 261 38 51
459 401 58 82
534 558 16 20
72 594 43 53
468 319 28 32
488 279 36 49
264 79 48 48
489 59 15 20
491 459 50 67
507 224 38 49
283 3 21 21
567 436 38 43
483 544 82 87
568 527 13 33
270 17 115 117
596 540 57 59
211 236 41 61
175 587 8 19
24 466 54 82
149 460 36 81
365 580 53 78
368 52 6 11
507 105 23 23
349 140 40 55
36 52 14 15
227 113 37 52
429 502 75 109
217 139 131 132
533 64 11 15
319 104 11 11
246 358 105 139
110 564 3 7
596 466 3 13
364 355 71 73
199 594 65 70
374 23 23 23
430 572 27 61
462 498 27 52
595 489 0 4
328 134 116 138
423 152 108 108
117 334 13 20
288 113 11 11
523 564 66 123
575 101 45 152
17 170 55 123
277 443 3 4
422 586 107 110
322 242 55 88
73 59 75 78
467 126 58 61
366 109 81 139
27 439 68 107
454 537 39 48
489 537 47 117
249 40 4 5
29 44 0 2
92 238 39 61
472 360 110 124
210 27 87 96
57 363 18 24
373 194 88 89
98 205 30 49
578 588 49 112
268 359 29 29
399 87 1 4
407 518 49 86
548 470 59 61
318 262 21 53
561 45 73 95
337 526 36 46
578 495 34 126
557 62 12 18
469 37 11 11
503 266 61 69
255 52 67 123
547 231 22 46
469 557 102 103
348 182 3 3
234 270 35 38
398 413 32 34
269 519 106 118
595 222 30 31
569 556 93 150
549 76 67 97
293 110 46 51
434 291 98 113
109 88 72 77
68 344 97 100
358 366 107 117
385 198 58 63
513 451 84 86
136 501 63 92
173 246 55 143
392 210 83 84
488 533 10 11
296 459 45 95
189 40 26 27
549 349 55 55
517 163 21 22
288 264 31 67
432 71 57 66
428 592 5 12
386 414 16 16
290 503 99 122
485 511 109 142
496 251 15 43
176 304 31 80
523 124 38 46
369 236 77 138
71 566 31 69
355 16 51 81
106 368 82 97
442 295 48 56
54 507 109 118
92 177 97 98
140 97 156 161
348 199 112 116
90 538 85 132
299 558 32 35
60 355 1 3
411 227 33 41
11 179 27 27
410 97 46 63
424 251 108 119
297 90 28 65
172 562 34 39
330 263 151 157
32 211 21 81
408 209 97 145
208 104 34 36
255 541 117 129
63 186 34 57
252 389 74 82
18 295 54 99
489 598 128 135
271 208 31 103
178 120 39 79
153 390 120 122
460 557 15 21
83 357 89 142
493 241 13 23
159 252 99 106
168 445 30 86
98 129 68 103
177 237 35 69
262 300 97 132
398 54 14 18
571 85 67 67
112 592 97 101
38 512 24 30
388 489 19 26
577 39 72 95
375 66 120 123
457 316 42 71
185 376 52 56
422 39 16 22
504 363 21 26
60 58 57 68
456 212 26 38
173 159 38 88
165 560 12 17
537 448 98 103
328 555 102 132
268 422 4 4
138 359 120 126
163 110 51 60
388 191 93 93
221 473 38 51
363 440 2 11
80 367 5 12
131 476 60 68
74 389 113 123
516 394 100 100
338 434 26 41
10 57 1 2
354 277 85 105
399 314 3 3
519 183 17 25
444 199 91 146
149 398 4 12
500 552 112 127
511 103 104 106
265 303 0 2
384 172 3 4
257 400 26 37
116 339 87 104
18 461 48 51
409 273 6 6
66 418 64 115
67 540 1 3
313 547 61 64
583 340 16 17
594 221 108 134
345 302 64 89
91 120 67 69
507 65 20 20
325 134 87 97
199 182 54 96
591 72 103 117
47 346 52 58
265 37 54 62
493 307 95 102
92 437 7 7
530 216 35 66
179 370 69 76
294 341 31 32
19 566 56 65
188 201 32 77
304 134 35 73
185 385 4 6
41 209 26 59
273 10 31 84
201 92 112 115
19 533 19 51
34 422 0 4
128 229 62 63
574 47 124 126
590 451 108 124
237 414 28 29
119 239 21 32
269 564 3 4
334 326 66 135
339 150 128 136
427 255 77 84
246 443 100 100
341 96 83 83
93 504 127 135
229 68 48 75
460 210 23 25
508 399 84 103
87 478 75 76
109 230 0 2
194 361 109 120
145 476 18 23
101 313 46 72
518 154 20 44
357 422 9 20
466 238 44 80
146 257 26 56
526 308 69 79
501 73 25 29
153 314 23 69
153 108 43 52
123 483 74 97
81 156 89 110
222 480 13 17
543 27 12 15
102 171 151 152
332 340 26 48
9 451 49 50
518 569 70 74
348 43 5 7
557 587 16 35
579 16 60 85
391 242 52 96
488 19 56 66
279 597 44 55
344 257 9 14
563 533 102 104
128 539 53 58
433 162 82 123
213 67 138 148
231 591 56 80
372 365 145 146
525 201 40 55
509 130 6 10
503 357 31 50
7 449 97 98
568 404 67 95
448 142 68 78
292 391 38 44
566 5 115 122
352 232 19 39
291 513 4 5
468 2 18 19
272 482 105 127
155 206 79 81
334 201 54 109
139 168 33 36
484 113 61 87
301 291 14 16
582 399 6 13
264 32 90 102
592 587 40 87
122 161 28 54
158 400 17 40
81 76 49 55
473 276 53 69
248 400 133 137
253 360 39 54
166 589 7 9
478 559 16 17
365 156 16 18
570 177 36 50
56 82 63 106
248 182 35 79
574 248 1 1
225 296 78 78
346 7 55 69
169 114 89 106
135 64 47 62
400 227 153 159
554 84 29 29
226 458 118 156
306 241 69 117
39 489 69 121
239 338 65 108
245 590 58 60
490 372 82 85
213 448 93 105
232 437 61 93
475 258 135 142
187 81 88 90
435 437 56 71
143 276 52 62
522 361 61 63
121 539 14 14
521 269 122 122
442 290 82 86
297 300 7 9
86 576 119 119
564 112 94 104
425 37 29 83
8 507 66 96
337 453 92 92
275 476 43 53
405 204 55 87
306 316 54 55
363 407 34 49
199 322 11 23
260 582 3 3
330 374 70 78
583 38 82 88
68 529 34 70
409 29 52 70
566 118 53 121
232 477 7 10
357 166 122 147
595 383 91 110
204 457 73 105
60 399 3 4
176 385 101 143
494 4 72 82
502 507 14 18
504 282 63 66
280 344 73 85
14 57 27 29
490 454 18 32
568 335 62 71
498 112 105 106
322 115 23 86
554 253 48 60
487 159 32 88
68 390 52 71
229 42 81 94
98 327 1 2
470 96 66 70
79 332 24 31
92 268 63 69
487 111 43 48
494 44 33 71
171 158 23 33
510 511 41 128
536 149 5 6
300 509 0 2
214 547 95 108
404 90 112 120
415 421 15 17
351 541 119 138
452 200 22 22
530 297 40 43
167 270 16 16
143 176 72 101
518 501 23 36
476 5 58 58
322 341 7 7
140 424 35 66
369 53 70 83
414 233 8 8
473 394 26 45
256 378 112 118
575 316 90 98
84 441 89 95
382 420 16 23
486 17 44 56
283 123 44 45
194 415 42 86
522 301 1 1
148 177 75 85
509 390 35 53
267 256 56 56
192 175 26 45
112 554 97 119
533 585 111 150
230 448 51 58
171 344 36 38
31 575 96 108
455 540 107 127
381 352 61 74
554 63 0 2
561 345 84 109
45 532 45 48
353 229 96 116
364 538 60 66
275 44 52 94
145 319 77 81
440 93 106 148
201 167 125 126
416 487 50 123
288 498 94 145
424 498 65 70
450 402 8 11
325 266 103 128
594 466 64 94
39 154 5 7
490 421 142 147
33 23 0 2
471 424 96 102
114 50 92 92
525 153 13 16
586 294 20 44
509 233 24 52
228 5 99 121
249 429 9 25
164 89 121 121
415 201 44 67
210 314 147 155
393 175 36 64
22 71 61 106
113 320 135 153
219 226 52 64
511 37 39 59
560 254 10 12
4 198 91 115
24 16 72 106
333 213 41 77
542 299 23 52
300 502 19 47
226 553 37 124
380 548 89 116
54 526 128 136
424 26 60 103
299 18 32 48
412 475 8 11
84 389 36 41
451 333 63 95
203 114 110 110
593 185 39 41
357 56 75 80
592 368 5 5
269 384 30 33
422 73 27 29
558 191 36 52
575 434 83 85
231 344 54 102
183 211 91 93
561 185 93 97
423 540 30 33
276 239 51 92
218 500 12 29
219 302 40 64
270 345 91 95
94 417 72 90
523 253 122 125
166 247 64 65
144 172 59 64
150 91 54 55
335 312 81 105
24 468 10 15
228 357 9 13
326 370 23 44
32 500 26 31
225 244 38 46
284 137 24 51
475 181 61 76
9 488 61 66
77 448 4 5
212 167 50 79
166 410 89 94
220 306 133 147
351 31 2 3
233 10 40 92
19 459 4 6
144 55 31 31
251 577 54 72
213 14 16 24
537 200 88 127
349 456 28 28
233 359 137 147
439 154 84 90
228 17 47 47
30 396 86 116
500 48 11 12
437 309 30 35
265 554 99 126
287 325 2 5
434 525 78 101
174 266 32 85
258 4 15 45
322 482 8 23
377 178 12 12
319 332 12 14
391 256 22 34
483 251 31 97
508 278 26 55
274 188 123 123
549 457 13 20
226 114 10 22
397 456 18 28
235 280 127 132
291 463 89 100
500 564 41 46
322 172 33 34
85 460 33 37
252 396 64 126
114 572 62 64
84 140 22 43
498 82 20 20
278 450 73 116
564 157 90 113
80 416 36 45
284 422 129 132
151 68 65 98
528 129 58 82
369 53 26 28
32 25 4 16
384 275 85 86
495 330 82 108
174 544 23 25
213 275 38 43
342 547 68 123
23 475 15 25
177 401 50 52
180 516 131 135
559 438 3 11
149 90 70 106
144 442 0 0
339 234 79 97
27 567 58 66
505 372 27 39
245 16 43 55
98 534 18 63
32 194 40 87
352 223 67 84
562 313 58 61
589 404 93 96
126 77 52 79
258 361 22 23
465 130 21 24
347 486 69 87
336 144 152 154
19 282 53 67
420 298 77 78
234 325 45 45
108 311 1 1
115 368 20 27
479 401 20 35
461 203 70 89
124 168 41 45
558 338 49 63
456 83 73 78
257 569 92 141
277 499 51 94
176 545 32 33
399 297 76 90
13 533 14 16
196 414 55 56
326 73 52 70
374 288 38 43
263 17 89 107
243 558 101 101
289 197 40 79
533 90 32 68
544 322 41 76
572 445 46 104
237 89 64 90
105 39 96 108
140 459 44 46
61 238 53 55
147 330 57 124
100 344 35 87
296 255 28 33
61 80 11 26
271 177 72 98
139 473 124 151
200 557 44 59
388 549 41 106
297 14 42 106
24 382 40 49
23 139 77 83
525 184 22 39
310 515 48 110
323 551 17 65
415 327 70 92
107 562 13 17
88 171 66 102
44 421 42 100
495 232 14 18
68 52 16 21
286 10 81 95
94 209 17 23
425 103 12 27
260 589 49 50
201 23 17 18
545 56 77 106
29 239 15 25
388 271 8 10
309 362 20 23
481 252 19 27
41 395 20 21
220 571 58 84
281 395 34 69
36 285 16 17
594 32 32 50
390 543 14 17
527 234 39 39
531 449 33 47
567 187 60 109
545 556 50 53
552 446 38 55
155 227 88 89
200 82 7 10
78 298 49 88
290 598 83 88
490 531 34 47
99 26 24 32
4 126 6 13
533 499 9 14
517 338 84 110
578 568 5 7
132 258 133 149
243 315 28 28
387 72 40 55
22 367 119 119
527 432 96 112
469 398 72 148
29 241 21 35
280 61 102 110
532 78 4 5
149 237 76 105
77 186 33 74
25 584 54 56
451 237 30 58
297 34 9 12
272 103 2 2
202 519 34 46
210 405 42 50
210 32 79 134
40 228 40 78
491 260 18 21
195 482 112 114
5 596 13 30
262 542 8 12
587 507 105 107
504 432 42 43
25 543 91 97
53 548 78 112
365 366 43 44
502 29 40 41
583 312 9 36
153 200 14 18
389 501 60 67
151 209 79 98
218 141 48 91
570 190 0 0
536 28 66 98
523 472 5 5
175 419 96 136
149 340 101 128
466 216 52 56
439 431 13 14
73 490 2 4
74 41 40 49
536 510 35 74
507 179 44 53
120 157 16 27
300 129 10 12
298 502 109 110
322 570 16 19
401 349 48 50
292 491 77 127
253 561 95 113
385 358 39 84
544 244 11 46
290 22 14 18
406 95 26 26
88 238 120 141
282 541 33 86
577 277 5 13
436 61 19 27
2 538 44 48
369 507 3 9
480 325 43 107
244 61 19 24
121 130 3 5
174 571 122 130
124 427 28 42
83 414 63 74
563 26 75 88
338 182 23 30
280 327 17 28
376 151 39 52
452 113 27 73
440 33 13 20
406 259 57 83
370 321 16 36
533 61 38 44
446 311 18 19
1 187 25 26
299 487 62 79
41 403 113 114
581 50 21 34
34 324 23 23
476 311 50 59
148 522 75 96
583 129 47 63
110 445 31 42
41 182 55 140
302 542 7 12
313 412 32 64
205 187 39 56
359 249 3 8
340 528 16 16
184 316 14 39
245 549 76 102
572 38 55 71
536 45 4 4
242 295 122 149
523 435 73 109
198 305 114 117
577 164 2 4
41 61 147 148
247 238 53 78
7 196 141 142
273 51 62 96
132 236 97 111
99 438 51 56
468 27 50 58
31 1 45 56
157 198 38 46
278 492 42 46
186 520 57 61
214 294 9 13
246 438 10 15
362 270 33 37
6 413 80 87
209 543 2 5
442 91 78 84
128 357 5 11
178 137 88 110
576 449 70 106
276 162 57 68
537 421 7 9
239 575 37 100
47 280 4 6
118 226 35 57
566 569 60 66
348 49 133 143
63 476 1 2
434 546 96 116
373 425 93 101
495 585 20 30
69 245 42 56
579 407 7 12
212 52 41 43
356 327 28 39
534 494 40 67
221 234 15 16
210 273 69 87
74 541 5 16
88 521 48 110
272 111 25 25
454 535 44 56
142 17 113 125
57 197 60 63
4 291 9 9
250 518 16 26
237 50 61 72
83 263 4 8
172 28 26 27
151 239 54 59
363 415 68 108
375 297 57 128
453 522 59 62
527 502 41 75
224 108 125 125
454 79 17 22
223 237 124 126
255 67 40 49
31 416 70 110
238 314 29 33
439 125 24 32
27 81 34 69
385 278 76 114
432 160 11 13
255 470 44 69
11 242 6 22
36 27 37 57
292 459 24 27
226 588 123 126
365 134 71 96
256 582 3 9
489 109 129 141
33 307 64 79
197 148 117 117
497 177 118 118
415 124 16 16
367 156 106 137
369 233 104 104
315 227 57 71
529 540 119 136
12 81 1 1
97 551 147 147
557 119 144 149
205 284 11 21
242 453 25 41
167 480 106 117
50 103 7 10
96 33 29 44
18 35 68 68
465 416 23 59
18 33 138 148
394 236 18 72
94 275 102 124
113 390 65 66
41 99 78 108
59 482 68 123
197 137 2 4
334 25 28 35
281 433 55 56
38 27 76 84
149 333 73 86
299 78 52 74
379 207 48 49
88 577 62 70
126 482 72 118
5 352 26 30
186 8 6 10
253 194 40 41
25 321 28 57
217 409 4 8
584 458 33 44
588 111 24 47
476 34 29 30
142 478 21 49
309 444 56 67
336 145 78 78
533 22 31 42
167 515 25 75
550 219 11 11
164 490 53 74
323 488 5 10
103 182 60 96
2 426 1 2
205 290 29 68
553 249 81 115
554 34 36 137
39 373 128 130
195 533 50 53
221 299 58 108
354 484 34 89
379 398 38 46
42 103 122 129
494 586 51 106
376 301 49 51
142 195 40 43
458 448 45 46
432 588 98 126
232 402 114 154
311 332 80 81
149 249 4 12
192 267 42 42
526 65 6 9
504 3 50 52
585 552 14 14
287 337 106 109
329 339 44 53
334 242 28 74
256 494 109 116
480 252 44 89
40 89 54 55
519 174 52 101
51 72 66 134
237 468 1 2
570 592 44 71
443 424 47 64
245 35 30 35
138 336 41 45
85 84 40 70
246 497 57 70
591 350 67 67
322 38 57 72
203 585 41 55
305 237 67 140
6 239 90 123
279 341 34 44
530 13 41 92
571 286 3 5
214 335 29 84
120 555 74 118
465 1 21 67
217 203 7 9
228 225 10 17
55 175 26 40
188 173 30 34
23 48 35 91
303 163 18 40
525 561 39 130
217 495 8 8
505 457 62 67
35 420 28 44
41 547 38 39
573 450 76 82
337 256 0 1
349 313 143 146
34 384 30 37
75 4 65 82
150 15 63 69
583 45 47 112
459 365 22 31
458 257 23 25
375 537 50 111
510 564 27 37
1 234 36 136
492 466 12 22
359 567 12 25
47 509 48 78
219 15 33 34
579 158 19 31
378 461 11 21
403 539 32 32
65 145 92 96
444 102 41 72
473 112 25 26
311 81 80 84
90 318 43 80
257 317 2 2
201 237 7 7
135 141 121 137
33 60 60 100
371 340 108 137
250 77 53 72
17 349 29 30
514 282 50 61
506 107 55 100
353 75 53 115
133 114 100 100
410 449 30 84
262 149 29 90
161 199 35 52
391 567 55 83
45 276 28 49
364 488 58 59
396 190 31 92
311 198 49 71
226 393 1 2
86 22 56 126
227 462 124 124
596 250 7 7
308 185 5 13
155 363 50 93
267 464 70 73
572 452 37 40
409 123 52 81
130 502 111 114
173 588 3 10
482 488 87 90
78 123 7 7
66 96 15 30
115 347 49 49
401 285 67 69
34 262 48 64
309 370 46 48
156 371 48 49
36 557 23 24
60 368 28 44
596 135 85 102
30 361 22 39
509 395 80 87
458 261 90 103
16 165 26 52
148 45 59 90
370 347 6 10
31 371 97 98
35 49 149 151
206 475 83 93
6 159 54 68
226 102 22 22
510 568 91 115
438 281 69 78
32 254 51 85
173 291 43 65
17 325 19 21
214 580 24 50
502 376 131 144
452 553 94 104
118 217 74 88
525 410 17 18
284 86 43 51
192 500 49 84
423 444 133 135
196 511 66 66
45 395 22 29
3 186 58 91
91 138 43 63
594 32 44 47
550 151 106 116
391 594 8 29
91 134 22 24
246 14 40 77
42 373 12 13
373 311 89 149
393 12 64 108
523 538 56 77
212 397 16 40
355 25 2 7
341 191 38 58
358 388 3 4
188 450 29 36
523 300 7 11
222 591 9 21
241 211 106 122
215 31 42 53
422 303 9 11
568 225 81 84
499 54 15 25
415 339 81 125
276 417 8 9
4 31 53 73
377 392 116 148
130 84 19 26
378 446 85 96
125 109 63 71
48 589 27 54
92 188 15 27
357 172 34 46
153 501 27 27
342 405 38 59
302 103 7 16
71 531 103 114
584 413 37 44
358 396 5 8
41 431 34 49
495 12 100 118
312 69 22 56
53 234 20 36
68 147 8 12
218 280 12 13
5 131 88 120
251 485 84 86
531 87 48 130
200 176 115 120
316 580 69 72
280 498 11 24
163 322 24 31
167 568 66 73
572 187 33 53
493 359 6 7
259 135 30 103
508 348 10 30
92 46 78 82
428 189 30 30
139 34 85 88
416 520 36 38
147 437 28 48
311 481 41 105
487 117 33 70
594 42 3 4
593 542 77 78
18 428 96 128
89 147 44 49
172 414 42 49
490 213 61 64
224 78 51 125
533 213 19 48
293 39 85 138
382 522 9 11
382 89 118 121
47 334 45 51
443 110 68 79
487 166 5 5
383 236 64 117
63 325 44 95
387 483 61 87
82 145 21 33
491 383 86 90
41 75 118 129
341 431 140 152
257 559 44 109
15 111 101 113
454 561 13 34
214 96 127 133
447 7 5 16
563 82 22 37
597 357 81 101
63 595 36 52
540 521 43 81
195 196 9 18
506 107 19 28
52 73 66 101
501 580 106 111
128 454 0 4
74 333 26 32
141 198 58 124
486 355 3 8
579 415 22 24
99 314 13 16
268 15 66 91
482 534 5 7
78 113 5 5
138 68 1 2
512 143 63 79
587 527 24 27
253 496 104 107
405 399 4 8
212 81 26 32
408 18 5 7
398 520 48 60
469 477 4 7
193 419 63 96
424 44 31 43
236 227 20 23
524 473 90 95
126 304 76 79
303 11 50 97
493 571 29 38
437 232 2 2
485 270 37 50
232 57 31 39
265 258 27 54
329 392 41 109
112 2 31 39
334 465 19 23
323 579 44 45
202 46 13 13
32 380 8 13
179 140 6 6
583 397 39 68
180 396 47 112
206 490 121 134
91 191 15 20
364 400 13 30
546 38 78 114
488 80 52 71
534 162 8 11
333 354 99 100
591 167 13 20
151 93 63 81
32 543 67 87
25 508 83 83
162 454 45 47
167 204 128 139
551 49 67 70
556 139 86 97
384 443 65 67
408 219 45 53
208 399 52 95
102 363 71 86
336 438 64 112
375 166 71 125
306 353 17 22
285 67 46 123
197 274 90 95
33 243 73 74
139 357 61 78
458 66 16 41
150 470 81 116
127 396 42 46
348 462 38 39
315 517 33 33
65 292 19 33
356 268 20 37
157 445 9 9
380 568 52 109
60 496 47 68
23 560 51 61
572 255 12 21
292 303 94 102
256 65 32 42
244 95 19 51
236 245 122 134
209 509 31 39
278 422 22 30
371 134 125 138
91 279 3 4
431 44 102 127
114 431 5 8
157 311 27 44
320 247 75 105
107 548 36 52
243 367 55 66
547 488 39 44
594 466 50 102
534 200 132 140
131 174 67 71
221 539 77 81
226 390 10 12
473 259 129 148
586 333 33 41
353 589 58 61
1 575 54 100
433 108 11 13
541 540 37 70
146 432 8 19
519 435 3 13
545 584 64 122
232 594 54 100
444 519 81 87
50 481 22 68
87 374 22 41
388 174 6 7
321 115 51 54
593 484 65 77
538 365 28 67
502 496 140 140
27 340 113 126
570 563 18 23
159 208 43 48
595 468 112 156
424 228 79 101
257 416 74 76
27 584 3 5
323 580 17 17
224 462 72 131
362 471 18 20
563 265 68 93
228 404 80 86
333 219 37 38
87 418 33 35
266 209 18 34
367 491 47 65
66 553 127 140
213 478 53 61
194 114 98 99
21 515 132 134
432 115 40 75
74 591 22 43
229 596 17 18
387 273 98 112
341 205 93 107
595 598 113 114
302 407 40 56
466 191 77 135
478 63 52 55
161 595 20 23
282 415 15 18
45 368 62 66
298 410 57 124
83 511 64 80
31 316 94 95
226 138 62 104
597 460 25 58
479 409 84 85
60 472 68 109
523 144 35 57
1 438 101 111
82 467 9 9
225 97 14 14
332 253 71 128
13 89 27 71
354 446 35 46
194 579 74 94
440 585 53 63
27 440 43 61
372 547 9 14
431 512 71 73
535 169 25 39
284 169 21 26
288 130 15 37
533 358 61 78
250 517 1 1
213 269 23 27
205 165 33 39
559 75 3 5
363 319 125 134
582 176 30 52
510 317 20 27
539 405 101 111
556 237 17 20
320 240 95 115
576 12 26 45
236 65 93 94
297 482 89 94
88 532 7 8
430 401 3 7
267 130 33 47
566 102 129 148
101 69 109 117
119 386 102 146
103 423 28 69
363 333 70 105
543 53 1 5
549 40 93 100
257 71 18 22
350 530 97 129
448 224 3 6
195 94 7 16
187 527 28 37
590 9 26 66
376 381 13 14
320 279 33 35
50 407 66 138
177 292 2 6
537 107 48 76
1 359 23 24
449 147 60 109
54 75 1 3
94 113 85 91
493 266 28 68
100 97 24 24
396 160 41 51
249 530 90 94
555 46 76 77
406 562 52 102
507 273 65 153
320 72 2 2
59 467 19 19
160 434 40 94
526 148 112 130
364 232 59 123
528 162 23 80
156 303 11 15
41 92 54 69
95 155 24 66
273 477 76 122
62 94 116 119
185 580 13 22
275 486 24 43
365 418 24 35
439 170 102 105
362 352 42 85
371 313 89 115
353 20 29 34
96 175 12 35
131 471 27 55
242 411 40 44
577 471 37 47
518 520 32 71
287 384 3 3
146 500 25 25
270 295 19 52
381 0 57 80
92 482 22 29
377 250 50 62
204 180 19 19
40 109 42 115
298 462 79 92
282 57 65 66
135 340 113 125
421 469 22 56
121 323 0 1
13 291 40 81
51 112 62 65
32 564 19 21
251 321 69 78
327 501 6 10
515 390 18 43
350 263 83 88
386 463 27 35
348 110 13 20
264 82 36 66
154 581 52 119
336 293 50 66
84 54 3 3
178 504 15 20
585 541 148 148
424 62 40 52
327 122 81 89
344 541 118 122
48 216 22 28
323 115 55 63
71 53 21 22
372 229 136 144
59 25 37 53
423 200 61 62
246 16 21 62
181 527 68 80
343 228 40 54
547 317 29 34
20 363 5 8
264 54 44 103
589 54 61 82
179 54 2 10
371 482 59 60
227 288 104 105
192 487 17 17
344 368 44 60
471 31 134 153
99 293 108 126
315 192 142 142
235 595 54 84
22 184 81 121
325 321 24 28
8 335 54 62
12 157 56 76
310 532 30 34
134 176 7 11
277 415 8 12
561 116 33 36
39 316 2 3
588 138 84 112
388 261 11 17
594 211 57 76
548 299 45 77
465 325 39 40
365 254 84 139
519 146 10 11
493 383 103 105
308 13 55 63
164 228 81 81
293 207 13 18
554 197 70 80
124 523 36 40
319 461 13 14
305 24 87 92
536 172 44 58
271 321 0 2
524 436 74 78
476 501 21 28
201 553 20 40
224 202 90 106
183 469 13 31
545 576 47 47
552 316 82 89
7 371 12 26
127 433 64 94
529 98 1 8
404 277 53 81
359 368 4 5
17 253 12 31
551 231 24 67
367 177 83 84
33 302 58 76
234 59 16 19
295 9 68 88
357 253 15 25
201 372 60 101
350 53 20 21
166 191 34 139
483 502 41 46
70 299 32 34
238 209 25 38
59 210 22 47
129 120 66 71
396 131 142 155
201 318 130 144
301 164 7 7
482 229 71 73
475 394 121 139
12 135 48 108
145 56 15 17
454 512 29 30
7 66 29 31
308 10 16 32
75 181 30 31
240 67 7 32
23 310 76 79
189 7 57 119
470 429 117 161
286 344 37 41
592 596 15 46
337 478 49 85
326 412 51 55
573 343 32 41
160 235 15 20
125 196 151 153
119 132 105 128
559 598 47 52
346 411 16 21
578 39 64 88
488 548 36 46
186 459 39 122
510 299 93 95
479 262 18 35
215 539 53 72
330 163 116 117
501 48 133 133
518 593 45 47
401 187 65 103
266 236 13 38
161 530 1 1
366 313 40 54
36 568 1 2
471 300 108 133
502 472 35 57
166 541 37 102
189 85 54 106
341 94 40 47
16 117 29 29
175 502 18 20
65 52 51 67
177 115 66 74
351 420 8 9
463 146 40 40
505 579 45 51
391 276 23 31
279 97 106 141
94 238 65 70
511 173 8 8
99 233 120 122
399 528 127 149
115 384 63 70
307 439 38 40
226 331 41 81
375 84 9 11
292 342 1 2
538 66 23 34
336 201 40 41
324 532 59 111
195 226 59 120
473 169 9 10
114 502 3 7
356 15 28 42
399 551 76 77
572 117 9 9
61 529 158 159
408 26 75 94
240 224 22 22
392 555 51 96
161 12 81 121
54 351 27 41
566 359 102 105
9 166 90 102
456 148 18 37
95 72 23 35
513 23 14 23
327 127 26 31
85 421 75 77
323 334 30 101
65 513 20 46
226 179 77 77
221 180 110 112
491 316 45 67
14 256 22 29
138 88 70 85
108 142 94 95
273 438 91 115
150 237 103 107
385 136 37 56
279 186 17 18
521 200 68 78
148 378 69 86
579 572 65 80
175 490 16 18
414 525 36 42
339 495 32 40
188 442 48 59
478 13 17 56
197 550 47 49
402 116 52 69
472 574 55 124
154 204 122 146
267 132 24 35
554 333 73 81
99 121 45 64
91 191 98 100
463 157 79 79
520 231 68 119
515 254 47 53
197 50 138 156
528 537 90 106
71 17 83 156
528 458 40 87
446 342 97 98
405 395 12 25
182 308 16 18
79 261 2 2
135 107 123 125
420 194 49 56
209 519 7 19
487 301 98 100
239 390 43 49
61 496 34 60
531 522 33 116
532 414 71 141
250 195 132 148
395 140 39 126
265 477 42 119
486 446 71 75
275 208 20 27
239 366 4 6
296 335 49 77
305 41 100 119
50 393 32 34
532 45 12 19
53 71 62 70
213 98 41 60
57 157 32 51
162 210 22 23
454 364 52 104
134 412 91 92
178 155 36 40
166 86 72 77
431 244 60 125
211 232 50 64
56 376 28 33
80 140 106 114
160 314 30 107
454 427 15 19
151 177 35 44
151 256 38 43
532 394 82 105
466 228 131 144
3 308 121 124
332 380 91 101
212 127 128 143
366 373 59 85
61 528 34 46
391 97 34 79
49 127 29 54
309 126 93 93
260 261 66 72
189 271 36 50
23 262 66 90
36 498 74 117
204 144 4 5
378 394 50 62
322 257 51 83
519 78 38 130
54 316 66 69
140 372 124 124
233 595 114 115
584 486 29 34
94 344 29 36
128 396 4 6
123 201 20 20
96 100 87 117
224 112 64 105
548 97 45 49
99 143 35 35
156 188 16 26
514 436 49 99
421 201 42 83
507 164 62 72
137 565 20 20
252 325 49 54
226 342 30 32
351 519 71 103
553 475 25 36
89 517 19 53
20 509 9 9
72 88 55 61
416 22 8 8
496 27 107 109
521 496 15 30
555 343 17 17
421 481 91 117
592 140 17 34
571 407 62 72
348 550 24 25
390 527 54 75
472 113 34 40
93 564 34 77
490 423 78 78
429 555 42 46
440 380 31 114
104 538 89 92
390 449 124 125
408 61 128 161
509 368 8 26
97 403 25 80
188 10 91 95
420 423 9 9
236 52 64 66
329 11 23 26
558 354 59 59
81 75 58 66
165 434 120 132
101 11 25 47
83 215 1 9
145 51 94 96
45 81 20 35
545 273 77 97
359 571 100 112
75 597 66 66
442 304 55 57
296 582 62 82
12 249 38 93
417 2 74 81
67 247 58 129
208 100 70 85
125 136 110 128
555 344 29 86
43 205 8 8
131 157 37 43
348 304 32 74
380 71 39 63
495 34 53 64
330 484 38 58
505 119 70 100
193 378 57 64
512 240 132 138
313 588 36 84
12 45 64 82
116 1 48 81
315 137 40 41
127 269 57 60
223 119 94 108
513 487 29 31
456 358 18 31
592 260 40 50
372 354 57 149
28 414 83 154
59 51 28 49
343 577 37 41
279 513 24 30
30 43 2 8
586 65 13 17
357 1 13 32
83 282 30 30
333 110 50 57
261 300 57 68
523 89 117 129
31 332 23 24
215 520 89 100
240 35 73 142
47 289 35 101
113 590 8 10
135 100 42 138
542 112 121 124
443 550 72 83
47 221 10 32
579 164 78 78
537 194 7 10
576 56 112 119
590 118 21 35
428 170 1 2
157 6 57 57
300 97 15 27
418 416 57 105
274 86 27 76
361 143 30 39
513 132 8 8
80 394 1 2
237 98 73 79
361 1 49 77
564 221 60 110
270 423 27 57
15 327 44 65
37 313 11 17
221 586 8 17
394 520 131 133
543 435 64 87
216 507 28 39
133 357 36 87
293 266 16 26
33 542 40 121
554 542 4 4
345 489 48 132
7 283 72 96
59 251 23 66
512 391 70 107
261 91 89 94
372 326 77 82
441 397 123 125
16 408 71 90
31 366 14 46
358 387 82 110
291 352 18 33
302 214 33 38
461 56 61 99
398 284 25 29
527 427 55 56
487 496 38 40
122 57 24 27
62 229 88 101
308 369 6 11
372 178 55 149
125 384 9 10
354 402 52 55
65 287 4 4
273 203 41 50
20 581 38 41
596 77 32 33
545 114 10 13
310 237 59 72
284 386 7 8
531 21 16 21
230 128 15 15
221 35 56 58
256 408 59 70
332 409 20 27
517 481 55 75
422 454 2 5
83 253 22 31
473 18 109 116
57 582 110 116
284 361 150 154
414 336 65 95
73 171 27 59
571 307 75 95
58 397 137 138
473 397 35 55
188 563 21 25
561 386 49 55
125 482 94 142
169 594 50 64
301 329 69 87
285 32 23 28
205 331 97 98
417 267 24 35
235 529 23 74
220 346 109 117
60 402 27 71
334 89 34 76
598 82 44 61
159 299 129 129
496 8 6 17
344 38 28 86
589 454 11 13
386 288 56 58
405 592 12 15
512 60 88 118
76 28 8 13
51 595 40 65
236 403 9 10
511 591 84 84
414 318 16 19
159 436 98 107
330 267 53 73
178 148 16 28
465 541 60 110
188 285 65 96
243 311 21 27
186 87 95 109
108 107 89 93
73 346 109 109
409 345 37 51
312 283 46 117
276 499 14 15
567 514 48 49
369 234 28 105
550 379 19 22
373 26 48 53
429 277 114 124
110 496 35 38
485 526 70 94
132 184 15 22
479 453 70 82
56 78 66 68
294 6 77 79
248 290 18 26
321 137 24 33
254 429 22 51
99 372 37 49
539 444 91 101
198 420 71 80
324 291 31 75
2 346 56 69
355 283 38 53
592 14 83 110
486 154 140 143
259 60 78 80
420 440 81 81
388 366 79 90
246 465 149 150
202 179 50 73
382 57 17 21
158 314 140 140
154 497 17 31
502 388 48 59
162 267 36 37
8 241 25 34
297 104 62 67
495 299 59 66
459 580 19 44
50 187 34 51
122 47 9 14
100 505 46 85
42 580 27 31
368 434 64 66
53 422 79 80
60 17 88 98
225 82 46 103
287 225 113 118
597 393 133 135
179 447 2 3
212 261 113 123
170 71 25 28
142 41 129 129
322 167 94 136
558 172 45 54
360 64 100 114
292 196 4 4
542 334 2 9
487 113 78 81
369 179 85 123
181 553 27 32
59 149 19 70
226 591 19 31
1 381 35 46
532 244 77 82
544 372 4 4
466 282 9 24
59 485 42 57
466 324 17 20
173 484 47 50
59 65 66 80
544 547 16 56
162 291 1 1
355 106 41 91
526 564 43 104
503 552 66 114
107 317 91 96
448 202 59 64
262 446 109 113
447 408 42 61
320 23 120 126
187 533 51 79
72 440 37 125
562 295 6 11
507 456 63 100
146 114 19 19
582 389 74 85
265 222 51 98
112 488 107 108
181 570 21 26
336 471 6 6
442 211 24 32
369 482 8 8
436 391 47 71
26 352 139 151
48 505 19 21
25 460 127 131
226 267 26 45
103 544 25 34
561 511 80 94
340 459 94 95
442 340 35 38
249 0 41 44
577 48 68 100
418 491 1 1
86 366 89 108
504 191 70 83
566 223 21 34
263 512 2 2
326 214 50 52
286 573 160 160
261 60 14 14
382 537 86 111
497 498 42 46
122 191 58 64
526 510 144 153
494 540 35 64
162 507 2 3
58 392 29 76
358 441 56 94
511 266 19 31
593 252 76 92
337 170 25 39
147 494 15 15
514 397 35 81
386 74 44 94
597 326 34 46
296 238 33 38
26 8 31 54
24 359 103 109
91 255 24 47
382 595 77 127
513 559 41 79
35 359 79 121
236 408 78 133
300 296 65 72
501 331 28 65
570 380 5 5
507 273 33 40
376 597 73 74
187 209 14 36
198 319 22 40
466 2 46 56
161 3 53 53
508 392 32 55
262 425 12 12
365 478 34 64
374 514 23 26
339 105 65 72
504 239 9 12
449 582 21 56
572 248 37 72
597 179 12 19
338 496 66 83
78 13 36 41
313 286 18 21
395 302 35 50
379 548 13 14
129 220 116 117
260 178 42 51
105 309 72 95
574 579 14 23
300 486 39 59
500 341 74 84
69 577 38 44
384 506 36 54
357 36 34 43
442 544 89 123
118 559 23 23
385 409 29 35
126 90 78 90
180 381 144 145
456 227 12 28
225 233 50 50
150 69 40 43
120 193 41 41
527 162 61 67
22 302 67 69
212 159 54 99
40 490 39 52
146 474 22 62
109 340 87 100
596 552 92 146
361 39 83 91
114 400 8 9
448 416 111 123
419 273 49 65
67 520 18 36
271 480 54 61
379 529 68 109
212 493 30 31
51 366 87 107
335 59 29 29
324 210 50 55
22 71 55 85
538 62 26 39
542 269 37 38
402 271 103 110
72 141 28 33
397 449 22 31
492 76 145 147
132 197 92 99
169 29 82 119
78 434 22 26
566 372 45 69
456 529 25 31
482 236 41 76
533 321 82 85
380 581 19 40
89 38 20 26
517 328 39 54
584 486 11 15
406 293 48 54
389 216 67 131
448 323 14 22
332 213 0 1
492 598 29 36
448 97 45 51
83 544 15 16
183 61 95 122
385 310 34 72
140 421 45 83
552 464 20 31
142 410 8 9
470 485 15 21
346 292 60 74
574 319 140 146
140 466 118 121
301 198 17 18
360 376 14 44
527 459 49 94
99 74 97 98
555 271 34 52
236 294 9 9
577 138 74 95
402 357 58 85
248 3 62 96
281 1 60 85
512 83 127 127
578 357 10 12
580 334 67 81
100 369 18 20
458 102 106 112
349 592 105 126
138 224 56 114
32 334 13 16
376 337 18 19
473 535 71 79
78 538 7 31
40 571 103 108
566 306 56 77
191 119 57 59
190 274 37 49
512 214 5 20
371 293 46 67
438 148 45 106
195 164 9 10
130 351 17 19
353 554 2 2
397 19 32 60
322 233 93 102
497 150 43 103
322 540 18 31
304 115 16 23
485 406 82 90
218 397 59 59
58 6 37 41
47 262 31 55
486 586 27 62
107 376 26 52
582 370 13 13
83 431 28 28
135 181 10 11
346 495 78 128
45 7 11 17
149 588 64 64
411 347 0 1
119 570 82 102
269 233 3 8
384 333 94 108
294 143 44 91
454 219 13 13
208 212 19 37
20 77 74 81
272 572 37 50
392 530 83 91
482 235 31 74
436 235 17 29
419 368 103 113
546 223 24 25
298 72 3 3
519 182 18 36
393 346 80 96
355 152 33 33
41 453 110 111
64 571 17 18
18 247 29 38
36 95 33 40
455 562 136 143
531 525 0 2
63 66 30 108
407 114 47 83
183 274 15 15
44 244 58 58
239 537 9 15
208 296 57 107
405 508 13 23
284 546 26 29
455 325 48 73
221 575 36 39
586 435 69 72
133 316 111 156
195 156 13 25
156 579 17 41
507 71 28 28
273 136 64 106
526 315 20 20
241 492 7 11
160 424 48 51
280 358 27 38
575 209 19 34
395 399 1 2
514 267 77 92
548 571 13 29
103 327 8 8
462 455 131 133
269 223 34 87
244 484 119 132
338 430 44 45
218 63 55 62
4 588 41 58
130 272 15 19
593 292 77 77
306 322 52 56
333 126 69 70
210 53 80 136
14 398 58 59
535 267 118 119
331 244 54 58
541 424 5 5
243 548 42 69
268 291 90 100
430 145 84 108
524 55 10 25
88 247 134 149
51 489 19 30
156 530 37 114
393 267 27 56
583 418 62 62
231 165 20 20
551 467 60 147
509 226 79 103
314 540 7 10
261 557 21 28
281 327 45 112
58 355 56 115
454 239 80 84
29 85 14 16
108 582 36 38
69 53 67 74
527 362 65 71
9 316 14 14
35 216 32 35
184 59 40 102
316 356 84 139
346 141 53 56
449 514 4 10
143 304 7 9
564 387 17 51
502 135 13 13
358 345 12 16
183 423 17 19
594 206 103 104
107 466 10 12
137 360 68 73
65 286 23 28
422 366 12 12
542 37 12 20
300 218 7 10
32 41 80 106
315 56 26 32
132 64 52 72
177 313 10 10
359 29 32 112
163 311 67 78
269 240 53 79
145 507 38 97
94 224 31 42
24 307 19 29
72 545 17 26
166 432 52 106
89 368 28 34
337 469 70 73
290 431 19 24
237 241 22 25
33 449 127 135
293 68 30 64
219 426 15 27
525 178 85 88
468 188 7 13
430 193 37 38
185 318 29 30
477 564 6 6
179 408 6 8
574 6 56 114
134 9 8 8
81 349 107 108
13 432 37 47
252 357 61 66
267 439 70 106
39 471 10 22
237 56 79 117
217 430 45 81
8 372 78 91
21 179 7 7
12 345 32 67
92 569 18 30
201 391 41 84
300 530 35 39
466 554 23 41
289 390 45 47
155 105 143 151
109 97 99 142
253 470 22 66
580 261 99 100
54 254 38 45
354 139 61 117
350 415 37 37
255 493 35 35
355 210 70 110
348 141 81 88
374 566 84 84
290 140 6 21
490 268 22 23
210 435 20 27
131 575 131 140
301 121 30 44
588 570 19 23
467 122 69 71
300 204 25 27
373 459 68 85
99 233 133 137
123 71 15 16
55 364 35 44
98 186 50 86
404 407 23 52
300 442 44 85
62 376 53 104
553 497 15 23
140 302 85 100
231 161 65 75
284 219 37 68
465 510 83 113
106 338 147 147
239 151 69 78
260 232 29 33
227 170 26 34
247 20 16 33
309 380 37 89
12 230 45 62
545 285 47 86
400 421 34 36
393 362 50 50
92 159 100 110
186 184 81 81
235 586 20 35
331 427 56 74
221 247 57 99
133 209 64 76
265 273 23 23
537 418 66 86
539 345 3 4
63 434 41 88
192 484 28 36
180 64 42 45
41 416 97 127
75 403 13 13
159 108 75 84
149 238 8 10
515 39 23 25
319 348 80 84
565 276 91 116
201 582 25 26
101 458 27 29
77 85 12 14
2 185 29 66
236 504 104 116
224 567 57 69
512 568 94 119
376 262 31 32
326 447 27 30
558 57 13 16
58 40 87 110
253 453 18 53
596 586 52 57
319 241 15 28
73 486 11 21
140 552 30 30
224 259 44 48
265 530 99 111
340 573 26 45
468 374 113 116
140 2 41 47
59 206 69 82
463 572 55 56
40 304 54 65
257 64 73 78
164 182 77 115
557 225 18 30
363 381 6 20
571 266 79 135
330 379 31 43
65 559 89 89
343 303 113 119
159 549 8 8
556 41 79 107
238 105 91 93
16 534 11 12
263 406 28 55
387 467 78 83
101 271 17 36
520 422 48 56
595 302 56 133
243 301 30 67
370 294 101 114
63 180 2 4
592 7 36 52
369 470 23 27
134 567 71 121
524 41 34 35
448 374 22 23
39 61 79 79
79 252 65 121
446 285 82 117
82 460 29 33
576 534 103 108
213 387 75 77
340 45 129 145
85 396 18 18
495 42 48 85
35 520 76 93
92 491 58 62
468 211 15 19
478 510 56 58
300 57 1 2
435 128 133 137
281 482 71 85
494 275 29 40
22 442 97 133
122 164 147 156
253 542 61 69
456 446 15 16
483 515 26 27
348 351 25 33
441 515 14 20
454 142 83 102
483 354 30 78
383 221 91 96
230 535 49 54
458 234 83 121
231 59 44 50
525 435 100 107
335 568 51 61
289 6 116 116
459 445 25 27
468 130 35 57
44 517 6 9
114 89 120 122
129 392 1 4
72 211 15 16
264 507 43 54
481 52 37 58
255 582 33 82
89 297 51 70
139 365 39 87
357 67 5 13
246 336 60 61
111 109 3 3
116 134 19 23
572 114 17 18
525 97 97 99
251 427 37 49
364 61 114 115
379 423 107 109
36 37 79 81
548 509 31 47
25 459 73 97
538 227 24 32
145 364 1 1
89 449 5 11
357 487 3 4
329 114 114 118
308 423 58 65
11 345 53 56
206 586 84 90
233 347 31 45
315 75 91 122
566 56 81 86
71 256 104 123
329 477 71 73
126 360 55 55
177 253 31 45
574 238 54 79
396 377 67 67
204 459 51 85
11 131 73 78
248 270 52 102
123 582 34 46
61 339 55 64
75 486 26 33
568 10 46 48
346 512 67 75
437 368 89 107
320 88 46 78
203 492 19 55
154 415 60 101
115 415 28 59
72 267 64 74
360 555 9 12
190 548 36 43
376 0 10 15
450 348 42 79
275 269 116 130
203 479 105 145
537 472 43 90
9 509 16 37
404 273 45 55
541 33 82 95
263 278 118 118
344 490 45 46
237 247 16 18
304 14 25 38
394 75 59 75
56 264 41 52
207 347 46 47
184 505 24 60
478 520 31 34
30 134 95 95
473 354 45 57
566 394 12 40
410 104 40 44
498 233 21 24
296 548 33 75
246 74 20 54
499 172 67 83
113 93 57 76
423 387 8 25
475 458 115 116
403 123 22 28
575 296 55 59
458 181 54 63
440 87 110 117
2 403 35 105
366 17 60 68
269 280 34 48
472 197 29 45
14 63 44 79
450 507 36 118
161 478 48 53
401 400 67 72
64 440 101 103
429 342 92 102
276 387 20 61
146 596 1 1
215 153 23 73
69 175 27 71
515 503 13 26
483 217 17 49
61 55 116 137
203 230 112 112
215 595 2 3
521 465 2 2
587 4 46 49
561 315 16 30
329 264 2 6
36 550 23 43
65 283 58 68
217 304 42 62
97 461 104 115
11 348 54 98
304 36 106 118
83 65 82 88
589 239 47 74
222 21 43 49
161 353 50 77
162 15 68 147
210 21 63 64
126 267 52 101
0 574 114 121
13 458 91 91
473 533 39 70
71 473 142 153
83 156 44 61
202 349 122 144
391 253 77 79
41 15 120 137
427 566 56 116
451 42 8 15
90 132 9 11
440 544 118 137
488 308 5 7
588 150 107 119
187 379 57 71
201 126 23 78
576 374 71 75
110 539 83 125
112 44 57 104
356 35 99 109
152 321 28 42
428 170 80 123
58 48 9 11
113 399 13 25
378 52 51 71
451 21 36 41
270 182 35 46
520 322 61 71
32 460 48 49
134 69 3 3
225 213 69 71
505 375 37 81
310 378 50 78
478 524 8 8
206 79 49 80
509 329 16 19
238 526 4 12
171 181 43 91
229 357 87 101
128 264 75 119
544 439 72 93
234 235 85 111
154 319 140 148
96 491 2 10
13 552 107 114
334 104 43 46
72 176 137 149
279 144 40 43
464 317 80 86
411 202 19 48
568 407 24 83
150 205 27 36
401 459 38 136
410 344 2 2
212 459 24 76
169 237 44 46
235 570 33 41
450 82 17 18
566 303 9 12
508 507 47 53
541 412 91 92
468 207 62 67
441 127 57 58
0 374 4 14
251 287 34 41
0 7 101 147
420 449 60 107
104 538 30 83
57 593 31 121
15 74 3 4
232 116 72 109
18 102 52 66
108 329 26 26
374 320 85 85
482 180 41 44
166 331 78 81
571 385 12 25
515 295 73 75
53 222 6 7
300 511 66 67
201 493 46 55
430 136 47 62
391 126 100 135
176 57 2 3
117 79 50 52
210 452 40 46
425 267 33 33
380 394 32 48
58 480 56 74
241 415 92 104
527 278 30 67
70 375 15 24
479 36 51 59
113 157 37 44
403 320 54 92
74 80 105 133
499 387 128 135
479 236 140 150
120 229 23 29
464 75 17 24
418 303 79 113
77 427 31 42
561 327 43 50
338 7 6 8
97 395 71 75
297 241 5 10
241 285 118 118
409 69 76 79
538 471 72 80
537 488 112 132
215 412 80 86
20 158 78 79
306 301 6 6
7 154 44 76
542 400 37 118
3 98 0 1
421 551 72 103
42 209 26 49
180 474 57 62
578 149 40 86
390 11 26 33
480 316 141 142
334 573 61 104
301 107 3 5
4 7 123 144
2 579 44 81
562 581 39 51
429 395 102 122
534 258 12 16
250 468 14 40
217 550 16 28
318 501 40 98
400 413 38 51
330 541 28 42
586 557 9 17
319 370 4 5
183 453 47 67
444 195 108 113
151 541 19 19
164 282 89 147
288 514 118 125
97 219 9 18
220 202 28 30
89 375 32 75
517 234 34 52
346 281 65 101
190 197 51 76
489 216 42 50
292 157 111 148
521 274 22 45
8 415 26 41
476 567 19 26
163 77 36 62
220 584 63 64
372 107 20 41
201 338 13 14
146 389 21 25
454 155 101 102
433 291 89 89
99 351 127 134
13 175 8 10
272 569 45 60
129 369 6 11
281 225 69 84
24 519 87 94
390 95 47 49
154 437 32 33
408 110 55 71
227 112 75 88
39 408 9 18
568 341 44 73
489 537 32 33
141 462 45 70
99 253 14 25
452 318 48 64
264 579 18 35
596 429 61 106
23 400 59 77
255 146 47 57
353 224 85 95
304 335 50 50
366 460 41 52
484 551 94 126
154 182 42 95
164 513 8 8
221 395 7 15
428 376 21 29
345 411 71 113
113 6 109 113
517 515 37 42
30 584 55 87
281 273 11 12
491 300 16 18
437 299 141 141
183 284 93 141
513 423 28 33
483 35 75 94
594 380 13 13
222 69 74 79
326 499 8 13
32 188 35 87
244 206 74 109
292 363 40 157
72 163 86 123
321 147 160 161
142 489 29 32
434 279 12 40
558 186 80 85
271 194 5 15
280 77 15 30
192 594 34 34
14 69 53 67
267 474 29 45
545 93 15 50
10 183 4 4
172 79 75 124
560 183 34 35
280 74 52 58
202 436 7 21
342 189 75 109
185 249 73 122
477 422 21 65
364 526 33 89
504 268 26 54
298 247 29 102
382 594 36 57
259 527 65 84
259 441 20 27
91 286 158 160
534 484 25 51
471 138 83 87
348 425 19 27
329 22 23 24
151 581 29 44
293 35 1 3
533 209 27 27
495 363 3 3
351 313 101 105
520 126 18 60
520 0 86 91
129 321 75 83
457 391 11 11
573 425 16 20
130 319 70 120
355 432 84 111
507 503 13 20
348 269 12 19
133 419 8 15
269 176 96 112
160 154 80 99
551 149 95 101
275 49 43 96
12 123 77 88
330 192 54 64
26 498 104 113
125 31 89 89
547 244 34 57
9 243 19 25
41 307 89 91
478 66 90 110
301 556 42 86
460 404 80 99
487 538 78 89
428 463 140 143
229 256 4 5
561 62 11 13
360 255 137 137
109 574 73 79
125 575 28 50
379 195 25 28
253 357 31 42
252 145 52 56
459 389 18 37
312 568 4 9
119 230 83 109
218 521 9 10
343 593 34 37
244 83 13 17
150 556 12 13
464 375 53 59
566 492 50 52
532 349 45 71
48 281 80 120
131 240 117 121
104 519 83 95
206 167 60 93
429 189 34 34
359 576 153 155
106 270 102 108
319 566 109 133
294 311 66 69
550 266 5 9
243 58 20 32
124 329 75 109
312 511 124 136
155 177 154 154
98 318 80 90
586 65 39 43
74 579 3 4
318 105 55 77
199 462 48 62
363 338 9 25
3 84 40 76
162 499 53 95
438 42 38 56
258 196 32 49
325 242 102 115
351 228 65 103
529 55 27 36
432 474 27 36
433 18 4 5
239 286 56 80
354 406 25 47
329 206 116 118
59 64 44 57
207 224 29 78
521 331 32 33
359 437 88 122
530 199 57 107
257 97 75 94
499 182 64 84
358 82 55 66
371 574 83 90
470 10 0 2
149 437 89 119
504 248 86 97
364 280 58 58
134 37 9 9
303 175 12 12
253 563 96 96
497 455 86 86
419 257 44 45
376 494 25 42
241 566 105 109
466 582 12 29
47 63 27 36
64 55 29 53
111 448 68 123
334 232 59 87
549 300 104 122
162 155 28 68
27 516 67 73
453 597 35 37
37 47 7 20
464 120 15 36
106 268 27 53
356 19 11 15
113 376 82 89
362 594 6 9
111 5 16 25
219 55 61 101
402 126 59 108
375 221 46 86
458 180 50 50
328 298 69 77
130 548 51 93
468 420 47 47
576 525 26 51
146 7 4 10
20 165 12 23
586 377 15 24
117 438 89 125
596 326 62 66
46 350 90 93
519 351 42 50
428 269 42 48
50 464 134 136
514 39 31 48
38 193 110 111
544 102 34 50
9 158 57 58
246 275 79 117
559 131 8 9
310 129 17 20
129 474 92 110
233 304 19 41
214 94 59 73
8 122 30 38
236 432 125 129
540 67 32 68
440 468 47 53
562 196 29 84
384 426 15 25
545 443 12 12
501 111 69 81
408 184 81 87
470 233 31 32
477 376 67 90
298 583 16 42
544 406 27 86
501 256 76 87
371 97 53 59
100 384 48 67
289 129 84 130
369 192 98 100
425 572 10 20
22 561 38 39
254 181 10 11
313 450 45 62
136 442 33 104
190 437 56 56
57 151 113 115
445 381 80 130
249 217 83 113
327 509 80 83
412 353 27 50
47 221 3 3
122 484 4 14
11 470 55 61
154 554 51 56
371 303 59 98
38 504 28 56
170 57 14 18
251 323 65 96
245 565 6 8
182 91 38 45
122 331 25 41
313 416 33 111
121 422 29 76
568 60 25 27
491 269 41 96
135 474 33 35
463 362 56 115
540 170 32 34
473 577 22 32
75 587 17 18
509 425 24 27
588 171 56 67
343 190 70 116
156 24 62 91
294 360 3 3
337 432 37 89
59 213 21 59
43 216 64 105
96 235 46 92
575 427 124 151
77 439 61 100
477 128 37 55
244 285 18 41
278 245 65 69
399 576 67 75
423 199 32 34
578 330 19 67
549 368 49 63
42 445 58 70
581 589 22 32
361 538 132 132
253 310 94 105
251 183 9 17
583 55 3 5
403 503 8 28
95 141 80 111
72 428 9 20
349 66 27 61
62 111 0 1
404 330 7 11
544 157 4 6
9 318 32 37
387 52 1 2
562 404 80 95
528 151 58 59
432 378 17 59
99 305 11 44
17 558 104 121
404 390 58 105
577 553 9 16
316 356 13 25
177 237 85 107
430 350 12 23
498 26 6 17
148 571 49 89
352 135 27 31
553 312 28 43
254 475 62 67
113 382 82 106
155 390 26 27
91 394 58 65
9 243 15 21
510 484 53 109
588 408 47 62
124 433 3 4
415 592 38 75
256 167 16 25
204 510 36 51
347 398 69 73
275 413 54 71
112 531 47 107
524 562 9 12
121 521 41 71
315 126 3 5
350 289 16 22
139 279 15 23
130 160 1 1
160 415 5 10
569 93 111 145
308 333 46 59
286 273 93 144
109 60 50 76
538 374 30 42
351 66 70 78
536 347 116 121
207 323 79 89
303 337 51 56
96 291 7 19
428 420 50 63
254 238 30 43
475 405 25 77
581 129 78 116
375 452 51 57
378 577 77 130
235 465 41 88
278 338 32 86
580 348 122 141
192 486 25 27
61 377 64 97
195 53 50 60
513 20 26 26
357 350 69 92
165 195 2 2
140 540 4 9
202 331 142 148
569 553 11 11
546 142 26 39
437 47 60 63
530 117 67 103
463 470 54 104
216 443 33 69
269 134 38 54
469 374 17 38
264 474 52 79
465 366 53 58
431 150 22 26
73 348 5 7
23 28 32 74
460 199 1 5
26 152 43 126
537 447 7 17
213 509 6 7
556 8 96 97
109 103 9 24
436 107 9 17
235 179 47 72
274 344 87 118
384 406 28 41
11 508 43 52
590 211 38 99
296 553 103 129
310 167 8 30
360 479 25 25
126 155 53 55
43 218 14 25
202 304 45 66
237 258 8 15
566 420 32 45
475 261 11 15
448 474 45 55
454 525 7 10
149 459 92 128
230 10 39 87
308 210 8 9
593 171 109 116
157 573 53 86
277 58 79 80
163 152 66 73
543 140 93 102
66 445 24 58
40 240 19 42
522 386 22 36
2 383 13 13
133 119 59 60
286 292 92 141
53 299 18 23
166 574 106 125
277 420 52 54
47 256 82 120
583 499 25 54
236 5 26 57
198 304 85 96
15 105 122 128
398 153 69 93
467 300 22 36
588 348 49 51
130 589 23 27
34 151 35 36
239 22 48 49
6 52 103 108
451 58 34 41
563 298 39 50
82 149 64 108
498 152 8 17
159 215 99 101
145 428 48 54
279 449 95 98
9 173 97 98
76 598 85 122
367 232 58 65
489 585 90 126
226 99 110 126
368 239 89 101
560 457 76 77
21 584 0 0
64 228 122 129
217 155 122 128
237 459 59 61
267 15 47 55
585 202 77 77
225 501 17 33
543 34 45 51
145 30 35 95
38 210 26 27
535 132 41 81
470 75 26 26
510 250 22 25
479 227 11 13
452 393 38 41
232 355 19 19
538 303 81 103
578 214 30 39
195 79 10 16
482 232 62 99
559 492 4 7
17 84 92 109
464 490 53 55
303 130 0 0
582 29 38 54
284 113 36 77
338 485 61 89
90 596 19 28
173 554 3 7
89 190 127 135
285 198 126 157
274 195 40 61
212 589 55 57
547 369 72 111
24 234 37 63
244 324 8 8
510 393 51 91
400 339 55 55
170 237 25 31
35 427 55 71
470 40 144 150
3 320 25 32
570 483 52 80
142 293 24 37
447 395 123 123
164 356 39 63
317 142 94 99
400 110 25 26
388 548 43 45
272 338 9 19
547 45 7 11
514 358 99 109
104 332 1 1
146 117 50 88
543 129 27 32
544 512 46 52
401 74 7 17
525 51 45 73
398 54 101 135
424 120 32 42
179 391 14 21
524 211 22 28
126 587 56 80
156 595 9 9
382 406 32 34
75 364 41 57
127 134 79 97
461 466 31 38
591 164 22 27
463 199 65 95
443 389 80 99
179 491 70 141
515 312 45 50
404 10 126 134
158 569 47 66
547 72 141 141
415 91 73 81
11 3 15 15
327 230 60 103
114 482 35 68
212 457 47 53
277 249 18 30
501 338 119 119
259 494 15 17
507 65 10 37
332 447 24 25
21 146 90 99
28 536 49 60
418 388 29 31
303 48 83 86
348 118 48 97
33 30 137 143
498 517 52 83
335 504 7 12
266 494 56 62
495 251 132 135
555 99 84 86
345 347 59 61
435 290 17 17
497 84 51 55
580 399 9 13
114 380 27 33
187 562 37 91
428 346 66 73
28 79 91 107
221 77 64 80
230 347 27 81
356 53 8 10
515 292 11 15
415 313 21 33
173 283 120 140
123 1 32 60
305 351 97 98
505 580 96 118
355 364 81 86
68 515 19 25
35 305 41 41
457 264 83 84
323 350 18 18
407 149 60 133
206 296 33 47
478 546 13 15
361 184 29 98
340 77 52 64
120 569 32 40
564 360 36 69
253 282 73 79
447 585 44 44
438 43 39 44
147 88 109 109
415 109 2 6
393 166 98 100
369 341 92 122
554 40 95 112
175 169 4 6
281 61 156 159
219 253 55 74
465 564 85 86
192 243 78 84
255 207 47 64
500 415 28 41
489 45 35 115
585 29 29 49
191 258 0 2
175 432 67 94
519 96 67 133
197 357 12 15
499 68 84 88
323 106 49 68
426 46 17 19
515 23 88 94
467 33 98 104
464 505 31 31
565 161 40 74
435 411 8 22
26 364 47 66
112 271 80 145
259 75 35 74
295 362 73 82
330 124 80 90
144 79 53 55
33 6 86 133
479 154 84 91
412 38 39 40
518 399 31 63
463 273 55 62
146 163 53 56
330 205 84 91
330 531 13 29
57 1 75 83
137 59 116 122
331 455 68 70
553 524 50 74
203 36 63 76
473 462 32 39
161 539 1 5
334 118 68 69
469 105 82 90
295 60 71 90
350 42 129 129
276 221 61 70
517 314 130 130
12 407 15 17
289 276 11 20
211 556 14 15
13 239 32 42
567 138 61 103
378 458 114 135
1 237 71 82
496 345 137 137
328 274 59 121
569 578 96 112
350 542 95 97
418 283 101 102
492 6 24 25
19 472 131 132
302 575 82 89
175 333 17 21
593 582 62 68
248 137 7 7
547 486 46 50
400 211 44 47
465 423 18 29
527 361 57 63
172 451 14 15
594 234 54 68
20 542 2 6
64 72 4 6
538 470 7 18
241 372 29 30
427 246 23 48
472 416 65 88
350 595 36 63
88 425 77 85
359 6 26 30
547 362 46 68
322 252 72 98
389 50 10 12
135 164 23 24
562 564 78 134
52 315 42 53
471 214 24 60
261 467 36 116
268 163 68 73
117 378 49 59
280 476 34 43
210 167 71 74
239 170 42 87
140 325 15 25
15 497 94 143
39 503 30 48
305 3 38 42
463 438 37 39
83 549 82 84
141 201 25 33
589 291 28 29
538 58 18 34
230 58 21 29
163 172 49 71
456 90 78 87
469 100 78 105
411 326 41 55
520 371 38 46
486 31 59 70
499 352 8 12
418 232 23 28
91 299 46 144
486 441 36 40
279 517 6 11
544 479 22 29
397 260 19 41
582 87 86 111
258 124 2 5
161 96 44 48
208 511 35 54
515 519 32 32
145 343 7 11
220 325 57 94
236 302 89 107
21 294 11 13
452 388 0 2
191 377 95 99
404 206 77 88
459 228 20 43
319 390 11 19
115 476 15 38
71 170 20 22
460 253 26 51
24 246 56 119
314 300 58 59
508 295 138 152
332 255 63 68
162 363 31 31
169 85 16 52
564 19 4 7
249 434 84 88
87 511 8 8
495 78 18 20
19 124 69 92
586 492 60 71
205 3 15 20
525 251 54 71
53 537 53 116
21 265 58 78
335 479 32 56
144 163 95 121
580 108 10 22
260 125 5 6
294 238 93 105
435 99 3 10
534 214 11 16
127 159 9 9
441 146 25 67
340 565 64 98
333 198 31 72
124 570 138 153
113 162 19 39
165 20 29 65
259 310 54 56
230 468 44 48
173 137 21 32
63 260 44 73
372 3 63 96
158 243 93 136
432 362 84 84
71 566 46 74
48 225 32 60
569 345 7 7
393 238 17 24
569 187 7 9
358 81 38 38
105 209 79 103
469 214 131 148
215 389 40 43
418 304 39 92
597 506 89 95
73 441 92 95
382 108 128 129
3 396 46 71
378 419 85 126
146 329 32 75
228 191 97 111
3 266 41 48
407 66 47 48
220 451 1 6
390 571 16 22
494 90 69 112
340 60 57 92
85 359 55 73
127 532 34 46
225 338 66 108
97 373 54 72
137 359 4 5
422 366 96 101
171 592 40 44
76 279 44 59
271 133 52 52
476 63 93 96
194 295 130 131
317 92 21 21
568 348 11 17
438 394 102 107
28 221 57 106
266 206 21 46
547 222 106 160
209 339 22 24
571 430 81 104
107 80 6 10
536 29 30 36
88 551 78 108
258 581 136 140
404 427 43 95
542 375 136 138
285 311 22 26
540 340 23 58
566 297 57 60
357 512 62 101
157 515 39 51
37 213 23 95
466 472 48 87
193 539 21 21
414 478 68 70
319 421 50 57
341 35 81 97
546 196 49 105
327 145 49 53
125 13 38 38
109 302 52 66
263 252 70 90
496 568 23 25
414 543 134 142
73 552 43 57
142 107 69 123
18 468 56 103
37 249 12 25
475 286 53 53
510 445 41 55
41 316 106 111
468 153 16 20
350 67 23 23
536 472 97 107
150 164 82 86
222 232 36 38
448 381 83 90
578 504 19 51
171 264 80 85
422 367 79 92
36 343 10 15
98 590 74 109
534 494 72 81
52 109 83 121
493 46 49 49
486 223 128 135
24 206 14 15
589 559 1 4
549 380 43 47
561 452 3 7
430 503 101 103
12 291 61 61
368 202 76 91
354 482 47 62
405 199 43 46
195 4 7 7
408 98 88 97
323 137 11 12
221 506 75 91
44 553 16 16
243 551 38 76
561 183 18 23
531 299 76 89
573 15 159 159
356 564 58 80
580 504 76 86
154 314 78 91
118 16 30 50
34 445 156 158
433 120 5 15
321 231 107 141
161 452 3 7
294 51 35 47
429 454 15 28
40 560 75 77
587 550 101 101
172 70 78 86
85 163 5 10
347 8 9 20
354 88 6 13
13 562 138 138
138 253 49 108
152 316 111 119
414 428 22 46
262 562 20 29
464 167 12 25
424 491 61 71
239 484 34 93
136 243 101 101
133 336 74 94
278 219 74 75
321 128 58 83
33 574 31 39
359 501 21 32
346 448 44 65
470 43 13 14
53 304 3 5
150 580 20 30
560 513 54 67
58 238 60 68
362 183 66 75
74 77 66 71
323 393 83 108
435 167 22 32
553 472 34 85
185 72 37 84
415 200 47 51
64 63 24 28
71 541 51 76
145 569 32 35
164 210 46 82
327 240 37 37
195 127 92 92
418 569 149 149
476 14 40 102
77 274 74 86
512 572 41 117
583 93 62 117
14 441 69 129
479 177 6 6
534 203 80 109
580 23 62 121
510 86 36 55
125 390 55 98
421 237 119 122
525 514 45 53
537 569 69 69
10 380 61 120
28 472 93 110
316 9 41 76
422 230 53 56
118 171 39 63
395 2 33 117
442 332 61 75
112 487 45 51
479 565 35 36
15 237 28 88
177 109 2 2
271 282 71 111
101 343 102 103
356 480 16 48
9 520 71 75
442 301 0 2
112 143 41 43
268 592 44 44
471 71 24 27
498 140 40 78
177 408 60 60
205 285 37 127
360 422 54 69
55 76 26 78
342 204 3 4
543 170 88 126
58 299 36 40
344 207 34 50
281 502 3 4
193 419 63 73
340 214 13 47
293 403 14 17
39 158 63 97
350 149 31 45
292 214 17 20
251 501 58 91
103 580 21 59
563 341 29 32
537 264 16 19
441 489 65 76
524 569 18 21
102 24 32 47
370 458 41 43
174 301 76 93
160 175 19 23
288 496 25 27
340 333 73 77
331 87 44 100
46 69 40 47
131 440 59 64
556 90 23 25
308 302 26 46
501 421 23 58
254 47 12 18
564 104 26 27
129 358 70 77
71 118 62 73
330 85 18 18
183 243 98 100
579 434 55 92
377 378 77 86
544 550 12 13
13 287 93 101
78 150 141 144
269 21 96 104
271 148 107 108
513 317 10 15
431 521 83 89
233 453 24 33
296 430 2 2
573 466 3 12
271 41 128 148
504 280 107 131
65 141 42 51
285 391 43 84
589 501 14 15
586 39 69 76
242 424 11 12
43 317 15 42
554 485 18 25
208 532 18 54
84 315 49 58
521 115 68 91
31 305 32 94
131 383 68 76
93 79 7 24
444 147 16 34
498 29 17 18
115 346 93 123
27 531 111 119
470 115 29 39
298 587 3 4
163 596 35 38
424 226 16 16
346 100 16 26
174 36 18 22
321 493 45 49
590 274 63 64
258 36 39 86
583 18 24 27
332 517 19 45
165 202 68 69
422 10 152 155
39 204 39 52
424 456 76 84
354 225 70 79
238 321 67 73
464 485 63 100
267 20 21 32
255 416 55 56
163 90 103 108
391 358 7 9
190 230 3 9
193 426 101 107
542 8 12 16
412 469 43 47
240 117 57 98
186 224 61 64
559 577 28 28
374 178 29 61
370 183 39 52
243 329 14 15
440 188 110 131
424 156 66 75
360 409 29 37
378 72 29 39
382 451 85 93
14 104 11 16
318 396 47 47
299 182 64 75
598 313 48 49
466 205 61 69
531 363 51 89
262 563 59 64
542 583 30 36
32 357 19 34
579 519 30 31
565 439 113 113
416 402 108 112
55 306 53 80
297 17 88 97
487 88 1 2
375 270 21 31
267 171 16 61
216 29 69 105
508 373 57 97
592 531 127 127
148 525 62 67
1 461 82 103
158 446 58 63
303 56 48 75
296 357 20 33
484 330 32 33
148 444 14 26
152 5 11 13
126 480 30 65
487 444 40 45
534 78 71 74
230 303 52 62
115 247 65 70
440 113 90 95
92 251 38 77
89 456 100 124
37 337 61 99
477 553 30 33
195 232 105 116
594 101 17 25
460 416 65 109
442 523 129 130
362 587 59 61
182 140 20 41
211 442 19 49
455 442 78 105
10 532 53 79
58 544 14 15
331 490 90 92
34 409 94 106
371 167 27 38
443 415 153 153
159 110 17 29
595 542 7 8
354 294 28 58
308 571 77 86
191 21 26 30
21 376 133 138
325 404 141 143
388 450 27 31
472 427 31 66
286 502 45 62
491 189 38 40
80 223 3 4
470 194 8 10
93 228 36 37
63 261 54 72
215 227 52 76
30 186 10 13
143 342 18 22
524 559 80 127
377 38 55 57
598 593 93 108
461 101 64 80
133 306 3 5
228 374 73 81
65 243 43 53
421 63 131 133
187 42 39 81
100 485 42 73
116 146 60 89
140 261 60 90
66 211 16 49
130 357 77 86
227 396 112 125
26 411 35 50
321 38 11 21
413 377 35 55
502 212 24 74
237 355 37 38
423 117 5 13
250 196 47 73
538 531 53 58
262 399 82 127
149 593 39 45
140 518 80 120
192 341 131 137
15 113 1 3
497 414 103 106
162 595 137 137
172 257 36 85
382 584 22 48
109 95 0 0
87 124 70 89
516 330 76 100
520 162 135 149
332 319 18 21
10 114 76 96
179 39 41 41
88 15 73 105
163 53 113 134
431 256 47 67
448 297 52 59
412 147 111 112
423 96 31 42
385 79 22 35
309 228 45 58
380 41 12 16
69 443 60 63
2 311 57 64
330 506 134 140
128 177 39 43
239 293 50 121
87 247 14 14
71 144 42 93
469 235 9 9
414 243 9 22
417 513 103 124
174 147 51 125
386 252 60 90
428 194 0 4
409 264 0 2
29 543 95 98
228 529 5 5
116 178 31 46
582 598 51 55
5 394 7 11
484 185 43 44
71 242 30 33
151 120 93 104
255 592 38 40
377 402 10 10
433 542 77 79
323 518 96 132
485 292 48 49
20 338 115 119
345 12 40 49
162 411 5 8
451 394 32 41
330 559 82 93
405 35 58 76
203 173 50 65
71 69 42 98
294 120 87 112
56 433 25 25
544 110 14 34
119 250 128 131
430 241 42 107
517 568 5 8
39 180 56 78
490 262 70 90
593 529 59 61
36 500 77 95
43 304 67 74
115 108 129 129
442 439 0 1
408 263 55 93
596 27 16 45
488 452 48 49
84 593 31 82
416 186 130 131
348 220 112 134
345 337 6 6
320 352 59 63
81 363 48 122
399 489 26 27
458 511 22 30
175 265 15 18
544 586 16 45
245 141 45 62
438 15 30 42
508 97 21 23
28 442 41 43
312 292 57 77
510 60 30 31
484 47 26 105
1 126 8 9
468 239 51 78
222 494 96 113
198 499 121 135
297 534 6 6
513 275 29 29
530 65 90 130
2 267 29 68
521 522 96 106
277 183 41 54
65 469 16 23
96 429 11 11
210 400 101 131
202 165 90 94
276 476 27 68
294 595 37 50
476 381 51 52
450 557 27 35
279 270 71 77
221 95 5 5
400 580 40 70
446 113 50 52
304 341 53 68
386 585 43 56
227 463 95 99
302 299 106 108
349 294 7 7
503 293 68 115
515 169 17 28
498 106 109 116
171 6 10 18
366 459 49 59
483 43 4 9
552 488 40 87
454 591 14 20
259 538 15 40
383 273 5 6
487 205 122 141
433 271 57 119
298 479 56 72
240 467 56 69
530 176 74 77
483 513 23 49
462 495 110 145
96 540 10 11
258 46 84 106
593 493 38 50
175 48 30 41
164 156 39 39
201 556 11 37
152 389 26 32
550 36 47 73
74 517 55 78
310 33 96 98
164 239 58 58
371 536 6 8
562 319 16 19
262 353 44 82
350 468 29 113
305 295 6 12
155 357 14 18
343 494 17 21
557 160 55 80
297 209 43 49
472 568 58 72
141 215 37 41
3 354 63 72
517 324 2 5
141 158 50 69
77 401 34 38
358 558 22 44
80 211 2 4
436 566 62 85
29 39 37 52
375 361 62 97
115 171 75 83
537 484 26 27
319 264 45 47
155 458 55 65
67 500 12 19
279 111 65 71
11 448 6 7
287 597 86 110
120 361 130 141
385 159 33 34
161 72 34 80
522 19 55 75
225 161 136 151
386 175 20 28
32 264 11 12
274 316 114 117
146 577 84 87
514 419 2 2
27 124 83 86
543 381 43 54
38 587 78 79
276 22 113 115
462 324 117 127
25 580 24 25
368 581 55 72
279 225 56 63
371 206 85 98
590 13 52 55
295 166 53 55
190 590 24 24
122 541 80 107
369 423 62 83
412 223 148 148
15 475 43 113
416 79 63 97
456 241 1 4
319 36 27 32
491 296 36 82
344 549 18 26
94 88 57 60
161 580 100 128
115 492 48 63
132 418 93 97
183 565 126 156
29 228 97 114
295 210 39 54
522 588 26 32
176 240 3 7
541 411 8 12
580 298 37 66
3 201 35 58
291 336 49 51
208 200 9 11
431 280 82 86
475 89 8 11
593 22 28 73
478 51 112 123
514 543 122 131
507 258 9 9
84 403 19 22
131 411 46 55
376 457 36 81
131 57 35 69
317 417 10 12
391 379 39 78
479 46 31 52
118 514 121 126
215 341 20 20
382 478 85 98
40 379 4 13
329 113 51 92
598 584 143 150
499 197 4 6
475 1 94 131
531 122 35 36
469 562 39 52
107 432 22 24
163 264 141 145
12 58 53 53
82 127 95 96
127 355 68 97
58 391 6 7
337 234 6 9
300 423 33 70
499 425 75 103
309 1 74 147
343 122 39 106
127 416 65 141
258 481 57 85
92 128 78 78
118 404 4 4
26 274 29 29
135 570 42 50
426 140 89 135
511 12 29 34
283 160 12 27
250 291 25 25
381 501 120 154
249 286 49 76
542 325 51 53
37 3 16 19
533 13 17 26
392 524 28 72
470 273 31 115
426 517 12 18
323 502 30 99
226 106 63 99
71 245 35 78
138 81 40 41
255 447 25 53
212 205 33 39
120 571 59 87
287 184 134 134
421 309 46 61
326 405 29 54
395 422 104 105
31 458 15 24
22 29 16 38
526 107 6 21
301 401 64 77
28 157 25 54
570 400 9 18
547 303 62 76
453 253 48 60
4 105 148 152
505 64 0 2
141 597 90 100
115 332 114 118
224 133 58 87
455 264 1 4
99 122 48 58
440 382 107 122
366 513 100 118
74 598 1 1
514 271 43 49
522 592 22 31
66 398 35 39
214 135 32 64
392 481 3 3
315 178 9 9
98 58 95 96
562 434 91 94
472 253 61 63
427 478 0 0
388 58 63 94
133 83 63 94
173 352 25 96
449 57 48 73
441 539 9 9
243 19 99 102
100 291 95 121
248 488 83 90
86 555 43 46
69 3 39 80
44 353 18 24
94 395 17 22
5 469 95 115
98 211 19 31
325 539 10 10
1 213 50 111
273 229 48 67
67 450 96 120
285 497 8 29
49 4 53 89
286 421 70 88
272 48 91 92
104 254 137 146
505 100 6 16
440 319 56 74
331 487 89 119
446 569 11 19
476 450 26 42
67 83 139 139
143 468 36 67
496 267 47 50
257 37 71 76
405 117 31 34
217 228 24 27
552 360 52 73
441 291 27 52
348 169 38 50
537 36 72 94
288 137 4 5
435 521 88 127
276 344 3 3
559 150 62 79
320 518 37 77
40 335 70 88
46 164 155 156
198 312 64 79
533 323 0 2
207 188 81 105
548 324 84 112
314 303 33 35
500 587 11 11
211 383 3 3
18 392 61 96
387 341 61 72
100 280 71 76
179 10 0 1
431 399 46 60
63 281 28 28
539 443 26 32
523 295 57 68
69 247 92 94
62 450 19 20
186 558 54 76
456 56 62 69
142 314 44 45
393 41 85 112
35 159 80 89
439 536 70 85
332 296 7 9
399 567 41 43
28 131 124 126
35 395 30 38
40 111 61 64
40 132 56 57
490 71 16 20
461 471 41 81
597 59 8 8
117 544 58 135
246 486 25 26
8 30 70 107
269 281 47 147
93 467 5 8
525 212 70 115
184 339 13 38
99 490 21 44
165 280 84 85
87 492 122 142
471 403 95 110
239 141 38 84
447 195 5 6
430 368 24 26
497 530 28 46
569 238 15 18
358 132 119 133
202 356 28 29
331 87 8 8
454 488 91 130
173 153 4 4
587 134 25 37
531 188 61 66
488 509 75 92
598 326 25 28
347 158 13 13
373 454 30 58
181 423 32 75
144 365 7 12
573 37 45 74
551 564 25 33
60 413 27 37
293 315 32 35
332 361 41 48
589 148 25 44
388 417 24 27
122 316 2 4
314 8 14 16
83 162 10 12
155 101 30 65
595 441 38 93
44 577 5 10
520 312 56 73
537 507 75 115
470 239 88 91
125 553 13 16
121 422 41 49
11 441 72 117
7 407 57 79
252 531 134 147
305 111 7 10
466 58 58 79
107 325 102 104
150 146 82 125
83 277 109 112
109 197 41 76
39 245 26 64
171 424 97 101
65 361 7 24
312 429 7 9
429 388 128 139
173 560 90 111
506 561 26 42
572 372 44 87
313 553 11 15
346 285 107 107
548 412 127 134
459 271 8 14
520 118 67 75
357 398 44 45
252 178 27 57
410 33 12 12
170 522 62 78
102 318 59 59
205 470 36 56
327 547 76 117
424 472 62 105
490 24 37 37
447 367 26 67
201 139 52 55
495 293 10 38
496 186 13 17
146 393 9 13
385 363 100 102
200 298 111 134
473 160 39 40
527 454 8 11
119 98 71 94
125 480 102 108
341 153 50 55
434 33 14 35
413 590 22 24
312 207 29 36
125 366 52 63
140 43 29 31
74 551 36 58
545 491 143 157
142 68 85 99
166 149 48 60
502 7 24 35
355 258 10 11
504 577 46 53
578 40 130 147
546 218 57 63
455 490 29 57
136 316 33 93
352 337 64 71
81 533 18 67
331 273 97 132
245 582 16 42
344 203 15 26
345 578 22 22
414 413 32 34
77 295 23 57
594 118 21 38
310 35 82 87
286 73 31 35
242 278 92 93
297 282 44 66
463 36 108 147
436 2 29 37
272 26 75 131
218 255 42 44
473 547 6 7
269 180 5 7
521 143 7 9
133 489 35 64
13 304 36 66
181 346 142 160
418 310 41 94
71 505 69 71
55 253 78 124
338 501 30 30
275 502 24 25
335 534 63 85
107 185 21 42
573 123 33 60
370 470 58 68
36 203 29 32
596 254 85 96
19 349 1 1
109 302 6 11
406 330 63 68
126 338 72 73
249 376 48 68
567 18 62 70
564 188 50 79
441 198 16 18
553 260 93 108
457 191 30 48
483 63 19 20
231 38 7 17
116 581 2 4
411 595 42 63
552 566 94 116
37 520 33 101
494 60 89 97
502 222 28 51
512 169 87 118
495 474 3 5
81 295 41 46
376 595 5 7
288 193 91 91
437 374 24 33
288 501 101 116
25 492 4 4
363 119 30 32
451 516 63 65
391 542 101 109
6 409 17 18
554 547 24 50
535 227 33 47
258 301 78 114
339 509 18 23
505 271 88 105
433 368 2 7
582 254 16 16
550 55 70 132
130 5 68 70
286 314 27 27
438 56 88 131
499 434 12 15
234 576 45 46
531 38 70 98
162 189 8 10
334 250 8 11
447 410 52 57
47 245 79 98
18 178 43 47
422 383 54 59
574 252 38 56
292 231 97 97
238 550 50 81
306 533 39 41
270 193 76 83
1 578 30 33
352 363 107 152
595 245 18 25
380 570 63 89
453 498 29 33
420 561 16 16
477 93 35 37
499 491 78 78
460 454 36 129
162 127 16 26
29 488 34 38
580 32 140 143
532 119 36 105
315 151 53 53
506 477 64 116
303 210 26 28
458 252 22 27
74 78 15 15
458 51 43 69
482 548 58 73
522 562 28 42
31 365 50 120
259 540 69 76
143 563 104 116
380 242 125 132
480 570 125 142
387 550 24 25
234 540 123 148
478 593 43 107
245 134 54 73
92 59 159 159
508 45 7 20
376 53 79 80
582 45 7 28
235 250 104 128
434 165 39 92
351 332 35 35
407 221 13 16
566 483 115 133
102 284 35 47
308 168 88 102
278 411 102 153
292 0 53 67
105 521 22 22
357 489 70 76
275 312 5 6
208 518 35 46
5 221 92 112
197 529 22 22
443 532 26 35
269 338 96 98
236 521 87 96
207 299 99 127
12 441 140 147
265 281 37 64
38 189 42 70
23 370 33 38
461 219 48 86
16 431 87 87
425 114 54 81
231 85 53 89
338 576 37 50
199 173 47 75
92 513 37 38
147 108 21 21
8 251 42 42
225 369 64 128
174 501 53 78
236 536 12 14
255 56 19 23
74 496 56 70
579 7 13 14
155 445 46 83
262 558 39 39
262 244 112 117
81 219 5 11
64 521 25 33
304 231 134 144
564 452 37 116
443 90 71 98
193 438 41 71
93 403 28 32
386 329 47 118
335 385 53 60
85 555 50 103
166 133 0 0
515 299 35 83
446 447 82 86
426 85 105 109
482 473 38 44
556 6 12 13
262 195 105 122
359 522 45 46
299 464 3 3
94 137 42 51
119 133 99 138
577 184 106 112
122 595 21 77
552 329 82 112
85 56 24 26
263 519 71 78
153 509 45 53
535 314 105 119
518 424 94 124
505 68 54 61
587 530 14 18
253 145 2 4
85 552 40 123
9 68 56 93
450 161 56 71
263 3 89 108
493 300 3 8
521 180 57 98
366 542 42 47
261 137 104 105
416 86 112 122
275 574 66 96
575 102 46 46
279 398 39 97
450 5 139 143
491 493 66 95
449 311 133 147
274 535 145 145
169 381 19 20
107 62 124 125
249 527 109 121
479 488 56 57
341 30 80 118
73 83 2 8
406 335 38 87
126 418 135 136
141 73 35 49
265 545 145 148
148 205 40 42
380 197 12 16
232 397 82 84
510 519 15 15
259 43 61 76
377 296 77 83
240 242 90 105
428 340 47 50
18 316 42 94
475 141 89 92
268 582 10 13
509 256 32 34
216 296 32 38
419 152 9 16
470 198 48 62
240 291 72 83
72 549 115 117
8 453 62 112
70 79 137 137
268 34 49 63
474 436 45 78
334 74 25 45
449 171 4 8
379 175 4 12
484 478 32 38
428 315 64 69
577 2 53 64
250 33 53 90
22 224 46 122
210 15 34 47
408 150 1 2
570 364 38 51
3 15 10 12
141 596 41 111
351 593 12 22
583 81 3 4
23 230 81 109
248 132 29 44
547 466 62 80
566 72 69 93
61 484 20 23
154 545 37 48
35 202 49 83
577 266 6 17
477 206 37 42
363 537 52 107
187 383 0 2
242 275 51 53
137 153 27 53
532 171 59 73
473 100 10 10
553 71 31 31
38 509 98 98
18 117 53 65
32 311 65 76
3 5 1 1
214 337 54 54
547 264 37 50
596 421 75 92
134 94 84 111
512 373 76 85
510 23 10 12
555 467 76 121
153 3 29 47
317 65 32 86
405 247 140 150
103 207 43 51
159 577 3 4
550 308 63 73
340 426 35 36
584 91 34 86
115 87 11 13
538 128 3 15
210 292 18 29
393 411 98 101
317 35 5 8
381 6 55 90
499 220 50 72
151 93 29 66
133 255 37 40
269 529 26 48
356 357 94 105
436 587 45 102
172 168 12 26
395 347 56 77
488 249 100 105
134 66 40 67
345 22 36 38
516 348 51 111
43 561 63 79
422 199 150 156
496 144 73 73
91 543 128 141
44 165 14 30
368 474 23 59
567 520 130 130
238 570 42 45
526 313 77 85
49 286 32 63
183 464 18 20
378 27 94 95
52 591 8 9
240 60 40 49
129 337 50 60
365 217 32 34
353 106 77 83
24 23 123 132
407 549 44 48
113 309 41 112
461 568 27 81
159 339 59 140
329 12 43 114
149 143 37 47
286 38 34 35
270 32 47 57
384 76 101 134
140 321 51 72
457 187 130 134
554 27 42 53
432 544 98 113
582 231 40 45
236 579 11 17
26 450 39 56
41 284 85 89
571 520 74 76
430 361 99 120
371 431 16 25
70 544 9 28
172 509 68 106
501 179 37 51
304 466 93 101
148 19 25 38
186 102 39 41
284 369 58 90
252 142 38 110
436 217 10 11
357 196 96 106
591 142 42 58
10 286 51 71
564 538 22 57
416 172 37 78
458 580 42 54
59 515 38 50
184 249 21 48
194 437 122 149
442 223 6 23
23 187 118 121
233 38 100 123
104 329 8 11
568 227 23 34
571 296 103 113
545 542 31 56
471 159 47 88
140 551 50 67
183 86 100 109
221 466 89 112
550 576 57 76
185 209 29 83
183 419 34 47
120 568 44 58
493 122 36 107
591 487 79 88
228 525 110 154
448 67 41 84
232 35 136 145
326 522 8 8
180 38 20 21
120 342 11 29
78 282 69 71
188 529 33 108
329 474 124 128
122 50 49 66
452 148 33 34
220 353 87 95
115 486 25 32
320 426 21 24
516 215 39 141
412 514 20 32
354 570 27 29
219 28 83 99
217 357 24 24
285 77 11 15
281 23 7 11
495 302 34 53
144 485 20 20
304 29 76 120
299 96 37 42
87 547 46 85
34 213 62 83
424 159 42 44
588 401 64 65
275 30 27 60
449 53 34 63
524 224 84 125
176 134 68 69
478 223 40 56
521 516 11 14
448 122 29 34
398 47 37 91
493 411 124 147
577 105 45 54
80 454 17 31
523 379 59 87
50 268 112 132
495 26 75 76
358 264 151 153
288 128 5 7
576 177 43 103
80 440 94 96
176 570 21 30
86 179 128 131
521 301 14 14
302 228 38 69
492 299 110 131
543 96 87 103
393 167 21 23
208 188 74 74
505 293 20 33
416 355 23 29
372 156 121 149
308 589 58 77
380 186 141 144
333 148 52 63
59 354 2 2
259 125 18 33
34 449 32 43
539 420 26 59
264 259 33 40
137 213 33 71
8 33 26 28
305 95 28 29
358 325 46 50
436 271 28 90
354 587 65 135
334 115 3 7
404 147 79 81
483 248 18 25
137 35 76 80
244 532 96 139
109 82 27 48
242 279 44 68
581 404 33 71
12 401 14 22
336 271 44 50
22 325 39 39
401 338 43 47
360 4 26 51
297 155 46 134
152 63 37 88
306 506 10 24
182 331 6 17
12 189 45 61
266 440 76 77
124 160 0 0
240 222 84 114
22 179 85 116
415 148 73 90
173 276 41 85
448 153 51 51
229 386 99 100
501 139 47 52
57 594 27 32
557 120 0 0
344 393 87 89
94 275 16 39
585 463 35 39
309 240 10 11
419 63 38 43
409 416 31 66
48 107 56 87
77 271 57 85
301 34 31 47
108 574 39 39
388 141 55 96
391 157 7 13
167 506 9 11
373 314 51 67
172 353 26 35
67 250 20 49
545 439 6 8
82 439 25 28
72 216 33 55
197 107 23 27
96 526 34 108
568 466 55 125
294 113 118 118
247 415 33 50
180 137 101 104
577 358 25 51
584 95 154 156
339 314 5 13
291 467 13 16
4 10 112 112
275 99 42 44
331 13 68 80
134 598 23 45
85 530 107 109
32 408 38 73
585 374 49 63
21 492 91 115
163 283 4 7
199 500 34 54
564 518 20 57
244 555 29 67
472 359 36 103
60 413 72 72
513 28 99 125
436 52 36 98
128 32 3 14
238 244 52 92
151 125 100 103
374 307 70 70
549 43 74 132
48 397 40 56
330 504 38 68
258 572 79 82
62 20 29 29
49 400 16 20
167 460 39 46
47 423 121 126
465 300 116 119
525 49 99 107
15 305 77 89
97 546 56 100
351 390 107 112
392 65 17 25
395 329 20 48
573 146 103 125
365 149 30 32
88 206 34 35
243 533 53 83
385 509 53 58
22 226 52 76
512 177 103 105
535 430 5 8
403 504 79 86
157 196 53 60
323 408 12 16
326 409 14 15
41 471 107 133
418 176 60 83
345 71 17 35
493 441 86 87
222 388 96 109
478 177 1 2
489 56 36 52
409 528 53 65
96 210 13 15
42 470 36 40
408 564 9 10
574 580 5 13
238 127 28 47
345 333 19 49
56 349 72 78
550 139 23 35
393 301 3 4
90 409 12 13
134 508 70 74
12 147 13 16
470 272 38 63
141 42 65 70
2 520 8 11
229 378 1 2
527 309 122 122
578 2 69 77
329 502 13 28
363 190 43 86
78 135 40 67
353 358 32 44
288 159 26 27
541 271 13 16
233 406 32 52
74 370 43 43
94 83 116 118
29 430 49 56
513 355 107 125
393 456 89 100
460 360 3 5
280 512 46 80
230 585 87 98
155 259 141 143
419 486 1 1
203 121 32 35
272 141 2 2
520 379 2 3
184 443 72 84
498 261 59 131
127 417 9 14
457 78 93 106
74 218 103 109
261 489 92 106
67 134 109 109
587 569 40 61
246 458 40 113
252 560 16 24
127 546 96 106
331 595 58 63
427 197 20 49
181 303 79 92
29 550 29 30
151 442 82 107
521 486 54 60
16 120 76 95
43 465 5 10
296 16 22 63
399 327 3 15
424 188 38 112
530 495 26 31
134 458 103 104
85 140 12 23
440 172 50 104
592 510 8 24
361 226 140 161
527 244 60 72
75 221 16 36
343 34 25 27
410 101 56 79
174 27 15 17
137 166 59 59
80 485 37 53
187 577 29 100
391 212 138 139
583 113 71 98
405 168 21 34
273 309 89 100
355 284 36 59
456 185 46 123
182 302 91 105
506 144 40 94
242 389 29 60
19 160 43 57
110 107 7 20
75 414 20 35
282 583 67 79
596 178 36 80
32 431 8 8
94 126 115 115
454 466 89 110
591 294 51 101
370 556 104 119
78 121 74 80
259 114 40 64
244 577 52 69
153 487 36 37
530 36 10 26
551 462 60 70
549 360 134 139
494 305 29 32
230 518 37 39
410 104 109 150
19 33 61 73
444 17 35 52
259 140 82 119
540 205 122 140
548 445 33 82
378 317 75 105
70 171 62 88
214 275 45 50
56 586 103 105
305 268 47 105
337 145 129 151
508 566 33 68
63 58 69 92
268 407 13 16
408 92 68 123
317 448 128 128
246 369 144 144
580 190 75 76
453 147 46 101
401 390 85 101
7 381 39 42
582 61 115 131
455 68 0 1
427 277 13 35
276 427 27 35
479 557 29 33
93 81 45 81
79 160 82 141
291 151 3 3
158 404 27 82
470 458 30 49
23 492 4 6
368 561 126 154
130 188 43 122
3 509 18 22
431 70 80 92
234 484 0 1
455 338 6 19
174 239 20 23
14 530 17 19
150 403 15 16
448 358 25 41
181 361 33 41
496 420 31 40
435 73 90 115
135 254 58 74
322 61 16 36
415 365 67 105
227 317 99 101
113 176 26 55
459 564 31 38
121 421 30 50
64 263 95 97
95 97 37 68
559 72 26 32
411 29 29 41
502 430 72 79
530 368 5 8
136 466 32 36
60 491 76 99
163 402 1 2
489 324 1 1
368 434 41 114
69 382 7 21
163 426 38 59
195 297 46 129
134 589 51 105
119 288 11 15
447 266 13 16
503 371 46 87
9 156 79 105
60 523 114 126
507 571 60 63
466 133 50 55
496 391 80 87
69 390 37 56
498 4 81 85
204 377 131 140
193 423 36 46
122 430 92 117
577 542 44 100
453 156 84 136
366 489 107 108
122 520 24 52
443 28 6 6
220 575 43 82
254 450 21 25
299 444 131 132
189 205 135 135
86 264 107 111
144 84 13 18
216 595 91 127
35 432 13 17
490 369 54 71
176 164 13 22
281 129 38 128
88 334 124 125
33 354 6 7
154 75 28 29
396 206 74 83
347 276 21 23
88 585 34 36
436 28 40 64
443 199 38 62
521 23 23 29
509 256 46 87
250 143 78 79
543 301 70 104
75 368 11 40
387 343 29 72
524 383 81 88
212 129 27 80
39 86 50 57
119 511 81 102
211 433 19 20
342 290 110 117
104 288 3 5
350 163 56 92
180 397 46 53
199 307 4 6
196 280 51 52
406 402 31 34
192 572 37 40
62 526 4 4
528 51 10 30
101 287 116 126
34 525 140 142
166 103 22 48
350 493 15 28
71 179 41 42
283 463 14 30
108 87 55 68
303 435 40 141
53 502 10 12
459 82 28 73
574 222 4 4
138 94 63 97
454 165 70 70
187 374 4 4
165 300 39 96
199 256 52 120
161 220 57 58
462 468 36 59
119 350 20 36
466 125 29 80
142 68 65 75
576 65 13 31
465 370 36 82
498 189 7 14
333 84 86 107
60 446 15 15
450 270 69 71
436 210 108 127
332 282 12 20
179 153 41 45
523 491 39 79
64 190 54 70
94 185 78 88
226 339 1 2
266 188 62 69
581 491 57 64
220 434 11 23
149 462 43 53
360 352 81 117
364 436 82 115
594 378 3 3
424 241 72 92
367 171 19 50
157 243 33 33
171 369 98 110
137 333 2 6
385 495 46 66
381 449 3 4
289 425 44 78
104 179 21 25
334 61 13 23
114 410 43 46
234 20 123 141
100 554 9 25
536 434 3 10
208 375 142 143
533 401 3 5
491 72 9 10
486 176 54 98
318 597 5 16
417 506 57 88
310 159 102 109
182 582 39 44
445 407 7 11
539 203 68 117
450 588 0 1
585 517 63 72
1 385 92 104
49 175 17 22
218 166 17 18
53 432 92 113
365 239 42 58
16 471 73 80
314 246 58 125
91 76 115 135
101 81 40 63
18 364 3 3
571 272 47 55
155 480 56 60
203 396 19 20
144 345 49 57
15 79 48 53
151 214 126 133
380 507 47 52
282 202 72 84
527 96 1 2
98 381 123 128
201 120 26 47
181 157 38 39
451 23 6 13
571 322 35 36
349 23 115 119
89 156 5 7
428 245 4 9
513 409 6 9
562 431 42 119
262 175 83 112
468 478 31 44
368 464 9 25
248 591 37 121
97 515 88 88
576 229 13 26
110 200 32 44
436 135 112 138
161 570 24 25
349 301 48 88
80 508 18 43
261 500 6 7
375 573 62 79
8 452 92 97
423 561 124 127
419 445 95 111
194 520 30 51
325 515 23 23
377 515 108 120
235 447 43 44
572 267 31 31
121 22 19 29
22 527 55 55
515 15 49 64
597 195 25 40
82 388 65 120
383 69 83 85
113 88 24 69
456 592 19 32
594 280 118 136
349 416 52 55
407 385 46 55
279 447 96 139
365 321 91 91
436 74 83 86
104 4 15 45
121 29 32 34
52 217 25 26
225 414 3 8
151 356 57 65
540 404 14 20
273 466 50 71
298 15 72 144
112 332 62 89
217 507 78 92
257 229 16 18
248 488 2 3
5 340 73 149
91 10 12 13
43 578 36 110
209 430 79 90
517 190 35 41
159 388 111 136
2 497 92 120
469 187 43 53
354 11 43 89
114 254 1 1
381 407 50 57
458 397 17 34
427 569 63 69
137 80 24 68
504 529 2 7
533 115 34 54
425 254 30 37
423 277 36 66
398 461 33 57
294 347 119 131
63 95 22 23
277 453 35 37
490 344 47 81
118 350 21 21
482 257 46 87
337 317 114 115
345 568 27 58
368 94 67 67
298 493 84 100
106 350 8 13
326 222 72 72
112 467 14 19
498 575 49 64
134 318 66 78
145 289 47 92
253 235 106 135
97 290 99 105
556 290 33 87
51 199 61 156
342 60 21 23
415 29 128 142
470 527 59 78
395 594 41 129
507 214 42 68
61 274 39 47
330 226 27 32
164 113 67 110
202 395 5 9
378 423 1 1
551 402 44 64
447 434 72 78
185 571 60 110
588 54 105 113
433 537 19 35
577 596 52 53
495 431 29 83
194 47 72 81
498 417 131 136
421 66 31 33
55 329 15 16
394 53 23 39
36 558 23 36
555 371 59 111
454 285 4 4
288 5 32 37
117 306 117 126
279 26 17 30
324 322 45 98
123 182 39 39
380 191 53 73
553 577 43 46
51 8 9 9
234 123 45 70
97 499 1 1
295 25 158 161
571 205 11 11
232 9 35 42
522 251 8 9
6 358 40 57
265 348 119 122
134 266 19 40
338 181 59 65
259 159 11 11
309 489 108 127
46 313 47 60
20 197 52 104
200 236 58 98
124 259 5 8
442 288 58 97
509 596 43 46
141 226 5 5
217 461 110 116
235 410 83 92
497 95 10 15
218 478 41 153
208 119 22 23
405 517 82 88
366 64 1 1
458 183 6 17
384 550 21 74
126 65 20 53
105 76 50 58
585 310 124 127
394 34 108 130
152 208 14 18
82 452 28 57
161 125 76 81
254 425 101 105
76 465 21 32
419 76 52 78
454 427 140 143
293 574 14 43
577 201 8 17
47 102 57 129
488 161 57 67
201 128 12 30
88 96 24 46
213 589 86 123
363 92 13 13
415 437 114 139
206 346 42 89
59 228 31 64
200 257 49 66
5 407 51 66
21 175 112 122
188 469 40 70
549 229 9 10
144 54 8 10
251 168 105 106
158 558 54 62
547 468 71 76
458 237 71 78
408 405 8 25
170 286 8 8
353 330 138 157
548 254 17 60
104 536 7 13
25 242 66 94
458 27 39 53
204 55 25 42
479 401 116 133
321 229 35 62
337 238 17 30
228 397 54 60
440 0 2 4
496 74 55 62
340 241 64 106
70 262 119 129
533 368 17 20
56 127 26 28
451 435 80 80
112 392 61 68
535 9 15 57
173 524 62 66
534 560 2 4
531 35 25 43
387 559 75 94
545 18 27 99
37 501 3 5
230 84 36 39
36 567 37 103
120 256 113 115
554 27 59 70
93 3 17 28
497 239 67 89
213 437 6 12
276 244 35 49
557 466 23 41
30 550 26 42
575 156 40 48
14 233 45 56
459 481 87 91
98 543 52 53
531 378 6 6
140 458 127 129
286 369 84 93
459 556 68 114
403 75 35 38
202 162 66 114
491 537 18 30
506 201 45 146
306 190 70 145
34 441 97 108
492 593 33 87
226 52 39 90
258 578 71 101
184 524 86 106
592 470 88 108
57 287 51 61
326 586 109 123
548 559 44 48
593 26 29 40
343 336 101 145
220 114 107 109
511 207 8 11
389 60 14 22
271 296 2 6
43 246 72 104
418 533 1 2
542 522 46 54
110 281 50 71
50 228 104 122
482 229 21 27
449 344 71 105
331 590 6 6
393 87 30 33
515 198 18 31
284 474 109 109
445 123 49 49
111 185 28 38
278 585 34 61
470 25 34 39
446 341 24 24
28 180 77 115
419 428 55 60
82 170 75 83
312 579 8 15
0 273 108 143
69 450 58 135
50 366 15 23
57 395 41 51
12 253 37 80
317 131 2 4
101 514 42 70
23 409 106 108
538 140 88 100
558 354 23 58
188 350 127 130
158 121 65 100
539 498 49 74
265 341 10 17
218 285 81 123
217 106 2 5
139 435 6 6
520 227 14 17
62 518 70 117
86 134 47 69
566 584 69 72
234 175 82 138
164 33 38 44
91 594 51 56
306 583 126 132
20 35 38 73
447 236 67 107
194 196 118 127
309 489 30 32
558 286 67 85
468 118 61 80
580 111 10 13
172 453 3 3
253 411 30 39
76 310 115 132
105 363 39 47
451 259 21 40
157 367 45 47
339 306 27 28
191 210 34 50
25 135 3 9
22 449 89 96
208 126 28 57
409 10 30 32
295 517 35 41
50 442 44 73
510 397 21 38
394 81 18 19
297 565 15 15
47 442 84 93
560 444 150 150
92 480 81 86
139 369 78 80
183 567 13 17
535 490 70 100
480 460 34 57
515 325 29 73
151 490 28 46
80 378 3 12
350 222 48 64
121 184 107 134
490 93 118 125
435 117 30 44
112 234 9 10
511 389 66 67
106 247 27 32
255 375 26 68
379 541 43 53
537 366 14 52
144 90 7 7
10 74 112 120
568 276 36 112
432 396 82 87
286 364 39 85
159 580 7 9
39 560 42 52
586 574 12 15
23 597 123 135
99 230 70 70
555 10 82 134
18 356 100 124
205 304 15 49
570 213 82 93
10 188 48 68
570 221 43 65
212 154 15 19
224 324 1 1
336 209 92 127
386 275 12 21
94 27 3 5
375 458 40 52
305 124 44 48
503 222 72 91
339 508 17 17
596 331 35 133
37 215 52 101
87 292 87 108
166 97 18 18
344 427 66 67
245 89 38 53
519 41 125 137
530 523 83 105
133 99 45 49
130 547 58 97
453 595 23 24
69 570 34 107
200 328 3 14
240 420 5 7
82 203 8 18
73 291 46 46
53 248 80 87
0 294 1 1
589 498 46 52
223 6 82 100
318 585 77 86
296 511 91 113
266 248 59 61
223 338 31 80
430 26 7 11
185 401 54 55
159 34 51 82
385 77 67 70
582 233 104 114
134 67 82 97
297 183 17 17
254 554 60 67
547 415 11 18
119 169 45 57
150 513 13 30
298 258 26 91
95 177 57 76
564 26 110 110
148 53 14 24
312 505 49 61
258 260 8 20
277 317 95 123
418 436 20 25
488 73 58 59
165 522 58 75
273 55 52 114
285 249 22 75
287 456 66 70
386 351 8 10
362 525 11 11
341 326 135 141
169 181 60 97
331 372 91 105
445 355 18 18
196 343 77 136
114 250 45 98
490 391 12 14
36 192 53 55
313 216 25 45
496 337 6 6
46 5 20 24
374 92 77 80
192 528 56 63
97 583 84 91
518 510 81 84
557 188 73 74
469 412 68 68
141 386 62 65
132 168 3 9
576 587 80 81
54 299 51 55
41 190 31 68
90 524 40 53
336 431 96 100
196 270 81 117
130 573 26 27
143 433 12 45
220 121 34 40
108 238 44 60
71 182 24 27
520 230 44 45
570 52 23 32
168 565 48 72
0 322 12 12
597 148 9 13
207 538 124 125
139 474 82 108
363 342 65 98
263 108 42 93
192 519 38 39
404 516 0 0
447 501 64 74
217 268 107 117
269 147 33 68
129 174 128 129
82 226 20 57
345 47 4 5
16 232 33 37
550 495 62 67
65 428 49 67
293 128 102 107
143 99 74 74
364 450 7 15
484 28 27 33
514 127 11 23
377 561 88 94
468 497 55 79
505 81 8 8
22 259 36 55
418 449 3 7
580 60 14 24
597 405 11 21
55 507 47 100
37 487 71 73
142 363 89 101
317 129 27 50
187 319 45 72
166 564 34 80
562 189 15 24
262 65 30 44
107 435 15 41
382 551 57 112
90 139 3 7
216 431 19 24
227 199 52 85
481 123 32 37
225 191 62 125
553 325 69 155
540 334 35 84
61 175 95 95
339 28 34 55
219 290 38 53
230 56 28 47
169 148 38 71
149 416 80 85
135 437 14 16
444 252 52 71
553 528 38 95
194 329 84 87
318 544 16 16
389 393 101 103
561 234 92 101
502 579 55 136
422 187 18 22
445 481 15 15
461 597 3 5
411 578 123 150
8 192 36 62
327 141 71 71
504 507 72 72
543 340 9 20
395 421 67 77
280 185 13 39
206 587 82 100
523 594 5 5
548 562 109 123
416 393 7 17
84 502 39 46
433 430 91 108
321 455 15 22
85 151 10 17
440 13 139 153
409 316 9 19
70 32 30 75
463 457 45 58
3 272 50 66
107 40 19 20
558 353 4 4
265 13 42 43
562 285 63 77
456 132 25 33
113 127 96 101
