600 7200
0 1 51 115
1 2 21 29
2 3 4 14
3 4 2 8
4 5 26 52
5 6 5 20
6 7 9 21
7 8 22 47
8 9 3 8
9 10 22 38
10 11 70 97
11 12 5 7
12 13 32 77
13 14 102 105
14 15 12 89
15 16 58 84
16 17 1 2
17 18 24 32
18 19 19 100
19 20 35 124
20 21 145 170
21 22 116 120
22 23 23 27
23 24 41 50
24 25 18 21
25 26 8 10
26 27 24 161
27 28 12 48
28 29 0 0
29 30 96 105
30 31 11 51
31 32 10 19
32 33 137 139
33 34 72 83
34 35 76 85
35 36 23 29
36 37 22 31
37 38 86 93
38 39 1 2
39 40 87 105
40 41 45 46
41 42 47 52
42 43 20 41
43 44 65 68
44 45 0 0
45 46 75 114
46 47 109 110
47 48 41 120
48 49 47 59
49 50 14 52
50 51 12 26
51 52 45 64
52 53 8 35
53 54 15 26
54 55 12 20
55 56 17 108
56 57 19 28
57 58 3 21
58 59 7 8
59 60 82 90
60 61 15 63
61 62 13 31
62 63 8 10
63 64 70 119
64 65 17 144
65 66 22 22
66 67 55 58
67 68 70 119
68 69 63 63
69 70 30 48
70 71 114 121
71 72 27 83
72 73 4 25
73 74 104 113
74 75 77 133
75 76 33 117
76 77 175 180
77 78 39 77
78 79 96 115
79 80 76 79
80 81 32 36
81 82 20 29
82 83 135 150
83 84 33 75
84 85 2 5
85 86 106 115
86 87 70 144
87 88 169 169
88 89 70 86
89 90 53 55
90 91 5 30
91 92 152 152
92 93 78 108
93 94 66 109
94 95 4 6
95 96 13 43
96 97 171 185
97 98 61 73
98 99 6 94
99 100 40 43
100 101 59 121
101 102 75 75
102 103 10 12
103 104 2 5
104 105 90 97
105 106 51 65
106 107 1 8
107 108 82 87
108 109 57 71
109 110 96 96
110 111 21 59
111 112 1 8
112 113 19 19
113 114 74 88
114 115 13 37
115 116 79 91
116 117 26 28
117 118 102 102
118 119 103 124
119 120 31 58
120 121 0 3
121 122 8 19
122 123 9 70
123 124 53 66
124 125 96 100
125 126 93 110
126 127 53 93
127 128 73 76
128 129 30 65
129 130 60 72
130 131 94 129
131 132 142 144
132 133 24 30
133 134 5 71
134 135 124 132
135 136 30 90
136 137 56 64
137 138 46 75
138 139 48 54
139 140 39 44
140 141 73 96
141 142 2 8
142 143 15 35
143 144 23 140
144 145 7 78
145 146 6 39
146 147 36 100
147 148 63 63
148 149 83 122
149 150 8 24
150 151 9 29
151 152 95 96
152 153 34 40
153 154 5 6
154 155 31 43
155 156 18 19
156 157 28 115
157 158 111 138
158 159 111 111
159 160 135 152
160 161 18 32
161 162 47 56
162 163 4 8
163 164 36 44
164 165 4 19
165 166 4 39
166 167 2 3
167 168 59 106
168 169 69 101
169 170 76 101
170 171 7 16
171 172 168 168
172 173 1 1
173 174 38 67
174 175 85 99
175 176 87 113
176 177 44 54
177 178 17 22
178 179 17 122
179 180 63 83
180 181 99 103
181 182 31 40
182 183 38 40
183 184 11 46
184 185 17 21
185 186 121 125
186 187 16 68
187 188 17 23
188 189 34 59
189 190 154 162
190 191 32 57
191 192 20 135
192 193 139 164
193 194 83 101
194 195 22 22
195 196 43 45
196 197 5 36
197 198 34 101
198 199 92 132
199 200 161 164
200 201 172 181
201 202 25 29
202 203 154 154
203 204 105 156
204 205 12 17
205 206 27 31
206 207 19 19
207 208 88 118
208 209 16 18
209 210 30 31
210 211 11 21
211 212 84 84
212 213 3 8
213 214 15 21
214 215 21 91
215 216 71 71
216 217 1 11
217 218 152 160
218 219 6 7
219 220 7 60
220 221 25 34
221 222 11 22
222 223 28 152
223 224 51 57
224 225 22 33
225 226 15 15
226 227 28 46
227 228 77 79
228 229 60 60
229 230 109 120
230 231 31 46
231 232 45 57
232 233 20 23
233 234 2 2
234 235 98 187
235 236 71 85
236 237 6 99
237 238 66 75
238 239 31 40
239 240 96 115
240 241 45 65
241 242 24 27
242 243 49 67
243 244 41 68
244 245 58 67
245 246 32 33
246 247 8 9
247 248 72 76
248 249 116 137
249 250 137 144
250 251 8 137
251 252 91 94
252 253 2 3
253 254 56 56
254 255 82 90
255 256 35 36
256 257 82 106
257 258 105 125
258 259 25 64
259 260 62 91
260 261 65 66
261 262 38 38
262 263 122 152
263 264 114 156
264 265 5 5
265 266 9 14
266 267 54 66
267 268 19 26
268 269 49 66
269 270 54 55
270 271 47 81
271 272 67 83
272 273 15 21
273 274 84 101
274 275 131 133
275 276 62 81
276 277 5 10
277 278 41 41
278 279 34 47
279 280 135 136
280 281 153 172
281 282 10 12
282 283 73 92
283 284 4 4
284 285 46 80
285 286 21 23
286 287 90 154
287 288 16 16
288 289 41 43
289 290 100 101
290 291 19 27
291 292 28 28
292 293 55 57
293 294 60 112
294 295 46 96
295 296 18 126
296 297 20 41
297 298 15 40
298 299 75 75
299 300 20 41
300 301 37 45
301 302 28 28
302 303 17 22
303 304 111 125
304 305 15 48
305 306 72 140
306 307 19 35
307 308 24 84
308 309 89 138
309 310 30 38
310 311 175 184
311 312 43 45
312 313 4 7
313 314 12 44
314 315 27 70
315 316 13 17
316 317 137 137
317 318 7 20
318 319 3 11
319 320 19 19
320 321 66 79
321 322 92 124
322 323 18 35
323 324 10 68
324 325 40 68
325 326 45 55
326 327 20 37
327 328 46 65
328 329 97 108
329 330 23 29
330 331 34 186
331 332 7 7
332 333 35 39
333 334 86 153
334 335 152 180
335 336 4 25
336 337 14 25
337 338 36 36
338 339 107 114
339 340 101 101
340 341 41 45
341 342 3 3
342 343 92 104
343 344 66 69
344 345 11 14
345 346 28 38
346 347 32 43
347 348 20 25
348 349 151 177
349 350 3 31
350 351 56 73
351 352 85 94
352 353 9 17
353 354 54 84
354 355 101 138
355 356 50 116
356 357 40 45
357 358 84 143
358 359 80 81
359 360 166 167
360 361 22 66
361 362 11 30
362 363 171 181
363 364 84 111
364 365 9 10
365 366 71 78
366 367 152 153
367 368 72 109
368 369 34 58
369 370 32 99
370 371 59 144
371 372 4 33
372 373 8 28
373 374 118 153
374 375 3 18
375 376 8 18
376 377 135 152
377 378 20 24
378 379 102 123
379 380 28 111
380 381 85 139
381 382 86 101
382 383 15 15
383 384 3 6
384 385 24 38
385 386 56 142
386 387 52 68
387 388 67 81
388 389 18 157
389 390 22 31
390 391 19 61
391 392 33 36
392 393 32 63
393 394 9 31
394 395 77 81
395 396 15 15
396 397 12 22
397 398 37 48
398 399 9 18
399 400 73 85
400 401 133 138
401 402 37 39
402 403 2 21
403 404 120 126
404 405 47 65
405 406 179 179
406 407 13 34
407 408 43 113
408 409 23 97
409 410 10 15
410 411 3 18
411 412 96 98
412 413 55 60
413 414 36 43
414 415 133 162
415 416 49 125
416 417 147 154
417 418 16 33
418 419 109 124
419 420 93 93
420 421 0 2
421 422 17 88
422 423 2 33
423 424 14 79
424 425 91 147
425 426 10 30
426 427 10 136
427 428 101 132
428 429 65 99
429 430 141 180
430 431 83 172
431 432 22 37
432 433 37 63
433 434 7 7
434 435 6 8
435 436 20 42
436 437 31 35
437 438 10 86
438 439 105 106
439 440 11 54
440 441 77 108
441 442 7 80
442 443 11 12
443 444 8 49
444 445 146 152
445 446 161 176
446 447 74 83
447 448 166 177
448 449 22 29
449 450 1 8
450 451 20 82
451 452 60 84
452 453 72 76
453 454 58 59
454 455 103 133
455 456 100 109
456 457 136 149
457 458 17 30
458 459 16 43
459 460 4 12
460 461 22 122
461 462 114 136
462 463 27 127
463 464 29 73
464 465 124 140
465 466 18 28
466 467 144 147
467 468 50 145
468 469 102 144
469 470 35 86
470 471 148 149
471 472 54 131
472 473 83 87
473 474 18 22
474 475 31 33
475 476 3 15
476 477 124 146
477 478 16 17
478 479 3 10
479 480 97 122
480 481 36 94
481 482 130 149
482 483 53 73
483 484 127 141
484 485 21 42
485 486 97 124
486 487 15 27
487 488 8 136
488 489 97 110
489 490 47 121
490 491 3 6
491 492 133 139
492 493 39 47
493 494 38 130
494 495 64 69
495 496 92 99
496 497 25 26
497 498 8 9
498 499 49 52
499 500 39 53
500 501 4 17
501 502 20 41
502 503 41 53
503 504 8 35
504 505 118 125
505 506 78 173
506 507 119 123
507 508 11 30
508 509 108 115
509 510 33 112
510 511 72 96
511 512 61 100
512 513 6 23
513 514 9 10
514 515 88 93
515 516 51 89
516 517 9 10
517 518 3 12
518 519 84 139
519 520 155 155
520 521 23 26
521 522 30 33
522 523 28 28
523 524 138 150
524 525 69 97
525 526 0 9
526 527 16 36
527 528 4 6
528 529 24 49
529 530 56 82
530 531 93 95
531 532 15 73
532 533 15 15
533 534 127 134
534 535 90 93
535 536 72 96
536 537 77 79
537 538 79 105
538 539 2 50
539 540 32 74
540 541 3 4
541 542 106 128
542 543 41 60
543 544 84 139
544 545 0 2
545 546 9 25
546 547 89 97
547 548 4 14
548 549 15 15
549 550 33 78
550 551 41 87
551 552 79 81
552 553 96 103
553 554 2 6
554 555 27 46
555 556 27 27
556 557 31 51
557 558 32 46
558 559 121 133
559 560 32 93
560 561 3 49
561 562 85 153
562 563 148 163
563 564 6 103
564 565 86 114
565 566 104 138
566 567 73 119
567 568 127 128
568 569 39 55
569 570 9 26
570 571 53 70
571 572 54 59
572 573 11 13
573 574 29 36
574 575 102 141
575 576 95 111
576 577 53 104
577 578 38 62
578 579 92 115
579 580 26 37
580 581 164 164
581 582 42 76
582 583 21 23
583 584 59 135
584 585 120 129
585 586 61 100
586 587 82 89
587 588 68 71
588 589 20 73
589 590 114 129
590 591 34 100
591 592 18 18
592 593 122 128
593 594 15 23
594 595 17 46
595 596 29 55
596 597 33 107
597 598 1 3
598 599 11 37
599 0 6 37
362 468 6 9
170 483 41 49
134 272 18 39
200 428 22 65
51 324 9 27
257 577 152 161
68 266 25 30
313 537 44 46
138 103 27 53
560 453 8 9
6 391 20 35
277 260 118 119
125 502 35 35
525 187 10 10
149 129 7 22
489 119 1 2
118 117 21 58
110 515 30 120
585 209 2 4
159 343 73 116
457 358 7 17
164 479 57 64
536 418 31 35
307 45 2 3
395 557 45 58
165 384 10 37
210 243 24 37
264 338 65 86
401 543 120 139
224 347 44 71
504 462 14 15
205 449 136 153
388 10 171 171
31 380 70 150
462 285 36 39
364 598 13 107
551 413 85 97
96 247 6 17
507 112 20 22
284 426 3 4
83 356 20 31
232 23 99 108
440 290 58 121
4 512 103 141
396 76 77 119
530 342 3 6
150 40 30 98
122 589 10 76
269 90 23 35
186 227 23 58
418 506 50 122
558 508 24 149
143 532 122 141
322 583 15 87
372 67 13 14
37 383 23 106
443 353 74 110
424 216 2 24
581 516 86 87
500 47 22 61
273 324 16 25
200 247 31 35
461 381 1 3
582 538 68 91
271 96 27 71
584 36 57 73
123 331 69 90
443 208 37 72
39 447 15 18
559 274 1 31
278 446 13 14
501 392 71 109
65 137 40 75
367 125 39 41
516 532 30 39
209 258 3 4
8 268 1 2
126 45 2 6
6 217 19 19
455 302 121 125
125 272 115 149
331 285 41 60
564 242 133 134
99 10 59 71
29 439 60 98
482 577 9 9
106 223 96 117
63 69 114 154
504 346 74 101
496 331 106 108
33 119 4 63
582 111 106 116
568 522 29 32
30 171 14 35
560 393 20 30
395 112 38 77
81 497 14 42
140 134 34 35
94 325 47 54
103 15 47 67
23 494 1 2
283 443 13 30
68 422 27 44
260 221 35 37
506 502 69 103
466 473 36 38
104 365 13 15
479 204 75 130
334 302 60 95
457 475 84 94
176 134 0 1
561 57 3 8
56 1 1 3
535 478 33 47
226 192 154 166
225 234 39 59
36 97 29 33
537 274 34 38
85 155 20 31
153 397 14 22
457 251 76 87
527 291 115 116
269 482 95 146
223 143 22 29
127 317 95 176
34 38 13 18
514 270 114 124
530 457 5 37
563 452 10 17
255 113 21 23
27 438 52 55
397 293 6 8
123 377 91 103
43 209 8 31
321 152 38 47
556 158 26 47
340 506 148 155
475 388 123 171
32 327 154 159
95 53 3 43
267 424 137 138
146 291 7 10
576 258 20 37
118 97 67 71
396 222 3 3
553 164 109 111
499 357 102 109
422 201 57 95
156 173 9 32
484 451 133 152
455 306 24 38
393 300 31 155
217 360 115 122
390 196 170 176
198 112 41 50
236 216 70 78
50 68 50 88
402 98 93 95
452 380 23 36
471 234 30 45
380 572 5 23
124 215 26 27
211 502 21 30
323 49 20 85
540 318 11 17
382 400 10 119
41 538 40 42
400 241 102 102
303 64 81 81
169 253 61 73
79 153 58 72
562 1 41 42
427 554 121 130
39 226 2 2
394 140 77 103
541 121 39 59
368 192 29 45
149 110 21 96
550 42 45 100
209 111 25 82
175 500 69 116
390 531 184 184
551 486 18 23
9 398 26 26
61 551 47 61
264 284 29 41
277 517 99 103
456 250 91 115
510 381 37 75
24 466 6 8
268 80 75 75
290 343 57 114
10 32 44 46
577 429 93 95
71 462 19 31
346 418 16 18
535 27 14 16
596 171 81 135
66 133 3 3
252 371 11 12
581 195 48 53
37 174 15 68
381 432 73 85
432 113 8 9
75 67 8 14
22 249 93 97
265 396 56 112
348 312 116 181
49 250 33 39
552 44 41 46
516 195 6 31
311 81 73 112
197 25 138 140
495 510 58 110
364 480 91 110
319 571 37 161
89 276 57 131
329 146 30 106
86 306 98 104
156 273 136 159
465 505 115 152
578 395 52 56
139 4 5 6
474 218 46 112
290 435 10 17
290 534 66 82
371 100 39 79
321 230 10 32
89 414 74 80
275 8 81 93
25 387 26 34
598 489 57 61
6 58 37 114
80 30 20 92
265 232 72 80
399 570 97 108
516 497 37 166
486 60 79 158
240 212 46 64
344 387 58 96
588 492 12 46
519 287 47 114
335 203 18 55
18 44 58 64
161 591 69 81
294 528 40 65
472 61 6 6
437 55 25 103
49 134 88 128
169 519 25 35
515 227 155 176
328 355 116 160
256 261 72 100
286 301 1 1
422 469 95 96
192 536 11 12
405 184 125 129
398 38 69 69
163 404 5 16
192 544 11 15
581 147 96 134
403 567 30 59
359 132 28 51
462 285 62 64
383 361 77 81
123 323 77 89
497 270 30 39
86 387 3 3
12 397 8 42
66 539 168 168
102 547 18 36
63 275 9 38
272 111 57 111
205 294 6 9
485 551 61 82
332 221 15 149
155 164 7 19
162 494 19 123
455 211 119 129
87 57 99 102
90 228 20 22
279 491 31 31
387 587 11 16
73 209 3 3
512 107 18 22
119 532 57 88
314 193 7 10
587 355 14 29
123 306 114 114
126 406 30 33
429 14 38 38
481 162 18 40
247 230 26 31
427 381 4 8
413 244 95 96
43 224 56 120
389 569 146 172
422 229 97 165
566 263 136 148
311 1 1 1
569 315 33 69
418 139 146 153
274 458 14 162
425 7 164 164
228 436 4 4
242 89 14 34
459 535 72 73
293 368 14 112
333 79 58 91
152 349 11 114
573 160 88 88
568 494 40 76
76 107 108 128
295 290 101 101
83 16 70 77
252 265 16 32
353 536 104 118
267 485 132 140
86 109 70 101
511 67 14 17
280 192 0 2
221 5 64 137
73 509 34 104
156 106 15 15
42 431 44 59
274 187 23 40
403 542 14 16
296 297 59 103
597 82 14 14
202 36 16 28
573 15 16 107
48 529 8 19
247 507 3 51
81 22 6 11
287 323 74 103
37 242 182 185
250 441 11 26
388 283 77 82
42 40 48 48
193 389 106 128
530 263 8 46
383 7 5 33
419 414 35 43
455 312 113 135
294 165 37 61
80 83 52 57
389 398 4 10
23 116 22 69
219 81 1 9
470 203 41 56
301 484 38 91
578 212 66 76
595 486 14 81
319 400 26 72
170 458 5 35
270 236 4 16
136 445 29 41
123 21 8 19
282 21 5 11
92 163 85 103
403 71 26 26
188 270 149 176
82 386 14 20
312 58 102 107
397 111 5 45
553 9 7 56
576 62 20 26
182 565 34 84
187 497 78 80
235 442 28 51
577 245 65 89
342 412 8 8
494 247 22 24
396 406 66 67
444 211 19 32
580 248 38 73
596 38 17 40
151 309 13 16
525 15 12 30
266 264 39 56
58 520 12 67
319 145 16 20
251 177 93 94
511 523 1 2
138 379 53 80
86 536 40 44
186 158 48 80
251 184 22 82
31 329 110 111
559 323 158 164
458 184 59 64
183 326 43 89
497 528 4 7
520 392 25 49
184 434 4 5
109 359 158 161
357 334 41 75
530 48 74 107
160 66 12 35
178 425 128 129
25 471 65 120
521 421 135 136
166 188 17 19
364 92 82 85
285 575 30 47
107 312 32 99
484 433 4 54
168 343 7 11
2 136 0 9
102 401 41 56
226 163 31 35
156 494 27 49
2 189 134 140
146 12 21 27
579 50 14 138
423 273 11 13
276 104 34 107
113 152 49 114
536 154 15 130
139 298 61 78
435 263 94 152
582 332 109 119
128 488 40 70
54 469 65 76
324 31 88 172
299 340 6 45
186 5 147 153
180 221 61 88
425 440 36 38
363 531 11 11
75 216 17 91
71 234 35 85
252 368 4 6
207 259 16 26
105 466 161 168
241 495 0 3
145 516 52 73
206 418 4 25
461 157 107 123
396 516 155 160
551 264 11 54
25 275 60 80
281 569 4 10
595 29 94 99
577 354 65 69
248 166 29 45
315 214 184 188
250 535 41 43
176 305 163 170
200 394 4 10
518 107 42 134
88 170 149 155
454 184 14 15
122 126 4 22
527 251 120 132
325 129 116 144
560 175 53 69
245 300 45 45
29 563 34 74
34 490 9 11
164 596 100 115
208 407 13 79
48 66 31 152
413 23 5 6
127 260 98 137
242 299 24 41
172 257 44 102
91 439 33 100
272 249 70 73
460 148 58 112
45 8 2 12
476 481 104 105
216 189 35 68
85 468 41 47
238 381 68 74
62 494 80 85
161 450 7 9
160 251 40 42
457 99 96 124
176 443 139 143
53 392 35 93
155 336 134 141
342 435 102 124
457 265 3 16
374 106 46 129
323 501 45 67
213 396 34 117
320 455 30 84
307 481 29 83
566 28 21 25
427 548 112 172
248 291 170 171
247 370 29 59
232 335 56 71
304 470 83 114
496 108 53 70
12 301 6 25
175 9 135 169
302 397 141 145
447 264 30 37
476 210 15 49
260 451 106 128
542 303 9 79
520 51 8 15
531 359 131 133
296 89 15 22
524 176 46 54
313 63 114 117
585 119 133 153
449 551 85 89
62 216 63 169
118 189 15 21
406 344 44 44
104 115 81 129
182 15 7 40
124 304 80 131
85 435 10 38
375 568 34 129
402 204 80 94
542 391 12 128
579 456 29 80
383 63 0 4
122 546 171 171
365 314 8 8
383 75 26 57
46 192 96 97
55 492 7 13
596 126 92 164
203 418 108 175
71 349 29 61
320 220 55 154
106 522 57 134
78 261 30 37
414 99 13 23
202 301 29 30
331 489 5 26
240 199 38 40
495 401 126 144
529 411 68 70
370 204 52 57
80 170 10 46
63 138 95 160
420 517 36 62
235 580 59 67
134 380 74 102
107 416 94 99
288 231 38 47
164 350 123 153
147 297 65 73
376 231 23 122
126 550 122 127
479 512 99 119
381 416 121 130
347 179 47 150
496 118 35 113
51 126 22 45
172 445 8 16
263 557 72 83
483 513 100 119
446 20 69 79
435 268 66 68
517 65 9 36
125 124 24 149
545 371 11 26
431 484 10 44
196 451 85 90
311 341 90 129
116 335 123 155
106 574 15 18
512 242 13 26
454 528 21 38
363 440 67 105
542 68 38 79
20 203 1 16
568 141 66 87
64 367 102 132
139 309 48 95
262 86 107 110
357 383 67 125
310 410 108 121
83 486 123 149
51 354 42 66
393 452 35 79
125 119 47 84
365 492 134 134
65 468 26 51
149 75 95 108
537 280 155 168
495 30 14 34
221 394 32 39
255 126 108 118
527 594 12 56
77 70 128 143
130 318 23 82
350 299 151 162
120 476 38 40
490 588 56 101
427 119 13 17
522 278 41 61
124 76 17 17
312 230 111 131
538 69 104 125
308 496 171 179
256 321 55 85
353 334 6 27
244 572 49 58
284 367 12 32
464 315 158 160
404 342 25 48
109 276 125 126
563 29 64 108
184 346 41 58
507 242 10 43
509 9 46 107
561 100 17 100
427 198 78 98
276 201 28 38
507 261 32 33
421 1 62 67
328 245 12 22
46 511 30 34
238 500 34 37
325 439 31 41
183 22 9 9
204 509 20 31
153 255 77 108
463 398 13 16
218 228 109 116
405 349 7 76
20 499 22 25
177 226 12 30
402 83 88 125
52 598 13 18
485 253 112 114
272 8 13 31
43 196 3 14
313 275 80 82
360 207 26 26
411 564 4 5
4 248 4 10
172 389 38 74
329 131 9 27
47 474 40 132
486 87 48 48
96 444 120 134
67 407 20 22
122 188 52 58
257 238 46 56
378 392 10 15
28 277 14 19
297 14 21 35
177 532 127 137
183 141 59 125
28 150 79 79
59 572 32 32
356 106 85 91
366 513 28 44
560 302 8 11
345 152 67 78
6 59 36 50
554 461 25 47
354 7 15 17
240 580 8 11
73 209 53 61
496 381 52 99
153 194 15 23
24 121 82 118
211 204 5 12
524 34 8 28
215 485 147 166
477 331 38 56
148 445 1 2
591 215 34 107
145 199 29 48
62 19 29 36
578 159 38 44
577 32 23 80
286 522 12 31
480 553 12 12
98 302 5 12
270 363 10 10
166 218 85 99
448 189 23 35
544 41 10 155
136 501 128 182
451 127 91 95
266 346 19 51
146 120 13 16
229 100 5 13
255 1 65 74
509 328 118 118
131 481 77 80
209 220 51 83
116 378 96 107
446 154 37 56
338 445 22 25
350 302 60 81
184 80 115 181
14 145 85 91
78 474 3 4
200 359 40 44
165 476 2 3
237 37 86 116
80 197 90 91
261 474 79 99
16 389 25 58
388 339 71 90
221 126 117 123
570 35 42 78
95 588 24 27
172 498 36 39
455 566 19 48
475 351 20 36
262 183 49 56
247 11 13 36
517 8 140 146
522 188 23 26
222 127 36 46
537 170 13 16
389 384 63 91
108 494 103 120
154 577 98 103
396 453 23 27
399 226 5 22
34 418 54 176
363 472 21 22
57 200 65 66
400 231 27 74
186 30 75 91
217 468 1 14
510 576 6 25
5 125 66 86
413 102 18 117
498 387 19 36
312 361 84 117
345 123 16 16
445 417 41 51
23 252 9 15
394 26 27 54
87 329 43 54
452 247 108 130
125 287 81 86
255 214 47 48
395 111 13 25
233 390 101 140
49 531 62 66
336 288 103 148
9 171 24 25
220 14 63 108
151 158 112 119
493 532 10 28
460 19 72 72
379 321 47 54
185 245 3 64
118 458 46 73
433 93 11 12
22 72 60 72
61 345 0 9
420 533 89 142
106 33 77 85
576 478 69 97
241 322 112 112
196 81 11 76
278 486 31 66
175 423 36 37
8 3 16 21
145 228 116 147
311 451 137 158
187 67 108 116
567 401 38 40
569 460 7 8
454 348 1 4
257 499 5 51
518 21 0 4
142 301 6 17
395 375 102 102
453 345 4 10
63 170 142 152
560 308 109 153
420 339 32 41
361 533 40 59
549 521 4 8
149 481 44 51
296 246 18 19
380 470 27 35
371 239 13 13
267 290 12 12
287 511 49 121
66 161 14 136
43 14 110 122
349 354 149 167
314 371 44 58
592 74 26 32
342 57 46 48
326 320 10 12
261 522 78 83
253 140 63 65
313 508 23 33
466 334 5 5
251 48 31 35
497 267 94 130
545 270 56 83
305 49 86 106
462 164 5 6
215 568 83 121
565 464 3 4
23 591 62 75
524 71 48 99
474 516 19 149
433 479 15 27
449 433 57 94
188 169 3 8
464 293 97 102
170 370 90 94
571 500 30 69
440 59 19 23
395 227 53 56
12 590 153 160
378 459 10 71
448 12 1 6
156 597 0 15
435 103 53 90
499 161 10 46
386 124 10 13
303 590 25 61
49 38 94 97
52 31 29 34
218 63 9 23
318 176 101 142
326 96 35 53
63 279 3 11
252 416 45 51
231 5 116 132
238 594 96 96
343 189 165 182
344 429 46 110
320 505 70 101
199 408 14 95
300 61 41 52
541 153 111 113
594 417 19 38
479 474 24 26
470 556 63 67
189 160 95 101
503 199 25 106
292 261 155 162
69 194 31 37
112 442 34 92
120 283 22 59
367 30 8 25
259 541 61 70
1 386 8 71
14 505 34 59
180 462 42 124
562 53 133 176
65 444 9 12
372 596 77 87
507 370 26 59
539 206 86 109
51 400 5 18
349 565 11 18
151 539 18 18
92 265 47 48
251 472 8 51
1 449 45 75
440 251 23 34
197 571 0 9
60 464 2 45
178 550 54 58
82 62 13 46
238 39 12 22
255 299 40 54
521 491 32 50
593 502 43 76
393 429 47 62
594 507 28 39
94 167 65 78
58 269 58 88
88 494 75 75
265 215 2 3
398 35 2 4
401 571 23 41
263 165 77 78
458 213 43 50
88 433 52 56
478 83 28 110
102 444 86 88
402 94 34 36
272 58 55 102
232 573 54 156
310 496 73 127
561 45 33 119
383 11 65 111
348 121 10 25
91 447 107 108
480 443 95 145
46 565 50 52
306 144 79 120
346 107 20 34
114 45 140 141
224 229 21 37
99 230 25 26
202 379 81 117
352 418 56 117
328 163 4 41
195 474 70 74
247 593 32 36
319 95 92 92
406 594 36 121
309 517 57 135
107 46 8 31
156 343 94 118
292 420 118 118
57 278 4 10
273 9 30 31
243 378 49 132
297 553 1 18
337 432 7 28
284 154 139 144
442 93 56 58
133 94 27 56
341 230 155 161
402 302 66 70
468 593 53 112
541 224 5 11
296 334 21 27
355 147 19 84
262 510 7 18
26 162 8 24
551 586 0 2
299 400 53 63
524 298 103 119
418 373 29 46
574 438 141 143
563 171 1 4
259 107 28 101
188 85 33 33
73 339 36 120
475 276 3 11
76 346 12 12
202 62 20 106
504 386 86 120
127 431 28 48
353 291 3 53
205 313 14 22
228 541 92 96
58 531 162 186
372 39 19 48
219 276 6 33
30 271 85 86
230 403 152 166
372 98 128 143
213 475 51 55
225 352 146 167
105 407 3 3
219 343 4 9
205 390 93 154
170 435 62 72
29 286 14 17
49 516 53 58
215 41 61 63
518 0 4 5
198 259 16 18
403 349 44 45
244 504 51 93
522 492 14 64
231 245 81 82
548 421 24 28
209 216 35 104
402 118 41 43
517 81 3 3
193 206 22 27
461 210 11 49
285 84 84 103
556 282 27 80
290 572 74 78
33 550 3 4
42 94 65 93
549 315 7 47
181 145 23 129
463 480 62 80
508 554 21 49
153 448 14 65
531 184 58 115
190 413 121 152
187 507 11 15
589 492 155 170
363 29 145 147
327 225 132 137
488 522 68 71
494 181 6 13
516 420 132 146
84 210 4 12
169 443 30 43
320 59 12 12
533 181 104 154
560 168 5 6
142 366 24 83
237 369 28 33
458 327 167 174
400 220 7 133
157 459 17 31
289 587 10 11
477 21 123 140
586 271 18 44
6 583 31 36
505 167 15 37
516 118 31 33
314 184 1 30
166 53 5 21
384 152 183 187
154 89 36 51
55 25 1 3
559 574 24 62
369 533 44 48
327 446 10 80
219 568 18 35
420 413 34 89
496 405 60 91
227 8 119 154
26 222 128 129
514 281 172 181
431 60 126 165
93 251 63 95
590 387 73 111
354 248 24 25
579 264 20 52
166 90 65 72
507 479 24 40
343 69 34 46
474 157 32 40
396 225 34 65
574 43 6 29
394 588 44 67
184 398 4 4
442 213 123 173
551 230 20 20
393 455 121 129
436 194 21 27
489 51 29 29
323 344 8 13
488 210 8 59
465 444 15 46
363 152 31 37
97 93 19 21
530 17 96 97
148 235 53 105
126 180 99 168
262 176 116 154
551 571 47 51
331 289 48 90
346 553 68 133
19 344 47 168
448 332 28 33
540 520 154 156
128 174 20 179
35 359 62 73
399 278 46 78
41 462 74 94
209 92 18 20
186 544 109 121
167 351 69 157
165 21 45 103
550 579 55 59
587 291 88 91
256 65 78 105
573 452 46 84
32 491 84 87
522 148 41 41
367 209 54 62
258 427 44 116
6 345 57 67
378 192 44 55
303 564 99 120
518 372 80 88
304 580 77 83
382 188 60 141
336 407 94 106
95 524 76 78
484 450 32 40
338 361 4 25
201 63 25 93
357 380 12 25
586 273 37 131
517 272 9 51
586 271 124 129
100 15 13 102
493 37 18 67
115 235 92 94
8 452 42 43
409 171 79 96
12 172 80 82
509 527 9 30
478 418 55 58
60 444 26 73
448 325 84 92
293 397 148 165
590 108 102 102
187 210 12 12
244 186 167 178
325 424 34 70
238 347 128 137
47 537 115 150
86 167 82 83
558 582 3 25
433 329 80 91
232 39 10 14
135 299 60 108
377 168 44 139
138 588 37 101
272 556 55 137
532 442 5 19
480 459 50 60
562 495 11 13
362 483 23 160
566 471 64 81
180 586 29 43
451 27 86 113
354 549 50 73
46 212 79 104
1 6 116 117
84 323 7 37
313 211 114 118
353 163 62 67
207 562 34 48
128 448 10 34
380 184 89 141
61 462 7 22
397 584 133 163
196 276 35 52
567 112 43 81
54 330 88 91
585 14 85 94
77 325 73 127
403 456 79 87
300 105 66 112
26 410 106 107
62 388 57 89
173 179 54 100
303 57 17 56
349 536 141 143
88 592 54 88
58 571 2 3
298 197 46 55
394 530 120 130
411 522 11 52
117 316 100 109
575 444 83 86
326 108 7 10
302 330 79 81
343 12 55 155
121 112 30 34
14 191 57 96
84 116 88 102
169 461 27 67
14 457 58 69
190 310 19 90
186 529 0 4
484 579 17 106
49 233 30 39
35 432 29 44
289 115 120 124
427 113 18 36
424 267 30 38
115 379 79 86
451 224 6 8
52 269 3 7
347 276 30 72
562 63 5 32
290 214 30 32
98 51 98 98
176 410 27 37
266 374 40 51
358 127 1 2
327 128 98 103
385 131 80 81
41 468 42 62
331 111 11 25
511 124 15 34
586 501 78 153
7 176 114 119
206 491 79 83
159 516 33 39
289 393 40 71
513 587 74 79
284 429 105 109
226 578 20 28
360 560 84 104
278 370 64 68
49 193 158 161
278 401 131 131
569 287 18 19
42 33 119 134
387 352 89 89
274 276 47 53
424 199 23 130
368 201 64 105
147 332 52 52
257 518 98 126
471 329 71 135
513 565 177 180
24 53 28 51
42 90 3 10
465 540 84 84
48 117 152 174
223 70 64 70
178 52 4 33
194 342 51 79
514 510 29 100
161 172 16 27
584 367 5 8
371 134 112 143
537 282 9 16
285 80 18 26
239 376 8 14
147 443 11 13
201 116 93 128
575 593 58 62
204 90 62 78
510 272 137 151
280 130 6 14
421 372 32 38
350 406 147 148
413 225 5 89
549 151 122 162
24 62 13 75
532 457 76 114
434 60 74 91
152 31 24 39
439 433 65 69
493 540 73 103
138 118 31 37
142 223 37 42
370 554 7 31
590 337 64 103
447 299 24 168
585 186 29 34
434 375 51 172
192 311 67 80
87 299 132 144
435 140 14 17
464 553 56 69
27 483 56 57
104 307 56 62
290 42 75 77
345 323 89 144
298 291 38 72
558 159 62 63
420 158 22 22
570 486 36 103
504 259 21 27
510 499 147 151
40 468 0 1
563 553 118 126
251 228 102 114
102 130 7 8
78 170 8 22
276 583 9 15
339 241 169 174
458 136 13 68
395 86 50 58
361 5 43 51
338 208 14 29
344 472 144 144
386 161 34 90
167 474 73 98
544 47 63 93
185 97 18 23
110 258 42 45
448 388 98 117
221 409 58 73
307 112 44 58
457 190 40 76
227 587 21 30
572 319 82 92
273 294 31 41
140 321 19 21
56 407 25 70
289 359 63 68
153 593 3 6
481 597 51 52
445 412 11 44
217 525 3 7
500 117 127 139
238 498 32 48
15 151 71 94
296 174 18 32
521 86 33 44
345 452 91 95
319 1 2 13
32 364 47 51
124 408 44 44
381 202 6 13
323 528 6 22
398 312 3 13
583 443 20 27
438 164 17 95
23 231 24 24
361 250 35 63
540 420 31 34
322 391 41 109
141 367 25 56
114 500 13 16
240 391 100 133
274 339 81 142
365 401 35 43
286 31 66 92
278 437 72 124
380 503 29 82
325 97 23 95
397 515 35 160
249 509 4 44
183 558 45 64
94 237 143 155
303 310 56 123
74 245 21 55
355 369 26 36
587 481 62 74
317 162 27 49
113 73 141 141
583 76 97 103
402 381 127 137
117 205 135 144
383 437 54 63
435 124 58 64
315 309 3 12
479 351 176 179
57 35 20 59
121 405 154 159
491 518 26 27
580 310 8 9
389 388 43 107
92 388 26 93
584 17 35 68
382 230 78 83
420 92 34 48
144 410 137 141
466 583 47 48
513 263 26 29
531 52 19 20
488 308 15 22
426 249 5 16
78 187 20 32
247 192 19 47
550 229 47 60
206 183 60 82
565 200 11 46
246 375 78 105
392 496 115 128
234 155 117 130
132 562 6 16
201 257 91 98
565 184 78 89
445 175 89 108
324 342 8 32
313 381 25 46
275 143 1 1
480 399 90 131
381 354 96 159
127 29 70 117
479 80 1 1
358 183 71 78
38 430 75 82
28 135 34 34
104 410 102 152
302 31 22 23
386 97 60 73
88 138 87 122
316 59 27 69
142 214 124 174
332 195 0 3
252 56 11 62
555 157 32 160
512 53 21 23
317 168 19 27
256 571 50 95
381 198 3 33
471 287 25 78
6 97 134 134
204 125 16 29
351 259 34 126
383 68 84 144
560 176 157 165
476 454 121 139
336 325 70 85
256 568 30 33
543 591 131 151
408 144 21 60
218 290 31 33
457 38 8 35
334 114 15 15
224 79 57 111
182 131 13 18
452 560 117 154
462 550 135 139
582 436 16 29
470 442 10 19
189 43 75 82
73 528 0 6
495 231 99 101
177 465 55 81
214 449 137 148
82 59 48 56
563 140 36 93
174 76 28 59
492 564 25 26
134 122 130 135
171 8 3 16
598 76 68 118
300 313 29 36
557 346 17 23
269 22 85 99
477 332 48 81
353 13 10 16
172 319 4 37
217 584 30 102
263 388 51 75
173 8 90 96
51 108 132 139
372 260 20 46
448 464 126 132
493 196 85 103
462 53 72 96
395 502 183 187
330 473 49 69
381 69 57 58
61 401 104 104
12 164 100 133
300 397 59 96
310 189 19 57
434 493 34 51
150 250 6 7
94 219 24 34
110 471 40 43
180 334 62 110
279 73 29 77
185 163 46 49
82 165 8 11
516 108 3 5
596 173 36 36
218 21 80 124
268 127 69 84
418 430 97 123
241 136 17 17
457 264 21 86
429 92 21 76
360 47 45 113
467 311 45 150
187 341 64 102
327 267 9 12
409 164 49 52
404 318 34 36
148 316 38 127
135 233 25 105
487 104 15 19
301 551 11 38
276 120 86 130
188 60 68 88
75 141 42 70
102 577 27 125
428 276 8 59
567 275 33 50
304 422 119 132
16 229 24 72
576 401 16 60
492 191 3 43
19 7 53 76
588 332 15 24
84 187 52 97
29 514 25 108
186 116 68 98
216 18 49 73
115 354 33 42
83 526 20 32
348 42 1 9
353 130 17 17
579 309 21 26
422 343 0 1
167 483 6 14
553 259 40 58
84 156 12 14
329 91 88 138
67 598 21 23
589 315 76 125
77 76 60 160
486 260 28 31
267 216 35 73
60 365 82 97
50 189 96 98
323 335 29 47
339 359 1 3
470 250 34 39
305 362 65 107
441 161 177 180
297 456 17 38
57 121 51 122
544 267 26 28
300 116 74 108
548 505 50 81
45 283 41 113
89 136 22 38
305 225 48 68
9 40 107 147
412 11 76 88
216 483 30 31
273 340 51 88
168 117 145 145
11 156 37 46
49 302 1 4
288 375 50 105
25 286 153 167
353 26 18 35
440 542 123 186
571 387 36 115
426 142 6 6
175 138 26 65
222 523 105 141
437 216 19 23
562 82 58 88
539 11 45 56
400 231 28 60
551 515 2 11
11 253 66 80
557 425 99 102
444 278 30 92
199 146 36 57
68 17 53 54
322 542 117 121
104 316 51 56
217 172 82 132
348 310 157 165
241 477 124 127
67 523 3 73
79 239 31 43
423 63 34 39
329 480 73 96
285 107 16 59
397 573 51 65
432 254 2 5
339 182 40 45
269 382 60 98
433 209 122 166
43 221 23 25
505 168 8 9
535 269 62 102
357 580 71 96
11 598 2 19
350 196 30 42
304 318 62 134
71 448 20 30
442 481 73 74
95 407 25 31
438 430 20 21
168 77 39 83
490 572 123 157
14 414 28 99
230 476 6 119
577 169 17 23
315 499 46 47
588 314 88 109
34 175 24 107
563 491 13 77
175 30 49 82
592 99 29 33
113 26 12 65
47 515 25 104
322 266 63 87
385 23 75 118
127 331 7 8
381 24 9 21
295 503 66 81
150 449 64 81
556 486 105 146
534 283 2 5
71 570 101 149
376 244 2 12
289 142 1 4
524 223 17 30
523 48 23 82
171 20 30 37
261 476 77 86
212 586 82 87
261 43 48 70
137 340 32 33
122 371 24 45
37 550 52 53
545 203 120 146
423 512 17 24
181 519 43 68
215 145 85 129
283 150 25 108
371 51 52 99
258 113 4 25
551 46 63 104
550 37 20 59
332 355 71 75
76 233 13 115
33 355 64 96
60 589 45 68
8 202 76 83
473 483 40 52
348 363 82 144
82 53 71 73
376 345 12 24
323 404 30 31
568 561 2 5
454 119 170 172
437 335 22 47
256 138 10 12
179 435 74 82
548 57 118 142
112 192 107 142
110 98 43 57
64 596 112 127
316 195 14 16
134 153 29 46
388 6 102 166
308 26 2 3
166 141 57 66
415 421 31 57
184 415 36 39
134 16 10 35
71 338 75 100
268 50 106 182
42 438 15 19
282 95 8 17
263 527 15 74
478 375 28 48
206 122 4 20
91 122 100 114
440 280 98 108
160 461 78 123
168 359 14 18
199 547 91 102
382 477 49 92
377 590 41 64
128 467 23 39
133 45 61 65
574 534 26 47
375 565 58 125
38 586 52 57
40 180 1 2
0 348 4 37
261 276 1 8
543 351 1 1
380 202 35 49
216 243 59 68
64 14 30 32
571 77 41 41
506 385 51 99
61 453 55 68
410 95 59 135
272 20 61 65
69 373 17 20
540 295 21 40
461 563 36 126
124 222 63 69
125 586 1 6
351 464 70 70
592 71 44 63
326 249 62 63
128 43 15 19
59 81 19 36
232 524 61 72
166 439 30 44
6 262 39 108
196 582 48 83
337 258 88 106
480 193 40 82
527 107 3 45
288 525 10 21
380 112 98 111
236 216 55 57
529 562 79 118
369 334 20 101
214 577 73 83
73 144 28 38
178 437 7 7
29 577 79 79
185 188 79 80
64 55 57 80
22 406 31 31
122 523 102 134
410 387 49 59
318 70 87 89
285 367 167 168
131 541 7 7
184 383 41 95
288 15 18 53
56 383 103 118
162 205 25 38
466 490 33 57
363 584 16 16
449 496 6 46
125 338 143 156
555 140 5 72
35 196 25 33
29 458 98 101
19 594 108 164
403 183 31 72
502 175 4 9
31 185 58 80
495 544 122 125
522 497 72 83
486 93 68 86
354 254 69 114
75 518 96 98
415 412 128 151
89 282 47 97
441 541 1 1
188 297 63 112
293 299 119 122
8 158 12 34
344 295 22 63
517 190 6 11
573 406 36 87
205 301 80 83
425 234 24 79
136 51 51 65
497 163 47 47
159 458 72 112
564 361 8 66
43 543 37 39
334 321 39 66
236 530 35 77
462 281 33 66
122 2 44 55
281 165 5 28
546 243 28 45
69 7 3 57
288 304 65 67
223 102 88 97
141 492 41 100
192 206 33 158
49 220 105 135
245 572 64 69
373 540 58 166
406 49 89 94
277 146 2 2
583 490 110 113
76 583 94 130
565 539 101 152
568 488 25 25
554 345 37 118
91 25 130 130
55 295 40 56
267 586 47 49
408 114 14 15
408 139 149 154
555 227 28 35
332 60 33 159
530 248 42 46
60 382 41 117
197 43 129 133
252 220 10 31
323 278 10 30
183 277 0 4
217 55 16 32
548 440 43 66
499 570 106 133
579 521 168 184
232 321 38 85
404 509 4 6
507 414 150 151
11 393 85 115
143 510 70 100
590 449 50 150
48 482 61 95
525 102 22 31
41 277 10 42
182 263 1 4
482 19 28 163
351 375 29 55
502 434 13 135
589 475 48 68
18 193 5 14
31 311 46 92
473 249 28 35
0 495 26 136
11 351 9 30
215 77 11 135
436 39 163 163
123 547 79 87
101 270 71 136
259 520 0 0
455 282 35 39
139 37 52 89
436 422 82 84
234 138 17 24
466 567 112 154
79 418 124 141
248 516 18 72
496 220 66 103
354 151 109 122
108 572 17 78
36 168 13 20
94 465 7 109
519 476 1 10
106 553 8 36
553 192 88 165
322 124 154 157
101 57 38 72
402 189 15 59
12 527 6 6
369 570 6 6
223 189 29 68
337 227 136 139
15 541 138 146
365 31 40 102
359 97 2 2
469 205 103 113
333 278 128 150
196 141 14 31
590 514 49 68
401 163 5 9
330 514 19 20
424 271 41 54
55 594 33 97
597 381 14 45
461 597 92 92
32 271 3 38
22 494 5 53
354 230 48 90
404 502 59 108
36 28 26 56
495 298 39 40
249 481 8 83
90 258 19 33
287 92 63 92
185 31 14 57
402 92 59 59
157 398 19 20
585 588 3 14
110 197 27 75
3 596 143 151
441 219 52 60
360 132 41 77
84 502 41 42
309 520 33 183
443 553 79 82
134 426 4 5
85 131 0 3
455 281 20 20
87 42 70 73
524 239 23 35
389 475 94 100
145 222 2 2
425 262 37 43
465 94 19 36
142 126 96 121
195 563 47 95
424 387 115 128
200 190 5 6
33 460 12 36
381 595 47 95
461 589 16 29
292 122 117 118
78 302 166 169
509 230 92 107
127 461 14 21
389 391 45 45
174 472 78 106
307 531 33 39
257 401 75 154
477 368 19 47
415 145 108 125
407 596 8 32
182 435 91 103
322 123 6 8
304 189 92 115
387 265 66 75
335 566 23 29
462 374 44 93
257 395 77 79
29 46 62 62
81 261 27 46
541 588 54 106
344 31 53 93
319 159 31 35
264 302 35 40
373 528 7 65
76 481 72 80
566 555 20 59
374 397 46 51
452 447 16 34
167 68 29 63
365 518 25 41
184 92 34 133
194 492 15 78
494 251 85 147
112 97 54 76
281 478 7 11
139 43 43 89
431 376 7 24
391 181 20 25
80 155 17 28
588 120 85 103
301 383 61 65
586 244 56 118
80 252 67 126
558 337 139 145
152 352 50 77
419 589 62 87
308 267 13 20
234 125 24 28
204 424 15 18
187 564 36 120
593 144 51 115
162 436 42 65
209 183 18 18
114 36 17 33
351 14 12 43
265 266 104 118
561 189 53 70
85 349 24 49
98 56 80 133
456 513 118 147
499 520 5 34
558 94 26 68
157 538 90 124
81 2 46 51
373 559 68 102
292 40 69 71
507 206 8 42
500 191 89 94
176 409 114 119
10 380 15 50
276 485 37 58
226 19 1 1
451 75 55 109
306 40 127 142
257 190 5 54
160 518 33 155
441 353 10 11
36 82 146 148
303 145 165 172
67 176 62 67
514 543 24 67
71 144 1 10
179 208 10 48
140 458 73 98
88 541 104 105
498 514 93 138
364 424 76 88
17 433 29 40
349 21 10 11
402 516 22 89
574 341 8 55
441 37 79 157
116 236 59 76
531 483 174 179
15 516 5 7
375 170 48 62
302 276 24 25
145 0 29 70
552 432 14 43
199 445 56 90
62 229 23 47
467 153 36 38
314 285 50 56
297 113 118 131
176 146 26 121
64 448 19 22
481 51 16 66
37 161 12 13
339 579 5 64
80 393 4 13
405 214 65 92
188 87 60 101
51 499 24 61
142 342 4 17
108 44 25 53
567 443 4 9
359 520 73 77
93 287 2 13
483 37 107 137
293 134 51 160
288 550 5 39
63 379 11 18
565 27 10 16
350 484 6 10
223 267 69 88
72 452 86 95
350 371 49 76
154 506 43 60
208 549 144 163
244 509 148 154
160 347 13 31
90 348 4 10
156 90 4 11
507 313 75 99
446 275 3 7
391 326 56 99
198 428 29 52
79 230 133 155
464 475 54 58
297 494 58 61
476 9 19 53
262 3 15 22
548 207 1 1
593 213 40 67
1 251 18 26
539 281 49 136
43 83 10 57
32 63 21 28
405 445 55 67
170 565 49 50
108 231 91 95
185 3 84 130
344 370 11 11
387 397 27 75
329 445 3 16
542 570 35 40
366 312 57 75
490 254 11 45
516 594 62 107
410 368 51 77
206 37 30 56
234 18 65 66
120 280 71 110
393 346 86 119
319 540 126 175
318 238 81 81
472 139 63 68
260 91 164 181
200 440 40 43
169 222 24 29
422 205 109 113
253 574 81 102
567 232 26 64
135 502 62 80
42 347 64 144
390 417 1 3
500 46 2 3
274 568 35 167
197 75 34 36
326 530 107 108
147 375 22 32
430 468 40 168
431 100 67 110
11 257 100 111
338 192 63 65
350 15 128 128
186 282 8 38
473 500 35 91
325 466 119 119
286 537 5 21
470 14 3 7
154 184 26 33
261 96 30 84
319 331 117 130
59 19 59 86
427 99 0 4
224 397 76 86
494 295 4 7
436 458 61 89
7 175 30 34
217 532 92 121
224 163 56 76
167 241 4 9
235 143 42 87
292 356 100 158
45 497 76 128
556 188 46 59
346 23 42 49
569 180 14 46
361 589 126 135
520 383 41 45
319 560 122 130
454 314 112 135
435 249 82 98
453 112 40 55
497 97 79 86
91 435 1 5
544 326 10 14
102 24 70 167
425 433 10 35
519 322 3 40
499 443 51 138
3 460 0 2
35 198 148 162
509 389 5 41
292 30 40 109
187 220 93 108
60 598 135 142
163 539 31 42
524 75 2 21
275 481 113 113
149 329 98 113
586 533 17 25
282 380 76 90
229 218 90 141
437 356 41 60
483 163 45 46
254 22 111 149
325 394 51 51
44 311 48 115
232 488 93 99
354 541 54 85
286 128 124 137
24 165 56 59
392 55 94 102
84 410 52 123
420 86 44 69
435 99 46 52
584 297 4 5
21 133 23 23
42 341 154 157
298 277 30 86
373 487 30 83
569 409 2 2
311 211 117 139
416 127 83 100
286 281 62 63
150 539 8 15
448 495 4 12
597 361 55 61
158 203 38 48
401 153 46 58
368 268 37 40
396 51 13 48
493 269 51 70
322 473 58 59
411 299 13 29
578 170 5 36
454 527 88 89
552 409 85 161
536 143 8 28
562 323 129 145
79 211 27 27
190 535 158 160
89 532 61 141
225 366 3 27
261 258 23 37
545 371 31 45
46 60 6 8
136 597 36 69
104 576 22 40
170 153 87 90
512 400 18 33
168 183 18 30
230 75 1 17
224 247 52 72
97 571 166 167
540 574 57 68
310 438 68 82
1 476 2 4
130 345 32 35
588 371 8 32
466 9 16 26
24 419 61 69
54 11 55 62
404 444 101 130
373 317 22 54
589 389 144 146
171 62 104 111
409 240 7 9
281 63 36 102
559 206 18 31
544 246 34 41
116 197 56 62
445 315 57 92
592 120 12 50
374 521 37 67
108 301 17 69
431 582 128 138
52 86 89 110
297 577 60 90
581 213 63 117
492 576 0 5
567 98 42 65
250 192 23 110
64 128 136 150
93 547 38 42
332 462 19 62
182 103 26 78
12 579 29 61
254 112 17 19
510 562 20 48
464 290 32 76
151 300 112 122
394 154 6 41
593 44 31 31
292 501 15 21
409 484 160 167
164 96 38 38
575 539 44 124
305 385 36 134
402 364 42 62
151 204 89 90
437 49 5 20
299 389 85 103
200 219 43 131
74 302 12 138
450 213 85 113
338 103 43 59
325 536 19 119
18 369 27 56
534 21 37 38
225 559 9 23
1 378 7 25
257 142 83 131
204 389 9 10
521 105 8 29
103 491 72 102
422 281 10 13
551 108 13 62
523 406 2 19
266 180 93 105
438 281 14 30
287 101 54 173
303 100 26 27
46 317 39 40
369 314 3 40
534 174 100 154
32 118 60 94
462 405 23 37
376 390 34 34
415 15 12 62
562 405 74 91
432 497 39 40
499 346 109 123
575 380 19 81
43 571 12 24
274 7 1 11
527 198 11 12
490 426 91 101
262 331 47 56
163 68 10 24
261 468 33 126
335 274 99 108
367 290 1 2
266 89 21 41
295 583 21 61
536 169 6 26
546 356 37 55
410 205 81 93
121 158 84 120
141 70 131 131
495 523 6 11
575 105 59 67
267 593 94 98
162 246 12 16
0 173 28 34
227 165 94 98
321 81 80 86
277 383 15 39
347 505 139 142
502 111 0 10
199 570 40 50
483 92 27 40
376 325 93 110
30 532 33 59
550 396 6 35
221 427 44 66
276 162 8 116
186 212 15 15
152 527 142 144
80 186 80 80
59 417 28 52
184 178 93 110
7 192 100 121
569 45 158 158
121 507 26 54
344 71 73 126
85 289 38 46
144 10 73 88
241 283 91 134
219 269 46 54
126 390 26 49
119 420 7 23
45 347 124 137
578 391 14 22
12 274 9 14
589 282 33 53
324 83 68 98
278 308 24 60
357 542 48 50
306 257 3 8
154 578 50 55
68 405 66 68
463 96 81 98
410 444 5 5
316 485 86 120
233 59 31 37
58 572 8 9
479 210 95 105
202 559 118 127
116 148 88 128
383 274 3 15
318 53 93 101
45 405 36 59
153 178 13 63
73 209 24 31
548 449 43 141
492 10 133 135
158 175 14 16
516 13 54 149
192 317 17 32
79 494 3 35
359 49 29 53
593 591 149 171
197 202 5 27
514 433 10 59
355 317 45 46
540 31 52 74
550 83 14 19
596 280 30 47
532 362 12 43
131 386 80 164
264 137 41 46
283 425 8 154
29 446 2 3
46 91 1 2
498 46 24 45
66 296 33 95
416 486 37 41
29 235 75 84
270 206 90 103
41 68 12 13
470 328 0 0
401 24 133 160
252 236 35 124
336 398 10 12
57 16 46 48
321 569 89 96
264 480 18 55
212 162 13 14
501 191 6 111
170 453 77 81
310 236 36 120
484 78 88 134
133 12 18 20
67 60 3 21
262 587 13 45
32 552 123 133
261 4 53 76
140 108 65 92
377 456 74 75
353 407 69 89
182 136 58 70
347 0 13 25
404 56 61 95
125 581 43 63
420 318 2 29
225 19 39 40
366 418 16 38
23 228 57 86
552 344 16 16
548 173 73 73
462 46 2 2
172 50 55 111
342 47 25 140
93 74 22 54
508 101 7 11
557 149 129 179
150 333 51 68
467 136 26 58
520 193 8 60
120 94 20 53
483 295 7 9
516 299 117 120
48 58 24 27
273 553 57 89
375 13 62 73
146 34 21 28
141 560 15 15
521 326 132 152
75 116 91 128
118 195 6 10
215 39 16 18
453 574 74 76
29 460 109 111
382 210 136 167
509 320 66 77
76 478 35 41
439 118 4 13
458 290 67 91
78 280 1 2
40 564 83 139
184 9 14 14
182 326 19 54
351 535 16 49
436 242 22 28
441 365 63 137
238 226 91 154
314 220 1 1
50 376 53 53
511 75 166 167
332 95 87 122
192 463 116 118
163 547 48 132
47 436 91 156
461 237 76 135
465 388 124 128
196 241 65 76
299 331 28 88
151 341 2 5
399 26 18 44
454 198 88 109
592 58 93 97
569 187 5 65
16 533 24 87
471 374 134 134
410 438 101 103
382 180 55 93
156 88 107 147
426 408 37 52
461 102 160 163
487 86 122 167
439 227 49 51
534 192 3 12
149 313 110 115
241 282 141 168
170 570 4 6
596 245 21 28
252 397 23 32
359 49 84 101
273 450 11 19
358 121 74 95
320 499 0 6
261 168 92 98
166 138 30 45
527 335 26 95
392 160 37 47
328 395 16 29
27 7 80 89
229 79 38 74
76 81 9 9
195 264 172 173
194 158 6 15
211 429 133 154
448 42 136 158
37 352 13 17
34 585 30 74
582 556 21 68
391 529 47 48
222 546 23 67
223 310 116 126
223 90 62 78
28 511 66 67
458 331 65 75
398 433 6 27
478 488 49 50
468 133 79 94
437 320 43 94
398 484 9 150
276 574 5 18
10 228 142 164
373 435 18 153
287 98 6 35
351 469 125 134
583 501 96 140
179 564 66 92
106 63 40 79
564 413 51 65
243 503 15 16
256 544 43 88
188 374 133 152
470 520 63 108
279 271 73 133
17 334 19 20
303 521 23 67
66 301 74 75
224 494 46 53
13 543 11 12
200 89 30 89
140 311 19 26
371 160 32 43
335 310 69 75
443 429 9 137
463 565 1 2
230 311 23 31
581 86 62 73
570 113 1 2
52 117 99 112
5 261 166 170
286 39 33 39
389 162 80 92
498 66 44 73
112 140 22 33
483 294 20 72
239 311 7 24
517 502 84 84
266 449 20 23
541 142 40 69
570 135 64 97
591 226 40 79
258 572 17 28
282 531 22 30
104 200 49 102
236 581 2 38
405 472 69 75
452 373 67 67
200 522 159 160
59 437 58 72
111 192 33 47
155 361 16 26
178 538 49 50
340 591 23 35
342 44 40 92
434 274 0 0
415 494 48 48
259 236 11 22
92 123 15 59
222 497 39 121
527 366 6 8
531 357 133 139
219 69 73 84
547 355 12 14
117 102 70 115
422 388 7 12
202 33 25 139
32 460 42 42
289 514 56 67
147 199 76 82
524 464 116 118
562 347 9 26
450 566 11 11
462 292 65 90
384 109 28 95
221 312 53 65
317 506 78 80
430 481 27 43
369 583 104 127
333 359 10 68
562 364 13 13
478 213 27 31
105 254 10 140
475 497 34 35
205 231 104 105
438 298 5 8
213 314 3 41
559 4 4 35
376 72 32 34
509 86 23 23
576 521 79 82
71 16 131 145
184 375 182 183
434 580 133 159
504 480 89 100
93 538 65 159
166 150 16 98
72 261 137 140
160 490 17 40
327 367 26 37
167 460 116 135
85 387 7 7
223 513 71 76
582 288 32 48
164 532 10 46
247 176 42 48
15 416 0 4
237 262 42 54
335 43 43 53
367 450 13 96
174 508 132 133
230 516 114 136
446 274 26 95
556 477 1 7
312 194 73 95
318 447 46 86
334 481 24 40
127 291 39 46
404 475 12 13
259 303 2 20
515 536 33 46
82 109 1 3
14 487 137 138
208 92 98 105
467 122 45 54
526 68 113 124
88 61 34 85
214 451 16 24
568 126 8 42
91 368 31 76
31 114 20 62
67 97 10 11
467 128 83 108
235 337 8 44
115 503 25 37
170 326 3 22
389 203 42 42
16 263 59 70
385 38 95 121
294 552 47 54
309 221 1 1
459 471 109 128
147 150 7 19
418 21 14 96
491 422 26 34
167 157 12 108
181 429 27 29
119 392 110 132
476 94 10 62
271 265 18 18
322 545 16 25
112 425 160 172
31 540 78 146
104 133 129 138
153 223 17 17
47 336 8 18
301 46 18 46
284 180 23 145
504 404 19 29
159 223 3 3
292 531 50 72
294 362 61 67
65 511 18 38
144 1 5 15
532 447 62 173
231 203 80 133
99 390 20 43
358 389 12 36
554 163 43 44
537 132 51 81
181 209 109 165
294 202 18 103
210 389 1 3
559 369 1 11
547 302 51 56
293 336 17 97
180 322 81 122
338 564 20 107
260 455 50 99
550 56 89 95
34 251 28 30
208 465 42 43
96 429 18 26
176 189 10 121
139 279 21 33
168 233 11 53
31 525 38 48
163 562 66 129
76 39 36 44
219 274 11 11
245 439 1 1
105 345 49 58
368 343 48 59
34 575 29 73
282 354 12 63
424 291 65 75
137 68 44 49
257 516 107 120
346 297 62 83
410 205 31 34
62 9 118 122
82 119 25 37
571 252 30 44
294 0 27 31
93 243 76 105
564 253 82 86
558 260 64 67
402 564 24 30
543 113 17 25
172 5 69 105
471 473 48 110
252 533 31 48
132 46 119 129
0 448 88 95
193 482 117 121
181 427 53 89
231 131 52 161
233 154 28 41
468 516 106 107
7 90 93 169
213 167 47 57
459 563 104 124
174 39 18 33
172 379 17 25
473 290 4 6
376 16 3 7
160 78 60 61
531 2 63 103
173 150 10 110
241 519 37 41
297 41 12 60
529 262 5 36
468 339 58 90
538 81 38 38
466 343 3 24
219 298 2 21
273 368 27 31
281 100 62 65
232 537 39 47
524 420 64 98
314 134 12 24
375 272 69 137
306 480 54 60
545 92 27 27
54 47 6 7
452 294 52 58
104 297 89 134
243 557 26 59
371 288 16 40
454 115 7 14
589 336 24 35
500 326 5 6
242 136 112 118
399 528 68 68
520 342 16 29
258 500 16 73
350 215 76 81
285 270 24 25
243 459 4 63
390 128 42 54
524 400 90 102
390 147 19 21
336 466 1 1
293 484 3 5
214 323 90 139
39 160 58 72
588 232 51 53
242 278 59 61
187 318 37 64
342 286 7 12
19 488 13 60
380 31 126 179
522 574 131 151
200 451 107 126
350 418 9 83
330 139 32 44
458 96 7 14
288 58 81 121
296 489 106 109
325 471 94 98
543 166 8 8
105 25 32 37
149 396 26 26
122 418 47 86
153 481 60 74
592 69 148 148
241 186 25 79
123 447 38 50
86 118 42 43
17 299 44 70
273 439 33 37
576 135 117 136
543 136 26 111
105 259 67 124
131 595 103 166
29 239 44 116
486 453 121 140
288 541 125 131
178 523 92 93
66 492 58 67
153 226 23 100
594 71 102 108
270 447 27 27
576 153 98 147
147 13 15 17
388 209 126 143
319 183 54 54
367 368 106 173
215 340 48 61
77 479 98 116
248 305 64 73
227 143 44 183
251 1 121 128
416 87 70 117
504 187 55 74
68 380 6 101
463 100 27 62
318 412 69 97
549 43 129 141
293 112 61 67
426 92 24 117
321 131 12 27
438 214 92 114
36 430 41 46
321 184 1 2
35 519 6 99
248 178 12 21
319 250 33 129
44 287 33 142
412 203 71 151
106 517 36 39
77 268 6 7
30 547 151 159
138 17 6 11
100 570 124 133
180 413 6 13
198 38 2 34
131 587 8 30
226 90 28 60
148 474 19 19
13 104 110 132
337 131 2 7
344 22 17 17
106 566 128 163
256 433 11 15
526 401 14 21
586 248 34 34
508 283 15 41
371 313 136 150
401 559 125 132
32 272 148 154
214 528 23 66
142 332 84 123
454 251 59 73
355 583 58 59
198 24 3 4
358 218 140 153
106 314 1 2
442 457 58 67
243 449 103 131
577 169 1 2
109 72 35 75
423 408 51 54
192 194 45 48
178 550 110 110
224 566 25 25
435 589 54 79
534 373 17 19
68 359 11 13
38 491 19 21
468 4 22 62
543 43 35 72
184 583 5 32
381 413 33 72
452 372 69 138
339 10 65 85
464 70 17 32
338 165 28 28
510 100 47 153
518 326 3 13
13 464 1 2
492 81 83 103
513 278 29 60
222 510 100 107
47 41 25 69
404 286 66 137
555 354 1 4
466 146 42 80
229 526 56 120
103 326 27 31
9 145 51 163
355 343 48 57
427 338 53 68
108 370 99 101
120 45 10 50
582 74 34 93
501 319 1 1
417 362 70 70
424 480 19 46
309 411 117 117
509 595 30 85
312 276 44 50
227 121 25 29
241 204 60 82
517 589 22 105
331 402 59 152
562 173 32 61
117 594 43 59
569 36 112 131
84 69 76 89
197 531 17 33
500 577 114 123
210 51 30 30
406 461 38 50
318 378 29 42
166 287 2 7
448 4 33 74
118 591 17 21
512 209 59 72
97 42 14 31
444 415 61 87
409 552 5 9
220 400 72 72
193 97 14 25
39 421 38 46
542 563 161 163
316 249 49 156
88 148 58 58
9 312 58 66
15 312 106 107
424 227 56 64
375 30 91 96
73 352 22 59
138 422 52 75
205 421 29 144
363 467 87 105
268 315 74 139
290 139 29 33
508 558 59 73
167 590 136 156
425 509 64 97
200 91 0 2
221 46 1 2
484 384 9 18
320 193 0 0
124 191 75 99
83 379 142 143
52 172 29 34
465 464 69 127
542 132 32 67
376 427 4 4
463 541 22 24
312 447 0 0
512 168 5 9
424 228 13 13
525 549 39 43
566 507 65 109
233 97 20 34
65 91 75 130
108 194 103 138
447 243 8 27
524 201 56 59
159 511 20 65
524 186 56 74
584 577 32 54
71 124 1 3
74 567 48 60
474 325 28 73
166 541 47 82
272 363 31 63
553 232 79 101
22 44 42 50
184 38 104 114
316 488 54 75
79 473 18 56
319 452 22 60
178 233 28 72
246 400 12 15
155 264 8 18
327 256 82 108
370 272 141 148
480 252 48 49
437 278 3 3
499 399 11 112
191 111 38 96
57 434 187 189
420 274 53 99
126 343 115 120
431 210 124 169
471 541 23 38
385 329 63 117
189 97 21 40
258 295 183 184
203 457 2 4
448 101 0 0
21 37 3 4
75 213 33 36
250 558 16 21
244 273 2 9
369 225 21 32
419 275 123 129
293 507 107 122
448 320 13 150
9 511 10 11
165 43 75 115
346 583 46 48
481 131 46 66
543 410 0 7
142 268 33 59
514 46 4 24
359 591 132 149
597 516 16 19
398 320 30 30
40 559 50 128
109 257 61 69
334 401 2 15
346 532 28 62
74 463 27 41
102 42 23 26
291 378 3 3
17 511 68 78
127 125 2 13
313 407 34 114
284 88 12 62
404 482 31 33
452 55 120 120
109 149 1 2
183 117 33 67
150 117 5 20
407 259 14 14
165 123 43 136
446 117 101 134
117 24 35 112
22 320 144 171
567 235 25 81
187 137 68 72
483 108 4 13
95 150 92 103
64 357 10 16
344 228 70 78
424 28 13 60
588 438 38 73
330 197 114 129
382 148 7 8
191 468 48 48
511 91 22 68
37 592 45 58
504 248 14 14
596 210 126 128
152 218 86 94
577 507 86 122
288 586 77 100
117 594 54 58
48 464 2 23
574 407 3 63
103 57 47 115
517 529 81 81
80 169 25 25
27 409 29 56
4 528 25 64
214 479 42 105
491 588 57 66
339 462 47 89
62 375 40 45
427 504 90 95
385 347 75 119
309 158 32 75
407 226 40 159
417 248 34 35
369 390 80 157
324 189 47 47
396 120 22 41
336 70 16 18
80 524 18 34
424 210 29 74
93 319 12 36
89 145 73 96
44 181 25 74
119 211 129 130
357 211 151 155
165 594 1 8
580 566 111 127
162 154 24 25
534 435 104 122
128 454 35 55
586 302 6 11
483 167 173 174
348 342 5 6
323 294 130 133
207 378 12 28
7 550 18 19
404 158 91 92
138 123 4 5
102 302 5 5
258 133 34 70
478 283 142 161
195 385 34 49
540 60 14 50
372 514 126 145
316 564 50 100
525 568 8 108
202 319 7 22
175 213 185 185
386 115 70 73
411 523 3 18
249 309 48 67
200 577 30 41
461 151 104 148
77 238 12 76
130 26 6 21
64 353 92 98
429 361 84 97
120 497 36 42
449 379 32 38
232 7 17 19
317 142 35 35
193 297 43 52
22 225 6 34
54 353 24 50
429 381 33 36
378 125 8 22
54 12 0 0
381 588 7 55
321 515 34 34
571 77 11 24
332 210 26 30
68 480 18 18
386 100 0 0
127 262 86 94
403 220 54 73
502 274 113 114
483 243 35 71
308 104 138 176
384 533 50 75
526 568 116 151
230 498 18 29
240 360 56 62
164 425 0 13
473 499 13 17
391 313 4 10
565 271 29 135
105 548 38 59
55 263 37 62
424 360 26 47
15 334 25 89
100 274 126 155
564 287 22 23
243 216 95 121
83 321 12 17
497 388 130 141
146 98 18 84
466 42 33 68
293 551 5 6
367 445 48 112
10 422 23 25
228 390 48 50
306 53 160 163
218 540 21 32
546 211 18 58
216 91 0 0
589 270 22 22
330 508 92 126
513 53 89 98
480 412 35 68
423 241 10 49
105 587 55 96
283 308 35 92
157 129 3 4
391 204 17 19
507 256 36 104
538 369 9 20
448 444 14 78
235 459 53 63
55 353 12 29
349 524 14 15
556 436 96 102
128 1 47 78
149 414 24 166
339 64 103 105
423 523 154 189
234 288 46 117
469 243 26 27
20 189 138 138
379 27 22 44
458 108 122 137
119 540 13 13
229 285 6 60
494 538 58 63
281 387 42 69
402 595 49 54
211 316 109 174
233 140 6 11
189 329 16 16
371 183 81 90
380 422 104 139
470 556 15 16
438 135 139 148
505 161 132 171
565 526 50 120
296 423 28 109
38 269 15 43
56 597 31 96
166 428 9 16
582 595 32 40
506 254 97 120
126 583 6 26
386 262 36 58
294 525 148 149
296 592 89 106
61 140 51 63
19 524 66 88
393 73 32 92
130 71 8 47
58 246 92 143
127 425 25 62
253 137 74 82
67 289 33 33
256 236 105 119
392 297 99 99
572 380 23 69
442 482 47 70
203 106 22 48
342 451 36 45
220 519 35 36
556 24 10 15
270 596 65 67
594 237 11 46
355 293 25 41
537 292 26 30
135 422 19 27
358 435 48 50
338 15 50 58
476 39 50 69
413 72 146 161
374 325 116 124
488 96 74 101
478 567 111 117
458 75 97 107
430 201 16 21
478 584 7 50
145 344 85 98
483 61 89 116
493 452 45 62
169 521 1 1
24 591 81 95
116 175 8 13
505 129 41 57
198 225 9 64
426 250 159 175
117 283 3 12
571 336 13 32
228 527 18 18
239 323 138 153
92 477 10 12
533 575 45 104
137 246 29 30
526 517 98 115
234 553 11 15
406 360 33 34
43 83 137 171
572 558 67 74
325 195 1 3
370 214 23 48
479 483 0 13
142 275 29 64
402 282 2 3
566 190 156 156
196 434 163 173
299 88 97 97
512 0 8 13
326 189 65 67
431 274 46 49
120 415 2 9
345 584 6 7
106 110 29 91
34 206 130 157
20 339 26 111
403 43 27 117
215 15 47 55
289 208 8 14
383 428 27 46
301 524 59 72
36 210 71 155
393 332 73 77
379 279 27 28
587 543 175 175
358 48 1 5
569 198 39 66
113 103 53 62
58 119 82 87
531 209 31 32
253 278 46 54
61 276 7 7
65 113 48 109
129 402 28 37
57 359 15 16
320 163 97 127
514 526 109 115
441 213 1 2
297 173 9 10
386 72 85 108
219 20 20 32
182 172 108 165
245 421 106 115
305 107 30 35
107 501 77 82
342 335 75 78
259 289 65 99
91 77 25 48
467 3 64 88
182 21 17 80
585 352 80 85
25 107 135 155
3 327 14 25
495 145 16 21
68 53 40 44
418 396 25 32
551 11 106 106
562 190 17 21
564 213 23 51
487 182 3 9
204 269 127 130
124 301 12 37
258 281 130 139
327 32 20 28
191 381 96 174
283 268 0 6
465 194 4 8
561 390 41 137
25 44 39 132
84 535 14 14
11 470 5 5
103 228 1 2
527 323 150 163
568 431 173 178
456 246 34 50
53 110 24 24
378 407 136 139
397 449 84 87
168 238 14 27
447 129 88 130
241 453 79 116
468 303 33 33
47 38 45 130
95 313 52 67
201 559 133 140
324 377 6 7
42 447 94 102
7 368 86 94
295 393 55 93
183 102 69 102
49 351 112 121
540 84 111 137
51 195 100 103
32 18 168 168
357 226 34 56
402 187 10 17
87 523 123 123
537 523 7 18
355 110 74 81
584 163 9 27
559 15 100 147
15 247 102 126
272 243 23 32
66 80 51 54
373 570 30 35
447 485 79 102
308 564 21 44
196 587 19 132
87 181 11 24
407 364 22 91
119 15 90 108
451 455 47 67
339 540 35 45
366 582 70 109
319 389 18 53
94 47 123 143
111 510 38 59
155 460 1 9
261 384 11 77
178 191 25 35
498 458 87 106
372 139 151 152
221 332 112 113
259 521 17 20
493 48 2 5
318 169 29 40
85 390 50 76
455 396 104 107
84 537 16 68
408 204 57 65
517 15 67 67
281 146 50 70
529 510 8 69
21 296 44 51
466 127 6 8
313 415 26 95
244 523 15 111
15 241 129 168
590 357 79 118
69 102 16 138
217 101 174 175
167 314 76 104
439 596 104 115
282 508 117 141
274 454 126 135
114 251 11 92
13 577 7 9
487 246 14 25
91 560 45 82
38 75 18 60
424 277 20 170
483 308 2 2
536 556 39 43
566 446 182 187
151 144 99 113
83 71 6 81
105 133 105 115
455 173 11 126
553 115 26 115
180 102 5 32
587 438 4 23
393 309 48 60
457 93 86 86
217 556 28 46
219 185 57 60
356 110 96 102
195 284 20 61
313 19 16 58
367 586 25 59
69 413 36 46
270 521 27 52
113 157 114 130
493 215 61 144
500 582 63 72
280 410 134 145
541 77 84 152
575 328 1 1
28 445 13 33
469 398 12 38
598 487 120 123
217 402 45 127
177 152 54 59
213 542 67 67
376 33 14 47
416 256 106 117
159 558 4 9
337 25 6 8
467 297 139 143
460 152 55 66
391 46 50 141
135 459 12 38
532 24 60 72
293 6 82 101
572 400 16 25
443 368 126 146
231 372 23 32
132 512 6 75
510 515 114 121
69 411 36 67
220 291 30 72
96 432 138 156
303 400 78 133
103 383 84 153
494 395 49 64
439 357 9 24
119 47 38 60
15 295 8 9
411 507 82 119
425 526 83 102
62 272 43 45
202 116 160 161
9 418 18 19
506 597 11 47
441 110 55 110
359 478 12 12
44 261 4 10
319 73 138 164
301 52 6 34
72 417 12 43
443 306 92 111
215 290 6 13
86 596 60 92
267 370 65 93
402 425 127 136
129 517 3 39
229 156 48 52
48 534 13 14
325 84 134 149
401 180 4 4
358 384 98 108
346 187 24 122
376 352 17 163
311 529 93 132
116 217 0 9
28 189 14 21
504 16 1 21
586 204 89 95
541 128 13 18
565 184 152 153
354 324 3 5
387 336 32 36
389 392 77 78
228 584 62 69
448 528 42 44
408 295 21 112
442 190 46 58
346 560 76 125
82 263 42 94
160 93 11 79
427 259 8 148
570 92 28 41
569 533 12 23
146 549 89 126
525 32 136 136
403 175 11 11
245 365 1 1
295 97 82 86
281 490 16 42
369 62 56 57
263 183 54 63
59 16 63 64
66 173 58 73
398 125 27 46
268 26 53 80
430 570 59 81
144 489 71 76
553 560 23 30
564 32 162 166
239 585 12 22
495 355 19 29
267 111 10 12
368 214 11 46
70 452 61 108
3 176 14 18
484 43 81 100
388 448 58 128
549 81 66 90
184 508 23 25
539 370 121 132
19 562 77 101
345 298 42 72
296 446 26 45
104 242 84 124
87 174 16 20
552 135 42 59
199 174 151 163
94 397 14 45
55 338 36 36
22 38 116 124
157 33 58 66
337 374 111 137
251 181 37 41
362 471 171 174
586 379 17 19
212 462 11 40
516 508 7 54
229 186 37 74
319 511 44 73
318 138 28 76
225 361 49 55
211 42 4 35
178 533 29 39
69 129 72 73
377 13 4 12
271 261 118 183
537 397 127 157
525 170 4 12
326 187 19 29
142 387 108 136
87 418 22 38
359 532 21 101
487 503 35 73
153 183 49 184
364 441 39 62
300 156 2 6
263 232 19 65
15 475 86 90
256 88 38 64
396 94 101 108
79 493 18 18
30 543 68 136
467 156 5 5
307 99 4 12
328 561 105 112
176 56 16 87
515 311 80 134
322 463 12 25
125 331 39 71
462 170 13 18
446 351 90 133
44 372 24 72
564 150 1 3
308 421 16 27
401 524 0 1
260 368 4 4
378 267 7 35
59 117 94 103
318 110 15 19
307 425 96 97
167 107 108 109
249 244 52 56
386 580 114 135
284 288 50 72
40 94 0 3
312 74 56 77
464 130 93 103
237 53 85 91
140 217 77 78
309 508 34 55
328 509 75 93
432 113 7 19
92 442 73 148
506 249 139 142
124 576 51 98
333 185 50 109
244 471 71 108
224 99 3 19
122 157 36 79
190 544 98 139
370 394 92 119
511 591 72 82
299 430 13 13
267 114 101 137
181 136 76 111
581 531 16 91
201 34 96 96
144 596 4 13
329 582 71 109
140 224 49 101
225 265 111 117
452 454 49 58
108 227 1 3
312 573 139 141
492 538 71 83
485 275 165 165
416 137 6 12
196 538 4 5
425 7 31 44
521 300 24 25
275 473 79 88
93 393 7 15
32 495 34 130
465 473 62 104
201 50 1 20
581 149 88 145
455 509 188 189
330 300 88 99
443 142 0 8
591 283 93 100
551 368 25 95
399 26 11 41
337 92 15 15
224 3 129 175
448 351 77 134
61 347 7 64
384 440 64 69
331 36 84 166
121 212 88 92
31 518 4 5
388 158 20 125
550 304 74 122
385 299 87 176
209 368 10 108
214 62 2 21
533 38 25 102
136 209 5 58
304 341 19 44
453 51 42 59
422 502 45 67
198 388 185 187
548 593 12 50
85 537 86 91
133 487 80 121
133 75 133 140
123 271 6 16
217 8 14 47
527 518 18 18
167 578 76 82
316 292 36 38
536 246 5 68
490 504 96 104
4 158 73 84
302 98 91 91
309 121 60 84
572 555 56 125
196 590 45 68
333 524 49 98
381 394 15 30
275 394 36 77
365 461 28 34
182 316 65 86
498 342 113 122
73 538 22 79
273 334 66 79
90 491 127 155
197 143 96 108
229 53 75 75
480 559 22 55
177 471 7 16
567 79 10 10
48 188 26 34
478 346 27 86
316 100 23 32
134 181 51 62
357 562 120 123
508 415 42 46
100 241 154 174
393 308 17 17
432 359 77 85
93 213 10 27
124 171 21 24
593 326 18 33
92 422 22 25
498 349 11 31
19 527 40 90
575 596 24 35
399 463 15 22
448 422 93 102
248 365 61 91
405 312 19 21
452 584 100 115
54 403 63 67
518 185 55 99
122 181 5 10
500 378 102 107
182 319 79 95
184 67 22 46
200 429 46 47
410 100 114 116
518 157 16 17
365 269 126 162
518 503 127 134
124 74 1 5
307 408 27 61
64 73 7 13
408 397 88 99
245 77 22 22
365 524 114 133
400 428 77 90
215 459 151 158
482 278 9 15
475 341 106 149
88 246 7 79
549 172 25 75
368 544 8 20
233 140 13 23
323 85 63 112
322 6 127 148
387 131 10 22
58 161 18 37
338 11 102 148
454 315 71 73
480 22 28 48
355 528 0 2
400 413 18 18
441 22 67 95
480 362 0 1
10 567 90 91
544 585 69 108
61 118 57 144
397 341 106 143
183 162 24 38
260 271 61 79
303 325 26 29
345 31 29 145
111 262 15 23
145 19 82 96
589 540 75 75
174 102 11 14
1 456 22 23
523 522 98 98
341 142 75 75
285 185 59 60
459 190 24 63
80 264 142 149
4 558 30 120
360 414 41 63
303 233 45 104
463 343 39 97
63 300 59 106
475 298 62 78
456 543 8 45
268 28 45 51
23 88 93 101
254 572 7 35
464 78 20 71
415 85 27 69
38 556 14 30
289 563 23 26
555 275 21 40
564 59 30 52
370 191 4 9
195 550 3 8
356 37 27 87
480 583 84 84
41 385 41 47
288 1 41 103
188 94 1 1
255 394 9 32
285 366 50 132
309 505 7 30
48 573 18 43
327 175 69 112
209 449 106 112
396 502 31 33
437 352 77 96
354 562 57 69
259 393 75 76
51 513 1 3
468 423 90 91
462 276 72 126
80 240 91 92
217 364 10 19
510 570 185 189
370 333 100 114
63 90 57 73
184 590 10 62
58 265 31 46
171 559 8 17
110 431 130 135
442 365 22 100
212 372 41 48
173 242 12 110
34 535 50 106
574 429 22 24
571 166 99 124
431 299 85 95
215 71 25 26
88 436 103 152
6 278 12 55
318 468 10 107
223 543 10 13
162 81 78 92
521 180 70 109
83 545 64 120
322 388 22 23
213 429 44 102
369 564 18 19
148 224 117 135
64 340 62 97
386 530 15 124
558 494 98 99
598 327 77 79
464 296 64 127
357 14 98 149
309 54 82 86
420 495 31 75
395 347 163 165
97 260 3 34
442 468 82 93
519 297 35 40
120 64 25 62
153 396 20 63
163 182 105 144
542 286 82 140
124 445 77 101
354 413 31 46
485 282 44 92
107 483 21 183
117 61 15 82
485 247 39 43
9 419 1 17
377 378 38 42
217 397 24 71
429 534 145 153
441 575 93 151
389 183 108 109
246 365 52 62
497 39 48 61
124 114 21 45
138 218 52 99
521 54 3 3
451 411 17 66
7 69 11 72
457 210 35 70
344 326 6 22
216 241 49 64
374 86 61 131
282 316 57 98
471 83 33 120
577 263 50 54
54 271 132 153
324 538 33 37
47 232 3 49
234 101 37 58
6 245 57 73
332 424 46 79
339 243 81 81
121 321 91 106
526 584 18 39
269 130 53 92
284 288 0 8
307 49 6 11
488 56 0 3
469 70 16 72
384 180 3 22
338 143 24 50
7 86 34 58
417 130 13 23
119 97 185 189
564 324 39 49
138 587 0 0
72 407 1 17
143 368 6 73
239 6 37 46
73 349 70 156
149 348 6 19
25 200 26 78
566 500 73 98
189 574 78 165
526 103 9 55
109 213 3 10
12 445 16 26
89 189 38 74
569 598 70 78
113 270 74 106
1 223 93 99
440 565 17 22
73 525 33 51
5 205 5 20
462 228 35 58
241 234 30 42
564 241 32 106
312 530 100 166
330 429 2 4
46 508 7 8
382 21 112 159
329 247 20 91
560 51 26 39
7 577 44 93
95 595 37 71
497 273 93 129
99 451 31 62
317 464 68 78
69 492 39 74
584 507 102 146
157 101 56 85
375 285 63 115
9 128 58 112
37 248 30 47
87 540 57 68
585 367 26 27
362 583 91 106
320 202 69 78
413 308 10 43
528 143 18 28
569 260 86 136
208 430 11 86
522 167 29 51
355 398 7 8
25 216 16 37
300 142 13 45
131 500 7 77
590 432 84 101
71 140 129 143
437 291 52 98
315 126 66 85
26 452 54 56
369 262 73 107
9 76 1 1
594 340 7 20
417 511 116 122
423 203 153 159
344 502 14 27
392 218 24 26
578 412 87 156
514 406 43 125
251 27 54 154
352 159 34 62
32 222 10 55
478 526 54 98
13 432 52 58
278 279 61 78
425 246 63 89
109 34 40 146
284 372 1 20
584 11 27 162
535 228 45 142
152 313 40 46
204 527 51 52
298 450 1 11
208 166 50 107
327 535 60 110
576 85 20 31
586 368 76 120
196 484 18 24
59 232 26 114
431 332 58 79
185 174 3 44
192 243 52 52
155 163 79 84
435 525 25 79
446 548 42 71
334 237 6 18
42 285 27 56
80 376 33 52
511 327 109 139
237 268 127 179
511 103 24 38
553 514 36 116
532 490 12 15
456 405 80 86
464 294 15 38
110 341 109 111
425 24 103 115
9 53 82 93
360 344 28 102
37 519 30 111
544 93 69 127
148 319 28 30
149 575 159 163
119 560 9 18
321 310 4 6
383 142 18 23
252 9 17 18
194 281 10 18
542 17 38 123
418 7 46 148
459 584 16 19
223 46 58 62
537 430 97 142
217 27 2 7
443 258 16 17
464 466 19 24
478 185 38 39
4 293 48 50
232 109 139 148
212 207 6 12
35 407 27 43
517 488 50 104
218 333 26 80
131 567 56 57
555 270 34 43
55 332 103 108
594 151 40 40
272 144 24 41
231 251 70 81
391 195 33 55
288 485 23 28
479 288 94 111
193 128 19 19
11 422 66 81
261 410 114 122
313 487 112 119
383 556 54 56
368 112 157 191
367 156 19 19
522 26 37 98
532 343 21 26
542 269 10 61
18 358 133 141
315 55 12 33
488 357 104 105
10 383 4 5
417 95 36 49
148 448 95 106
239 500 167 171
136 230 132 181
361 47 66 99
14 208 5 17
20 295 51 102
265 296 52 84
229 261 5 7
356 474 18 19
235 480 5 21
348 324 23 53
165 405 32 95
575 462 23 39
359 235 103 160
283 587 57 128
168 461 142 153
366 485 32 44
561 565 3 8
221 360 4 4
240 474 52 93
358 253 66 141
273 580 48 49
330 488 52 113
32 542 174 175
300 301 10 16
456 323 78 110
284 268 132 139
87 15 9 18
531 180 26 52
87 188 23 49
39 61 71 71
40 233 64 122
232 483 5 6
173 59 37 39
465 96 7 8
540 552 38 96
139 571 84 135
441 420 79 90
282 274 76 76
504 165 12 29
268 195 61 76
547 422 114 130
69 385 42 124
535 57 20 48
206 143 114 167
162 309 78 109
148 211 16 33
329 584 43 57
539 437 70 120
105 267 8 9
210 565 7 10
173 236 55 86
452 423 7 10
571 168 38 52
248 399 136 166
323 100 3 6
249 280 66 91
322 424 2 10
146 437 67 76
397 318 12 14
349 313 29 48
355 568 165 165
367 158 47 54
145 297 18 19
38 263 22 53
590 528 1 4
58 246 52 63
453 312 11 22
146 550 123 123
444 548 94 107
558 436 6 61
408 477 63 68
371 82 66 77
17 543 76 101
269 71 1 1
168 184 127 133
48 516 7 21
326 390 125 132
90 233 51 110
292 388 9 17
532 182 119 135
261 36 83 86
363 5 16 16
530 70 19 20
152 11 102 105
268 271 162 178
328 238 36 54
275 186 38 55
350 174 1 14
363 336 26 30
206 188 93 114
271 216 14 21
440 574 18 120
446 263 87 104
87 492 84 108
334 245 10 18
277 42 61 75
320 471 11 27
536 75 60 61
310 190 68 91
526 129 98 104
227 487 104 134
578 374 4 4
428 157 132 134
289 158 86 87
64 171 6 25
87 596 80 131
516 223 120 138
479 565 14 147
249 161 32 51
521 511 19 27
516 167 1 5
120 319 60 67
481 173 81 82
569 216 38 46
151 139 179 180
402 497 22 81
198 351 129 132
313 302 41 61
198 369 41 52
579 223 26 38
525 15 185 189
337 72 52 80
484 201 94 95
23 177 154 167
329 314 69 108
125 136 68 114
64 84 4 59
52 345 78 155
423 546 37 129
256 462 55 92
364 348 39 110
251 98 31 39
338 351 87 94
315 268 20 31
212 398 62 68
477 327 147 159
134 351 63 69
527 148 63 63
560 322 34 80
381 377 4 27
326 309 62 98
215 261 16 39
133 356 16 55
440 102 25 29
143 430 119 139
504 477 57 59
572 265 53 100
488 456 64 73
308 62 75 78
60 285 18 48
108 160 102 120
299 46 42 46
533 420 31 35
67 156 19 62
373 368 6 7
223 379 108 115
589 261 81 84
440 313 39 71
530 412 65 83
587 541 77 100
389 323 20 116
401 358 34 34
166 161 23 27
14 521 27 38
199 381 52 52
112 375 68 81
80 469 142 143
202 346 23 26
592 407 19 51
92 432 74 83
387 186 20 30
348 304 17 40
173 28 68 84
142 496 32 38
281 545 67 67
472 374 21 70
121 582 87 109
452 286 116 120
515 178 57 58
92 566 34 38
337 510 96 97
216 251 84 93
445 62 16 21
514 120 45 52
516 383 35 36
464 31 33 37
388 347 99 106
244 143 80 150
559 222 123 138
4 87 3 3
155 206 56 77
152 457 67 156
595 505 13 28
227 69 15 60
570 304 78 82
401 6 23 72
47 333 15 23
42 187 16 40
52 92 105 121
166 133 25 34
191 200 20 38
232 436 34 54
20 404 124 148
520 11 163 172
555 377 82 174
491 444 30 40
438 528 33 143
266 561 19 133
435 400 29 33
261 171 26 33
312 153 29 45
448 431 107 113
320 264 55 164
576 83 1 4
294 171 16 30
584 25 8 35
415 365 126 142
269 433 64 68
501 520 71 73
149 83 104 146
161 435 50 54
157 404 2 9
459 225 91 137
511 229 3 7
247 358 116 134
28 480 44 66
86 437 29 49
354 557 63 79
302 211 10 13
557 260 73 103
561 549 106 133
210 426 19 143
111 293 29 34
245 217 11 33
95 261 29 40
210 427 3 10
52 303 50 70
482 533 6 27
349 377 138 150
143 498 15 29
579 235 36 36
30 216 23 43
78 226 64 133
430 382 26 34
316 524 148 170
317 393 46 99
295 500 115 121
198 18 42 51
562 539 2 16
48 497 32 65
449 328 25 107
47 313 98 108
81 54 48 121
570 318 40 135
148 66 73 74
360 218 17 20
376 550 33 37
442 0 22 22
570 259 19 155
151 45 6 14
156 577 8 9
224 118 36 39
67 330 68 78
458 193 57 86
176 43 95 118
199 304 11 16
181 430 94 136
552 197 19 67
234 313 1 2
347 548 6 17
349 166 36 51
45 514 17 62
105 418 37 56
131 519 1 2
34 407 16 85
126 493 21 36
557 258 72 73
124 116 0 3
59 45 68 128
598 567 28 123
423 369 79 90
592 216 1 4
31 258 34 111
490 592 17 18
256 8 50 56
368 384 4 8
176 247 2 7
300 357 70 128
528 10 7 14
496 11 83 83
84 364 10 22
493 453 55 131
181 7 51 54
133 26 5 9
363 313 55 78
530 379 51 51
434 179 34 49
495 335 43 51
149 361 14 19
555 410 2 11
167 20 131 142
112 161 107 113
89 515 9 10
254 356 3 7
92 67 39 70
568 559 4 18
576 61 101 122
531 384 3 4
218 485 169 174
200 365 14 61
274 570 5 17
284 429 69 133
323 310 31 72
343 338 21 32
50 313 7 11
489 366 44 88
294 320 4 6
246 21 16 23
24 321 82 88
190 157 15 21
506 572 29 51
378 266 51 51
468 465 48 50
107 142 162 163
556 510 61 61
3 35 7 15
391 473 146 155
416 210 44 115
313 312 13 71
462 506 104 179
390 534 61 72
361 257 93 133
38 331 71 121
550 28 50 66
451 380 9 15
461 563 62 64
81 89 28 93
269 489 89 91
292 84 17 21
559 420 15 85
207 334 127 136
160 167 33 66
513 157 13 20
148 466 3 61
133 210 45 115
257 281 124 127
307 374 135 140
320 504 29 38
3 283 57 76
176 250 34 127
162 232 90 100
244 548 87 89
598 262 38 52
542 384 82 114
299 413 92 100
247 88 121 130
332 513 11 17
366 502 44 106
136 135 66 154
3 436 11 61
152 336 35 35
189 443 87 123
277 21 167 176
322 353 41 57
98 116 105 105
334 470 28 32
266 470 10 11
200 289 9 12
86 219 59 67
510 160 16 81
316 62 21 23
344 109 63 79
384 441 86 138
203 261 59 101
533 451 47 55
98 22 70 116
338 420 26 26
498 59 5 6
31 39 108 119
160 135 58 140
49 296 96 109
489 408 29 108
514 96 81 83
495 379 37 37
269 358 1 2
158 285 6 9
160 395 10 11
513 138 0 0
92 591 78 89
39 479 158 163
234 551 99 130
263 328 79 79
298 350 13 37
182 297 93 132
274 107 33 43
79 579 123 123
330 508 40 69
155 116 53 63
424 297 121 148
40 567 0 3
469 242 39 40
476 52 17 91
49 13 73 106
63 301 27 86
193 531 79 116
578 581 19 67
278 74 15 16
319 234 50 50
74 224 50 57
377 248 2 14
165 344 10 56
515 579 23 62
340 561 74 74
350 223 15 53
321 226 52 57
416 156 11 34
126 494 12 22
281 132 54 156
482 321 51 66
379 248 10 107
261 376 103 103
270 571 34 48
265 224 36 37
109 416 24 40
178 284 9 18
75 466 3 7
492 216 106 177
49 209 40 45
246 97 104 162
40 510 8 22
386 270 97 129
535 428 88 105
301 39 101 121
558 537 136 148
403 110 89 131
273 178 103 160
323 135 15 76
530 397 44 146
371 548 102 113
6 501 9 18
526 164 9 20
310 557 141 158
298 184 23 59
276 178 8 8
322 237 87 88
203 68 97 97
597 187 3 16
502 428 104 126
558 346 26 140
373 409 24 59
321 189 49 122
424 130 49 52
417 404 62 94
587 76 14 38
551 351 4 16
294 175 67 154
344 435 46 48
550 529 28 35
496 512 13 13
534 337 43 114
589 147 29 37
47 517 24 66
288 410 24 26
137 258 63 125
174 239 10 120
179 65 33 44
214 196 21 27
146 443 127 132
584 80 7 92
328 538 12 14
111 177 57 105
146 93 136 137
521 485 18 101
423 33 13 14
437 594 3 23
162 417 8 9
3 55 137 138
421 586 141 161
184 480 3 13
410 227 50 50
49 141 1 23
145 311 23 33
83 240 24 157
278 280 102 104
237 537 17 28
113 382 47 55
246 14 10 19
585 261 19 22
287 516 45 55
117 411 11 149
352 385 13 19
223 205 47 87
375 104 10 25
149 271 31 42
247 515 27 57
462 409 2 30
507 480 19 21
359 61 137 165
183 278 23 29
216 106 152 176
15 539 19 41
379 482 112 118
158 431 61 80
174 103 123 153
470 488 59 67
586 80 122 129
437 139 17 61
192 552 139 167
497 589 28 31
324 492 121 130
402 275 42 99
257 345 1 17
348 574 15 42
131 459 50 52
395 298 120 137
478 224 25 32
254 341 35 37
173 254 6 6
122 297 0 2
391 291 42 49
425 209 133 150
503 164 35 39
523 19 27 28
113 19 45 50
42 141 141 142
493 308 44 73
456 543 64 71
326 451 55 81
111 79 32 34
215 356 8 85
576 205 152 184
44 68 97 125
398 436 5 8
432 519 8 27
325 303 107 116
471 360 85 97
293 583 2 2
80 104 14 98
67 570 72 108
154 528 9 76
495 399 6 8
582 334 40 61
300 159 8 58
280 64 3 3
540 335 10 113
416 337 22 85
133 85 65 68
432 539 65 96
49 219 52 57
387 372 66 102
456 542 63 81
441 573 12 13
463 29 90 91
300 170 96 166
19 250 100 121
238 70 67 76
532 575 140 142
259 79 41 134
289 42 12 14
125 279 14 87
423 509 30 30
588 136 57 58
472 333 38 57
380 297 10 12
15 8 140 163
58 586 35 41
258 163 14 29
537 274 17 33
317 467 15 15
501 180 97 103
325 576 72 99
93 194 11 70
49 12 126 137
20 235 40 59
502 334 10 12
57 530 81 173
357 238 149 159
476 53 32 33
178 533 8 27
285 286 118 170
448 303 112 113
249 362 106 132
17 536 18 22
141 575 43 63
121 103 21 37
228 572 98 110
581 108 68 98
5 348 11 11
91 539 59 72
485 17 62 64
583 206 34 40
390 55 24 60
428 94 7 8
417 203 33 42
345 174 39 89
247 210 1 1
406 528 65 65
415 573 148 156
18 176 80 138
14 36 84 97
338 596 114 161
501 536 14 25
15 414 10 107
197 214 47 90
280 376 21 51
579 9 81 81
44 244 115 128
279 382 26 37
182 169 119 133
165 413 28 56
338 75 47 84
110 36 41 43
160 116 52 127
182 283 10 12
333 236 5 27
170 155 92 106
438 447 124 130
241 522 37 51
125 437 50 56
341 57 108 115
184 114 39 110
92 592 120 160
141 174 67 131
493 211 16 19
234 101 146 165
233 579 52 90
205 426 25 52
319 441 123 124
364 1 15 16
109 305 38 110
557 434 51 189
166 361 23 35
466 380 3 6
357 268 26 29
141 24 122 126
104 484 131 153
219 581 53 90
90 441 57 57
19 235 30 57
496 409 23 35
118 238 24 92
31 134 75 88
205 312 41 51
593 287 88 93
20 179 141 144
283 590 72 88
280 22 39 126
148 516 10 16
252 366 9 10
470 246 123 164
22 406 32 46
453 15 110 113
146 515 27 49
83 129 12 23
211 155 47 62
512 285 116 145
127 55 36 70
196 11 133 140
483 596 42 52
28 17 6 9
541 391 0 1
119 387 28 33
495 438 0 1
431 187 41 42
131 273 48 149
176 67 32 88
578 231 67 114
11 234 3 7
351 219 1 13
408 348 23 27
209 449 47 55
5 477 50 80
526 141 19 76
374 358 32 73
361 83 29 179
438 88 62 65
463 187 17 87
355 577 77 146
144 294 19 23
362 139 43 81
438 552 7 9
593 544 22 41
431 100 8 9
589 167 61 118
343 551 84 87
334 395 148 149
174 589 3 17
259 216 12 48
505 249 0 0
471 405 41 56
261 594 130 187
356 318 108 123
89 37 5 6
428 332 21 29
586 301 25 25
223 101 66 116
66 587 7 10
140 571 18 30
375 431 10 12
592 431 169 172
298 418 33 51
353 200 65 119
119 559 45 67
108 88 75 107
446 333 111 118
227 307 13 16
337 100 8 8
74 53 102 116
24 342 8 33
17 82 22 22
198 395 14 53
346 29 141 143
333 97 10 51
47 298 91 117
482 199 1 13
16 587 55 102
59 125 30 145
365 172 35 61
24 351 78 81
264 474 11 12
273 76 41 74
324 592 46 50
47 325 18 28
364 248 46 48
303 9 23 29
324 552 149 171
292 90 141 150
588 137 41 43
64 8 89 93
377 550 88 136
501 560 30 31
533 84 155 161
216 534 134 167
415 326 70 111
209 326 43 60
530 186 138 161
469 210 42 66
481 243 39 60
509 181 30 110
275 170 55 78
240 442 132 133
103 262 47 173
363 473 129 134
326 332 0 6
124 411 57 99
261 413 43 75
292 537 18 28
400 574 8 8
304 11 105 142
492 184 145 164
47 573 163 163
522 452 17 64
311 561 71 151
164 401 25 126
104 253 161 166
8 592 1 12
310 427 154 156
588 425 20 26
243 311 21 21
337 301 150 162
303 412 35 167
478 290 46 48
49 147 10 17
65 237 13 18
510 95 2 27
54 283 15 24
315 405 1 6
194 220 8 10
507 496 43 47
339 364 64 97
151 460 17 18
492 216 4 79
203 337 27 35
543 455 49 88
375 273 30 38
121 292 71 82
209 461 66 77
547 370 92 93
47 554 102 165
209 51 0 3
147 276 6 7
373 211 41 68
93 319 2 8
596 487 135 136
21 312 60 86
517 57 53 56
319 561 24 132
272 176 22 35
359 552 43 45
374 233 15 22
401 515 20 22
418 252 30 32
244 16 40 104
431 19 27 28
280 450 35 49
318 69 38 56
481 13 23 24
186 598 69 70
79 371 126 129
551 44 18 40
214 249 51 98
308 414 63 69
23 586 12 36
490 360 25 33
509 534 9 34
132 99 18 75
445 268 14 20
301 348 2 12
535 102 9 10
202 12 81 98
314 418 24 69
504 251 93 129
367 374 107 141
330 366 112 117
254 278 10 32
482 342 14 21
139 467 101 112
332 309 11 16
423 91 84 122
18 35 25 38
216 51 48 49
371 415 16 142
246 210 68 91
530 123 82 149
11 366 1 2
546 41 69 71
85 474 70 71
78 588 16 21
50 31 0 1
288 466 14 39
595 539 1 27
66 474 33 75
463 166 50 68
18 286 131 160
501 105 87 145
165 19 71 86
572 508 131 173
325 183 0 0
325 480 50 59
387 59 55 157
129 413 47 73
537 286 2 2
444 332 40 127
119 334 2 6
290 232 11 18
545 90 50 88
105 44 38 79
128 430 52 61
66 447 7 7
276 200 155 163
457 162 57 72
481 114 17 47
225 147 153 171
234 159 35 52
521 559 129 176
526 488 129 144
118 76 52 54
129 178 4 20
325 455 60 93
378 122 8 10
346 153 81 121
341 584 18 20
138 309 83 86
249 219 119 125
495 241 42 42
332 436 46 48
408 273 95 126
190 83 119 121
547 583 88 90
429 404 167 185
99 311 14 15
142 546 4 6
239 573 11 13
534 431 61 76
597 233 5 5
388 127 116 119
347 186 34 35
452 415 15 23
183 43 72 104
75 376 7 7
417 176 15 75
209 37 64 115
369 487 24 54
427 218 76 97
520 219 10 47
361 224 3 6
447 344 54 58
405 546 39 55
455 545 111 158
148 178 55 58
298 26 124 164
76 160 29 37
405 547 31 49
581 444 60 78
290 334 20 41
354 133 4 8
485 51 2 6
428 276 63 127
519 117 25 26
189 141 111 129
405 598 74 80
13 412 38 51
564 173 29 136
532 340 13 15
296 502 8 9
216 146 61 64
67 369 35 45
368 402 98 123
272 453 18 64
194 129 26 79
33 226 39 52
353 499 44 125
486 403 0 2
180 284 80 84
510 323 63 63
155 329 66 80
294 500 28 132
70 1 77 173
369 372 110 117
370 20 31 52
109 526 117 181
424 66 18 19
59 514 63 95
159 252 65 73
341 414 51 53
98 300 78 78
541 18 59 60
229 370 48 79
202 508 111 135
391 257 16 24
591 547 29 105
497 291 11 18
587 319 49 132
189 421 31 159
89 167 45 152
554 68 49 91
107 104 23 23
95 366 96 96
543 461 166 170
24 321 6 8
522 531 45 82
247 542 87 107
549 438 23 98
329 422 11 11
86 178 21 31
96 397 17 35
419 446 51 53
345 541 31 40
71 269 4 11
150 2 24 121
154 465 12 150
277 410 6 12
211 0 3 35
338 215 4 8
150 463 15 70
272 14 90 95
182 214 35 110
44 174 47 59
189 202 4 8
147 208 117 117
283 181 32 50
338 567 21 54
444 413 77 78
31 494 81 145
438 581 13 88
270 88 17 140
27 167 83 107
520 281 43 141
112 67 15 49
66 165 39 57
563 388 115 151
154 521 98 102
470 572 4 25
196 444 116 132
470 471 59 62
286 210 49 84
76 267 18 74
426 201 137 171
554 358 101 120
598 21 67 83
338 412 14 16
432 314 13 15
409 560 43 71
195 176 4 5
140 87 22 67
388 263 10 12
45 82 102 105
193 278 110 112
235 542 43 45
419 151 35 36
172 146 11 37
592 256 7 14
494 396 13 24
162 424 14 171
265 12 19 35
469 400 21 22
373 35 108 112
123 126 32 45
57 236 27 30
240 567 1 1
579 536 26 77
126 92 50 80
154 133 76 103
65 489 104 133
46 574 7 35
444 297 44 46
285 102 29 111
176 70 41 65
175 567 17 24
62 169 3 50
533 433 54 109
573 399 61 84
350 44 23 23
31 263 105 114
36 136 20 116
116 490 40 64
12 179 36 54
554 583 58 124
280 589 69 132
4 592 179 179
113 143 11 44
409 380 37 40
346 310 123 136
294 547 12 14
396 49 37 44
598 218 100 156
92 384 6 18
438 13 9 16
4 330 90 129
394 320 152 154
55 560 56 92
554 253 87 95
510 581 21 30
297 285 12 41
144 9 84 115
540 70 104 105
43 520 41 55
298 144 1 32
378 138 54 80
227 136 20 30
385 403 87 96
285 346 2 2
166 452 90 92
120 406 28 55
80 367 68 84
256 482 73 79
313 155 0 1
4 584 97 133
495 47 67 68
299 320 32 49
466 220 136 171
164 243 12 12
11 266 46 54
508 183 82 134
596 177 8 9
299 514 167 168
19 500 70 103
212 526 96 110
288 182 9 13
96 584 31 41
24 557 113 121
10 554 173 177
92 303 15 24
410 87 26 28
454 260 166 168
390 523 70 95
379 548 39 104
112 307 90 90
480 265 25 94
218 225 83 84
598 301 48 89
394 339 26 184
15 529 8 16
475 342 4 10
265 499 9 72
202 333 28 83
534 187 144 146
0 196 57 70
524 334 75 91
200 77 4 26
534 353 99 111
180 378 87 94
384 105 1 5
275 410 20 27
57 383 136 156
410 482 151 157
374 86 40 40
303 256 93 149
541 182 34 41
304 385 81 133
0 296 64 72
507 351 115 150
54 129 25 30
547 50 48 48
381 188 29 73
286 114 49 173
233 474 11 44
177 455 43 97
406 277 31 54
222 29 2 4
24 365 164 178
449 106 41 50
76 516 24 60
462 359 3 4
323 231 15 23
520 381 15 19
249 36 3 5
434 131 16 50
33 460 8 45
390 509 40 108
109 136 84 117
371 483 6 13
171 365 88 92
287 574 68 89
569 226 89 113
141 272 81 160
110 238 51 76
465 525 151 170
276 487 6 11
419 77 15 24
194 485 98 101
343 214 32 56
194 73 136 141
219 95 33 93
249 508 39 148
77 202 133 140
543 399 26 170
565 329 93 131
576 37 51 57
586 577 39 52
246 343 80 151
86 150 17 55
70 259 72 102
217 508 118 118
258 239 31 33
184 267 8 30
566 317 30 35
364 405 117 119
321 540 0 3
398 145 110 112
233 506 40 61
124 511 156 157
152 477 11 26
2 517 57 103
86 57 16 35
304 550 120 123
577 436 40 174
134 228 46 49
19 452 2 35
121 327 32 47
255 428 21 32
597 122 65 66
357 164 35 45
119 403 20 22
484 88 105 150
435 545 26 38
56 386 21 23
476 248 108 125
17 403 20 92
253 514 35 39
261 119 92 119
532 372 29 40
56 433 181 191
449 125 23 45
285 394 43 49
497 59 91 112
395 586 81 110
80 43 11 19
57 9 44 49
268 247 65 77
439 329 88 103
565 280 23 27
336 254 15 73
64 579 0 6
13 166 16 19
437 167 1 26
247 17 62 95
588 237 5 58
334 556 65 130
246 263 51 53
348 474 146 152
524 419 4 27
467 49 13 49
93 90 66 71
270 414 35 40
216 364 179 182
539 96 8 21
180 15 4 8
142 509 27 38
17 120 61 138
200 94 30 32
237 462 5 6
166 504 4 9
149 212 14 19
470 352 5 14
47 327 60 137
8 500 5 6
158 141 8 36
450 310 76 80
473 383 69 134
226 332 65 65
593 256 130 134
264 137 54 83
414 4 1 6
427 139 7 20
312 301 18 24
479 254 35 39
75 363 144 169
67 343 52 52
75 492 18 56
371 145 20 23
245 48 1 2
555 475 23 38
500 109 6 7
548 509 20 40
576 233 41 48
162 267 40 50
211 437 12 23
79 560 80 87
70 68 4 33
275 144 7 14
25 323 2 6
527 457 38 52
310 586 24 169
435 237 69 77
259 415 17 41
30 79 42 66
350 161 89 114
106 9 11 14
475 458 87 116
46 572 85 85
579 597 63 102
109 201 111 134
516 582 142 144
98 283 2 2
342 384 100 104
197 445 90 99
555 3 37 42
265 118 15 57
93 29 44 68
70 344 52 90
2 283 124 160
344 337 115 142
328 166 18 84
33 593 13 13
302 247 31 82
333 134 126 130
295 40 50 51
173 270 86 152
586 51 5 7
447 545 58 60
270 23 7 12
365 201 48 72
407 20 21 29
477 166 129 145
119 508 101 133
346 269 106 121
457 466 68 75
488 88 55 102
23 316 11 11
497 16 34 77
17 308 42 44
43 557 107 120
36 177 131 144
224 197 91 146
448 325 42 72
401 196 49 78
181 356 155 176
210 104 49 49
80 484 30 34
232 257 1 1
339 114 4 58
263 230 81 152
255 36 64 75
39 552 54 56
465 287 23 132
201 521 109 109
532 303 45 119
200 580 3 3
280 1 21 27
503 68 8 8
578 554 14 35
581 379 3 5
457 91 90 153
468 391 2 14
257 518 106 120
321 82 1 1
473 442 146 156
291 298 35 42
23 192 10 10
216 149 62 79
59 147 15 90
531 203 16 24
300 164 65 65
163 99 10 51
484 458 32 32
468 254 1 20
390 136 111 146
503 323 2 22
298 431 21 21
331 321 43 61
459 371 102 124
360 411 56 82
360 213 100 121
29 4 101 172
341 343 13 20
456 286 144 144
244 264 138 152
473 48 38 45
438 557 12 17
453 225 79 103
396 467 97 100
360 81 80 116
331 101 23 23
554 97 131 148
576 546 8 13
343 49 27 29
526 378 31 77
597 92 18 37
205 544 108 130
469 11 0 1
442 499 82 82
272 197 25 46
433 393 17 37
421 292 65 98
22 563 43 83
433 326 38 40
597 368 19 19
429 229 12 12
209 482 37 99
86 398 32 65
507 33 14 21
126 472 116 142
117 65 106 142
236 211 7 9
171 368 3 12
112 350 171 175
176 232 23 24
191 555 58 151
415 568 22 42
71 537 23 26
374 390 10 115
348 578 31 48
247 580 6 18
514 77 21 25
185 388 25 112
106 252 41 50
592 538 18 68
375 176 33 36
373 117 31 138
331 264 71 77
554 71 94 99
483 516 50 63
568 73 142 149
375 273 112 136
235 435 52 55
145 57 56 65
61 117 5 7
476 544 74 118
152 53 133 143
288 374 6 101
28 377 88 137
456 94 112 121
369 472 83 92
0 26 0 0
554 312 20 24
86 535 109 158
187 256 59 71
131 118 73 99
97 390 44 67
278 233 5 41
126 263 56 115
300 165 37 57
41 494 28 37
331 515 9 29
121 296 18 39
473 44 136 154
80 67 74 75
559 297 11 13
439 126 55 94
251 159 145 145
376 335 3 22
575 320 11 12
329 495 37 65
448 579 78 89
589 29 21 21
349 137 73 77
111 273 89 90
1 272 115 132
49 406 143 145
221 319 28 49
550 385 21 109
552 511 8 57
141 156 17 17
211 237 1 5
286 356 17 17
113 525 87 93
258 179 103 143
544 204 111 114
285 562 39 39
584 2 69 97
97 548 86 96
146 441 63 79
58 302 37 41
87 290 4 22
293 584 123 129
336 530 1 2
183 92 79 86
458 359 41 51
286 1 43 95
520 537 14 24
168 154 88 108
203 514 185 189
28 442 14 35
101 434 188 188
392 33 60 86
12 252 5 14
425 334 9 44
460 350 51 117
391 57 15 112
425 419 114 143
317 415 61 67
265 199 118 152
587 171 11 25
584 296 25 137
459 521 86 130
268 400 4 12
398 230 59 86
49 418 122 145
273 435 6 42
550 583 71 159
429 534 63 77
381 421 28 42
84 32 39 83
231 230 102 144
58 173 91 135
376 183 137 153
124 424 68 92
101 217 40 87
316 150 37 134
391 51 103 124
448 587 53 159
364 459 3 25
291 567 32 34
3 289 44 123
294 398 35 49
4 354 35 35
101 531 14 14
78 496 72 72
346 576 22 30
30 37 63 78
329 135 136 153
465 333 144 145
213 255 74 110
55 451 46 60
66 25 97 139
146 576 18 21
66 246 110 128
305 64 9 20
282 253 59 110
440 119 0 7
450 349 14 16
581 120 38 49
426 125 25 37
65 195 54 71
556 257 136 141
497 310 0 5
267 466 8 13
584 497 8 80
214 559 17 37
320 361 76 79
13 240 90 139
91 362 25 55
562 147 40 67
499 27 42 143
522 150 11 12
521 505 31 90
448 62 88 103
465 442 3 17
97 358 68 176
49 12 27 42
209 299 34 36
339 310 9 21
218 449 89 96
317 396 25 93
586 398 102 135
513 220 117 123
454 339 107 108
347 460 27 31
495 334 9 29
359 349 5 36
31 510 50 50
556 537 105 116
167 490 54 62
421 385 4 16
41 113 131 142
559 213 80 81
104 201 18 19
226 477 121 155
348 587 19 26
316 486 76 81
457 362 50 56
438 67 58 63
106 272 10 11
80 410 2 19
264 354 3 32
26 353 48 175
513 105 17 98
45 456 5 8
575 347 8 8
431 436 81 107
39 266 68 100
166 51 89 146
323 100 120 124
420 173 57 78
423 459 59 72
117 280 140 160
258 32 71 124
295 109 11 28
203 534 116 123
409 268 33 34
146 241 104 137
430 329 33 61
343 360 14 80
249 439 5 12
518 141 41 74
465 263 73 81
52 216 0 2
421 104 104 113
530 422 67 126
292 291 9 109
407 594 55 60
332 370 77 88
459 579 53 87
273 296 34 54
352 340 1 12
3 537 29 92
49 145 36 51
566 143 26 45
190 71 6 22
351 42 132 172
151 191 9 80
236 138 14 14
283 42 97 128
568 441 43 61
330 475 29 51
118 489 36 41
302 198 12 43
394 435 12 32
243 513 10 17
74 385 82 93
288 191 100 137
435 188 103 152
199 553 28 152
456 497 23 42
409 408 18 27
262 461 5 66
179 118 89 102
555 433 19 32
56 584 28 93
595 503 114 123
397 43 59 66
134 38 133 134
11 574 4 33
393 444 55 57
5 199 22 181
72 31 5 6
60 250 47 75
46 172 57 60
201 274 130 147
297 501 23 31
281 360 97 114
344 356 9 149
488 131 15 31
551 220 93 99
312 346 91 113
60 598 153 155
308 239 5 17
252 430 12 32
19 67 21 58
589 327 157 161
158 136 41 76
473 202 32 38
223 275 28 75
587 26 77 111
467 131 25 26
78 227 24 25
189 531 60 189
292 571 25 81
536 207 11 20
550 197 108 111
220 77 7 14
489 115 77 99
387 491 121 145
194 159 9 47
104 556 142 175
543 393 18 23
220 180 3 19
66 76 109 178
331 23 150 184
366 324 147 149
535 117 110 111
129 302 7 11
252 384 0 9
122 55 81 83
490 362 6 12
154 137 155 159
136 575 42 43
183 499 57 134
229 454 47 59
433 459 116 146
453 423 5 5
433 3 1 1
158 223 19 44
366 103 33 47
0 281 14 20
73 170 59 86
339 586 178 183
432 484 78 104
114 215 116 121
146 304 8 27
523 235 36 60
180 379 17 69
218 349 41 51
188 97 8 55
216 256 108 113
353 28 97 101
21 464 99 112
29 369 12 138
121 482 1 4
204 546 31 115
521 591 59 62
57 406 16 38
499 176 20 22
340 17 18 31
7 574 26 81
167 296 28 50
192 384 26 97
129 72 66 119
526 574 62 73
185 261 80 80
54 96 45 52
544 49 17 43
402 524 10 77
382 101 0 5
118 552 13 76
95 300 23 143
93 377 73 116
512 16 138 141
63 61 64 84
407 218 59 91
122 271 12 20
182 593 68 90
391 355 32 115
384 79 116 116
385 347 13 13
356 42 70 79
23 259 34 42
227 420 87 99
29 491 7 8
248 75 9 35
554 345 120 138
596 414 15 20
487 350 125 145
405 540 31 97
262 588 3 8
195 79 10 19
233 11 27 48
520 233 61 61
581 421 31 72
444 102 33 69
172 126 7 9
377 432 5 9
247 488 15 34
59 453 6 40
122 528 7 13
382 425 90 107
194 221 40 82
34 9 51 64
166 594 2 21
7 224 32 121
231 277 94 94
368 502 19 35
412 208 63 66
168 67 1 5
266 598 45 46
441 172 7 28
502 584 121 147
12 489 41 41
555 596 60 65
7 34 63 80
403 78 22 66
14 234 98 101
216 424 48 132
45 105 84 116
60 461 89 124
101 534 7 17
531 450 25 48
39 233 8 84
63 314 7 34
343 268 22 133
530 59 64 65
168 394 73 99
206 318 14 100
1 129 11 144
194 587 31 88
385 187 141 145
413 23 157 159
426 486 50 113
433 380 5 10
219 33 38 86
93 526 30 32
479 457 74 75
329 215 76 101
372 503 33 42
286 382 73 77
460 561 172 177
313 498 34 38
534 550 147 174
543 192 59 137
165 112 59 63
130 105 0 1
369 230 31 116
278 329 59 77
144 371 5 5
162 192 61 64
284 551 3 8
224 341 137 154
341 562 35 63
272 455 37 38
46 292 84 128
143 540 11 12
52 160 68 79
197 491 7 16
448 216 82 90
362 562 115 155
61 554 45 77
510 557 30 73
302 118 46 47
127 558 79 94
392 400 101 130
43 70 5 12
99 222 48 70
570 64 50 60
241 476 17 20
304 145 88 110
574 110 13 76
98 23 17 57
440 380 16 89
130 278 134 146
45 38 26 60
433 351 22 27
332 464 27 30
199 130 10 11
298 386 86 111
401 390 17 42
526 9 84 93
502 22 102 143
314 397 85 126
588 299 28 28
416 375 62 74
278 47 18 78
515 390 6 25
189 428 39 84
547 306 28 49
263 399 116 121
242 11 10 13
469 420 13 38
470 243 135 136
565 46 172 177
244 464 128 151
467 320 27 34
307 120 117 136
371 351 13 29
569 556 11 41
290 437 27 32
530 323 3 4
393 94 45 52
156 390 30 34
237 451 12 17
408 463 52 69
307 431 2 3
581 216 32 106
474 418 79 121
148 75 32 38
49 284 96 103
329 390 119 143
152 296 162 163
116 138 9 16
326 485 25 135
466 548 75 126
447 27 31 36
463 285 32 38
328 130 24 103
499 500 41 50
418 559 37 38
200 100 58 86
0 445 122 139
310 452 22 31
110 534 29 62
426 309 7 37
257 119 7 112
591 90 16 94
430 51 40 52
382 444 2 2
284 272 2 14
192 475 47 148
584 458 12 95
585 19 160 191
95 501 28 37
155 54 10 32
521 66 61 67
551 20 24 42
290 31 9 12
458 11 157 157
545 359 10 20
7 373 9 101
546 279 82 82
399 38 56 94
86 81 38 74
317 467 154 178
222 87 33 66
47 377 20 113
105 100 46 56
552 484 27 117
277 172 27 85
340 137 8 15
411 262 16 62
315 154 33 80
25 505 39 49
484 50 0 6
59 262 53 57
222 532 108 108
25 497 38 51
579 497 31 82
154 445 133 158
238 400 117 128
133 267 30 57
544 55 11 17
138 572 28 29
449 586 12 55
487 261 59 74
11 500 36 37
20 275 53 62
8 243 18 20
340 374 17 26
435 208 9 12
472 495 5 10
142 22 80 132
130 53 122 145
99 120 27 121
393 540 70 111
353 236 106 166
203 430 0 0
522 576 45 46
77 484 6 34
319 472 34 43
299 478 8 25
317 58 68 102
192 487 46 64
478 593 8 21
161 429 28 28
387 298 5 5
83 432 35 36
290 59 26 97
322 470 47 60
206 121 8 9
186 593 92 109
317 590 27 65
525 390 14 80
351 30 0 0
174 328 63 72
117 399 4 14
293 540 16 36
414 278 19 29
297 207 4 30
207 488 47 93
388 170 37 69
322 539 60 78
367 356 26 147
537 484 23 29
451 576 105 124
145 414 20 80
92 266 0 6
214 197 50 61
221 494 95 109
49 165 126 137
259 173 50 97
415 535 49 65
62 5 38 52
565 289 125 170
232 375 0 0
224 596 4 28
140 485 2 4
371 28 100 103
398 63 11 66
323 156 107 140
493 84 59 115
510 427 85 87
490 156 1 8
519 228 20 27
589 333 121 178
70 42 89 101
49 510 72 111
44 448 21 25
591 458 67 98
525 137 20 25
560 241 110 131
131 191 28 166
246 236 14 69
91 394 21 49
244 16 25 141
11 64 5 17
543 504 37 56
569 499 115 144
328 139 47 117
384 100 48 72
304 68 85 97
62 50 3 3
342 1 69 78
224 595 35 39
292 183 38 73
7 283 23 24
332 5 9 10
175 227 13 28
266 141 23 33
568 224 22 77
210 555 33 65
594 468 61 61
273 258 41 139
414 140 45 47
396 426 14 40
86 585 11 14
4 284 3 3
88 335 34 34
113 472 49 52
109 576 62 88
539 533 120 187
423 162 100 138
426 513 74 108
86 518 69 145
404 81 11 138
477 1 52 52
105 500 18 21
39 498 14 15
346 524 7 9
287 383 1 1
418 162 64 68
237 406 8 20
530 549 75 148
28 253 90 125
229 209 61 148
549 376 61 62
527 410 3 7
60 59 3 35
210 62 9 67
7 493 69 77
308 488 5 68
103 240 131 157
88 19 75 106
545 506 122 126
533 459 48 52
562 94 35 59
70 311 22 46
451 319 30 41
106 498 23 37
415 263 19 20
249 153 2 2
295 73 105 118
363 268 58 60
32 23 5 36
266 158 130 145
412 584 102 104
400 405 26 81
352 40 24 61
514 0 138 142
28 573 1 9
136 278 74 100
0 376 11 150
262 433 34 42
505 512 10 89
465 515 17 21
549 0 15 32
138 313 95 95
310 243 30 30
138 513 11 65
431 93 6 23
181 51 68 70
97 272 27 54
340 218 5 17
40 26 5 64
212 355 142 170
240 9 45 147
70 577 3 20
540 6 49 110
247 518 58 80
79 408 43 43
269 315 145 150
205 114 102 125
37 392 13 25
452 235 129 143
454 550 5 25
329 591 39 59
246 198 13 16
576 258 11 14
266 466 60 68
468 184 134 156
363 162 18 65
504 124 61 80
366 284 2 4
247 119 61 97
275 159 3 7
323 294 47 71
327 358 12 76
502 471 1 1
169 10 4 5
326 452 58 148
302 563 30 48
340 11 38 47
321 598 24 61
95 98 95 121
245 189 21 57
578 467 0 0
220 122 35 42
541 530 12 50
86 379 5 31
368 373 35 36
389 486 12 36
343 582 59 68
181 210 41 94
91 489 27 119
18 529 48 97
525 423 142 155
159 290 112 129
452 21 50 96
538 346 60 132
596 597 79 136
559 589 149 174
87 63 21 25
263 51 29 47
537 212 67 72
26 191 89 115
349 50 20 31
295 528 33 38
259 518 2 8
361 581 31 38
166 193 7 22
66 288 11 13
495 3 1 1
200 470 72 79
205 152 89 94
92 548 38 50
47 479 65 75
82 66 29 31
485 186 52 60
206 296 60 74
354 252 16 38
211 24 124 131
165 88 12 29
484 29 33 34
316 531 21 83
77 152 64 68
98 586 131 137
415 211 40 58
38 282 17 57
313 42 28 61
527 65 18 107
574 165 92 140
56 226 9 16
150 219 4 34
330 314 10 91
256 360 60 60
431 257 5 16
344 479 16 26
576 329 50 66
557 378 134 143
529 456 10 36
445 516 7 37
201 110 70 77
196 231 27 40
72 144 47 51
183 142 78 81
521 361 38 48
527 94 25 73
598 225 22 22
394 469 125 143
472 520 37 39
244 47 11 11
269 339 18 33
9 264 35 35
323 574 58 84
310 112 67 126
515 219 46 118
21 171 68 70
588 174 14 110
466 485 3 8
84 40 6 8
153 209 40 43
496 51 125 156
258 279 39 66
385 104 122 123
544 283 113 118
85 405 6 75
232 24 49 54
41 131 143 149
198 243 59 143
17 300 106 124
144 0 72 115
393 4 19 41
536 452 36 99
77 355 17 30
130 311 88 110
477 545 60 64
528 226 67 85
342 226 20 58
580 360 52 59
463 182 10 76
48 462 6 8
318 103 40 56
205 485 72 95
44 64 48 68
567 509 3 4
370 272 26 87
357 397 28 36
36 509 3 4
12 164 28 73
263 439 21 24
158 7 13 70
52 49 36 131
16 414 62 119
347 72 34 45
146 31 12 50
221 531 45 106
540 285 150 169
46 450 54 58
59 230 38 41
509 7 8 25
586 47 46 47
332 281 23 64
82 494 16 16
513 307 33 98
144 1 34 34
144 89 65 84
240 190 42 80
432 129 97 98
582 412 26 42
152 139 91 133
222 38 10 13
165 379 18 48
0 547 98 134
540 9 40 44
493 232 9 56
104 485 39 169
172 161 3 3
130 444 97 111
212 111 116 168
245 502 5 64
329 107 42 86
207 129 88 113
176 124 37 47
464 199 11 23
219 42 2 9
536 226 25 26
573 581 35 58
37 537 55 61
414 313 70 163
517 404 48 53
22 224 30 72
429 372 20 20
200 241 3 46
428 297 85 99
306 479 59 62
487 513 100 110
442 470 19 20
152 431 35 85
300 13 48 90
208 151 8 24
84 113 130 137
141 199 108 127
110 455 93 103
54 184 58 124
408 391 1 6
217 299 140 140
94 166 19 30
460 491 4 4
262 228 112 117
183 124 19 45
394 476 126 133
57 579 92 94
311 98 3 3
182 175 66 90
67 276 9 10
541 383 25 51
329 553 75 78
211 79 10 54
357 268 35 41
437 297 152 154
50 178 14 18
148 246 42 58
369 513 9 29
223 397 67 138
71 167 91 130
6 543 74 152
79 333 87 96
557 208 100 101
18 471 68 73
216 280 92 106
497 390 90 131
3 553 16 191
273 319 5 5
471 545 139 151
212 509 68 70
393 263 11 44
79 267 17 156
549 541 39 175
316 576 1 2
53 197 44 46
78 405 68 87
420 0 33 42
460 285 3 22
168 357 53 57
366 221 89 94
365 593 45 85
598 481 6 13
88 226 3 4
16 576 18 140
420 168 25 86
442 192 6 28
138 547 28 36
594 465 44 155
424 540 2 9
572 265 16 27
343 63 97 103
507 18 81 105
17 582 11 64
73 195 9 50
287 383 64 96
445 338 28 48
28 5 75 84
59 495 34 84
233 370 60 74
584 16 97 128
541 128 120 121
385 28 25 32
516 361 63 68
31 223 46 53
375 121 6 33
463 316 39 41
112 305 89 105
382 26 7 69
297 222 15 40
563 215 112 177
77 547 37 57
23 231 3 8
136 485 118 140
143 116 35 95
296 467 39 91
282 563 20 25
335 137 1 4
514 271 66 78
204 215 14 34
52 113 87 96
305 392 0 0
90 305 52 56
503 53 17 17
516 580 152 171
12 277 12 159
106 108 50 56
211 499 11 19
107 375 35 84
518 434 71 99
78 240 9 117
159 392 12 21
528 383 68 73
253 510 19 129
518 193 141 144
57 78 42 53
415 568 49 110
423 125 7 11
399 338 21 48
151 421 64 98
79 490 19 50
180 563 46 87
470 301 87 106
466 336 92 127
407 255 88 93
510 505 27 28
58 203 80 80
480 13 113 115
289 219 76 86
257 109 19 44
572 124 65 73
171 53 74 161
213 113 31 78
202 578 2 20
43 311 42 124
521 0 100 114
301 251 15 111
193 56 0 2
345 504 4 8
456 65 102 135
235 126 81 107
165 120 28 35
358 557 123 144
217 293 12 14
151 562 1 3
267 306 91 149
237 404 122 125
451 264 9 33
357 90 9 19
128 229 33 109
430 248 38 64
366 537 70 87
104 164 43 57
196 491 84 134
242 145 44 54
162 458 28 37
364 128 12 21
18 24 74 78
485 189 7 8
325 33 2 7
560 110 58 58
27 489 75 76
263 13 8 15
428 290 77 171
313 132 28 34
310 466 88 89
401 403 74 132
389 490 59 65
255 109 74 85
352 515 7 24
562 54 103 148
536 524 22 81
402 458 16 41
339 494 73 102
462 581 6 35
286 416 11 26
279 592 75 149
61 54 38 39
558 588 69 81
116 223 8 71
136 376 27 28
172 152 49 98
297 433 23 46
273 264 54 109
206 340 81 142
173 397 64 117
171 78 111 122
262 596 15 21
1 337 12 28
232 372 98 164
356 18 63 67
456 132 19 42
567 233 100 117
29 206 61 70
164 26 151 160
82 88 60 154
234 53 14 29
485 118 128 141
479 529 12 13
164 439 29 43
32 281 19 29
520 157 102 131
450 434 19 23
316 253 3 5
233 79 40 49
514 301 53 67
170 117 14 38
472 413 18 19
155 122 120 126
379 121 17 40
315 558 7 45
87 319 14 16
297 76 60 153
593 301 109 120
270 208 78 96
155 28 18 40
15 90 0 2
80 338 50 52
577 269 10 11
438 77 5 6
279 397 34 34
541 370 20 22
398 305 21 21
139 370 24 46
307 366 18 31
588 581 4 11
238 508 18 88
485 3 39 78
29 441 8 42
464 377 57 91
340 56 60 81
279 9 35 38
102 166 23 42
296 252 44 53
402 71 124 128
349 62 119 142
158 264 1 6
108 322 27 37
551 214 9 151
211 156 63 64
249 93 109 120
488 44 19 158
535 20 73 81
342 402 12 38
101 75 3 7
429 404 71 97
161 337 42 61
536 28 72 81
183 369 126 127
365 533 18 36
269 176 8 12
11 80 12 86
427 43 137 161
174 341 19 32
171 9 34 60
493 149 6 12
455 383 128 137
379 445 96 151
242 145 34 66
46 264 24 56
590 132 2 4
439 339 40 46
106 540 25 35
481 95 47 47
396 130 3 63
490 51 45 125
350 213 84 112
387 14 54 55
1 417 30 30
377 559 44 69
35 440 136 153
490 0 12 17
194 128 120 132
508 158 49 114
420 137 151 160
32 159 2 28
390 446 3 32
321 482 60 94
375 32 20 62
552 193 11 11
7 336 98 108
580 291 62 65
149 2 31 37
163 253 65 87
245 343 50 59
208 592 96 128
592 438 10 10
549 580 26 131
549 537 70 116
469 167 95 96
80 299 15 30
256 207 15 16
537 388 34 39
10 526 40 50
316 185 38 40
176 59 62 71
482 54 40 81
317 509 56 75
555 451 11 50
147 312 4 52
43 183 57 86
17 131 37 37
218 509 26 53
267 410 57 82
484 403 13 78
154 164 96 133
251 19 32 41
522 348 139 142
193 346 89 129
46 192 3 13
383 570 13 145
53 493 15 17
358 198 75 97
412 383 35 35
377 566 85 90
486 361 88 169
447 492 118 143
74 493 112 115
491 323 75 164
540 145 20 77
579 211 43 59
552 339 74 77
291 257 22 55
413 512 92 96
478 233 48 60
345 73 138 145
64 500 125 144
515 461 33 36
117 465 31 33
208 593 96 98
14 132 43 43
309 140 64 68
547 395 6 23
497 87 74 75
141 85 128 141
416 399 7 25
0 113 14 34
419 97 56 59
589 447 72 120
388 369 85 91
349 261 13 141
83 282 2 3
460 259 88 136
575 296 83 93
38 146 4 4
586 150 47 72
188 447 76 134
153 545 74 79
430 327 45 77
292 350 180 181
271 106 55 82
234 355 26 49
473 312 19 70
427 99 46 47
211 304 27 41
525 489 49 61
136 240 24 27
75 344 0 1
184 296 119 120
325 153 0 9
223 407 3 5
71 17 5 7
238 124 18 20
302 72 83 124
257 197 25 27
237 424 77 77
478 211 66 151
95 198 94 117
113 372 2 9
422 68 55 60
496 420 58 103
401 484 11 13
83 455 71 130
420 15 26 91
460 299 21 49
159 154 3 20
116 35 34 108
111 85 101 105
81 570 6 8
55 237 68 159
185 315 34 64
413 289 19 76
484 402 11 22
409 251 35 59
121 465 11 71
504 296 42 112
591 220 0 2
446 308 1 3
330 78 86 168
113 89 42 55
169 470 31 95
286 161 24 82
477 539 21 99
592 130 87 87
484 270 34 81
330 116 10 16
63 170 10 27
558 352 9 25
257 29 114 124
480 435 35 42
81 359 12 22
470 354 15 82
247 278 140 147
260 124 33 33
359 461 170 174
478 465 138 154
506 137 22 99
381 142 73 97
595 534 29 30
202 366 12 25
522 128 131 170
32 243 56 128
223 295 156 156
23 467 149 150
28 487 9 42
92 112 68 85
82 371 13 73
555 541 8 11
17 363 9 9
218 135 96 113
109 296 21 68
550 552 15 19
562 252 81 102
436 252 72 110
300 103 29 53
75 219 41 47
21 161 7 19
566 210 17 80
483 492 105 149
120 141 15 27
409 291 9 10
39 156 41 46
360 73 130 134
409 189 72 98
429 203 34 49
64 569 71 75
