500 5000
0 1 76 106
1 2 12 14
2 3 35 39
3 4 10 16
4 5 26 30
5 6 65 85
6 7 75 93
7 8 31 41
8 9 71 98
9 10 19 24
10 11 13 15
11 12 13 15
12 13 41 52
13 14 59 60
14 15 58 84
15 16 2 3
16 17 93 109
17 18 54 60
18 19 43 72
19 20 0 2
20 21 72 78
21 22 71 73
22 23 55 57
23 24 106 115
24 25 7 8
25 26 95 100
26 27 55 91
27 28 14 17
28 29 54 56
29 30 33 35
30 31 34 51
31 32 30 38
32 33 57 58
33 34 63 66
34 35 89 93
35 36 14 15
36 37 80 91
37 38 97 101
38 39 34 35
39 40 60 65
40 41 87 88
41 42 46 48
42 43 6 8
43 44 103 105
44 45 63 66
45 46 15 18
46 47 100 100
47 48 44 64
48 49 5 5
49 50 77 105
50 51 66 70
51 52 26 32
52 53 64 99
53 54 11 13
54 55 1 2
55 56 34 50
56 57 14 17
57 58 45 75
58 59 80 85
59 60 50 52
60 61 50 70
61 62 4 7
62 63 108 117
63 64 81 98
64 65 0 2
65 66 72 72
66 67 92 94
67 68 56 70
68 69 89 89
69 70 99 121
70 71 44 46
71 72 8 11
72 73 46 74
73 74 98 102
74 75 34 42
75 76 50 71
76 77 65 66
77 78 87 110
78 79 12 13
79 80 59 60
80 81 110 115
81 82 1 2
82 83 17 18
83 84 55 74
84 85 80 94
85 86 35 37
86 87 29 39
87 88 126 126
88 89 77 84
89 90 77 78
90 91 7 14
91 92 78 78
92 93 26 29
93 94 28 36
94 95 22 26
95 96 13 19
96 97 65 68
97 98 58 62
98 99 7 13
99 100 35 36
100 101 41 53
101 102 99 99
102 103 3 4
103 104 91 110
104 105 60 63
105 106 8 9
106 107 22 27
107 108 77 80
108 109 21 23
109 110 18 18
110 111 34 45
111 112 11 18
112 113 94 94
113 114 99 107
114 115 2 2
115 116 20 22
116 117 113 116
117 118 48 48
118 119 77 84
119 120 54 60
120 121 0 1
121 122 15 16
122 123 65 93
123 124 40 42
124 125 42 43
125 126 52 55
126 127 49 63
127 128 83 85
128 129 18 21
129 130 72 75
130 131 37 43
131 132 70 71
132 133 5 6
133 134 28 49
134 135 68 70
135 136 50 71
136 137 18 19
137 138 6 8
138 139 29 32
139 140 86 91
140 141 81 90
141 142 32 40
142 143 42 47
143 144 44 74
144 145 55 98
145 146 1 3
146 147 79 107
147 148 5 5
148 149 18 22
149 150 29 32
150 151 7 9
151 152 33 33
152 153 37 40
153 154 68 71
154 155 13 14
155 156 56 57
156 157 76 121
157 158 81 89
158 159 108 108
159 160 55 59
160 161 29 34
161 162 68 72
162 163 34 42
163 164 109 118
164 165 47 72
165 166 35 56
166 167 30 31
167 168 44 57
168 169 85 101
169 170 11 13
170 171 16 21
171 172 63 63
172 173 54 56
173 174 73 88
174 175 60 63
175 176 3 4
176 177 25 27
177 178 26 28
178 179 43 69
179 180 86 94
180 181 72 73
181 182 58 61
182 183 90 92
183 184 46 59
184 185 62 65
185 186 34 34
186 187 22 36
187 188 15 17
188 189 36 46
189 190 102 105
190 191 34 40
191 192 72 114
192 193 5 6
193 194 16 18
194 195 122 123
195 196 85 87
196 197 51 70
197 198 45 65
198 199 50 59
199 200 96 97
200 201 51 53
201 202 85 89
202 203 125 125
203 204 42 51
204 205 44 49
205 206 88 92
206 207 8 8
207 208 35 39
208 209 119 123
209 210 6 6
210 211 33 42
211 212 104 104
212 213 17 21
213 214 66 69
214 215 38 56
215 216 83 83
216 217 29 41
217 218 64 66
218 219 3 3
219 220 21 30
220 221 61 65
221 222 88 109
222 223 11 19
223 224 97 102
224 225 4 5
225 226 123 124
226 227 78 96
227 228 87 88
228 229 3 3
229 230 122 128
230 231 76 87
231 232 103 113
232 233 104 110
233 234 5 5
234 235 37 50
235 236 59 63
236 237 51 93
237 238 98 103
238 239 37 40
239 240 113 124
240 241 18 20
241 242 22 24
242 243 59 68
243 244 78 87
244 245 100 107
245 246 107 108
246 247 9 9
247 248 79 80
248 249 27 29
249 250 69 71
250 251 34 60
251 252 36 37
252 253 37 41
253 254 125 125
254 255 88 91
255 256 73 74
256 257 27 30
257 258 90 97
258 259 11 17
259 260 102 120
260 261 58 58
261 262 113 113
262 263 72 80
263 264 58 67
264 265 13 13
265 266 48 54
266 267 42 46
267 268 73 82
268 269 11 12
269 270 38 38
270 271 67 81
271 272 44 46
272 273 91 102
273 274 89 94
274 275 45 45
275 276 34 39
276 277 64 74
277 278 79 79
278 279 70 77
279 280 50 50
280 281 110 117
281 282 82 85
282 283 34 38
283 284 37 37
284 285 23 27
285 286 102 106
286 287 92 116
287 288 69 70
288 289 92 94
289 290 110 110
290 291 26 29
291 292 10 10
292 293 26 26
293 294 75 96
294 295 7 10
295 296 10 18
296 297 74 97
297 298 44 52
298 299 115 115
299 300 28 33
300 301 61 67
301 302 50 50
302 303 28 31
303 304 81 85
304 305 64 86
305 306 84 110
306 307 14 17
307 308 72 108
308 309 20 25
309 310 12 13
310 311 31 32
311 312 7 7
312 313 70 78
313 314 1 2
314 315 10 13
315 316 91 100
316 317 74 74
317 318 0 1
318 319 26 37
319 320 88 88
320 321 77 81
321 322 4 5
322 323 2 3
323 324 27 45
324 325 10 13
325 326 73 78
326 327 73 83
327 328 89 102
328 329 18 19
329 330 66 73
330 331 38 64
331 332 112 114
332 333 63 64
333 334 46 59
334 335 17 19
335 336 30 38
336 337 83 99
337 338 38 38
338 339 12 13
339 340 64 64
340 341 31 33
341 342 41 41
342 343 1 2
343 344 90 92
344 345 9 9
345 346 49 56
346 347 27 31
347 348 93 102
348 349 99 107
349 350 50 75
350 351 29 33
351 352 29 30
352 353 34 40
353 354 55 62
354 355 2 3
355 356 80 108
356 357 47 50
357 358 92 112
358 359 28 28
359 360 35 35
360 361 36 55
361 362 31 39
362 363 50 52
363 364 96 107
364 365 14 15
365 366 18 19
366 367 78 79
367 368 101 120
368 369 11 15
369 370 16 22
370 371 77 108
371 372 42 62
372 373 18 25
373 374 3 4
374 375 46 58
375 376 86 113
376 377 28 30
377 378 10 11
378 379 43 47
379 380 45 69
380 381 75 90
381 382 13 14
382 383 115 115
383 384 62 73
384 385 41 46
385 386 0 1
386 387 115 130
387 388 7 8
388 389 59 102
389 390 19 22
390 391 10 15
391 392 74 76
392 393 4 5
393 394 47 55
394 395 75 76
395 396 67 68
396 397 20 25
397 398 46 52
398 399 73 93
399 400 43 45
400 401 95 97
401 402 36 37
402 403 28 43
403 404 21 21
404 405 47 53
405 406 118 118
406 407 61 79
407 408 48 67
408 409 23 32
409 410 80 91
410 411 64 103
411 412 19 19
412 413 12 13
413 414 21 23
414 415 10 12
415 416 77 109
416 417 93 95
417 418 17 23
418 419 34 37
419 420 40 40
420 421 23 36
421 422 12 19
422 423 16 26
423 424 11 17
424 425 8 10
425 426 3 4
426 427 50 92
427 428 1 2
428 429 81 94
429 430 19 23
430 431 54 73
431 432 33 41
432 433 56 69
433 434 66 68
434 435 50 56
435 436 69 91
436 437 100 105
437 438 52 82
438 439 20 20
439 440 63 95
440 441 82 95
441 442 52 80
442 443 67 69
443 444 34 42
444 445 102 105
445 446 122 128
446 447 116 123
447 448 27 29
448 449 46 48
449 450 41 58
450 451 54 84
451 452 19 23
452 453 3 4
453 454 102 103
454 455 46 52
455 456 105 109
456 457 6 7
457 458 23 29
458 459 49 67
459 460 10 14
460 461 8 16
461 462 5 6
462 463 63 100
463 464 55 75
464 465 96 102
465 466 79 89
466 467 42 43
467 468 39 56
468 469 59 68
469 470 23 32
470 471 117 117
471 472 18 27
472 473 18 18
473 474 32 34
474 475 11 12
475 476 14 18
476 477 52 56
477 478 99 103
478 479 45 50
479 480 33 36
480 481 83 119
481 482 86 93
482 483 19 22
483 484 22 23
484 485 51 67
485 486 50 56
486 487 10 12
487 488 36 65
488 489 72 75
489 490 0 2
490 491 12 16
491 492 119 122
492 493 5 5
493 494 31 49
494 495 66 67
495 496 72 75
496 497 74 76
497 498 33 34
498 499 7 8
499 0 48 51
127 308 26 34
231 237 56 68
120 54 5 5
435 231 45 71
401 24 39 40
448 392 73 101
15 375 90 91
487 380 72 92
110 18 95 97
225 370 54 82
308 337 76 85
327 398 56 66
298 295 72 87
493 218 59 60
424 456 104 106
90 242 34 44
245 47 25 26
228 191 38 53
410 457 50 62
395 380 116 116
479 314 30 31
217 415 43 44
387 437 29 29
241 478 36 38
83 15 54 62
79 425 13 22
131 99 26 30
224 440 14 14
210 58 84 111
114 273 38 43
359 212 24 25
44 153 41 67
5 384 76 76
373 93 25 25
420 273 22 22
237 454 61 70
75 56 44 44
43 225 47 52
102 24 39 75
178 171 83 112
69 175 28 30
384 205 13 15
455 395 91 104
151 170 0 1
401 420 65 79
317 443 56 61
317 67 32 33
419 377 14 21
375 264 11 11
205 141 77 97
200 135 50 65
25 444 54 54
394 179 24 25
400 108 14 20
234 385 74 81
126 161 62 62
425 392 67 82
154 233 43 50
152 458 71 74
480 17 62 79
329 71 64 112
436 498 98 125
206 243 7 7
386 199 35 66
192 51 75 85
276 48 73 83
369 439 11 14
424 321 32 32
80 277 76 89
203 184 35 38
294 317 95 105
57 331 61 64
172 65 74 78
143 128 77 84
224 104 70 82
423 181 35 37
471 494 56 69
438 27 17 22
48 310 68 75
17 294 47 52
66 372 29 29
78 35 69 79
424 350 69 71
234 297 70 92
447 216 59 61
479 439 29 35
230 345 20 21
115 14 14 14
401 247 48 73
410 463 95 100
337 324 41 62
470 367 23 23
404 115 73 74
138 405 53 59
91 415 25 33
21 498 78 91
421 30 60 81
424 382 52 69
368 2 21 24
353 405 64 108
184 34 43 48
335 137 83 89
451 37 73 82
459 15 32 45
366 317 21 30
266 180 91 94
248 195 18 20
76 368 89 90
186 226 19 24
168 434 101 105
358 277 3 5
170 154 6 6
375 483 99 99
252 169 10 10
450 237 66 84
439 56 18 19
322 240 16 20
255 292 57 90
318 360 30 36
317 176 24 28
207 418 37 45
275 403 26 27
172 138 29 29
98 395 51 56
144 82 26 30
17 108 10 17
293 156 80 96
73 84 109 124
177 438 31 33
261 264 100 123
302 185 14 14
8 244 55 58
359 176 65 65
332 480 48 65
474 58 62 64
120 264 73 119
297 432 47 50
38 26 73 93
141 144 47 48
497 76 57 62
168 39 19 20
457 498 1 2
149 474 50 66
399 225 24 28
458 23 41 49
370 204 51 58
265 2 39 57
234 73 7 14
378 34 85 100
481 171 56 76
469 452 90 126
117 481 45 76
189 241 57 61
419 398 68 107
370 495 52 53
315 36 55 90
109 133 104 123
191 225 65 113
312 317 34 34
217 456 28 38
496 71 64 75
411 38 73 77
194 101 65 76
221 243 26 30
2 202 62 82
214 325 32 37
69 162 24 28
334 382 74 86
135 37 86 92
445 481 57 104
194 75 122 125
411 471 81 97
387 464 15 20
24 497 22 22
200 457 40 45
57 176 40 41
231 23 11 13
11 249 23 24
28 186 56 56
481 186 120 122
52 49 81 91
43 497 86 100
159 146 100 100
278 479 10 12
157 433 66 78
40 314 93 95
96 334 68 75
5 134 17 19
412 286 82 91
386 195 20 20
411 162 23 37
340 147 91 95
259 442 35 37
116 357 74 96
411 414 16 17
396 3 83 100
253 278 71 103
86 144 38 38
183 35 6 6
252 348 42 46
141 148 19 20
314 145 22 30
371 475 87 106
498 135 11 11
413 166 65 76
46 464 23 23
293 413 19 20
312 161 61 75
26 170 12 14
91 295 86 90
167 0 26 31
414 365 33 44
343 0 57 68
443 378 77 89
0 196 67 70
178 491 37 43
440 491 14 15
93 85 44 45
477 439 25 30
108 487 73 79
279 124 96 100
287 322 98 98
78 292 66 79
95 66 16 19
449 100 16 21
350 172 30 34
397 89 77 80
236 55 4 8
424 141 14 18
417 408 22 23
95 464 86 88
305 274 44 47
452 449 108 115
382 126 13 21
85 245 57 63
295 302 23 30
21 97 95 98
429 217 65 76
261 185 94 95
16 180 63 97
208 116 89 90
457 8 58 60
11 222 24 30
249 288 60 62
425 330 35 35
131 352 54 54
49 5 102 105
178 210 49 60
160 91 12 19
464 376 77 82
400 274 8 10
24 46 74 117
443 150 32 34
464 50 3 3
395 23 10 11
327 143 94 99
392 172 32 40
145 68 110 111
455 199 77 89
480 13 4 5
19 391 43 67
146 200 97 99
179 231 14 16
266 389 29 41
96 73 55 60
325 379 30 49
265 53 51 52
333 278 90 90
142 288 61 61
148 118 41 44
436 248 110 122
452 245 87 88
286 35 94 97
187 363 79 83
460 178 63 72
298 319 64 70
336 74 9 10
121 110 35 58
273 240 3 6
120 335 42 63
229 0 31 38
98 339 100 100
102 117 55 58
253 284 32 32
411 266 7 9
374 456 52 58
336 202 11 11
399 257 30 33
468 195 10 12
97 456 110 120
61 315 41 41
155 141 16 21
356 163 9 9
95 293 79 79
323 199 6 7
443 82 90 95
226 385 7 7
227 141 50 62
219 19 27 27
48 13 99 101
180 274 28 30
141 64 46 74
27 127 22 23
466 326 50 52
484 451 20 25
61 140 107 109
202 279 51 63
98 412 3 4
284 88 94 101
462 196 25 25
177 140 53 65
465 255 28 33
83 492 77 78
51 474 7 9
43 42 7 8
313 233 65 103
66 386 12 18
425 478 31 44
463 478 66 68
380 448 2 2
306 186 39 44
80 117 64 65
217 452 106 115
324 331 76 99
306 174 88 106
214 217 37 39
20 95 60 77
1 460 3 4
94 287 94 97
486 461 68 72
277 220 25 29
435 336 5 5
160 148 26 36
301 193 8 14
398 253 25 26
485 84 40 43
299 319 52 85
253 263 33 45
455 138 13 15
39 418 33 42
50 170 67 96
7 183 27 39
99 25 37 55
60 252 97 101
135 281 56 60
18 91 53 63
77 195 60 60
400 174 59 89
129 189 28 33
112 365 70 77
43 8 103 110
135 428 17 21
446 478 16 19
146 90 48 50
356 101 11 11
353 498 16 17
110 168 24 25
141 298 51 51
113 488 10 13
421 472 66 74
241 16 7 9
185 346 91 119
228 13 45 57
481 369 42 42
248 301 5 5
329 110 64 68
281 90 85 94
401 110 7 7
358 238 29 41
496 324 70 70
253 209 2 2
313 177 80 127
71 329 1 3
323 202 25 27
491 305 6 7
266 457 66 115
441 497 48 64
368 365 60 91
409 116 70 72
2 426 103 104
487 207 42 43
354 92 12 12
111 38 65 75
375 203 90 92
312 461 30 33
421 245 52 61
316 391 36 41
386 186 45 48
227 484 19 19
171 412 39 40
465 350 16 16
43 116 80 110
459 317 72 76
492 203 8 10
172 194 87 87
86 245 20 27
480 225 66 72
147 274 72 91
335 82 97 101
193 98 51 56
151 305 32 40
489 337 82 84
263 171 7 14
338 36 40 40
369 302 9 9
180 407 79 107
315 450 83 84
182 457 26 44
364 353 19 23
29 52 47 79
130 59 28 28
250 208 43 50
255 282 29 31
73 88 67 67
376 222 10 11
15 232 45 59
185 380 96 102
259 289 15 15
384 89 14 17
293 5 63 67
482 320 4 5
273 95 56 74
494 72 7 10
271 366 52 52
476 456 74 82
129 190 77 94
359 385 55 58
47 93 23 29
276 63 76 76
60 200 53 61
211 111 2 4
14 362 86 115
496 392 16 29
173 318 62 75
271 128 98 111
53 323 118 119
249 322 35 40
230 495 26 27
36 316 70 70
166 410 36 40
194 96 10 19
93 196 38 63
164 83 32 34
279 359 9 11
258 462 18 20
174 273 70 73
204 87 80 104
496 482 36 51
459 25 2 3
304 62 39 43
59 339 86 119
203 72 96 102
191 363 34 50
312 64 66 85
494 19 40 52
155 350 1 2
227 478 86 99
461 466 85 115
404 21 36 45
295 156 87 93
171 80 61 61
343 489 67 73
22 111 69 81
445 123 53 55
20 77 58 95
12 128 74 116
238 105 25 27
303 43 9 15
145 423 78 79
446 111 27 35
248 114 68 77
32 488 67 68
293 306 86 88
256 280 15 15
248 68 27 31
127 336 81 98
344 33 54 73
191 111 50 54
299 463 5 7
57 87 80 93
227 264 17 30
103 201 8 8
361 11 44 44
341 268 46 52
209 221 22 25
214 315 28 29
92 376 61 75
351 190 61 78
2 354 51 51
213 34 124 126
408 177 6 6
417 424 65 81
33 404 6 8
479 327 31 39
281 50 45 48
287 200 105 107
44 108 47 57
99 76 58 69
453 315 72 105
104 407 41 41
281 219 2 3
357 347 37 37
83 133 39 41
158 378 17 17
206 16 61 73
356 297 27 39
440 224 29 53
30 469 33 39
347 82 21 31
119 150 29 34
107 174 46 48
469 145 93 116
431 309 13 13
208 7 94 103
464 477 42 70
134 186 65 66
340 384 62 87
40 99 12 18
74 57 25 42
489 349 55 61
73 487 54 66
274 304 47 48
172 348 82 101
265 244 70 76
409 300 64 84
230 114 67 92
447 124 94 96
19 448 107 125
217 37 107 109
114 253 7 7
66 231 11 15
434 82 33 43
85 209 37 38
80 44 67 79
383 128 13 13
430 202 12 18
130 270 64 73
441 25 72 122
327 3 1 2
99 222 66 67
136 170 0 1
231 40 16 18
198 417 39 48
283 191 84 86
254 41 100 103
172 210 78 94
130 177 104 106
89 461 82 83
71 59 6 6
387 216 30 42
43 385 59 87
10 218 18 19
43 117 45 47
443 441 6 9
432 459 15 17
344 290 13 15
17 474 89 99
431 115 93 93
395 72 57 72
65 13 89 94
392 0 84 90
122 495 5 8
191 372 63 98
451 352 54 57
486 378 32 38
332 337 89 111
78 51 22 29
236 12 57 85
394 129 78 80
446 176 94 121
53 475 45 64
169 132 53 53
285 36 36 43
108 56 89 94
93 242 107 112
357 483 12 12
244 15 33 36
409 387 1 1
229 392 99 110
87 51 119 120
182 283 18 26
265 76 13 13
256 139 3 3
50 260 52 77
203 139 49 67
279 81 95 111
439 366 35 53
367 234 20 26
353 425 63 83
26 106 7 8
344 76 23 29
342 407 1 1
277 179 39 51
231 487 104 114
86 337 75 86
109 260 69 78
105 94 54 67
423 471 45 50
250 147 94 96
489 349 17 18
455 57 58 81
463 444 97 106
171 196 25 34
307 455 32 38
392 330 99 99
407 127 59 68
37 139 90 97
174 126 61 61
223 116 75 80
395 496 26 26
329 266 19 28
90 453 44 46
256 337 94 94
444 11 30 36
171 436 17 30
363 240 18 23
402 338 57 68
52 435 43 65
330 326 67 72
469 111 48 75
456 329 45 65
305 41 35 64
230 273 36 36
99 410 58 58
328 417 23 30
99 486 34 34
400 40 57 73
201 164 62 78
313 270 60 74
216 370 45 57
400 391 82 120
198 385 76 105
382 243 52 54
123 419 64 80
317 35 97 99
483 6 17 23
14 406 20 21
353 380 114 121
220 217 80 81
449 486 106 110
435 387 63 86
229 48 26 33
349 30 89 110
256 378 6 6
50 440 73 82
286 346 88 90
179 477 3 4
282 17 1 2
421 41 75 78
290 282 34 58
342 446 16 16
88 378 15 17
282 465 21 22
397 213 43 63
20 364 27 39
43 283 55 71
415 5 21 27
288 195 90 96
490 193 37 40
309 258 56 60
181 349 83 83
67 456 14 19
401 279 0 2
67 117 65 89
372 335 41 66
66 392 41 42
195 489 86 100
410 185 60 67
244 137 35 37
448 182 52 58
437 493 50 58
34 461 67 79
460 22 4 5
40 415 9 14
288 471 5 7
481 356 31 35
266 238 63 79
46 238 15 15
37 138 51 65
222 403 3 4
355 170 45 49
440 333 54 66
335 111 33 41
7 175 51 66
224 184 73 73
466 436 65 81
472 329 109 115
255 307 105 110
232 118 81 112
482 251 6 7
304 5 83 87
176 37 48 66
312 47 87 92
246 243 5 9
158 473 29 30
148 144 87 89
252 77 76 93
26 43 52 54
392 477 105 125
44 212 108 108
420 271 76 83
422 197 102 110
199 283 42 43
88 43 88 106
384 9 26 41
248 272 45 47
18 123 83 116
345 300 59 60
197 78 32 41
154 249 107 108
491 410 16 20
213 109 58 62
7 227 8 11
115 487 28 40
138 383 68 114
67 266 70 77
259 407 89 98
144 227 65 66
349 233 79 82
396 141 21 24
469 437 43 45
39 362 88 91
343 105 29 32
478 192 29 29
57 404 34 41
333 171 18 20
453 294 71 75
20 14 27 28
7 367 7 13
8 37 2 3
99 291 40 50
46 270 104 123
338 361 73 79
449 422 75 76
181 457 10 12
209 261 37 56
458 138 44 44
160 182 34 34
175 15 83 88
8 164 36 38
73 112 80 95
207 362 17 22
204 296 80 114
234 126 71 71
178 220 111 118
466 412 49 51
382 194 6 6
193 376 57 63
178 230 38 44
492 107 10 11
148 236 35 40
1 263 65 68
422 75 76 101
69 375 37 37
206 252 5 5
471 268 27 28
119 64 15 18
209 357 86 94
71 427 3 3
138 90 49 52
238 179 11 12
333 408 25 27
378 287 28 32
5 143 79 83
83 431 48 57
392 139 54 64
159 404 106 124
146 417 22 28
83 458 2 3
198 47 3 4
124 326 59 68
108 207 93 102
457 51 7 12
297 380 59 73
488 143 16 17
351 249 18 19
257 375 12 16
335 480 27 36
141 255 21 21
113 279 50 65
234 224 87 88
236 279 56 60
166 154 60 72
156 195 47 85
243 22 89 105
135 157 20 20
473 379 62 84
472 258 77 80
169 498 45 55
212 109 35 37
335 243 122 122
270 71 3 3
230 382 39 45
312 126 112 117
487 491 103 120
79 167 66 71
440 45 84 94
486 380 74 90
257 336 107 110
274 230 42 44
338 473 31 32
414 36 13 15
134 327 64 73
460 254 102 102
229 52 49 52
431 31 81 113
294 11 3 4
149 486 63 64
189 161 28 36
402 207 110 115
435 359 53 54
338 94 58 70
135 128 20 25
258 204 73 76
18 241 20 27
251 104 7 8
390 167 64 67
81 134 37 41
144 9 77 83
382 401 74 86
224 333 11 12
38 54 94 97
377 278 13 15
72 263 45 66
205 481 60 90
198 448 39 39
431 34 27 27
443 363 41 56
59 304 86 94
288 47 67 106
375 39 8 14
105 164 31 34
236 207 42 71
221 387 19 24
139 114 9 10
490 201 8 8
80 221 23 25
365 192 96 113
63 418 87 111
147 459 11 13
317 217 11 12
2 127 63 65
97 463 79 80
65 369 85 103
423 267 44 51
376 344 57 59
293 49 15 19
443 116 106 107
439 457 56 69
344 495 26 27
350 173 60 68
169 340 93 93
351 203 36 38
417 254 52 97
138 161 11 12
227 448 13 13
48 170 96 105
309 1 48 69
232 440 75 91
159 260 22 23
344 161 27 32
40 417 93 93
167 444 61 97
415 95 74 94
319 387 2 2
13 390 63 71
161 333 50 55
472 393 46 50
117 390 75 78
73 429 82 84
350 94 7 8
481 482 52 62
152 168 13 25
164 21 17 23
291 290 59 65
301 269 95 95
320 284 12 14
145 12 37 38
260 30 86 101
362 470 64 70
481 194 70 79
73 196 89 108
186 216 34 35
209 185 66 68
1 249 85 96
87 209 57 57
470 256 70 70
146 282 30 41
303 94 4 8
8 353 9 10
66 191 96 101
73 329 81 87
64 244 45 50
273 314 23 23
44 231 35 36
242 82 64 67
298 170 41 42
404 451 81 93
359 79 45 46
265 182 54 58
377 129 79 90
385 35 52 59
375 188 102 112
261 110 65 70
330 53 96 113
162 265 92 93
286 133 32 36
493 66 27 35
465 379 62 110
85 100 37 42
289 435 41 51
390 154 6 10
219 228 113 115
49 411 43 44
492 67 10 12
369 240 52 56
288 158 9 10
177 103 67 69
238 325 33 47
227 328 54 67
215 384 44 81
73 394 41 49
394 17 31 42
415 273 61 65
475 265 60 85
420 166 52 53
264 287 54 57
197 109 25 33
353 61 4 5
100 186 52 63
305 292 7 10
483 81 79 84
119 67 111 119
378 232 1 1
433 127 120 126
492 400 70 98
487 196 19 22
449 468 31 53
185 411 60 63
339 474 62 63
199 129 41 51
425 237 100 103
377 113 69 71
261 3 68 70
223 355 67 101
254 29 55 56
371 16 82 88
28 338 76 101
62 24 81 117
359 214 13 18
273 312 73 76
195 315 62 109
184 127 42 47
442 483 34 47
65 467 92 105
89 164 3 3
497 492 55 59
427 489 32 41
140 69 44 49
102 311 43 50
101 26 81 97
388 56 76 76
487 173 65 66
121 26 47 60
416 41 23 27
29 48 26 28
144 90 31 54
80 421 58 107
52 32 67 68
469 403 25 30
144 497 13 16
301 343 24 28
370 363 25 28
347 355 48 57
273 172 104 116
483 296 77 85
359 399 90 97
59 178 97 114
423 11 26 26
43 278 85 98
261 28 9 10
250 493 29 32
184 269 107 108
10 127 41 44
135 279 62 64
350 404 53 83
388 237 70 71
156 436 64 66
424 292 75 91
383 294 72 105
335 62 92 117
173 47 37 54
303 84 55 68
50 380 6 8
97 488 29 29
230 105 6 8
64 220 31 32
339 330 15 19
127 456 78 95
471 459 114 114
365 29 56 62
219 238 14 14
285 48 71 84
200 174 39 53
123 290 35 62
166 414 41 41
38 164 15 15
313 23 89 89
0 143 8 14
305 115 40 58
448 345 28 45
356 85 14 16
447 54 19 19
305 196 2 3
414 416 81 82
12 177 51 70
32 81 49 87
99 88 30 44
239 348 5 6
227 25 44 45
244 165 26 34
391 12 70 71
272 488 38 39
202 93 51 70
412 74 59 76
394 402 38 43
45 451 55 86
155 190 13 14
114 200 69 97
495 129 21 25
401 195 86 92
30 90 37 39
86 334 4 5
451 443 59 59
28 226 33 41
138 201 30 47
182 72 80 80
55 381 35 50
391 151 21 27
376 79 35 36
88 14 72 106
280 259 109 126
482 138 62 68
6 101 44 80
471 149 17 22
322 348 65 66
314 427 26 28
21 246 79 109
120 275 21 28
190 396 84 84
449 269 70 73
73 75 19 21
326 161 1 1
116 400 32 35
493 63 51 52
83 40 17 23
348 239 65 80
310 137 85 89
31 252 30 33
65 104 5 5
240 285 6 6
294 417 15 16
76 35 70 73
436 383 104 105
322 82 17 21
317 246 12 21
429 226 70 71
69 466 110 116
143 50 16 24
390 429 13 13
482 219 58 58
362 482 13 13
59 427 54 75
43 300 7 8
335 429 51 72
37 175 65 66
349 116 47 53
106 496 45 53
211 152 16 27
178 85 61 92
77 282 7 9
305 282 57 79
496 228 58 81
452 252 39 50
166 383 63 70
472 271 75 80
424 459 2 3
306 144 127 128
482 284 39 40
306 269 104 106
48 369 15 21
195 83 74 78
488 407 40 54
428 312 59 66
319 224 28 28
294 427 96 114
45 249 81 86
296 214 14 23
492 18 18 20
312 488 117 120
102 105 36 64
248 19 61 76
340 230 11 11
197 330 66 71
142 135 36 45
298 142 97 103
116 251 46 65
475 136 27 28
349 449 15 26
326 296 24 34
474 70 57 58
371 394 47 55
429 416 68 87
169 344 1 2
20 105 59 61
188 441 37 58
368 399 9 12
185 467 70 99
74 389 39 48
271 337 4 5
152 88 49 49
7 126 78 80
14 478 104 117
20 206 14 18
156 192 47 55
197 336 97 98
456 194 3 4
99 303 106 111
109 36 42 49
7 35 17 20
130 262 99 109
50 394 27 32
380 313 58 87
41 318 80 94
351 99 115 118
322 445 23 28
462 358 61 61
235 90 55 57
152 401 21 23
7 174 44 44
46 445 32 38
167 90 9 16
187 135 19 28
468 497 118 126
343 354 48 50
6 51 114 114
277 267 73 91
190 129 85 106
410 492 55 62
168 330 90 93
184 332 17 20
372 10 69 90
448 380 42 67
31 459 42 46
234 192 7 8
119 405 37 66
357 416 13 14
351 286 65 77
246 149 38 42
100 89 45 46
248 42 64 67
368 345 44 61
25 319 28 37
118 440 89 92
335 49 104 106
74 148 91 103
231 49 77 89
144 151 72 73
306 269 20 20
297 288 74 79
323 21 63 83
18 417 42 46
423 265 13 13
380 497 63 68
367 5 31 32
165 464 58 60
216 235 55 77
214 354 13 14
20 32 115 117
59 106 74 80
105 5 56 83
405 486 56 78
265 61 34 38
53 43 6 10
196 279 62 99
394 296 5 5
360 221 25 39
147 352 67 104
410 437 67 67
122 284 112 113
287 190 16 17
380 365 68 69
13 43 53 62
51 382 29 30
256 417 60 87
166 146 30 31
230 313 71 75
9 362 111 111
372 150 16 16
450 319 91 95
68 324 69 86
486 235 16 17
407 83 66 74
245 387 123 124
299 482 14 21
11 194 9 10
321 310 35 40
57 250 56 73
206 363 43 64
343 131 11 17
112 291 20 28
38 299 27 39
138 409 37 41
250 86 65 70
12 449 60 100
342 104 25 29
132 176 28 33
467 360 92 105
366 450 43 50
403 234 84 92
53 96 107 107
389 33 35 44
70 476 26 26
170 233 60 63
152 371 31 35
219 457 33 49
183 483 101 124
155 71 5 8
184 293 29 33
239 185 79 87
81 153 17 21
311 164 118 120
404 452 55 58
208 364 78 99
429 299 95 99
19 334 57 68
69 99 98 99
285 378 70 83
124 465 20 24
437 339 34 40
217 17 89 90
351 431 96 116
421 305 35 39
317 239 95 103
174 100 60 62
133 478 48 63
104 75 66 69
368 204 43 44
280 470 103 114
457 66 1 2
27 425 75 108
8 406 98 103
463 100 66 79
36 258 99 105
149 437 29 41
379 336 6 7
439 398 60 83
58 245 60 76
77 145 36 52
213 222 38 39
185 144 1 2
183 481 100 102
190 106 38 43
455 303 48 53
80 94 96 99
151 196 14 15
21 444 56 64
113 462 39 50
271 43 40 56
166 450 50 51
244 17 93 93
325 401 51 57
320 353 14 16
153 67 71 79
458 154 33 34
187 155 70 70
33 415 101 120
184 339 12 16
387 105 29 41
342 6 84 111
15 160 112 115
438 83 98 100
408 249 41 43
173 432 19 25
122 386 9 9
451 356 104 106
451 5 92 106
366 390 88 98
446 118 8 8
94 394 20 20
22 387 3 3
340 95 53 54
180 496 104 110
492 486 66 66
62 262 89 94
118 69 43 72
7 89 47 58
212 66 73 73
291 83 14 16
193 33 71 90
475 138 83 84
62 371 36 42
292 27 45 65
211 445 5 5
129 416 12 13
458 493 14 15
280 356 55 72
44 210 84 97
433 385 59 89
277 236 25 29
443 476 56 63
28 387 107 120
326 283 59 72
418 464 9 10
364 406 3 4
79 3 72 77
471 453 100 113
209 227 71 73
225 399 3 3
425 225 90 94
264 324 39 51
300 463 85 91
69 380 96 96
469 346 21 39
227 195 114 130
170 468 72 115
465 281 70 83
370 82 19 21
478 417 53 60
458 408 70 72
197 218 95 110
372 351 73 75
481 57 102 108
214 223 49 69
401 4 10 13
42 492 12 23
109 250 95 100
403 41 17 27
145 155 40 43
252 362 105 109
318 208 10 11
476 149 15 17
33 363 8 8
178 279 60 63
282 208 74 74
446 358 5 7
39 485 70 89
354 241 44 44
412 176 6 6
400 309 44 59
105 455 88 97
3 331 34 34
162 407 47 59
497 171 82 85
150 469 30 32
369 97 72 74
228 262 57 64
108 340 8 9
345 212 82 83
424 81 37 49
106 291 26 27
128 134 71 76
430 359 38 46
359 141 22 22
352 246 75 95
237 465 88 98
249 364 86 103
421 249 51 54
347 106 34 35
460 445 3 3
430 458 109 121
350 367 62 70
230 447 88 113
407 426 52 61
427 432 25 26
457 236 18 20
177 275 9 10
251 275 74 97
374 329 68 70
151 389 57 70
115 91 83 84
137 308 71 112
330 470 75 96
139 413 116 122
200 233 99 118
38 466 31 36
241 328 51 63
410 374 2 3
221 84 36 37
30 225 30 49
467 271 93 97
415 12 31 31
438 103 11 11
162 51 83 120
305 491 40 58
217 289 3 4
257 322 64 96
328 389 40 40
204 439 59 73
45 294 18 19
250 260 73 95
148 206 13 19
308 455 110 119
115 401 19 22
279 462 79 99
34 197 9 10
129 386 78 89
330 288 10 13
380 296 70 93
432 434 29 42
141 87 12 21
327 376 32 57
147 166 15 18
216 118 85 88
80 115 65 87
145 454 1 1
283 138 17 19
276 429 13 14
298 277 49 61
175 181 61 61
250 326 116 120
360 449 60 62
448 405 88 90
156 370 87 91
291 214 3 3
294 376 65 74
159 469 44 45
216 489 59 79
136 459 122 124
140 257 30 31
108 15 21 23
353 264 73 99
202 426 58 89
25 266 20 26
171 389 77 79
471 327 86 96
164 61 123 125
355 213 28 28
459 303 66 69
439 35 71 72
388 395 12 15
182 180 31 35
455 189 42 50
229 273 82 113
428 40 22 24
450 440 75 82
447 360 15 22
487 282 44 51
158 14 36 38
340 477 98 103
438 262 72 86
419 200 56 58
306 82 42 45
498 2 88 95
172 148 33 50
373 310 58 69
257 111 13 13
161 311 43 50
255 319 99 120
295 257 91 110
192 240 66 66
315 149 14 15
192 417 73 76
423 61 52 52
160 271 33 39
471 11 75 76
330 493 26 28
259 93 37 43
274 382 38 53
13 151 58 68
44 252 55 85
446 7 20 34
57 214 22 35
42 463 55 57
317 232 78 83
73 126 79 98
5 240 14 25
162 102 57 83
48 463 66 66
421 153 37 47
359 4 47 68
180 399 39 50
384 4 72 75
392 131 115 123
328 233 12 13
7 419 75 76
79 259 58 62
419 1 50 70
423 396 65 65
457 183 54 71
203 455 91 91
118 331 39 51
192 482 81 92
189 496 34 40
125 134 81 82
71 51 5 7
195 36 19 22
264 84 81 85
455 99 61 101
349 252 41 42
357 0 67 78
316 355 22 23
173 215 19 20
360 277 75 100
38 451 64 80
208 399 33 33
157 283 77 79
432 171 26 41
133 382 29 37
337 57 36 38
256 477 20 23
337 335 37 40
103 298 8 10
410 216 19 21
165 305 74 128
2 162 54 79
289 54 42 46
220 131 7 7
353 160 99 101
456 247 57 68
276 143 22 23
140 159 67 73
373 318 105 120
236 459 106 107
100 61 39 44
154 316 82 82
193 471 111 111
197 284 28 31
482 252 18 21
436 32 19 24
284 398 19 21
111 136 55 58
257 261 106 122
176 22 81 84
46 279 64 82
336 338 69 93
413 276 40 41
374 393 84 91
381 87 30 31
324 441 114 115
204 335 1 2
452 100 41 43
83 312 43 49
331 201 24 24
117 23 7 10
443 346 40 58
75 29 51 71
326 70 19 31
342 23 4 6
260 243 67 72
479 151 34 35
124 370 22 22
306 95 61 91
153 40 75 119
333 414 115 125
350 64 61 91
21 177 82 98
187 136 56 63
111 258 22 25
347 217 50 80
234 66 11 18
429 258 67 72
82 377 78 82
226 137 9 12
223 341 25 39
457 331 57 102
400 134 27 33
452 228 36 40
17 71 79 100
105 336 34 52
434 199 21 24
396 247 13 15
464 376 40 43
454 258 15 18
172 320 55 77
17 332 96 97
423 244 33 34
405 109 69 82
392 230 79 101
497 456 10 11
39 383 78 83
473 265 36 43
187 425 10 10
174 334 4 6
305 223 34 50
208 107 93 98
281 279 36 44
175 291 39 43
471 133 54 54
41 120 4 6
474 81 75 101
3 441 10 10
76 155 16 21
33 305 122 123
366 409 34 40
371 142 26 35
292 36 52 54
243 28 110 130
26 346 38 44
466 425 39 57
455 40 75 91
255 367 98 114
363 27 31 37
218 41 3 4
80 309 67 68
416 393 47 54
446 438 3 3
47 124 13 15
68 60 20 32
350 32 22 29
351 462 91 95
408 117 69 78
119 408 41 50
274 290 61 93
277 366 54 55
96 149 72 101
361 126 36 42
92 55 9 9
491 353 40 47
404 447 80 89
465 60 50 67
107 381 50 68
334 63 55 60
99 423 67 68
371 262 76 112
109 457 22 26
382 18 96 97
227 89 68 69
233 272 91 95
17 439 25 32
150 433 94 96
40 488 113 114
329 164 29 54
431 218 8 9
395 284 52 55
172 167 58 66
2 72 72 93
345 488 47 51
373 353 15 19
370 408 82 85
286 305 77 94
256 490 83 95
378 243 6 6
295 42 55 57
373 408 86 107
405 112 51 57
336 133 36 48
203 13 4 4
46 292 85 110
25 482 35 37
271 266 44 44
278 309 67 73
425 141 71 73
426 4 32 42
410 182 89 99
270 249 52 76
493 313 70 130
119 156 88 101
341 293 65 65
362 162 17 19
73 347 76 123
248 453 51 74
222 217 22 27
452 467 23 24
140 10 28 43
485 110 12 21
15 367 17 19
444 495 29 36
166 310 79 82
165 134 49 57
369 218 36 40
220 76 67 72
125 351 97 113
313 165 45 56
76 183 91 106
159 48 52 86
71 458 34 39
116 292 20 26
325 44 60 88
205 222 80 87
301 202 17 18
46 466 71 73
416 44 87 98
252 327 23 24
412 296 10 14
386 240 27 27
434 124 49 54
316 380 96 110
37 146 24 28
423 244 12 15
413 486 62 100
450 114 13 18
183 397 11 14
408 418 1 2
70 472 22 32
280 61 61 62
396 386 59 91
48 239 37 44
57 130 61 68
126 435 27 28
2 433 5 7
355 209 18 23
337 398 11 11
313 209 60 71
1 11 24 25
497 309 5 7
478 281 18 18
44 49 13 16
459 352 38 41
250 171 53 56
56 237 30 33
256 342 36 41
17 292 73 80
443 194 61 64
184 220 84 88
268 203 54 64
171 354 55 68
60 423 11 11
132 179 91 95
406 415 59 75
478 342 53 56
379 27 33 44
479 255 14 17
357 227 65 83
440 92 7 8
387 15 25 27
438 362 30 49
56 36 8 10
421 358 63 74
106 321 82 86
305 93 25 27
397 332 73 88
272 146 101 112
259 260 26 27
335 264 75 91
294 222 68 79
209 36 15 20
440 358 1 1
52 381 7 8
158 450 46 60
338 282 105 109
248 325 39 44
52 129 6 10
477 125 48 72
306 267 18 18
229 170 60 68
270 371 3 3
125 355 96 99
2 194 111 111
221 66 5 6
327 175 29 32
494 356 15 20
280 156 76 77
226 151 37 38
143 83 64 82
57 400 2 4
461 47 27 27
328 51 9 12
420 163 74 74
409 226 70 80
105 117 30 30
206 287 23 27
48 31 67 86
249 389 52 56
454 179 12 14
70 468 66 96
17 185 80 100
11 418 87 94
235 407 14 19
333 353 65 105
297 92 63 78
186 254 48 51
251 381 18 18
468 99 62 74
156 8 71 113
194 422 110 116
257 413 29 33
498 230 67 67
61 92 111 111
266 397 116 116
368 334 6 8
149 229 47 47
451 277 110 125
391 424 101 109
44 402 64 64
308 221 126 126
356 436 105 107
376 209 75 104
480 27 56 68
217 210 63 67
279 40 36 43
383 376 63 79
136 467 38 38
72 32 61 90
87 153 80 84
128 394 9 19
153 316 83 94
426 97 78 79
57 172 67 81
109 141 68 94
173 178 19 23
87 164 19 21
97 100 1 1
382 400 91 96
204 411 2 3
301 36 58 70
313 63 57 58
484 486 44 48
339 408 35 46
228 156 59 63
195 139 58 75
209 149 81 82
198 139 60 86
116 97 17 21
370 95 10 12
174 405 0 2
302 450 73 74
258 165 24 38
111 452 76 84
97 51 68 68
79 423 66 77
278 46 7 13
46 18 113 115
33 68 57 67
355 386 23 32
176 317 18 24
47 436 4 5
338 475 39 59
282 45 26 32
85 112 23 45
393 129 87 88
350 269 22 23
481 184 37 54
354 495 51 81
55 400 15 18
153 365 32 34
390 39 82 121
299 244 55 56
469 447 33 34
438 219 90 91
397 16 57 67
270 286 33 40
297 166 60 61
364 491 2 4
350 389 74 74
58 9 48 56
366 12 93 95
123 166 96 98
300 381 103 104
170 179 109 121
434 74 40 64
193 10 29 30
98 54 54 78
217 369 72 73
318 336 57 78
265 466 70 101
481 291 64 76
191 301 59 76
358 406 99 118
104 386 33 36
67 289 113 119
425 373 54 73
83 145 39 43
45 7 91 91
272 471 9 11
136 458 18 23
265 260 5 10
59 389 90 107
276 77 97 112
444 192 76 110
494 128 66 75
90 94 53 89
352 186 77 100
43 300 28 47
78 297 67 78
247 143 57 69
52 345 16 20
458 486 8 9
136 337 33 53
350 186 54 82
427 49 39 68
30 272 11 11
54 386 22 23
214 129 36 46
447 46 45 45
15 356 68 70
84 150 4 6
63 281 79 80
493 367 17 19
167 308 68 78
176 369 69 73
492 384 53 84
384 334 62 74
437 278 53 56
194 115 22 33
329 68 32 39
253 127 56 101
243 111 59 72
75 358 6 8
80 298 47 62
124 321 115 116
440 12 21 27
339 7 19 25
2 133 47 47
281 6 54 55
362 18 22 30
50 178 106 107
438 50 72 75
409 238 75 101
67 287 31 31
83 304 103 107
241 477 113 123
205 391 2 3
378 15 75 86
25 335 44 50
31 454 50 50
497 185 22 25
341 3 10 13
227 248 10 16
448 339 41 41
273 166 58 87
71 268 61 99
262 219 6 8
163 389 83 101
403 113 67 89
77 466 57 57
109 477 27 45
347 319 38 46
373 64 30 37
44 254 31 46
456 379 51 51
383 339 12 12
476 319 44 64
441 183 74 99
424 179 31 32
128 458 15 16
78 112 47 61
66 229 90 91
320 57 51 87
72 451 54 55
416 191 62 63
144 458 5 7
405 425 47 47
152 301 30 30
205 149 62 72
378 187 1 1
25 348 32 32
168 219 56 57
64 252 68 87
265 116 80 90
327 123 79 106
275 238 13 14
0 470 84 91
398 201 56 80
36 11 30 37
341 407 15 19
389 0 90 90
222 94 103 104
9 356 37 40
271 312 27 30
4 404 0 0
211 149 11 13
59 253 88 94
187 367 91 119
39 465 9 11
167 83 107 114
449 208 67 90
361 464 66 71
364 391 115 123
197 20 36 40
470 331 50 52
159 205 10 11
217 286 58 77
3 81 59 59
178 128 79 79
137 330 48 53
28 190 71 89
355 226 18 23
197 74 50 52
193 46 42 44
337 167 9 18
190 349 42 44
96 30 6 9
399 170 2 2
249 26 3 6
109 263 78 103
392 274 65 76
310 257 24 38
237 330 56 79
30 108 52 66
208 368 86 99
368 297 22 24
224 150 43 53
201 405 62 93
15 343 1 2
401 438 50 55
32 231 52 56
230 30 87 89
460 182 67 87
73 438 3 5
208 73 46 47
195 187 38 46
363 24 36 42
306 220 4 5
186 159 51 55
191 93 57 61
108 306 36 50
273 382 7 10
20 74 56 66
474 349 17 17
51 72 7 9
372 459 38 58
254 178 55 59
199 171 37 40
19 308 43 52
276 468 29 35
7 455 74 82
198 180 65 96
467 338 56 72
217 324 17 21
390 312 63 66
467 375 7 10
141 42 65 66
151 497 58 95
193 485 68 70
194 180 36 37
313 395 10 14
72 399 64 71
241 337 44 46
335 122 22 28
455 172 29 30
486 494 39 71
150 477 0 2
423 373 97 100
7 42 31 31
303 466 47 48
75 105 88 91
330 134 23 29
198 37 18 28
110 392 37 51
385 51 84 94
309 220 59 59
388 317 62 73
455 409 117 125
155 441 6 6
275 195 101 103
350 247 41 66
441 163 24 36
6 242 23 31
18 99 5 6
37 497 77 79
498 314 23 24
240 327 33 35
154 313 22 22
476 73 88 123
78 216 3 6
274 355 88 107
43 79 59 75
227 449 68 70
369 272 115 121
354 300 68 72
38 189 15 25
343 356 48 51
45 467 67 107
290 191 13 14
376 340 36 57
73 203 62 75
314 124 25 28
487 331 46 55
51 369 62 84
441 429 15 21
224 358 67 77
459 145 61 75
435 5 23 24
246 115 30 48
107 456 14 17
262 281 45 66
46 295 9 13
18 338 48 49
457 354 10 11
232 51 77 91
456 343 112 126
335 122 75 78
248 22 55 63
233 453 18 21
484 99 15 16
53 55 10 10
456 454 89 118
88 76 38 40
114 426 17 19
305 201 115 130
434 427 76 90
20 283 79 99
310 425 21 24
209 281 37 41
324 82 24 24
184 39 12 12
244 59 77 108
382 410 9 10
261 459 4 4
204 493 11 13
354 99 42 47
477 174 39 57
387 171 40 63
60 102 55 62
87 476 47 52
155 164 104 105
180 443 13 13
387 54 90 109
14 326 87 87
296 60 71 90
443 472 18 28
21 134 18 19
426 468 34 40
60 385 12 19
415 147 36 45
124 398 93 111
342 26 33 37
397 298 33 33
9 336 60 72
80 388 40 47
71 221 111 129
48 296 127 127
68 321 84 86
462 495 78 82
250 55 72 73
185 164 108 116
347 287 36 37
305 483 45 50
187 1 37 51
6 46 44 49
205 156 35 47
179 373 77 104
309 1 92 105
427 211 55 90
12 408 80 82
363 185 117 118
446 483 37 42
217 437 52 84
12 135 92 111
416 131 61 65
267 163 78 79
427 497 57 57
376 387 30 36
132 97 65 88
361 429 118 118
419 159 28 40
127 30 73 90
408 273 81 90
265 254 22 27
34 110 96 100
40 436 32 37
156 321 10 19
259 468 107 114
409 349 73 80
232 160 100 118
156 144 78 83
487 17 50 56
379 470 32 37
433 422 6 7
221 394 10 13
44 427 50 62
338 80 69 83
160 79 110 122
173 95 46 49
125 106 24 35
282 145 31 33
319 138 43 44
168 354 69 71
484 36 82 89
475 409 36 39
388 325 69 78
264 82 51 52
152 138 27 38
260 77 49 52
489 141 33 47
221 29 42 64
229 218 14 28
180 466 54 75
211 300 41 55
158 449 1 2
465 402 8 15
497 139 32 43
222 425 23 24
135 453 63 65
279 414 29 31
72 419 6 9
401 57 42 42
455 226 108 115
485 67 27 30
239 236 10 10
321 303 81 99
243 206 69 78
322 388 6 6
449 138 23 27
238 318 104 104
314 442 74 103
480 406 3 4
78 212 88 104
420 360 91 95
116 386 5 5
428 307 48 50
414 394 7 11
381 422 91 108
81 188 85 90
81 82 66 72
403 381 102 103
130 57 3 4
482 463 6 9
400 59 3 6
343 489 84 87
303 21 92 100
144 398 26 28
194 279 16 16
347 63 80 93
77 164 89 119
296 285 66 68
348 200 50 53
355 377 62 68
192 365 50 52
216 240 8 13
397 174 78 88
32 232 81 82
445 87 32 41
388 172 9 13
423 234 52 52
261 36 84 110
91 302 44 53
428 327 31 33
251 94 50 50
98 97 98 98
175 322 63 89
29 194 70 108
66 482 6 7
93 104 57 64
408 180 106 117
183 14 18 21
430 486 29 36
78 209 104 105
181 319 13 17
379 9 30 32
107 223 66 94
281 157 87 101
362 320 15 15
9 11 84 91
115 393 94 102
495 113 32 38
146 330 12 13
335 410 59 72
136 487 48 55
294 345 87 92
420 403 111 118
355 190 39 44
128 464 41 52
278 421 31 31
234 466 39 40
59 171 60 62
115 435 29 39
128 119 7 8
396 184 92 100
195 87 38 40
472 239 95 117
0 213 61 95
415 122 72 89
92 132 24 36
435 30 111 116
422 243 61 68
440 284 93 109
88 329 13 18
127 433 38 51
309 192 9 10
9 210 39 60
430 76 29 30
318 450 99 102
178 423 19 29
389 495 80 112
444 24 45 56
193 245 42 43
475 163 26 37
498 195 47 63
126 402 68 70
284 74 43 61
54 456 18 18
179 490 73 83
148 454 72 74
378 335 95 95
396 44 0 2
246 305 21 34
68 315 9 10
260 179 103 103
44 84 17 28
335 141 32 36
369 359 35 52
133 70 42 72
159 379 84 96
282 15 57 66
465 386 15 24
323 107 77 98
482 442 113 115
440 226 12 15
470 43 65 83
230 337 75 92
287 113 126 129
44 390 66 90
231 118 41 47
69 477 34 37
261 369 26 42
406 267 30 39
210 87 71 76
137 335 61 66
123 244 56 84
129 192 77 78
441 458 0 0
126 337 49 73
390 194 30 37
401 408 64 73
113 35 27 29
31 64 95 96
20 412 74 121
443 309 2 3
399 72 31 31
487 75 1 2
143 111 60 95
317 339 59 71
354 82 4 5
28 467 26 27
438 441 30 32
426 2 32 34
388 130 26 31
447 314 80 120
375 249 29 30
320 90 27 30
241 16 6 8
346 154 40 53
380 418 40 61
486 212 34 39
195 378 93 98
223 155 59 68
315 122 16 16
196 204 44 49
9 443 70 74
424 409 83 84
165 15 75 86
228 275 70 75
169 310 52 53
97 54 66 68
142 297 18 21
452 267 44 44
12 187 1 2
332 382 92 100
475 395 2 3
91 239 78 85
186 382 85 105
311 448 36 53
485 318 96 113
476 68 4 8
129 128 9 9
198 204 53 54
355 335 6 6
106 200 36 41
238 425 34 37
344 309 48 53
110 198 32 32
403 257 12 15
204 263 97 121
353 75 80 88
328 430 16 18
160 76 69 82
26 142 1 1
192 184 82 97
490 96 49 55
292 310 90 94
209 268 31 36
390 419 23 27
227 178 58 71
349 67 45 54
486 381 13 18
338 47 69 71
270 239 52 69
213 295 42 43
436 437 10 11
413 32 43 46
422 103 81 81
294 159 72 84
422 299 9 9
190 253 68 72
135 42 112 117
418 32 81 85
22 67 27 32
421 385 55 72
173 103 19 19
159 16 64 73
81 397 51 66
448 261 100 111
39 445 17 27
389 24 101 101
337 32 43 45
454 197 80 117
86 248 75 91
482 329 70 118
411 497 82 104
95 439 10 12
400 53 10 16
233 275 67 108
426 116 74 74
387 222 108 126
261 337 27 30
442 293 89 101
29 209 25 30
6 206 32 43
430 272 59 60
181 34 12 24
11 479 30 32
123 295 103 106
159 255 19 25
171 226 41 61
397 124 38 39
37 66 99 105
23 424 65 69
227 307 64 66
337 71 63 64
292 143 53 58
407 345 1 3
366 97 57 60
198 149 28 28
366 165 74 77
321 482 57 77
332 126 40 41
156 264 37 70
43 164 92 93
335 344 31 45
79 195 23 29
453 109 4 5
358 403 46 78
6 485 53 66
70 392 50 53
449 16 19 21
17 495 19 22
371 299 48 48
286 8 44 50
19 119 83 87
260 344 11 12
89 51 66 79
74 449 80 90
185 452 10 17
183 4 117 118
97 264 69 95
150 20 76 90
354 61 38 38
167 202 74 74
102 342 84 86
224 468 41 52
338 443 18 30
354 36 39 44
239 123 52 60
190 80 16 20
84 449 41 47
349 3 16 21
436 403 25 41
126 189 79 111
193 448 79 86
394 285 46 46
168 366 58 61
25 247 25 28
310 488 54 58
273 194 56 60
288 317 77 77
137 135 38 42
20 196 8 11
429 387 61 72
70 327 57 59
291 107 2 2
385 167 23 24
465 412 3 4
170 312 56 59
444 462 0 0
138 109 33 48
163 21 11 12
388 492 20 24
406 409 19 24
385 365 60 60
203 415 67 91
295 133 59 85
496 371 52 54
77 285 55 71
319 189 30 38
349 308 13 13
396 118 39 39
417 170 123 123
454 258 10 12
229 265 2 2
496 88 17 24
69 345 73 92
180 141 68 86
422 121 26 27
220 422 74 81
80 289 16 24
486 203 4 6
213 426 35 43
77 399 24 26
463 439 2 2
201 385 72 123
438 333 73 107
191 131 70 70
350 325 67 68
77 67 83 103
255 142 107 123
300 389 50 55
273 355 60 61
274 203 82 95
229 222 81 83
427 458 26 30
42 15 83 85
412 214 86 94
222 158 31 36
171 103 102 115
72 292 60 64
344 152 80 87
161 375 65 70
65 209 36 41
26 484 60 98
412 283 110 113
493 496 57 67
1 212 39 59
171 101 55 62
292 147 11 13
190 260 74 79
401 71 60 70
398 90 73 74
443 328 18 18
482 486 14 19
121 416 103 111
175 71 65 71
269 419 4 4
205 22 2 4
118 358 82 123
491 440 83 84
218 82 52 75
306 295 93 97
233 291 42 45
328 185 14 14
488 338 67 72
320 304 0 2
219 373 51 51
176 377 4 5
497 268 94 127
225 178 37 66
454 100 0 2
348 185 90 97
386 485 69 118
2 135 65 105
476 304 47 48
301 322 3 4
175 18 47 54
101 393 4 6
35 162 76 84
430 243 59 61
498 113 74 93
481 164 118 127
283 48 7 9
276 201 41 53
274 311 67 68
78 127 70 99
133 319 110 111
454 84 74 79
447 183 86 89
237 468 34 51
56 187 51 59
294 437 74 80
470 124 74 77
441 105 58 101
58 251 16 17
71 489 19 22
471 60 76 82
492 24 30 34
130 486 68 73
12 392 40 41
333 421 54 57
178 50 82 88
426 425 60 74
321 276 80 94
122 81 50 76
176 423 16 21
389 212 19 19
117 80 93 98
175 53 57 67
163 171 21 26
350 342 61 77
203 57 0 0
413 264 80 89
68 11 32 41
327 341 54 93
147 473 47 48
124 175 97 97
89 423 118 118
407 380 37 40
188 390 46 51
11 194 42 47
445 158 40 40
182 303 100 119
162 289 7 9
338 364 76 79
240 441 22 22
452 49 24 29
110 248 17 24
341 235 29 41
497 136 113 124
325 280 68 69
438 258 93 97
141 308 34 36
86 248 17 22
94 209 55 66
33 160 70 113
442 194 59 59
453 227 36 37
190 284 57 59
205 95 75 76
267 59 4 6
237 103 87 88
77 480 36 42
248 347 18 25
286 249 117 127
468 57 49 50
159 240 82 98
154 111 42 46
430 264 4 6
330 193 59 59
225 413 30 31
390 212 16 30
342 65 34 35
105 457 82 82
87 141 26 30
417 238 47 75
421 459 57 97
94 260 63 64
116 263 67 67
301 112 74 75
243 333 49 52
462 118 109 109
379 449 2 3
31 127 59 63
115 67 23 33
476 200 35 58
201 257 46 46
240 49 53 70
18 218 63 71
469 256 93 99
431 394 76 76
18 375 0 0
374 52 28 33
67 210 38 59
254 59 72 75
315 85 73 111
117 20 29 33
95 319 22 25
42 3 24 39
498 282 39 39
387 400 60 66
121 41 29 45
331 485 13 16
101 318 32 35
13 450 16 20
37 417 78 94
130 296 60 64
284 38 67 69
366 124 13 18
205 198 96 111
282 5 45 58
359 8 65 66
270 371 3 3
106 78 3 3
5 9 64 66
309 201 80 101
156 6 13 14
446 102 47 75
322 210 66 93
232 158 65 83
177 253 9 9
467 307 56 63
211 156 9 15
79 49 58 65
21 87 54 78
42 28 76 76
147 27 72 77
426 213 19 21
275 408 48 51
121 407 56 57
299 315 106 113
33 482 73 102
58 46 23 39
208 172 35 38
382 477 12 24
89 164 83 85
93 236 2 3
236 470 26 43
234 215 65 65
420 237 0 1
19 404 111 115
294 118 20 27
226 258 110 114
240 495 12 12
227 3 7 10
27 175 83 117
408 165 22 38
481 151 13 15
279 147 60 60
119 4 13 15
39 62 60 63
167 498 62 77
441 285 73 100
23 193 38 56
248 212 44 55
266 36 59 71
400 305 20 27
6 242 104 105
173 165 30 35
130 453 65 78
424 40 14 22
185 258 38 46
109 283 57 97
462 418 38 40
341 140 19 33
28 498 95 112
33 211 2 4
479 281 28 35
155 130 72 75
379 467 99 102
279 85 64 65
132 461 94 107
357 223 63 100
166 294 73 85
290 118 61 75
200 266 18 19
447 86 32 43
431 215 89 96
264 462 22 22
409 230 36 37
396 420 72 76
242 129 81 87
20 65 57 73
215 170 63 105
182 357 75 80
206 327 72 74
216 107 107 112
397 135 93 104
401 94 2 3
286 316 103 105
84 172 8 10
342 136 67 73
466 428 28 29
453 392 66 76
426 25 39 40
236 360 42 43
299 145 92 102
316 310 96 112
30 93 64 77
263 187 73 92
28 224 33 40
30 118 85 88
66 2 41 43
153 372 46 47
203 476 2 3
403 291 39 60
492 40 25 28
493 303 72 73
10 493 71 92
17 57 73 80
25 475 62 66
173 225 6 8
353 376 36 41
349 473 54 61
122 22 31 33
493 60 91 91
39 57 44 55
270 23 13 22
154 100 86 90
94 262 10 18
185 390 28 40
322 177 5 7
434 450 9 9
278 170 60 94
393 151 37 61
446 159 48 51
441 184 57 58
354 82 20 23
37 333 59 69
376 68 40 50
120 187 91 117
168 371 78 81
433 466 103 103
194 209 59 64
274 110 13 14
479 144 39 47
488 247 27 38
423 168 89 122
347 103 57 68
168 59 42 47
79 412 33 36
349 326 81 83
260 390 82 82
397 263 27 31
101 349 45 75
425 197 60 62
373 252 83 84
373 328 30 56
23 156 9 9
245 448 38 41
354 76 98 103
154 402 76 78
397 260 81 96
357 155 16 20
388 392 26 29
276 167 84 85
146 34 30 30
487 197 83 98
473 376 18 20
241 136 54 77
354 203 52 61
300 141 22 24
431 242 71 76
350 403 20 28
127 70 12 13
467 59 46 52
159 85 73 85
142 491 32 33
339 217 22 22
438 356 21 21
442 111 17 19
444 237 93 93
132 27 31 37
277 180 28 32
446 110 66 66
2 418 24 31
21 434 32 36
168 473 5 5
62 339 46 54
107 169 7 7
143 146 71 76
179 13 60 85
78 312 37 46
330 103 70 86
49 498 37 51
66 108 41 45
129 328 93 95
235 490 67 67
458 91 67 71
337 257 65 93
414 192 90 93
105 47 33 33
494 277 49 58
19 12 11 12
23 391 74 79
204 96 29 29
256 425 7 10
133 82 81 89
33 443 54 59
234 382 90 95
5 216 0 2
488 274 76 78
436 128 75 93
470 367 6 6
162 467 28 49
44 423 82 104
309 416 86 100
442 235 103 108
355 357 41 43
66 315 46 69
492 60 42 47
80 110 26 29
258 283 35 36
329 346 47 51
52 81 34 58
363 133 1 1
244 373 49 71
239 271 36 57
188 414 75 102
445 99 48 50
172 231 98 103
31 364 18 19
210 274 34 42
326 410 23 24
0 276 86 110
162 469 30 53
96 73 2 3
317 197 3 5
458 27 62 62
192 444 63 69
36 171 61 85
199 390 106 107
142 403 88 98
45 163 62 63
466 470 72 81
460 167 76 76
352 21 57 67
91 476 80 84
193 212 81 84
477 167 85 87
230 212 29 36
298 374 77 91
406 18 69 77
212 349 9 9
159 137 64 66
299 390 116 121
267 52 66 79
272 304 98 103
274 496 74 83
53 329 37 42
187 470 73 94
288 176 38 38
29 217 27 27
405 333 42 42
380 471 53 53
338 421 53 61
160 184 63 66
252 269 80 85
373 122 88 92
53 127 34 46
177 394 75 94
357 331 72 110
198 166 51 67
376 231 20 26
454 78 22 25
178 152 81 104
472 140 65 65
221 189 77 117
241 86 42 60
65 193 48 55
478 329 25 27
426 424 93 123
286 92 40 42
462 217 21 30
63 466 90 116
472 143 66 91
375 151 62 78
124 85 93 124
53 31 71 75
400 456 59 90
49 328 5 5
396 225 85 95
492 259 27 27
328 53 53 80
438 375 8 11
321 147 7 7
79 55 34 34
26 296 37 48
74 190 98 98
203 274 74 100
137 76 2 3
264 249 15 15
204 19 45 52
472 308 19 32
288 16 23 34
302 454 31 38
174 130 70 80
306 48 57 61
436 202 26 29
53 265 1 1
347 398 70 72
10 32 31 31
37 408 59 65
446 242 19 24
414 100 41 49
109 80 74 88
487 334 92 98
45 215 23 25
203 208 64 76
288 158 65 73
448 14 70 84
228 107 5 5
380 316 70 75
277 184 109 119
285 212 128 129
284 414 52 79
230 81 38 38
89 170 79 81
188 7 92 92
125 127 49 51
302 20 94 95
151 74 23 32
431 168 102 120
145 186 71 114
455 302 70 75
395 285 91 119
454 75 82 87
275 295 74 79
405 115 6 7
4 356 29 33
34 107 58 81
39 232 32 35
282 11 33 43
258 80 12 12
219 351 22 25
315 57 30 30
84 243 32 34
105 99 1 2
384 439 50 59
113 219 23 23
471 203 56 59
210 18 70 74
365 56 59 71
431 264 98 99
131 162 30 31
292 470 51 64
47 103 27 29
381 300 59 75
367 478 6 8
74 224 2 3
458 382 37 38
136 142 78 108
128 140 60 69
102 76 53 61
434 11 26 29
210 170 8 8
467 16 24 35
313 89 37 46
152 381 63 76
166 201 60 67
311 469 42 46
387 20 61 64
195 463 108 125
218 450 67 99
336 23 27 37
25 423 15 18
392 334 4 4
218 102 43 48
276 208 27 31
319 17 100 103
212 397 49 49
285 235 66 67
26 129 53 85
146 247 38 54
27 467 62 63
208 407 61 74
199 232 33 33
174 372 2 3
451 162 51 63
95 392 20 25
152 484 64 74
15 402 49 49
241 120 34 36
376 488 70 76
355 124 71 74
75 29 123 127
486 222 92 103
431 125 20 30
254 66 1 1
126 137 88 90
385 468 1 2
14 480 22 40
354 152 17 18
393 417 20 24
251 372 27 27
113 19 10 12
84 296 25 45
377 76 1 2
405 71 7 11
410 377 6 6
20 409 23 24
368 26 83 83
236 269 26 37
301 64 103 109
163 222 9 14
193 4 37 47
332 494 75 89
125 474 85 90
85 485 86 86
406 0 43 46
140 491 37 46
89 424 68 105
27 408 4 5
406 104 85 87
144 2 55 55
267 73 39 41
424 497 59 78
242 305 46 52
268 372 30 30
61 78 67 93
449 68 36 42
351 78 78 106
226 297 77 84
147 204 21 32
98 174 81 82
473 24 80 108
428 287 80 85
481 201 27 33
33 247 14 16
84 199 22 33
41 193 48 63
174 56 21 22
51 209 36 37
462 355 42 42
445 459 79 108
62 450 62 70
57 451 24 24
128 278 79 79
181 116 102 106
430 472 31 36
369 393 51 56
166 164 81 84
89 90 52 75
350 89 7 14
134 298 8 12
301 233 46 46
103 389 31 31
189 116 38 48
302 105 80 110
152 304 62 79
342 297 81 87
76 498 27 34
429 44 33 34
49 146 105 107
304 145 99 121
447 452 90 125
382 451 24 38
493 234 54 54
106 424 11 16
369 424 114 114
225 43 55 66
29 460 60 61
418 385 69 80
234 11 19 26
126 242 57 68
91 328 37 40
439 463 6 11
122 137 72 72
280 56 59 59
51 475 64 98
202 254 49 53
498 2 2 2
3 244 99 106
264 183 92 112
105 45 69 74
357 492 73 73
151 494 88 92
419 494 82 83
289 76 34 46
414 331 56 56
340 71 46 47
420 163 20 21
28 453 2 2
12 401 74 95
445 50 82 87
471 303 99 114
27 68 36 55
441 240 28 30
67 420 34 42
71 127 1 2
436 270 31 45
87 100 80 80
184 76 3 3
374 305 4 8
34 486 14 17
141 307 100 113
273 318 87 102
69 346 16 25
395 352 76 108
295 300 22 23
390 98 37 40
83 52 43 44
241 432 64 67
367 436 78 82
469 65 43 43
27 461 27 28
236 111 39 60
23 284 53 71
354 340 85 88
283 215 44 60
116 9 27 30
237 47 58 91
105 162 9 9
108 492 21 23
467 331 19 20
179 318 71 71
87 307 27 29
117 74 96 100
476 124 26 29
50 191 49 49
412 116 54 66
101 402 35 40
155 99 18 21
379 374 40 46
420 100 29 35
493 5 82 85
424 331 38 68
206 72 40 43
489 246 33 39
16 10 9 15
467 345 49 58
242 86 28 36
430 412 56 68
418 144 14 21
222 309 36 40
92 32 28 29
142 374 8 10
320 117 48 50
114 451 19 20
81 115 23 32
396 414 56 74
419 417 118 121
179 313 58 76
376 492 25 25
468 119 13 13
369 190 99 100
230 420 5 6
275 145 58 84
362 141 74 75
347 426 97 98
72 273 7 9
235 11 92 97
433 389 73 89
78 111 51 70
438 202 66 82
176 93 59 77
55 372 72 78
157 354 49 51
443 62 34 50
102 180 67 84
227 156 37 49
467 67 8 8
242 414 34 46
54 332 33 34
347 32 84 87
73 463 48 59
245 412 13 24
251 408 110 111
125 63 56 62
324 42 55 79
217 435 31 31
303 178 38 38
306 127 58 75
486 44 4 4
215 468 109 109
218 277 52 85
227 50 83 84
405 462 50 57
32 123 116 121
373 224 32 39
393 413 62 66
388 226 7 7
121 3 49 51
389 144 63 72
489 286 92 94
392 112 62 64
241 244 55 63
249 224 13 17
388 110 37 54
160 477 18 25
81 469 2 5
452 411 70 88
267 421 80 88
83 146 46 50
1 135 0 0
160 139 49 57
255 228 103 103
184 262 34 37
2 263 17 18
300 3 66 76
236 426 45 64
206 207 28 42
380 62 8 10
195 238 72 98
263 396 42 43
337 405 108 109
402 278 68 72
489 455 92 92
492 139 46 58
183 2 62 72
298 293 66 90
484 161 41 45
7 407 54 54
202 476 93 106
342 202 62 63
403 270 73 103
413 491 14 16
145 457 55 57
232 488 40 47
201 256 69 70
141 138 7 8
73 169 18 20
16 350 92 96
362 187 19 19
399 403 51 60
109 136 93 95
342 170 46 48
292 169 24 26
123 486 52 73
214 96 22 23
163 267 60 67
119 376 64 74
35 278 23 23
310 366 9 9
413 252 3 3
16 147 20 24
47 27 33 54
216 173 55 58
413 351 4 7
398 201 11 15
387 176 51 51
398 328 50 54
92 417 48 52
180 352 36 48
258 155 105 107
253 344 50 54
375 307 97 107
440 164 67 68
178 346 87 97
457 183 36 37
335 423 41 51
265 73 51 67
347 236 22 37
128 279 71 94
398 360 32 38
389 423 6 6
372 18 2 3
110 241 27 27
158 390 3 4
25 171 16 16
368 437 72 74
25 374 47 67
250 349 111 116
256 364 52 74
383 118 90 98
351 183 67 101
313 40 32 46
112 330 20 22
137 270 21 26
85 405 83 101
174 93 21 24
198 83 2 4
24 408 54 55
209 307 77 78
380 422 70 70
299 257 46 64
352 209 51 62
147 486 107 114
255 195 28 29
403 397 58 59
107 433 70 75
299 11 67 67
372 251 13 19
428 304 64 71
421 182 24 25
246 135 5 6
354 383 78 80
474 482 16 19
148 119 61 62
443 201 26 29
446 126 27 32
386 230 59 72
369 221 15 16
334 195 41 44
475 359 29 30
368 87 49 50
47 384 79 90
122 265 7 8
84 131 17 19
83 252 26 40
486 94 20 21
92 111 61 65
363 196 66 81
212 437 40 42
269 208 65 67
223 317 54 60
164 119 102 102
215 383 51 52
494 361 34 43
163 148 56 64
371 338 70 70
96 399 4 7
115 235 19 20
321 472 1 2
304 278 38 50
379 155 62 90
388 480 52 63
184 4 30 45
215 410 55 82
300 219 30 30
436 205 68 68
10 164 51 54
495 45 67 70
38 252 115 116
391 307 23 27
65 474 79 79
64 230 98 99
353 305 56 57
338 268 80 101
199 125 48 57
150 353 9 11
254 355 61 61
459 137 25 36
160 358 77 87
130 152 60 61
297 352 95 102
305 65 77 80
236 86 26 27
446 275 56 67
174 5 55 66
142 308 54 56
157 68 32 36
404 215 82 83
78 363 119 119
2 358 85 104
192 445 94 116
75 173 79 79
268 208 20 26
269 301 59 61
321 89 7 10
480 417 1 2
106 139 88 96
24 445 48 54
240 235 75 77
406 177 8 8
27 162 98 108
423 254 14 19
65 364 57 91
46 390 79 104
180 132 75 103
293 103 93 100
167 39 85 99
385 491 18 21
482 479 11 14
424 363 28 38
217 421 84 90
40 254 83 100
249 235 57 79
471 397 41 57
242 195 6 7
64 328 91 99
211 103 92 92
177 257 99 100
356 156 16 17
230 483 67 82
219 9 30 35
268 334 42 46
449 98 98 99
62 120 50 79
291 207 108 115
145 102 58 58
85 74 46 52
1 256 37 63
445 150 61 64
383 25 109 116
360 185 45 68
468 61 69 103
102 338 33 38
435 417 71 84
221 454 44 71
37 441 98 98
417 93 10 12
394 319 19 20
338 329 111 122
227 494 98 102
268 258 50 82
23 413 79 84
57 458 14 16
252 125 42 53
166 5 2 3
402 185 37 65
185 244 43 45
365 220 82 86
125 39 2 3
491 484 47 50
37 477 7 12
309 406 101 105
447 191 62 101
487 485 32 51
353 254 37 47
117 345 18 30
102 312 108 119
370 451 93 93
492 198 56 66
388 59 25 25
390 420 104 107
90 311 33 42
400 320 34 44
392 22 22 32
111 271 46 49
41 102 11 13
444 269 53 56
482 88 62 84
446 39 58 62
323 475 110 114
494 62 47 61
402 79 39 41
201 486 19 22
91 148 79 117
331 242 42 42
417 237 53 75
239 366 92 95
451 415 35 35
481 178 10 13
242 376 53 56
34 449 22 24
490 330 76 84
75 10 50 51
52 37 34 37
190 369 45 66
202 363 19 23
250 169 12 13
221 31 31 34
27 338 40 46
460 46 70 74
345 375 73 83
161 136 66 113
178 337 31 33
1 344 49 60
465 23 90 125
390 92 14 16
456 447 75 93
81 154 23 30
49 384 84 95
327 269 64 83
410 64 54 66
352 41 28 30
152 96 53 62
201 351 50 55
469 460 55 56
387 196 43 43
412 124 76 77
453 475 1 2
198 431 68 84
364 169 44 44
284 355 1 2
307 272 113 122
370 425 74 108
146 271 62 87
198 398 36 40
163 20 2 4
418 274 64 72
258 75 96 112
220 379 58 60
112 433 16 29
458 116 31 32
420 266 9 9
350 109 26 28
395 310 49 50
61 433 57 59
140 49 41 62
444 354 15 29
59 52 31 37
457 115 16 31
13 286 1 1
325 424 2 5
398 494 38 38
355 182 56 64
126 498 46 47
388 369 28 31
426 249 46 49
346 64 46 46
344 95 116 122
288 453 28 28
70 369 5 11
34 221 113 125
180 163 15 20
347 396 23 33
353 294 29 46
83 242 12 23
186 40 51 57
296 209 72 88
9 231 90 102
297 36 84 84
274 333 14 14
14 176 42 43
454 119 5 5
400 134 9 13
360 232 5 5
393 203 86 93
265 376 12 12
194 341 3 4
318 74 67 75
380 304 86 102
141 210 59 64
340 209 70 71
189 425 14 15
281 58 20 20
483 68 89 109
193 98 94 109
103 291 72 78
368 436 15 23
173 53 63 80
391 210 7 8
259 489 50 55
199 215 47 63
360 321 18 21
152 468 30 32
301 84 80 84
471 184 71 81
52 179 39 46
192 363 61 74
438 191 23 28
0 476 7 7
191 100 11 13
64 454 84 87
481 263 0 1
400 37 6 6
416 70 31 32
101 125 33 36
1 28 83 92
36 416 44 45
121 159 1 1
36 446 11 11
52 150 67 82
289 424 74 127
305 179 14 17
142 319 87 106
206 308 63 84
402 11 89 94
176 159 69 92
239 446 78 89
33 344 48 48
353 387 34 45
336 165 70 86
290 347 100 110
223 358 22 31
368 240 55 64
144 419 26 29
264 321 11 12
186 0 29 47
69 290 82 107
146 48 65 103
429 14 78 89
412 257 63 75
366 357 56 72
441 219 20 21
251 94 33 40
137 347 44 45
410 432 18 18
294 451 35 48
355 466 39 40
128 365 85 115
344 53 68 70
221 393 63 90
451 15 30 38
335 177 32 40
489 31 78 95
215 383 12 13
207 247 40 48
471 47 34 49
416 311 74 91
194 157 61 70
468 420 35 42
482 314 34 34
26 100 8 11
302 13 19 20
395 490 94 103
197 427 30 30
329 397 60 60
345 61 106 110
303 256 60 65
370 246 46 54
2 467 59 74
220 369 25 28
182 487 74 77
357 355 66 68
23 132 52 53
75 263 71 79
83 27 24 27
469 467 35 48
100 384 65 86
147 17 117 119
426 457 84 105
169 269 88 117
232 364 4 5
159 424 31 40
338 411 14 20
72 375 33 39
20 492 94 104
302 305 83 89
200 171 71 71
107 112 79 90
20 384 23 29
368 433 59 82
45 332 59 59
293 104 41 54
176 257 1 2
340 116 61 77
454 368 24 24
234 125 79 84
386 426 69 88
70 408 10 11
315 338 107 114
336 31 117 117
406 437 18 23
469 139 102 111
247 271 36 40
440 389 0 0
165 337 89 92
226 450 45 55
52 336 25 41
41 401 84 104
312 93 50 93
10 188 1 2
145 463 71 72
385 321 45 48
312 42 74 125
310 495 25 26
187 415 35 56
480 4 15 21
152 240 26 26
487 297 64 74
344 394 91 116
212 460 63 106
401 478 53 55
371 260 66 88
191 305 91 93
94 101 27 28
292 323 16 26
382 442 17 22
316 323 1 3
382 387 67 106
108 350 69 105
189 258 21 29
453 347 27 50
209 6 52 63
162 377 24 28
109 82 27 32
315 158 53 54
359 350 50 66
344 225 75 77
338 175 78 93
339 252 51 52
181 59 16 19
352 495 32 41
482 439 33 33
474 331 51 52
254 277 33 33
289 431 42 69
451 76 56 58
419 134 81 87
46 421 22 22
478 37 4 5
443 41 71 93
100 27 15 18
264 120 7 9
398 34 35 42
398 405 80 108
100 476 89 97
141 299 15 18
447 133 41 43
61 338 20 31
479 77 69 75
325 131 85 94
444 240 89 93
329 461 14 14
293 21 43 54
327 16 6 6
102 438 79 80
407 44 39 44
392 18 67 95
219 57 9 10
32 76 82 88
301 12 26 27
413 273 119 124
427 371 19 21
282 465 55 55
462 121 15 16
52 197 8 11
22 26 94 99
455 239 73 82
355 420 87 91
10 177 88 127
383 52 48 63
85 440 97 114
449 20 50 52
110 349 92 97
238 358 59 67
75 361 118 122
352 9 20 21
70 104 56 58
210 468 65 84
334 233 66 83
70 151 97 99
160 222 13 14
224 332 65 79
293 131 106 106
458 67 107 108
313 45 72 74
185 52 1 2
437 197 80 82
101 90 23 28
303 421 77 93
471 221 9 11
82 147 4 5
123 289 16 16
270 196 85 91
262 435 79 83
351 216 60 62
119 386 48 57
182 442 24 29
383 326 44 67
243 168 49 67
16 6 26 36
431 211 51 62
437 47 94 118
213 218 65 70
80 12 54 67
155 279 26 29
70 77 76 88
438 47 110 111
281 276 68 82
254 256 81 111
353 229 77 78
39 169 56 65
327 155 65 95
64 339 33 34
414 162 84 100
398 80 2 4
211 116 100 114
453 225 35 40
307 247 35 38
299 187 89 93
244 367 47 74
453 468 2 3
187 142 21 23
201 223 9 9
482 464 9 9
117 471 62 63
486 224 52 52
212 269 66 66
188 386 29 29
32 315 51 63
293 30 72 74
489 213 9 14
437 326 49 56
431 231 33 46
288 434 73 99
87 380 18 22
129 348 52 57
156 494 19 29
449 395 60 62
126 467 12 12
81 472 74 115
101 51 81 125
330 198 14 22
217 153 66 74
464 53 7 7
202 46 14 17
481 249 64 78
375 358 94 123
414 60 35 49
334 481 3 5
447 101 124 124
450 287 23 25
392 488 36 49
298 43 63 63
251 133 47 63
451 399 35 49
61 62 45 56
254 72 36 43
333 247 33 40
330 399 53 55
397 375 70 71
98 362 68 76
302 183 13 14
11 250 20 21
175 61 35 43
495 230 84 84
274 323 18 22
488 32 28 29
432 133 50 61
4 126 93 94
211 217 43 47
3 6 78 86
125 62 52 69
324 454 16 17
482 379 66 72
328 290 37 38
185 399 43 59
92 81 114 122
332 360 48 76
207 106 16 20
286 295 33 33
91 226 73 80
405 480 98 102
199 393 118 120
485 210 77 91
329 388 27 44
162 450 27 46
249 397 76 83
154 124 59 63
319 348 43 52
70 36 80 101
224 332 53 53
470 395 50 71
199 181 87 88
187 21 5 5
392 395 21 26
63 205 66 111
359 469 19 19
266 337 109 110
168 25 78 101
50 287 74 88
304 420 16 17
192 114 0 2
484 488 45 45
456 141 56 90
47 76 77 82
3 249 64 68
122 39 59 74
208 247 34 46
361 464 24 27
120 194 14 18
177 450 68 76
208 77 47 50
366 294 30 38
114 213 61 109
48 8 37 57
274 157 78 81
193 200 68 97
387 438 95 98
380 144 26 39
346 434 17 18
299 10 50 62
281 247 52 53
169 17 26 28
42 126 54 59
22 256 85 110
209 305 21 25
70 230 23 24
299 296 79 122
383 293 33 52
383 439 20 28
330 250 31 42
239 300 100 112
125 229 72 93
74 28 57 71
102 280 74 110
481 445 33 34
324 30 101 108
363 237 75 77
271 38 58 100
369 292 34 38
206 13 100 110
359 9 44 52
203 204 1 1
301 275 75 81
130 185 76 100
468 464 30 36
338 215 35 59
188 30 88 106
474 449 42 61
73 143 23 34
470 434 11 16
452 180 37 44
302 338 28 31
461 28 3 3
41 88 53 54
423 463 81 89
292 189 72 73
225 480 54 96
342 479 33 60
232 373 105 116
416 252 40 56
243 13 50 61
106 155 35 47
240 497 75 86
24 351 63 85
448 345 35 56
317 114 70 96
19 125 10 10
46 77 57 70
182 24 71 73
193 255 93 106
401 233 75 77
226 434 27 28
103 27 15 18
403 240 5 8
80 331 65 73
468 82 58 65
384 478 73 99
253 314 79 100
88 211 67 80
203 233 65 67
389 497 14 17
279 272 42 62
369 45 91 108
323 204 67 91
164 370 16 21
197 462 26 31
442 165 62 74
81 461 72 75
201 233 77 100
440 263 9 11
144 87 42 47
456 173 80 103
4 472 75 91
485 474 77 93
13 359 13 13
295 68 85 87
154 252 52 56
435 440 85 90
267 162 18 28
467 9 74 81
384 481 4 6
170 373 2 4
285 223 77 96
35 105 35 36
484 493 18 25
285 437 3 7
298 407 41 61
468 166 21 23
430 191 72 75
226 423 7 9
12 111 43 47
264 46 24 24
389 213 30 37
483 179 20 20
43 113 13 20
276 462 104 107
441 410 81 82
188 469 48 59
196 385 20 21
24 161 79 100
116 74 3 6
442 261 72 104
443 365 34 40
405 65 45 62
204 175 13 17
356 244 5 6
442 299 39 43
237 214 55 63
104 373 75 115
80 322 31 57
98 450 0 2
307 232 54 77
498 289 1 2
236 342 126 127
47 369 23 34
473 59 4 7
495 174 17 21
82 320 93 110
350 233 34 42
27 255 8 9
43 269 60 97
227 141 9 11
420 264 29 49
452 445 28 28
332 7 89 91
287 165 34 43
465 50 16 21
157 101 25 31
392 461 48 55
361 80 14 16
73 163 60 68
125 453 69 81
331 383 34 41
166 462 41 62
486 455 31 34
253 329 108 112
386 424 16 21
31 380 86 86
81 314 62 66
180 423 4 4
112 224 60 92
340 69 3 5
215 171 42 55
356 363 72 72
96 52 22 22
377 90 77 98
448 313 9 10
334 423 93 102
476 168 14 14
56 345 70 88
395 222 68 100
356 90 9 15
371 317 100 106
310 444 93 96
74 27 37 45
411 353 69 83
436 215 66 67
120 83 85 92
165 374 41 41
86 440 92 94
91 29 60 62
432 43 9 9
167 7 37 41
350 92 47 62
48 150 13 19
413 387 74 75
89 220 3 3
228 101 46 47
482 496 112 112
114 30 20 25
383 243 29 31
72 271 1 2
342 282 10 12
301 8 67 72
187 34 66 67
387 300 79 84
17 177 10 10
354 112 18 19
177 184 112 114
372 209 68 75
112 179 116 116
488 48 9 14
286 377 18 19
8 242 38 61
248 476 38 39
185 57 87 124
462 49 64 64
422 300 13 13
163 275 78 86
218 309 41 43
205 333 124 125
215 195 100 115
266 176 77 87
393 79 33 39
3 188 41 53
349 290 10 13
265 7 17 19
50 104 80 82
331 217 57 64
123 481 24 27
395 217 41 61
50 487 79 98
152 463 23 28
365 199 76 105
487 456 102 106
423 301 62 72
490 146 39 47
127 163 19 19
188 460 46 59
15 310 14 19
78 449 10 10
467 424 85 116
360 375 35 35
205 95 18 20
133 464 31 36
344 110 48 49
392 431 42 46
407 236 66 81
356 132 13 16
341 68 19 19
372 405 87 112
465 17 34 36
350 145 11 11
452 292 44 44
64 89 27 40
345 170 4 6
14 229 75 80
257 334 110 110
208 364 33 45
391 91 55 61
2 31 68 73
400 151 5 10
278 170 18 23
182 459 105 125
458 242 75 86
16 55 18 21
330 496 21 25
394 164 55 66
312 68 91 95
252 208 7 7
17 287 91 110
435 396 58 66
34 420 85 94
274 309 62 69
496 283 59 72
264 451 56 62
216 11 78 112
222 173 85 90
190 132 56 59
142 31 51 61
456 458 105 105
446 410 69 74
154 52 25 25
487 105 79 102
415 489 1 3
376 272 62 66
23 376 80 102
450 478 64 64
293 413 23 25
312 107 56 102
267 464 20 20
272 241 11 11
178 330 42 46
412 237 68 70
26 137 26 27
452 460 23 34
280 101 19 20
433 252 47 59
96 217 18 23
226 248 58 62
193 494 71 72
470 462 98 99
188 282 95 97
434 86 50 50
322 33 9 10
57 411 83 99
192 248 40 43
155 461 33 49
7 172 112 119
481 210 74 81
126 213 76 84
55 81 4 10
281 341 49 53
239 382 72 81
454 143 44 56
10 288 108 118
464 140 44 62
220 414 13 13
454 312 55 62
270 66 9 10
307 65 87 98
174 474 87 87
474 0 68 68
127 271 107 107
423 309 3 6
432 149 70 84
414 240 106 114
246 260 7 14
371 185 35 38
379 15 91 101
100 41 2 4
122 192 80 83
28 75 70 70
166 95 75 80
391 404 52 52
477 80 49 69
443 366 76 76
231 20 56 67
140 466 118 131
10 344 1 2
281 494 14 15
272 12 35 41
391 100 42 42
348 451 3 4
269 466 60 70
181 261 52 63
485 174 24 42
473 353 19 26
357 216 12 19
426 94 6 7
250 33 78 110
478 387 11 13
90 80 40 41
431 19 43 53
20 305 83 87
70 52 107 111
82 12 100 103
5 395 83 83
411 269 49 69
354 359 12 19
358 147 36 43
299 229 92 128
175 368 48 69
92 330 105 112
412 356 91 97
110 2 14 15
442 481 37 47
459 338 90 94
433 442 28 28
92 448 86 123
213 89 24 26
313 104 14 15
343 53 14 15
190 51 41 59
147 315 91 97
416 10 38 39
111 155 45 46
385 79 32 39
428 104 36 40
411 75 90 101
151 78 38 63
277 355 2 2
90 166 55 58
468 96 63 74
419 220 60 60
304 119 95 102
306 123 5 5
496 346 3 3
168 32 7 9
125 378 58 61
153 218 27 31
81 16 47 61
64 30 49 55
113 400 67 73
394 260 73 73
331 73 38 55
353 376 21 23
248 127 98 99
338 200 8 8
373 143 69 70
144 258 101 102
244 176 91 97
163 390 68 75
127 349 35 37
344 472 42 42
237 147 15 16
458 485 26 27
140 336 75 96
318 130 95 100
245 250 80 82
425 83 52 59
76 303 22 30
358 351 28 32
84 226 65 96
73 417 19 20
327 108 16 24
460 159 42 51
47 391 63 82
43 433 18 19
180 469 20 21
369 111 45 54
233 161 39 46
80 1 91 99
477 296 20 20
52 161 74 100
443 207 3 4
84 446 73 110
355 443 75 129
313 373 70 72
61 8 60 67
215 26 23 25
356 439 69 70
8 100 73 106
225 326 21 26
362 15 52 66
322 39 52 60
205 335 58 61
102 92 18 18
388 33 24 25
314 182 101 117
1 284 61 62
16 303 11 14
355 485 29 35
328 211 72 84
43 84 117 125
457 243 102 121
259 96 22 25
213 483 75 84
395 291 5 6
42 476 6 8
378 355 83 93
381 355 19 34
144 103 87 92
25 214 46 57
237 379 84 97
208 180 45 67
405 57 109 126
291 160 47 59
117 152 9 10
390 285 21 28
122 136 36 36
481 46 15 18
217 87 22 29
128 486 70 78
275 95 86 93
319 11 69 94
78 286 123 126
316 126 39 42
138 465 18 24
259 263 31 41
256 68 50 77
211 459 88 92
385 468 61 87
332 214 43 64
403 283 110 111
283 200 113 120
282 35 66 68
142 218 51 51
127 87 63 106
93 81 21 26
19 293 63 65
91 178 64 66
74 124 94 101
468 41 62 73
417 332 40 45
91 141 85 98
245 71 102 119
57 191 17 26
228 332 50 59
156 355 12 16
4 243 99 113
29 129 35 49
227 484 34 37
402 5 38 41
295 488 59 84
301 276 17 20
229 36 123 124
76 19 25 40
289 97 50 62
318 128 71 102
281 106 11 12
389 208 45 60
61 477 68 102
266 274 95 97
57 277 104 109
184 340 85 104
424 214 64 81
218 482 72 90
472 100 21 28
424 220 72 72
440 268 78 99
384 4 35 50
320 450 100 103
399 452 6 7
214 134 9 10
40 64 23 23
387 330 33 39
372 370 67 72
425 63 18 18
54 80 78 117
370 118 103 107
102 340 82 83
272 196 50 51
132 223 34 44
308 386 87 107
234 365 65 98
83 341 18 19
253 12 88 97
452 170 3 3
360 161 6 11
352 9 11 12
102 57 82 109
466 25 19 24
206 105 15 18
210 283 88 104
493 24 79 103
343 304 72 84
457 420 13 14
297 435 56 58
318 251 71 73
362 163 18 20
288 21 11 11
374 256 117 119
337 240 10 10
233 245 66 66
256 431 88 110
47 150 15 16
275 49 72 96
454 188 63 86
340 192 21 28
118 484 44 46
34 288 79 91
488 151 53 66
75 227 26 29
383 480 1 2
236 18 60 61
202 450 8 13
121 226 25 25
173 16 81 88
324 128 17 27
450 466 7 7
155 334 67 87
6 462 32 36
46 15 42 79
164 460 15 21
310 106 14 14
251 345 5 5
360 244 66 70
149 468 23 25
393 174 45 65
148 31 39 41
417 206 43 43
289 206 17 20
373 144 8 10
302 331 17 19
178 387 47 49
136 349 92 108
233 286 56 75
483 405 93 129
64 452 11 15
394 115 18 18
141 101 10 12
472 153 27 28
433 455 39 43
392 74 83 83
490 111 103 110
183 104 72 75
110 348 52 52
66 281 51 53
266 383 17 29
174 99 34 36
149 111 77 84
300 296 96 116
381 214 26 34
142 162 50 53
198 161 21 26
39 467 82 82
356 195 65 67
297 304 2 2
138 215 60 83
330 454 94 99
272 68 67 94
121 184 67 67
9 10 68 68
46 220 85 95
2 11 84 97
369 230 14 14
443 277 13 13
276 367 46 49
266 275 7 8
275 118 94 104
0 187 47 47
54 433 35 50
153 301 21 24
233 100 6 7
144 209 27 27
97 80 66 76
