400 3200
0 1 1 3
1 2 39 46
2 3 3 3
3 4 53 79
4 5 54 62
5 6 11 15
6 7 34 42
7 8 30 40
8 9 59 83
9 10 102 127
10 11 89 99
11 12 95 104
12 13 76 97
13 14 77 78
14 15 4 6
15 16 67 79
16 17 89 105
17 18 41 46
18 19 53 88
19 20 74 109
20 21 60 65
21 22 65 66
22 23 53 55
23 24 94 102
24 25 68 73
25 26 50 53
26 27 71 116
27 28 45 55
28 29 6 6
29 30 104 109
30 31 34 50
31 32 24 31
32 33 80 81
33 34 102 107
34 35 54 57
35 36 28 30
36 37 40 46
37 38 33 34
38 39 23 23
39 40 62 68
40 41 46 47
41 42 89 93
42 43 0 1
43 44 100 102
44 45 19 20
45 46 0 1
46 47 55 55
47 48 74 108
48 49 57 60
49 50 39 53
50 51 30 32
51 52 78 92
52 53 8 15
53 54 53 61
54 55 80 95
55 56 38 57
56 57 65 76
57 58 67 111
58 59 18 19
59 60 64 66
60 61 13 19
61 62 80 110
62 63 95 103
63 64 38 46
64 65 5 10
65 66 77 78
66 67 107 110
67 68 38 48
68 69 121 121
69 70 44 54
70 71 63 65
71 72 78 102
72 73 23 39
73 74 20 21
74 75 53 65
75 76 66 94
76 77 72 73
77 78 12 16
78 79 3 4
79 80 34 34
80 81 65 68
81 82 51 59
82 83 15 16
83 84 60 82
84 85 43 51
85 86 72 75
86 87 61 82
87 88 118 118
88 89 11 12
89 90 23 23
90 91 27 45
91 92 118 118
92 93 42 48
93 94 31 40
94 95 38 44
95 96 14 22
96 97 64 67
97 98 63 68
98 99 67 112
99 100 104 107
100 101 27 35
101 102 51 51
102 103 101 105
103 104 62 75
104 105 105 109
105 106 61 68
106 107 58 71
107 108 15 16
108 109 108 119
109 110 39 39
110 111 51 67
111 112 66 100
112 113 78 78
113 114 67 73
114 115 4 5
115 116 46 50
116 117 85 87
117 118 114 114
118 119 101 109
119 120 15 17
120 121 66 88
121 122 10 11
122 123 46 66
123 124 58 61
124 125 79 81
125 126 22 23
126 127 16 21
127 128 67 68
128 129 23 27
129 130 55 57
130 131 95 109
131 132 99 100
132 133 39 43
133 134 12 22
134 135 45 46
135 136 32 46
136 137 40 43
137 138 24 28
138 139 14 16
139 140 62 66
140 141 21 24
141 142 25 31
142 143 22 24
143 144 68 113
144 145 19 36
145 146 49 77
146 147 2 5
147 148 57 57
148 149 62 73
149 150 25 27
150 151 19 24
151 152 103 104
152 153 7 8
153 154 67 70
154 155 27 29
155 156 28 28
156 157 65 103
157 158 42 46
158 159 24 24
159 160 69 74
160 161 68 79
161 162 100 106
162 163 99 121
163 164 111 120
164 165 47 72
165 166 4 8
166 167 43 44
167 168 20 26
168 169 71 84
169 170 9 10
170 171 66 83
171 172 91 91
172 173 86 89
173 174 65 79
174 175 47 50
175 176 64 73
176 177 13 14
177 178 74 79
178 179 17 29
179 180 42 46
180 181 87 88
181 182 33 35
182 183 74 75
183 184 65 83
184 185 64 67
185 186 42 42
186 187 67 106
187 188 33 38
188 189 9 12
189 190 78 80
190 191 68 80
191 192 41 65
192 193 12 13
193 194 24 27
194 195 68 68
195 196 45 47
196 197 32 44
197 198 2 5
198 199 12 15
199 200 80 81
200 201 114 117
201 202 11 12
202 203 57 57
203 204 98 118
204 205 42 47
205 206 30 31
206 207 72 72
207 208 47 53
208 209 89 93
209 210 16 16
210 211 22 28
211 212 69 69
212 213 53 65
213 214 58 61
214 215 17 26
215 216 83 83
216 217 9 13
217 218 120 124
218 219 27 28
219 220 23 32
220 221 69 73
221 222 25 32
222 223 4 8
223 224 92 97
224 225 12 14
225 226 92 93
226 227 50 62
227 228 116 118
228 229 76 76
229 230 55 58
230 231 75 86
231 232 91 100
232 233 25 27
233 234 70 74
234 235 40 53
235 236 77 82
236 237 63 115
237 238 57 60
238 239 50 54
239 240 76 83
240 241 86 96
241 242 39 42
242 243 15 18
243 244 5 6
244 245 20 22
245 246 93 94
246 247 39 39
247 248 51 52
248 249 108 116
249 250 102 105
250 251 15 28
251 252 88 89
252 253 45 50
253 254 88 88
254 255 69 71
255 256 44 45
256 257 88 98
257 258 80 86
258 259 47 65
259 260 15 19
260 261 64 64
261 262 43 43
262 263 1 2
263 264 92 107
264 265 122 122
265 266 20 22
266 267 82 89
267 268 16 18
268 269 30 33
269 270 13 13
270 271 85 103
271 272 9 9
272 273 33 38
273 274 10 11
274 275 97 98
275 276 72 81
276 277 42 49
277 278 45 45
278 279 21 23
279 280 84 84
280 281 86 92
281 282 115 120
282 283 85 94
283 284 32 32
284 285 20 23
285 286 83 87
286 287 10 14
287 288 93 95
288 289 85 86
289 290 35 35
290 291 58 66
291 292 57 57
292 293 53 54
293 294 94 119
294 295 48 63
295 296 66 107
296 297 22 29
297 298 57 67
298 299 116 116
299 300 40 47
300 301 40 45
301 302 42 42
302 303 68 76
303 304 65 68
304 305 28 38
305 306 87 114
306 307 69 84
307 308 51 77
308 309 18 23
309 310 11 11
310 311 76 78
311 312 115 118
312 313 39 43
313 314 34 45
314 315 32 42
315 316 50 55
316 317 8 8
317 318 79 103
318 319 19 28
319 320 71 71
320 321 64 68
321 322 64 73
322 323 44 52
323 324 31 53
324 325 1 2
325 326 73 78
326 327 36 41
327 328 1 2
328 329 96 100
329 330 94 103
330 331 10 19
331 332 92 94
332 333 80 82
333 334 61 78
334 335 28 31
335 336 68 86
336 337 50 59
337 338 121 121
338 339 21 22
339 340 63 63
340 341 29 31
341 342 98 98
342 343 21 23
343 344 86 88
344 345 44 45
345 346 108 123
346 347 94 106
347 348 25 28
348 349 45 49
349 350 56 84
350 351 7 8
351 352 63 66
352 353 20 24
353 354 53 59
354 355 61 71
355 356 10 15
356 357 95 100
357 358 87 106
358 359 62 62
359 360 18 18
360 361 79 116
361 362 15 19
362 363 9 10
363 364 98 109
364 365 91 93
365 366 102 106
366 367 67 68
367 368 52 62
368 369 32 40
369 370 15 21
370 371 55 78
371 372 22 33
372 373 36 50
373 374 35 41
374 375 61 77
375 376 33 43
376 377 17 19
377 378 69 75
378 379 56 61
379 380 47 73
380 381 71 85
381 382 26 28
382 383 119 119
383 384 27 31
384 385 23 26
385 386 6 9
386 387 25 29
387 388 57 61
388 389 14 26
389 390 60 69
390 391 76 109
391 392 3 3
392 393 58 73
393 394 2 3
394 395 45 46
395 396 65 66
396 397 37 45
397 398 79 88
398 399 84 108
399 0 26 27
381 214 116 118
100 202 24 25
59 323 48 71
243 145 75 76
209 39 1 2
113 31 56 56
293 324 81 105
153 71 54 74
236 387 46 62
50 55 69 78
69 90 23 38
99 230 89 89
335 30 2 2
115 99 110 119
223 273 67 74
2 79 86 122
258 179 47 48
26 255 53 70
270 196 29 31
271 302 40 40
65 139 28 42
112 13 9 14
213 181 68 107
149 261 65 95
226 321 39 47
224 290 30 38
69 279 44 80
303 363 44 50
55 198 12 14
11 345 35 40
123 261 56 76
239 236 25 30
274 27 74 91
331 42 94 96
45 12 49 55
104 24 15 20
132 303 117 123
354 353 63 97
6 42 13 13
44 306 53 80
76 268 33 39
182 56 5 9
162 221 42 43
358 44 24 30
197 305 86 89
338 82 60 63
364 72 91 96
216 245 46 48
383 147 76 80
290 195 18 25
210 387 26 41
104 57 29 34
385 113 106 109
47 127 59 60
91 263 99 111
210 49 47 49
328 42 34 36
282 324 44 54
238 164 81 111
139 119 53 70
265 8 66 107
178 369 109 119
380 72 13 23
217 16 66 89
303 387 53 57
149 265 36 41
322 334 74 75
287 333 31 46
41 174 1 2
392 149 19 27
181 125 125 125
194 203 47 67
214 140 53 53
84 194 36 38
35 382 3 4
265 347 64 80
178 292 63 68
162 153 112 117
282 50 28 31
365 198 45 49
193 260 64 91
96 323 107 114
37 60 15 18
164 392 10 10
325 110 26 35
353 378 71 78
178 160 85 99
279 153 27 49
110 67 97 102
311 366 76 106
150 258 53 67
360 21 55 57
371 68 44 47
218 372 8 14
236 326 70 71
159 217 6 7
56 43 24 25
388 244 14 15
35 356 111 114
241 6 44 47
37 23 27 36
202 122 8 10
309 210 53 57
389 230 18 30
139 299 91 93
25 95 48 67
56 376 77 78
157 334 18 23
60 238 65 66
119 121 59 89
60 396 36 41
339 71 70 83
43 91 44 54
208 43 39 40
89 281 68 69
37 361 6 9
77 200 37 39
22 21 5 8
315 210 10 14
82 88 14 14
220 118 63 66
36 239 5 5
297 109 68 68
269 179 51 54
374 96 89 103
267 62 26 43
133 16 38 43
68 48 67 70
83 110 70 92
349 59 57 64
87 224 101 102
177 193 58 94
56 158 53 53
184 22 88 90
358 195 14 14
258 146 77 88
67 350 33 33
222 312 31 34
43 286 23 43
270 123 49 66
86 318 94 100
14 119 78 85
29 382 1 2
330 89 1 2
54 232 53 65
8 288 23 25
168 238 49 51
178 292 81 120
26 314 29 29
158 37 69 88
144 286 63 82
5 248 78 78
14 119 8 8
8 230 42 56
61 379 18 20
133 260 87 87
200 353 39 47
310 369 33 39
193 260 47 49
103 70 77 98
72 65 71 123
168 313 46 59
386 174 77 81
36 169 19 37
236 92 80 91
233 276 52 60
170 328 22 27
236 140 103 103
232 93 76 89
249 377 37 40
193 93 15 17
326 178 35 37
140 290 37 40
87 383 95 104
200 80 32 37
392 379 45 47
311 81 45 55
200 136 21 27
248 306 63 70
66 155 78 86
82 47 12 12
37 242 21 24
65 124 87 90
269 271 36 48
200 294 78 80
41 250 79 94
368 331 17 18
93 201 64 65
154 107 52 78
189 146 94 99
309 340 88 130
70 225 107 107
159 100 64 65
173 154 28 31
151 113 17 24
164 13 18 21
205 253 59 79
8 153 40 53
363 190 45 52
266 280 26 45
262 241 37 42
61 106 100 108
124 123 47 53
157 390 33 47
220 284 47 65
147 164 81 84
89 139 62 67
176 181 33 33
357 278 67 83
359 230 2 2
42 289 74 91
128 322 56 56
120 43 69 69
27 277 77 78
50 268 8 11
106 72 72 73
99 158 8 10
343 25 13 21
212 232 62 74
376 184 68 80
133 388 13 16
67 305 27 29
51 56 10 10
1 123 74 81
157 336 108 122
149 378 43 66
341 378 89 106
250 175 46 53
217 298 28 30
372 38 24 30
38 27 64 65
168 301 43 45
397 390 45 45
212 160 21 30
48 323 18 19
93 367 14 25
149 173 36 39
176 353 57 74
227 381 30 31
312 249 66 72
93 1 22 23
39 137 72 76
308 381 33 45
26 202 41 46
171 43 80 95
109 121 75 85
371 150 16 25
242 254 9 18
380 177 95 112
220 252 32 43
43 372 56 79
228 202 58 97
106 366 6 7
370 27 76 119
159 70 96 97
11 355 8 14
175 270 42 50
258 311 38 69
67 180 32 32
346 281 29 40
396 201 100 117
162 200 67 71
247 195 63 74
42 120 2 2
394 4 32 42
246 313 20 23
89 378 97 110
349 27 18 21
298 249 17 19
26 40 35 64
53 168 109 112
297 190 95 113
55 306 21 27
384 355 81 83
142 258 68 76
226 30 128 129
56 263 10 12
330 28 40 43
23 346 92 93
61 327 68 69
312 140 14 17
318 340 38 44
199 38 1 1
289 85 99 108
187 321 51 60
329 183 38 39
15 294 102 112
81 109 104 118
169 361 50 56
304 297 13 13
322 343 15 25
232 234 37 39
294 343 28 30
302 94 78 102
322 236 41 43
255 147 53 64
153 356 34 50
305 156 117 118
154 39 75 79
350 290 60 66
223 378 33 36
192 4 63 83
306 296 52 64
311 86 45 45
29 344 13 16
76 59 89 91
86 261 5 6
48 141 9 12
175 338 39 46
320 34 39 41
170 388 63 74
59 198 44 58
92 243 52 62
237 45 9 11
163 224 50 52
74 73 1 2
77 89 57 60
381 75 11 11
349 65 71 85
167 284 28 30
242 40 92 96
252 281 101 101
24 255 97 117
339 130 6 7
306 264 90 116
151 86 24 27
242 1 18 19
299 30 44 68
324 6 58 71
76 329 66 68
281 170 2 2
230 153 28 30
390 237 47 50
231 137 45 69
50 316 106 116
37 243 12 16
171 313 71 73
317 179 23 27
240 136 36 36
168 112 67 103
158 226 87 88
251 189 25 26
306 308 1 2
87 215 53 55
180 337 14 14
388 119 13 13
226 192 15 16
323 113 91 110
6 125 49 73
341 253 86 92
245 358 53 63
59 205 25 42
327 165 32 34
276 290 25 25
276 221 12 13
178 238 74 78
370 29 30 37
365 106 69 69
0 35 71 82
232 269 46 54
179 351 27 43
319 397 115 117
314 338 1 1
339 152 51 72
182 237 71 77
22 267 30 50
185 310 65 66
326 111 42 42
164 44 60 60
9 135 66 70
49 204 12 14
176 243 39 39
231 138 36 37
336 162 75 79
346 94 6 7
89 261 63 68
236 171 84 96
263 104 55 89
69 171 79 108
155 56 42 63
365 216 39 47
49 185 108 108
114 207 16 17
62 208 92 92
258 74 87 96
305 289 62 69
82 383 61 62
196 305 33 37
157 293 12 15
292 1 80 87
302 244 2 2
294 179 42 54
218 314 30 30
122 9 12 12
354 300 72 82
304 107 95 101
252 267 58 60
177 43 76 94
252 286 57 58
276 184 79 81
202 97 124 130
1 143 20 33
226 46 32 34
184 343 105 108
135 322 35 43
120 41 13 13
377 135 33 41
355 143 107 130
8 347 86 92
5 391 0 0
129 374 37 45
122 219 42 49
26 24 116 117
109 43 43 54
263 144 59 65
230 65 62 99
316 7 53 72
275 202 4 7
309 55 12 12
215 392 45 48
185 148 4 6
189 107 50 50
396 108 3 3
378 140 2 4
169 84 42 51
300 0 88 94
395 9 70 90
364 315 66 78
308 47 86 89
379 55 30 32
378 135 63 70
396 260 46 47
194 27 2 3
380 285 74 115
286 300 8 8
79 60 28 30
34 293 73 119
366 325 50 67
25 392 24 27
360 124 63 78
211 133 17 25
215 384 57 78
184 73 77 111
387 74 10 11
263 237 7 8
278 101 51 61
113 285 30 30
342 39 6 10
30 75 67 78
85 252 7 8
198 300 5 6
119 180 34 40
134 346 58 68
194 21 58 60
168 89 11 11
6 150 46 47
189 336 80 81
294 206 69 69
286 318 69 91
74 137 15 17
288 339 58 66
48 158 86 113
37 114 29 37
297 152 64 65
260 85 54 55
319 362 85 91
385 156 42 46
290 103 68 69
381 63 61 84
26 9 120 120
344 223 12 13
142 48 24 40
376 186 23 31
252 309 40 43
251 274 36 41
150 378 49 86
207 100 30 40
85 267 55 86
361 273 65 67
26 141 85 86
227 112 37 38
187 156 77 77
98 299 16 19
41 377 45 46
56 338 100 109
136 360 68 80
263 312 35 40
167 293 15 16
294 0 68 68
33 167 44 45
97 0 1 1
372 280 72 99
266 69 83 88
266 38 98 118
318 10 16 16
19 155 18 25
396 12 21 23
212 72 56 71
66 249 67 70
378 321 28 31
222 111 47 58
216 380 81 83
66 343 36 66
193 35 48 48
13 199 88 89
225 134 76 103
143 286 29 30
323 260 15 26
352 117 10 13
14 78 9 17
203 140 79 79
241 283 36 42
85 253 71 76
146 38 105 105
230 160 86 90
288 351 45 59
224 47 70 74
59 319 8 8
146 75 26 31
123 268 54 58
274 49 10 13
332 258 77 102
319 157 74 97
80 152 20 20
309 49 24 27
278 202 91 111
51 284 35 37
374 218 51 65
225 4 6 6
64 263 45 52
197 160 7 13
161 189 71 95
272 45 42 76
358 314 44 53
358 325 84 95
143 274 113 114
13 105 38 44
203 200 10 10
4 102 98 98
361 266 87 96
2 65 1 3
280 367 51 84
28 139 37 40
120 316 48 53
385 99 80 89
260 7 23 24
320 211 78 102
222 382 71 99
200 71 2 3
2 5 91 101
1 385 51 72
374 387 47 50
285 263 59 86
355 171 18 24
166 312 18 24
145 366 15 20
212 333 66 77
267 275 47 64
220 360 44 55
390 371 18 20
212 246 3 3
121 302 71 77
296 130 112 131
101 360 23 24
109 188 68 110
192 342 66 105
64 146 11 12
147 134 17 24
59 249 89 90
344 156 31 40
231 187 82 93
126 131 77 78
326 144 54 55
194 104 121 121
347 182 28 32
5 277 31 37
317 378 23 31
109 51 94 102
146 389 62 80
248 71 52 61
134 225 6 12
97 259 12 12
302 103 111 111
288 194 57 64
66 233 80 91
9 117 7 7
181 379 41 51
86 245 9 12
187 150 95 95
16 346 102 104
260 63 50 52
102 291 17 22
272 73 87 105
151 74 56 70
26 271 14 15
378 227 63 64
325 357 18 22
94 307 63 75
66 168 15 24
301 212 60 60
176 386 36 45
397 286 87 87
15 266 60 63
170 97 49 50
235 149 57 68
203 223 35 49
243 306 27 50
322 367 72 83
102 121 67 95
109 341 5 7
147 263 15 16
285 250 22 29
230 274 110 112
75 4 102 112
344 343 24 42
20 389 52 53
187 182 5 8
327 200 10 15
291 199 70 115
122 189 105 116
341 281 25 31
322 23 91 94
395 253 17 21
147 46 87 93
217 332 13 19
21 125 38 53
162 137 91 92
194 241 110 128
48 108 111 113
214 98 128 128
94 325 14 20
289 186 21 28
371 123 49 51
181 129 8 10
187 51 34 35
128 395 31 43
9 46 43 49
177 315 21 37
363 62 42 45
6 122 3 3
115 53 56 73
373 122 23 26
187 49 71 87
134 290 20 21
228 126 94 97
123 165 83 101
318 281 70 71
242 350 69 69
336 178 65 67
198 165 63 85
254 395 50 74
173 351 76 78
173 293 23 24
60 190 73 102
356 322 66 70
314 92 65 72
231 283 19 21
219 14 18 18
100 387 54 68
195 23 4 4
355 139 22 24
330 242 2 3
234 208 73 113
346 84 57 60
346 0 79 92
86 214 54 67
304 260 5 8
382 283 15 24
86 212 112 114
236 288 91 117
338 335 14 21
232 179 25 25
89 279 7 8
179 117 94 100
107 102 83 86
367 99 71 72
183 32 69 76
8 82 62 63
220 128 43 48
17 332 118 119
83 20 80 111
364 163 74 76
6 162 46 50
27 204 71 105
318 44 63 86
200 370 68 81
306 269 77 116
324 358 61 77
285 308 71 93
152 170 3 4
373 41 8 11
239 170 110 110
72 382 49 64
83 383 47 52
252 130 19 22
168 238 56 63
168 96 25 31
306 259 26 29
208 378 9 10
79 153 75 81
145 347 16 24
228 395 26 29
163 55 11 15
100 370 7 9
309 250 53 53
377 328 42 49
354 232 53 58
32 187 89 90
87 160 120 128
69 346 83 85
137 111 80 114
286 126 19 20
239 384 113 114
70 180 71 85
213 377 66 110
196 207 50 63
366 177 9 11
162 39 28 44
82 219 110 119
207 340 67 106
103 118 86 122
65 212 44 80
390 43 53 53
49 385 2 2
212 70 56 72
132 307 52 52
242 225 23 29
2 56 64 80
108 332 74 92
291 28 38 48
171 130 29 44
217 161 69 95
234 152 76 79
352 37 58 73
288 315 30 30
289 12 2 3
159 191 82 84
236 271 41 44
219 137 103 104
39 42 45 47
138 149 54 74
347 221 20 25
239 291 87 106
353 133 83 88
171 65 61 68
332 121 98 100
238 55 64 70
247 382 78 87
313 7 1 1
99 291 73 121
336 165 77 78
243 186 43 48
89 25 30 31
201 117 7 11
168 375 50 70
331 303 50 65
279 171 25 32
250 329 56 60
160 377 76 82
310 387 25 27
31 42 31 31
42 37 27 35
73 298 71 119
222 154 66 90
365 200 80 126
108 103 72 74
18 343 85 99
302 397 35 39
25 31 13 14
309 80 17 19
70 178 30 35
237 12 22 26
75 251 49 59
241 395 6 9
74 3 21 25
146 36 80 90
267 84 69 87
249 147 101 102
305 120 32 41
218 198 70 74
86 365 78 85
312 280 98 119
384 350 40 49
97 5 7 10
13 110 36 36
390 251 24 30
78 291 112 119
397 217 51 54
30 233 87 120
345 234 38 42
285 179 48 51
33 309 62 86
342 26 64 68
25 128 69 102
362 68 51 53
6 105 39 40
164 183 87 106
372 87 3 3
206 86 13 16
86 316 100 100
155 202 56 61
143 62 103 111
5 81 84 86
157 288 98 117
360 44 54 84
293 312 33 35
374 130 62 86
256 284 28 29
363 295 15 20
333 74 83 84
271 122 76 95
313 155 16 17
318 251 42 56
198 388 25 36
362 270 48 83
334 170 62 69
247 64 48 53
66 255 57 58
193 86 118 123
246 128 70 79
283 381 11 11
15 374 40 41
169 121 9 10
208 300 53 53
90 295 71 84
127 291 34 38
38 100 67 70
296 254 118 122
166 144 56 88
218 339 63 67
274 235 24 31
31 147 2 3
81 323 9 10
7 313 55 56
102 369 28 34
247 202 75 115
25 336 60 61
113 37 13 13
167 215 58 62
163 376 4 4
121 60 57 68
81 220 27 35
209 277 57 83
80 281 71 71
378 40 25 27
327 179 107 111
90 316 31 32
308 241 90 98
359 113 21 25
315 384 19 21
50 391 9 10
339 283 28 30
392 114 49 65
229 126 87 87
104 16 75 75
196 240 5 6
224 288 52 61
39 142 40 44
29 144 80 86
64 156 73 78
383 284 75 84
51 292 97 103
318 85 43 48
162 190 30 32
185 163 45 54
265 383 51 61
281 132 53 62
385 220 42 54
366 245 51 63
28 296 63 67
387 392 29 34
241 358 109 119
169 207 56 82
167 122 12 16
388 37 3 3
268 335 19 20
63 94 58 78
48 285 13 18
232 44 38 38
41 74 0 1
269 220 14 14
362 105 9 10
6 211 80 95
258 35 0 2
374 269 75 89
351 101 68 69
288 252 31 42
66 203 21 22
11 371 61 74
269 260 78 83
384 368 24 24
210 237 28 29
118 158 63 74
286 233 16 17
332 17 13 16
98 380 68 73
234 90 60 67
368 208 42 52
169 316 72 74
75 254 65 68
103 260 20 21
61 262 90 101
6 162 16 18
339 322 121 121
391 272 71 76
82 288 3 6
276 394 80 89
171 111 16 16
136 339 36 46
231 265 50 52
183 275 42 43
74 354 70 85
349 374 7 10
80 347 41 42
210 84 2 3
233 192 18 19
92 186 29 30
87 106 2 2
107 277 6 7
379 62 100 116
205 222 70 75
190 182 117 120
73 40 86 92
359 249 22 32
234 44 74 112
357 231 61 61
138 215 84 84
202 225 30 43
64 194 15 17
285 280 61 97
169 158 23 38
316 269 55 61
387 86 56 95
250 301 60 75
252 384 100 114
157 309 54 54
185 225 84 91
386 232 102 121
128 324 17 23
41 251 90 100
130 35 57 62
342 13 21 21
237 233 61 61
110 129 5 7
93 359 6 7
134 220 116 119
379 369 8 10
363 95 42 43
291 31 39 48
353 78 79 81
308 313 60 68
144 295 54 54
179 89 56 59
312 249 26 50
176 315 48 55
309 244 36 37
287 100 25 28
48 231 3 5
15 18 49 60
306 132 3 3
17 101 86 99
358 298 15 15
141 339 2 5
370 5 52 66
73 68 28 28
290 71 12 14
156 119 60 66
182 229 101 108
256 271 31 32
7 338 65 66
393 141 81 82
197 368 73 87
206 111 15 29
239 319 11 16
84 103 31 34
28 145 37 37
134 202 32 37
158 172 21 22
377 280 68 80
316 174 16 18
298 316 30 34
302 350 5 6
99 305 73 75
153 7 71 73
205 140 9 11
395 114 51 51
104 382 83 84
184 39 53 72
108 101 32 52
362 93 96 101
44 296 45 47
26 160 32 35
348 257 26 29
1 255 22 22
88 79 38 39
190 195 113 117
35 199 32 33
110 382 99 113
184 280 94 95
31 170 92 98
388 332 38 43
157 3 37 42
132 203 94 103
10 70 84 91
265 102 62 73
311 200 58 59
392 232 104 114
86 392 24 31
23 100 34 60
159 15 26 29
4 34 71 88
300 39 76 103
375 199 72 73
55 99 94 96
332 101 11 14
106 143 80 86
96 285 99 102
186 299 95 97
6 115 45 64
50 398 64 79
245 154 29 53
326 390 87 102
151 66 58 77
245 159 59 63
373 304 44 62
14 389 1 2
42 152 91 96
145 103 69 91
157 305 43 49
177 10 37 45
389 134 38 50
150 333 26 28
361 23 59 63
97 20 82 82
25 140 22 24
356 88 48 67
313 50 17 20
339 166 27 46
319 151 11 11
301 262 40 41
155 237 11 14
358 201 82 85
385 142 47 49
130 53 31 33
321 154 62 94
372 328 6 6
11 56 77 83
309 326 29 39
202 86 1 3
388 19 61 80
189 75 48 50
225 323 44 76
60 397 14 16
115 369 2 4
59 126 97 110
190 132 103 114
182 129 89 95
141 392 68 87
364 246 77 85
16 156 31 36
163 216 6 7
339 261 70 70
266 226 46 47
113 158 28 36
23 284 48 55
313 27 81 88
2 213 38 68
380 321 50 93
94 195 38 39
298 263 56 68
109 237 35 42
211 95 69 79
266 73 15 17
258 365 71 83
181 225 12 14
365 30 7 8
342 239 76 82
69 221 0 1
97 77 68 68
361 86 18 21
362 341 27 31
267 49 8 9
349 34 90 90
265 35 101 108
282 80 38 40
119 260 20 32
349 141 22 22
84 391 86 88
104 396 6 8
254 270 69 101
50 242 38 49
84 89 50 73
307 311 37 46
394 109 13 17
308 133 91 92
295 259 88 104
119 327 118 120
343 207 38 46
269 7 83 102
105 379 65 65
364 48 69 77
276 60 58 59
7 2 22 27
218 153 86 115
76 321 31 55
141 304 53 54
184 166 18 18
333 225 113 113
172 329 9 15
337 43 21 30
221 298 21 34
14 97 110 121
18 357 71 71
278 258 21 26
202 31 64 65
232 78 50 69
22 20 65 114
331 344 59 86
223 335 9 10
177 329 55 56
330 167 79 99
369 65 80 81
230 231 46 47
289 193 15 21
331 56 33 43
386 265 8 10
76 253 36 58
124 374 60 65
285 230 43 60
19 53 52 60
147 51 96 103
153 231 54 57
237 35 5 6
343 194 10 10
277 209 15 19
115 189 84 130
82 0 32 32
203 234 54 78
336 386 69 86
237 242 67 68
45 343 10 17
23 203 45 52
304 176 50 55
215 233 8 16
271 99 100 120
137 197 46 47
318 364 11 12
240 122 62 85
227 51 67 88
80 379 44 44
376 240 81 85
169 188 71 75
298 389 31 32
292 28 48 51
98 59 87 89
276 72 4 7
261 110 81 101
245 227 84 88
369 27 78 85
117 113 4 4
187 40 100 101
145 169 72 76
310 376 55 57
128 161 62 63
170 138 45 54
333 277 25 41
326 30 109 110
390 19 36 38
127 172 0 2
116 288 89 90
345 64 117 118
131 238 7 7
332 45 67 92
215 71 47 51
284 31 9 14
343 15 73 74
311 22 92 103
309 336 37 45
376 107 35 56
290 273 14 22
17 242 54 60
74 180 85 118
172 50 41 58
196 241 49 63
220 82 71 79
96 53 27 29
22 4 124 130
319 103 120 121
274 25 50 51
345 265 44 45
308 182 50 63
97 108 41 43
219 136 57 75
219 354 19 21
38 0 58 58
91 39 90 107
220 303 62 66
368 349 55 85
135 24 65 70
315 308 34 36
107 359 2 4
222 79 44 55
312 70 107 110
196 40 70 75
233 28 68 85
183 147 62 66
344 209 77 107
8 271 15 16
192 184 14 25
141 370 7 11
9 159 48 49
378 92 84 97
252 305 80 103
0 158 42 53
331 230 97 100
219 182 67 103
379 385 82 101
233 361 64 91
278 189 107 127
328 4 40 45
13 314 99 99
201 383 70 72
116 222 17 20
395 387 63 75
165 91 4 5
364 323 40 41
266 140 25 31
309 281 25 27
351 240 35 41
115 301 22 25
395 156 57 63
13 361 2 3
42 48 7 11
358 313 14 17
161 247 22 23
284 164 42 50
315 277 42 42
233 396 67 70
58 283 74 81
239 4 62 62
364 241 64 75
214 168 61 100
259 33 6 9
90 109 18 20
374 376 96 101
34 210 42 42
313 142 40 50
174 311 73 91
179 108 79 89
78 252 40 41
186 317 42 50
139 111 49 64
159 113 51 80
93 216 37 41
10 331 120 121
26 335 56 99
203 2 35 38
308 291 25 30
55 366 56 62
94 133 17 17
392 194 31 32
358 39 37 51
153 38 18 24
109 114 109 112
303 60 72 74
312 66 76 87
274 217 52 60
346 247 39 40
323 21 86 86
332 234 8 9
278 154 13 18
60 199 111 120
323 293 30 31
186 344 15 16
362 319 21 22
264 173 28 29
387 57 68 97
172 83 8 9
107 64 39 39
139 340 37 41
343 345 17 27
96 228 9 13
147 216 54 61
157 201 54 78
14 196 5 10
301 259 1 1
127 251 45 68
269 137 59 92
306 152 58 58
212 260 15 16
77 317 28 31
47 113 20 21
306 168 23 27
16 163 113 116
209 200 36 53
338 196 118 123
221 170 93 98
107 241 43 43
112 57 35 35
376 12 10 11
165 289 56 69
58 340 10 11
330 52 13 15
12 82 89 90
390 328 31 46
137 2 17 18
350 167 52 60
35 357 86 110
14 177 46 69
223 319 45 67
96 108 75 100
386 72 15 23
173 83 10 12
195 158 71 76
290 66 7 13
356 142 16 19
85 106 6 7
294 97 57 66
226 376 78 90
222 132 56 61
83 379 123 123
75 108 25 32
109 13 53 54
172 206 76 79
153 312 34 38
115 91 21 32
42 173 73 89
248 2 60 80
105 162 101 112
288 241 45 49
47 377 51 62
32 149 48 49
379 230 7 8
262 159 24 32
379 125 13 14
239 54 21 26
70 139 92 93
312 143 90 106
143 259 83 100
278 202 49 58
398 337 91 92
49 294 86 103
254 72 91 100
2 264 51 55
252 279 112 116
97 219 37 49
152 127 110 115
2 177 39 40
271 44 32 36
146 300 5 6
259 380 36 52
329 60 75 79
226 40 87 105
56 239 52 55
85 354 26 36
150 225 89 97
65 248 32 45
91 239 5 7
281 243 51 72
114 394 69 72
51 186 70 80
180 89 42 43
317 42 48 54
129 196 92 102
211 61 14 14
378 231 10 11
291 262 54 62
18 147 70 89
177 137 34 48
364 148 113 116
139 225 33 33
380 286 75 84
71 53 8 9
357 19 23 25
59 367 91 93
171 387 108 109
269 284 70 83
361 249 86 114
190 207 15 23
359 227 47 63
377 197 52 53
237 341 87 89
105 343 48 51
25 142 60 77
310 314 86 89
128 359 22 23
275 318 52 60
212 280 83 92
227 23 88 89
363 131 107 108
218 97 43 43
83 8 31 32
72 201 51 55
175 168 70 70
330 378 19 20
276 362 71 118
49 368 38 48
95 71 117 117
12 311 74 84
24 166 28 37
316 191 45 46
340 297 28 33
27 210 63 92
311 102 28 28
233 44 18 19
357 314 84 88
100 109 39 51
148 154 85 98
298 254 82 124
385 335 31 36
114 176 60 68
281 244 88 99
24 229 10 13
65 393 69 77
355 329 70 86
35 72 80 85
328 30 34 38
324 148 94 96
16 137 10 11
392 372 2 2
365 253 27 35
374 301 6 7
286 335 91 91
8 194 32 57
245 134 65 74
236 321 35 56
269 133 47 56
130 3 12 13
271 65 53 60
215 91 9 10
147 337 77 89
29 368 8 8
162 367 60 64
373 122 13 19
354 199 100 121
382 10 75 129
237 376 88 93
386 336 53 81
103 209 64 69
78 11 81 84
23 296 100 107
289 80 13 14
213 154 112 113
107 301 7 7
196 34 37 37
286 302 30 36
27 373 52 66
391 366 93 93
114 46 79 79
57 108 10 14
231 5 22 25
235 59 15 15
9 374 69 87
92 168 86 89
101 210 101 106
275 285 30 31
174 374 21 24
309 111 13 14
282 327 102 103
159 322 62 83
90 161 58 60
89 224 73 78
185 146 53 63
213 85 72 72
22 382 56 71
239 334 22 25
231 298 45 54
313 29 8 8
35 202 2 2
99 386 44 47
373 341 56 62
39 159 59 66
241 122 61 79
49 51 52 61
215 262 86 89
290 111 20 22
368 314 69 72
123 48 43 57
276 133 38 39
42 231 13 17
360 352 32 33
379 90 23 37
140 273 53 69
160 208 40 43
84 292 74 89
379 375 91 104
9 257 12 15
182 226 95 107
381 293 124 127
62 287 2 4
293 352 96 100
118 15 115 115
135 270 67 71
15 307 71 102
57 344 15 22
260 281 47 53
300 350 64 95
175 358 124 124
211 7 59 73
301 18 98 101
388 210 1 2
248 281 37 51
149 78 35 38
188 263 1 2
302 294 54 68
195 74 82 89
314 319 99 113
103 10 39 48
273 118 15 20
4 180 36 52
283 67 45 71
253 237 58 102
115 6 90 104
233 294 62 64
0 74 21 30
280 178 73 85
108 314 11 12
71 332 25 27
229 118 65 81
164 136 57 57
339 239 90 93
203 36 15 16
208 228 39 40
6 362 28 29
318 38 56 58
132 229 24 27
172 187 109 110
6 128 56 75
241 226 44 45
133 195 80 82
91 26 32 34
275 233 21 29
254 194 29 45
95 167 80 103
328 69 117 121
208 375 55 62
94 358 57 58
46 294 74 74
186 349 102 107
47 68 6 7
221 246 83 97
109 116 36 41
253 107 29 35
63 192 74 101
92 226 57 62
189 221 12 13
250 30 8 12
116 87 81 93
236 370 17 18
62 205 62 66
141 333 54 65
225 169 9 9
104 375 21 23
71 86 65 71
237 47 16 25
194 220 12 15
70 122 38 38
363 385 74 86
266 251 63 77
230 362 90 109
34 8 59 59
297 52 31 33
362 179 5 5
289 181 31 31
270 341 55 65
34 287 113 114
290 155 80 87
81 197 76 88
12 382 69 97
35 180 8 10
377 336 33 52
340 43 18 32
343 190 51 80
307 392 92 94
46 390 5 5
266 161 64 79
70 29 38 62
138 369 68 98
61 139 114 114
161 56 53 67
299 347 15 23
267 21 52 66
251 87 82 85
306 62 17 19
74 295 23 24
122 331 4 4
40 77 67 72
343 18 74 103
362 313 17 17
137 198 74 97
7 108 122 122
95 282 36 48
43 230 17 20
65 115 8 10
55 214 97 98
143 393 44 55
160 172 5 6
228 388 5 5
89 221 61 101
169 109 43 44
177 281 2 3
392 26 43 45
154 282 82 87
274 236 32 43
208 159 47 60
386 309 83 84
296 177 5 6
115 170 56 87
210 108 16 20
267 260 54 58
35 127 45 51
34 128 85 91
330 361 1 2
48 275 64 71
229 160 14 27
254 124 30 45
169 372 83 92
76 249 32 33
198 246 38 39
127 162 43 51
33 293 41 42
324 282 30 33
205 240 79 90
150 252 16 17
202 254 72 80
231 9 18 18
38 212 74 74
219 199 31 35
192 398 46 53
150 311 26 33
205 353 52 58
318 175 110 116
155 361 106 122
94 21 71 74
101 386 87 112
258 376 61 83
299 277 73 74
316 36 45 49
212 198 2 2
392 324 19 19
3 250 43 51
99 177 27 29
156 144 5 7
361 338 80 80
328 394 65 86
319 98 70 100
185 1 69 96
369 105 63 96
177 202 10 13
251 197 72 78
76 322 68 69
202 98 79 80
82 101 0 2
49 84 65 103
242 324 86 93
110 355 11 18
186 153 52 62
323 77 48 55
269 293 15 17
253 61 33 54
206 59 54 81
353 24 44 47
261 317 112 118
136 130 29 36
309 395 13 22
68 306 50 89
268 294 97 114
319 241 82 92
150 121 22 29
120 140 57 86
117 303 68 77
257 6 84 97
238 39 89 97
39 220 78 91
278 22 52 73
278 247 32 32
153 295 54 56
379 106 18 21
69 396 78 100
65 235 44 49
215 205 106 113
283 127 4 5
102 14 51 52
343 216 66 81
377 258 68 99
113 314 80 84
196 190 69 85
165 327 38 42
196 53 14 14
148 8 79 95
129 28 13 18
152 101 8 8
173 389 35 43
151 296 7 8
124 35 18 21
228 63 76 102
372 357 74 77
25 146 110 130
395 268 67 76
67 239 20 29
204 12 37 45
249 332 12 15
162 324 80 93
42 342 39 42
27 230 19 19
323 292 17 19
97 236 30 30
174 253 14 16
141 137 19 29
237 280 34 43
264 362 6 7
274 141 41 46
25 91 74 90
251 230 72 110
141 185 48 49
236 132 65 92
77 40 48 55
130 217 73 76
353 372 43 51
266 364 30 34
395 134 22 30
345 384 26 35
227 351 3 3
75 6 97 98
275 269 24 36
396 391 28 33
171 269 80 81
389 174 23 23
63 5 17 18
82 238 91 113
220 246 104 106
108 396 69 70
212 71 1 3
76 250 28 31
26 132 15 16
10 361 32 37
35 379 53 69
170 212 70 75
198 175 59 72
97 288 67 70
64 137 64 78
53 87 57 65
151 226 63 65
27 42 12 12
295 167 1 2
207 309 53 59
337 381 15 20
117 152 32 34
195 299 13 18
164 63 9 9
96 281 83 83
156 23 75 82
162 87 70 72
342 366 27 35
98 388 71 79
168 310 58 84
129 7 48 89
176 1 5 7
362 323 37 37
352 13 23 25
118 129 79 127
398 154 1 2
263 25 74 89
123 103 13 14
161 221 19 29
80 268 35 54
394 106 62 70
268 28 78 95
361 326 62 64
345 369 62 72
194 119 4 5
225 295 53 57
8 123 31 36
274 20 62 77
262 122 56 66
372 235 54 89
23 317 24 28
115 283 11 15
46 256 40 59
80 325 11 12
288 62 93 97
73 80 24 24
167 374 67 76
160 390 113 114
378 18 7 10
120 300 80 80
174 380 115 126
352 268 7 9
333 294 7 8
202 76 18 22
329 294 59 96
2 272 41 52
249 397 3 4
108 325 74 89
132 56 86 123
257 277 32 32
359 232 25 40
344 230 58 69
12 213 51 57
157 54 63 65
327 265 93 105
97 305 82 102
116 117 49 49
87 362 82 97
164 163 31 32
177 292 2 3
298 338 22 22
55 18 60 74
228 207 48 52
229 340 13 14
100 322 9 10
266 1 24 29
60 312 39 43
213 148 95 101
332 132 105 110
347 198 86 102
25 342 46 57
72 353 8 8
321 1 41 43
295 347 86 110
311 184 38 41
253 43 60 79
163 64 82 94
34 140 68 87
378 134 29 32
266 183 57 61
219 196 78 126
180 317 55 64
268 299 65 77
95 186 50 53
279 147 19 21
14 266 99 120
260 297 19 21
183 202 62 65
179 257 86 104
180 151 71 82
353 201 52 65
269 232 60 62
19 335 41 47
315 343 25 33
74 332 20 21
344 114 1 1
84 244 55 86
164 322 5 10
33 367 66 66
313 302 98 111
45 172 97 102
101 255 56 58
14 324 43 43
372 288 40 50
298 198 93 103
205 160 68 89
189 353 28 28
215 321 75 78
145 308 78 99
361 64 75 112
25 172 6 6
373 395 64 82
154 117 11 11
117 109 27 31
96 134 116 117
101 259 27 31
366 24 46 60
49 344 78 84
207 22 86 100
109 159 38 56
247 357 6 8
374 212 44 48
174 235 58 73
233 311 49 81
203 196 7 9
103 238 17 19
229 329 16 16
371 107 57 68
198 139 34 55
314 378 54 57
94 143 92 103
2 236 59 59
344 216 3 3
94 105 60 60
51 267 33 39
238 371 43 43
53 141 4 6
290 377 65 70
19 26 64 64
250 240 115 115
76 114 113 115
358 322 16 24
212 176 22 27
103 305 66 70
44 333 31 37
186 74 49 62
7 298 13 13
191 398 51 75
80 240 114 119
256 106 14 28
107 48 71 80
348 13 56 56
150 107 104 125
257 117 18 26
21 175 7 9
182 210 85 96
97 384 74 75
342 279 2 2
18 83 61 67
362 254 35 43
25 391 66 67
183 14 112 121
307 216 73 95
16 386 24 26
245 387 69 89
186 150 50 51
247 137 80 114
393 8 73 90
197 111 27 31
127 393 15 23
81 360 91 93
246 281 44 68
274 148 100 110
10 316 78 78
277 52 57 67
303 160 1 3
212 24 29 30
327 197 62 72
229 365 19 26
63 58 55 71
107 386 98 108
76 327 30 44
88 278 86 105
122 376 69 127
19 152 115 116
196 140 44 45
348 391 24 36
117 160 2 6
360 274 15 18
386 198 71 74
2 134 32 49
194 224 63 64
138 133 5 5
287 187 116 118
316 59 8 10
395 14 51 62
318 34 102 103
342 362 86 129
338 172 9 9
56 269 25 29
87 273 45 46
250 304 58 59
87 38 63 64
211 277 17 20
260 252 43 69
319 30 38 39
78 342 75 108
143 227 16 16
254 318 60 83
26 252 7 12
219 75 40 48
398 389 90 117
332 131 6 8
316 1 86 94
354 81 28 30
313 374 37 50
71 288 21 23
108 176 114 114
8 39 36 41
55 84 70 82
84 236 57 85
39 261 4 6
225 156 6 7
200 282 43 64
333 283 47 53
205 0 72 119
228 81 71 91
84 277 71 115
172 320 79 92
61 85 38 46
79 269 2 3
17 182 19 20
90 380 34 54
284 93 80 118
340 8 15 26
188 107 32 32
166 194 17 17
254 333 90 114
166 190 47 47
361 216 31 32
24 2 14 18
355 9 47 48
261 349 47 51
313 182 80 92
284 344 22 23
215 334 53 84
150 71 63 75
47 163 83 88
91 54 32 46
169 297 40 48
141 136 21 41
79 380 44 54
191 123 69 91
280 205 57 74
217 269 56 57
263 281 64 81
21 305 11 15
14 19 47 47
350 71 13 13
201 267 53 72
18 104 50 51
380 266 22 23
364 202 85 115
301 168 29 29
3 70 101 104
336 42 1 2
94 398 55 72
77 221 95 109
149 88 43 49
303 176 3 3
66 81 41 47
293 255 61 80
243 341 65 98
49 398 1 1
342 180 25 39
348 394 16 28
44 265 40 48
142 90 45 56
261 320 1 3
209 118 7 7
65 38 59 95
375 289 80 96
314 169 45 54
284 319 0 2
259 39 102 102
88 55 80 82
115 234 46 67
299 38 38 52
294 359 6 6
162 12 68 71
66 194 91 116
165 325 85 86
57 369 24 42
46 2 71 73
29 235 18 18
62 263 10 14
3 313 65 65
65 140 60 61
217 359 6 8
0 142 98 100
182 152 38 38
45 300 72 74
190 331 22 29
33 3 67 75
191 280 66 89
181 32 91 96
69 169 100 108
336 66 10 15
293 212 63 76
220 324 80 97
297 379 18 18
317 299 36 36
44 55 107 115
95 312 68 76
330 178 29 29
171 24 63 72
270 78 32 34
144 152 24 32
367 240 37 43
294 194 42 45
231 112 47 63
358 24 76 81
192 91 3 4
290 347 98 108
184 229 2 2
372 100 68 75
213 345 55 73
26 223 75 76
30 109 117 117
132 208 40 44
355 215 0 1
138 125 88 106
365 216 67 69
209 202 32 33
333 391 14 26
140 255 2 2
12 261 57 78
258 227 45 46
66 186 51 68
119 6 1 3
287 266 36 42
42 187 22 35
359 295 31 45
349 196 46 59
46 164 93 107
41 299 23 25
124 372 50 62
303 37 44 66
95 209 33 37
262 27 63 69
23 105 60 65
292 357 91 93
221 197 6 9
266 377 26 33
19 87 101 103
23 263 52 62
27 74 46 54
27 88 34 40
326 47 19 21
307 314 58 62
398 39 3 5
78 362 79 105
164 323 15 18
5 20 62 62
179 187 86 108
62 311 8 14
349 141 88 94
122 225 26 28
65 326 25 31
110 186 58 70
58 328 101 111
313 268 50 74
159 93 69 88
298 130 4 6
286 245 21 22
331 353 73 88
379 158 22 22
238 88 66 108
135 237 20 20
221 58 6 7
302 325 68 94
115 102 4 5
391 89 23 24
354 125 49 62
325 339 70 73
398 217 16 30
231 105 6 12
248 302 40 41
120 281 61 61
96 243 26 27
381 25 83 86
367 375 33 42
40 275 31 50
195 210 16 22
221 240 32 36
392 99 46 46
258 278 18 22
81 210 2 3
209 5 13 14
55 107 21 22
103 67 32 51
396 293 58 85
29 384 7 10
346 208 48 53
358 338 118 120
313 159 47 49
83 368 9 9
81 281 27 27
7 294 75 104
4 271 42 63
168 353 93 112
203 74 9 12
310 38 90 93
71 217 84 89
100 97 98 103
55 185 55 84
72 131 70 74
26 163 33 54
113 283 83 85
43 240 11 18
208 286 5 7
285 259 84 94
115 373 68 82
337 373 23 33
381 248 56 74
208 368 7 8
230 190 59 73
365 274 118 121
306 180 14 23
346 79 62 70
238 265 23 36
168 118 31 44
273 22 5 5
113 347 72 78
68 211 42 49
136 313 72 81
217 364 85 89
282 314 68 78
326 16 30 34
298 244 52 56
134 93 58 59
329 195 23 31
330 124 10 10
97 262 6 7
256 241 81 93
133 198 73 86
315 106 77 97
351 302 5 6
79 65 73 79
83 320 80 82
227 102 47 48
289 22 25 36
275 393 19 22
208 138 16 16
83 244 64 74
93 29 17 19
49 367 33 48
363 327 74 113
94 45 72 81
110 99 49 54
334 4 29 29
236 172 8 8
336 385 34 42
385 26 85 85
364 145 36 46
303 326 54 81
91 210 96 102
234 225 89 101
54 355 36 53
220 182 89 109
163 388 44 53
229 135 12 13
230 385 32 32
276 275 22 28
51 197 54 63
396 78 51 60
206 23 75 75
191 49 23 23
161 185 73 77
198 188 86 88
308 24 103 111
290 1 36 37
181 17 106 117
145 170 32 45
315 364 4 5
179 119 10 15
347 95 5 7
88 325 51 58
8 203 32 53
120 230 99 101
278 206 98 98
47 336 45 51
37 168 72 114
225 333 18 22
183 334 19 20
223 356 87 88
71 123 33 33
381 82 35 42
246 313 77 105
24 135 28 28
397 169 49 69
13 232 0 2
72 201 16 19
270 220 74 91
84 225 49 51
165 250 45 52
378 12 47 77
375 125 76 81
293 132 10 11
368 173 102 120
304 127 36 39
322 42 18 21
153 25 20 23
77 387 1 1
273 396 67 85
367 377 104 126
25 346 64 77
329 40 67 74
334 148 40 43
341 112 78 108
330 316 3 4
54 196 65 67
251 396 6 7
192 128 96 103
291 249 34 37
192 334 83 94
16 328 3 3
242 79 28 39
300 343 42 44
260 361 63 89
4 272 14 23
369 365 30 58
356 151 27 39
172 200 69 91
226 339 17 19
336 180 48 79
288 245 2 4
387 169 20 21
366 37 123 126
86 3 37 40
190 209 12 18
292 37 122 122
332 289 15 16
156 384 30 34
354 25 61 64
108 125 12 16
223 166 8 9
297 273 43 43
31 163 74 85
12 118 51 51
281 255 33 47
382 168 66 69
194 154 60 71
158 366 87 90
204 355 32 32
180 129 70 73
0 385 19 28
234 242 93 110
396 163 33 35
253 380 73 79
302 332 26 26
279 374 15 16
318 62 47 62
332 327 40 55
306 302 96 99
108 84 21 23
19 325 27 29
386 21 109 110
354 79 55 64
210 100 31 42
337 317 97 100
202 140 22 23
305 168 25 28
49 52 12 12
305 34 63 94
321 365 93 104
348 375 33 34
21 243 69 90
172 360 33 47
95 375 113 113
253 161 84 110
319 379 69 82
257 366 31 33
156 360 94 94
318 395 119 120
163 89 44 62
61 39 74 114
338 30 12 14
250 35 76 85
388 30 21 23
156 166 68 79
289 110 90 112
234 233 68 69
149 271 37 49
82 377 61 66
334 68 33 48
118 205 32 38
293 185 89 89
386 194 1 2
299 70 101 110
61 238 90 106
189 183 62 65
23 138 62 76
126 3 31 35
317 131 99 105
65 295 108 115
92 179 63 71
276 157 70 88
250 138 64 64
369 8 92 95
382 176 34 35
233 25 25 34
190 15 53 62
114 307 42 46
374 10 88 93
272 283 21 27
222 154 11 19
247 225 91 114
156 132 22 32
225 61 107 112
217 98 22 25
52 5 43 50
120 150 60 76
319 116 63 85
357 157 80 91
91 170 7 12
55 49 97 101
177 385 2 2
110 103 62 90
345 175 78 110
100 174 34 43
311 53 32 33
28 42 81 113
197 202 34 46
390 376 84 87
353 295 11 16
241 129 66 66
281 62 78 88
89 257 70 72
312 223 77 77
261 57 78 108
373 110 19 30
2 343 40 43
251 297 92 92
340 283 12 20
351 321 93 101
172 370 1 3
28 174 23 41
320 239 100 114
171 199 88 102
8 62 17 27
214 79 20 26
389 384 39 40
319 81 79 98
215 367 40 51
333 57 11 14
63 175 110 112
196 102 66 90
272 356 53 61
323 345 79 86
339 336 9 16
208 391 62 79
45 168 31 33
7 56 66 71
333 6 10 16
247 300 30 30
354 175 0 0
286 328 35 53
19 347 32 39
243 244 80 91
117 174 18 19
309 277 19 19
314 183 76 125
268 383 20 23
117 186 83 84
359 299 1 2
359 327 67 105
320 299 43 52
383 182 63 82
371 113 81 83
49 71 14 15
397 166 94 100
359 319 62 72
140 227 4 7
331 48 14 14
20 270 48 54
363 84 61 75
369 94 10 13
329 176 74 110
375 98 34 39
145 253 34 36
36 154 67 77
217 340 113 113
39 173 5 6
279 251 58 61
269 160 48 49
348 285 60 68
131 12 51 55
360 316 30 31
308 178 117 121
47 339 31 35
87 144 64 65
101 279 18 28
52 313 35 38
346 160 51 60
271 48 110 119
287 5 70 86
302 46 9 15
340 178 6 8
187 316 52 92
290 222 11 11
234 299 37 38
20 253 37 37
41 322 63 71
112 285 62 67
206 384 1 2
174 167 7 7
258 14 31 38
347 140 2 4
112 271 31 34
15 379 67 73
129 2 3 4
24 94 109 117
357 233 84 99
58 388 9 10
11 15 44 46
278 165 20 23
183 364 72 83
213 377 13 17
255 41 88 105
55 103 75 95
117 23 41 42
234 384 41 54
39 318 37 38
131 242 115 116
294 124 66 71
2 161 42 42
146 91 27 32
163 355 29 31
277 315 16 17
27 368 13 14
243 25 108 112
250 12 20 23
204 21 39 51
213 2 1 1
3 143 47 54
132 364 32 42
137 397 83 92
240 89 13 21
271 341 73 73
261 339 3 3
29 370 70 102
373 102 0 1
116 211 7 14
265 269 42 55
371 68 42 45
161 106 72 105
10 366 39 63
350 226 73 73
92 389 17 21
335 76 16 19
91 359 19 22
35 140 35 42
106 262 65 86
391 211 4 4
20 254 1 3
303 332 41 44
186 100 20 21
171 88 40 50
176 179 78 113
175 237 62 64
311 291 120 126
364 114 34 36
60 263 65 67
213 325 40 40
375 89 13 14
189 229 2 6
123 343 51 53
345 29 110 112
196 281 43 45
394 330 20 28
181 60 79 81
347 29 19 37
82 245 77 78
212 378 71 103
328 158 104 125
158 351 59 62
294 32 36 62
225 122 57 71
46 251 6 7
243 34 92 103
22 160 11 13
130 86 73 74
227 243 43 49
83 235 15 16
211 16 2 2
349 271 94 112
156 75 46 52
345 307 67 109
253 106 66 67
357 219 2 4
346 99 25 30
115 191 8 8
92 180 7 7
176 256 13 13
351 93 47 60
208 304 24 38
335 369 3 3
145 288 80 93
340 388 42 50
107 157 108 122
54 17 62 77
332 27 35 57
259 380 76 108
207 286 62 68
384 247 84 85
66 46 92 97
76 114 74 84
350 333 32 34
242 203 66 71
285 99 4 4
168 124 22 24
127 189 67 78
248 167 25 30
383 290 32 33
29 238 40 41
280 393 31 32
209 6 56 62
207 376 93 99
196 277 22 22
220 305 85 122
134 39 79 87
273 122 36 43
127 129 70 85
394 294 40 40
54 15 26 36
368 155 5 9
343 69 41 42
26 378 33 43
119 380 50 62
391 363 90 90
252 314 35 35
257 93 118 118
317 121 14 16
393 147 100 101
298 366 79 107
197 123 35 45
212 122 68 85
222 80 122 124
175 328 25 28
340 394 67 95
245 151 84 105
393 298 9 11
284 154 6 6
361 217 103 105
30 120 4 9
50 79 46 70
103 52 62 62
196 125 113 114
271 219 83 103
322 81 9 11
231 301 21 23
110 146 77 78
274 77 90 103
76 213 79 80
67 344 25 29
385 274 104 106
126 236 112 121
77 146 5 7
245 145 69 78
70 190 10 10
115 187 4 5
72 329 38 41
282 96 92 103
54 203 3 6
313 199 20 21
114 58 91 106
282 23 29 44
206 282 31 35
180 391 59 71
157 183 7 8
145 299 7 8
263 349 48 49
318 117 29 29
222 318 33 44
289 347 106 114
42 299 25 28
91 265 7 8
279 328 63 89
370 384 15 24
168 53 98 99
175 348 54 77
215 33 56 59
324 330 4 4
184 238 57 57
376 192 26 29
22 383 23 35
391 53 77 78
238 117 106 114
130 57 28 39
330 347 35 62
34 201 34 50
194 327 61 66
331 362 11 22
296 262 21 36
56 138 36 37
191 336 49 57
124 277 60 68
103 248 24 32
375 205 105 116
210 253 39 40
366 222 21 27
220 39 73 78
7 172 19 24
149 22 76 97
191 359 81 83
199 176 37 53
98 91 45 45
324 5 6 7
64 203 17 17
79 238 47 69
147 290 51 59
260 235 84 90
371 223 24 25
21 269 17 31
249 322 33 36
151 91 6 7
206 162 100 107
362 72 13 16
209 161 58 62
185 387 87 89
238 8 66 70
61 223 53 57
136 14 54 66
125 267 62 74
214 240 0 2
127 198 19 26
383 101 14 14
295 203 101 107
89 121 48 56
50 8 33 40
208 177 68 87
216 82 21 24
1 160 36 40
334 14 26 33
293 276 17 30
267 115 43 44
291 298 32 32
179 153 78 78
386 334 25 27
141 38 89 98
89 371 17 19
3 229 84 85
223 63 47 56
95 390 64 81
111 206 34 35
61 279 14 14
127 272 59 72
182 32 13 18
350 51 37 51
270 200 7 8
120 72 108 110
125 258 23 24
283 261 32 34
34 111 85 105
25 248 50 59
256 114 46 74
223 44 51 51
179 363 63 66
47 54 79 81
107 48 48 49
152 131 14 20
73 64 113 114
267 378 85 99
377 196 14 19
299 164 82 90
144 120 29 30
265 384 62 75
148 389 19 21
389 226 37 51
41 194 102 102
38 2 1 1
282 183 11 23
169 221 3 3
272 89 129 129
156 56 101 116
377 21 48 76
221 389 46 78
153 14 87 89
375 109 43 43
25 132 103 105
143 376 107 113
187 162 120 120
232 314 68 74
286 40 86 92
332 342 4 7
312 290 6 12
317 85 7 7
36 159 35 47
366 100 19 22
259 249 56 60
192 365 8 8
333 32 63 64
270 219 79 91
187 172 74 110
204 41 4 4
98 33 55 85
65 111 89 100
177 31 78 86
325 309 37 61
291 349 11 11
293 10 59 65
218 65 76 117
292 234 47 56
278 261 10 11
75 263 50 62
136 382 25 31
369 243 27 29
96 59 41 42
144 162 63 88
249 256 97 112
167 14 33 43
297 341 39 40
332 356 87 90
18 269 88 95
391 105 34 35
173 215 56 71
109 217 57 63
55 27 62 98
382 279 28 40
321 230 9 12
87 329 74 78
235 148 70 78
333 318 23 36
0 326 9 10
282 272 65 95
309 64 36 36
37 28 86 92
112 272 101 112
39 382 115 122
54 159 18 18
251 230 60 64
152 37 51 73
199 367 17 30
165 262 44 47
10 60 50 88
43 89 108 110
219 8 28 31
44 313 34 56
253 94 9 9
202 1 79 91
31 152 80 83
3 351 51 67
381 385 1 2
