400 3200
0 1 62 86
1 2 72 84
2 3 0 0
3 4 24 37
4 5 24 28
5 6 3 4
6 7 74 92
7 8 6 9
8 9 76 105
9 10 61 77
10 11 41 46
11 12 25 28
12 13 41 52
13 14 110 111
14 15 35 52
15 16 35 42
16 17 80 94
17 18 101 113
18 19 37 62
19 20 41 61
20 21 57 62
21 22 58 59
22 23 78 81
23 24 102 111
24 25 6 7
25 26 99 104
26 27 2 6
27 28 50 61
28 29 24 25
29 30 87 91
30 31 44 64
31 32 30 38
32 33 66 67
33 34 41 43
34 35 61 64
35 36 86 92
36 37 15 18
37 38 67 69
38 39 52 53
39 40 40 44
40 41 54 55
41 42 39 41
42 43 46 57
43 44 32 33
44 45 19 20
45 46 79 92
46 47 40 40
47 48 45 66
48 49 27 28
49 50 3 5
50 51 14 15
51 52 2 3
52 53 66 102
53 54 23 27
54 55 31 38
55 56 18 28
56 57 28 33
57 58 39 65
58 59 60 64
59 60 59 61
60 61 27 39
61 62 86 118
62 63 23 25
63 64 26 32
64 65 32 53
65 66 98 99
66 67 85 87
67 68 88 110
68 69 61 61
69 70 7 10
70 71 88 91
71 72 14 19
72 73 45 73
73 74 38 39
74 75 89 108
75 76 46 66
76 77 118 120
77 78 76 95
78 79 98 106
79 80 67 68
80 81 31 33
81 82 40 47
82 83 81 85
83 84 21 30
84 85 43 51
85 86 96 100
86 87 75 100
87 88 121 121
88 89 62 68
89 90 40 40
90 91 2 5
91 92 123 123
92 93 12 14
93 94 33 42
94 95 40 46
95 96 68 98
96 97 11 12
97 98 77 83
98 99 49 83
99 100 66 68
100 101 36 46
101 102 45 45
102 103 55 58
103 104 61 74
104 105 114 119
105 106 91 100
106 107 35 43
107 108 111 115
108 109 52 58
109 110 39 39
110 111 18 24
111 112 33 52
112 113 63 63
113 114 91 98
114 115 27 32
115 116 2 3
116 117 105 108
117 118 118 118
118 119 83 90
119 120 56 62
120 121 68 90
121 122 69 75
122 123 54 77
123 124 59 62
124 125 118 120
125 126 42 45
126 127 19 25
127 128 90 92
128 129 24 28
129 130 64 67
130 131 24 27
131 132 110 111
132 133 40 44
133 134 0 2
134 135 24 25
135 136 84 118
136 137 32 35
137 138 86 101
138 139 92 98
139 140 33 35
140 141 56 63
141 142 60 75
142 143 8 9
143 144 35 59
144 145 61 107
145 146 19 31
146 147 2 3
147 148 51 51
148 149 66 78
149 150 57 63
150 151 44 54
151 152 95 96
152 153 6 6
153 154 8 8
154 155 39 42
155 156 69 70
156 157 21 36
157 158 40 44
158 159 36 36
159 160 11 12
160 161 54 63
161 162 80 85
162 163 54 67
163 164 25 28
164 165 16 25
165 166 42 67
166 167 28 28
167 168 71 90
168 169 50 59
169 170 99 111
170 171 50 63
171 172 85 85
172 173 1 1
173 174 42 51
174 175 11 12
175 176 6 8
176 177 16 18
177 178 13 14
178 179 40 65
179 180 56 61
180 181 42 42
181 182 24 25
182 183 95 97
183 184 58 74
184 185 45 47
185 186 57 58
186 187 80 126
187 188 26 30
188 189 25 32
189 190 124 127
190 191 75 88
191 192 33 53
192 193 69 74
193 194 101 111
194 195 66 66
195 196 34 36
196 197 60 83
197 198 66 93
198 199 54 64
199 200 71 72
200 201 95 98
201 202 7 7
202 203 63 63
203 204 9 12
204 205 47 53
205 206 82 86
206 207 88 88
207 208 42 47
208 209 66 69
209 210 36 37
210 211 10 13
211 212 31 31
212 213 28 35
213 214 70 73
214 215 0 2
215 216 37 37
216 217 69 96
217 218 36 37
218 219 7 7
219 220 16 24
220 221 2 2
221 222 56 69
222 223 59 97
223 224 93 98
224 225 26 29
225 226 77 78
226 227 29 37
227 228 71 72
228 229 14 14
229 230 80 84
230 231 19 22
231 232 14 16
232 233 86 91
233 234 9 9
234 235 33 45
235 236 24 26
236 237 37 68
237 238 85 89
238 239 66 72
239 240 65 71
240 241 67 74
241 242 63 67
242 243 76 86
243 244 45 50
244 245 64 69
245 246 50 50
246 247 28 28
247 248 46 46
248 249 49 52
249 250 13 14
250 251 63 112
251 252 108 110
252 253 12 13
253 254 127 127
254 255 19 19
255 256 24 24
256 257 102 113
257 258 106 114
258 259 35 48
259 260 67 79
260 261 115 116
261 262 86 86
262 263 55 62
263 264 47 55
264 265 116 116
265 266 23 26
266 267 54 59
267 268 90 101
268 269 74 81
269 270 19 19
270 271 40 49
271 272 59 62
272 273 60 67
273 274 74 78
274 275 53 53
275 276 9 11
276 277 71 83
277 278 55 55
278 279 37 41
279 280 28 28
280 281 65 69
281 282 87 91
282 283 102 112
283 284 17 17
284 285 14 16
285 286 114 119
286 287 45 57
287 288 29 29
288 289 79 80
289 290 13 13
290 291 15 17
291 292 114 114
292 293 12 12
293 294 69 88
294 295 19 25
295 296 63 101
296 297 0 2
297 298 24 28
298 299 33 33
299 300 38 45
300 301 112 122
301 302 82 82
302 303 36 41
303 304 74 77
304 305 8 12
305 306 23 32
306 307 56 68
307 308 21 32
308 309 21 26
309 310 7 7
310 311 77 79
311 312 16 16
312 313 5 6
313 314 23 31
314 315 21 27
315 316 10 11
316 317 4 4
317 318 71 93
318 319 23 33
319 320 47 47
320 321 32 34
321 322 18 21
322 323 83 98
323 324 14 24
324 325 76 94
325 326 10 11
326 327 65 74
327 328 48 56
328 329 31 32
329 330 70 77
330 331 18 32
331 332 40 41
332 333 39 40
333 334 96 122
334 335 9 11
335 336 15 19
336 337 54 64
337 338 60 60
338 339 37 38
339 340 46 46
340 341 120 126
341 342 53 53
342 343 63 67
343 344 25 25
344 345 25 25
345 346 67 77
346 347 29 33
347 348 20 22
348 349 34 37
349 350 30 45
350 351 91 103
351 352 77 80
352 353 68 79
353 354 36 40
354 355 50 58
355 356 86 116
356 357 96 102
357 358 68 83
358 359 15 15
359 360 50 50
360 361 22 34
361 362 42 53
362 363 63 65
363 364 45 50
364 365 31 32
365 366 58 60
366 367 53 54
367 368 45 54
368 369 82 102
369 370 76 100
370 371 25 36
371 372 42 62
372 373 3 5
373 374 85 96
374 375 71 90
375 376 79 105
376 377 112 119
377 378 43 47
378 379 9 10
379 380 55 85
380 381 89 107
381 382 69 73
382 383 24 24
383 384 66 77
384 385 48 54
385 386 44 60
386 387 78 89
387 388 15 16
388 389 44 76
389 390 98 112
390 391 31 45
391 392 74 76
392 393 20 26
393 394 49 57
394 395 94 96
395 396 101 102
396 397 86 104
397 398 92 103
398 399 40 52
399 0 73 77
331 202 18 19
93 357 9 9
237 230 7 11
282 6 90 92
174 190 20 23
135 160 99 99
43 391 38 50
169 243 11 17
387 303 4 7
60 87 32 37
199 53 65 104
387 247 15 15
20 131 26 27
89 331 102 110
378 148 32 36
237 95 25 36
160 291 115 117
3 58 68 90
34 363 68 73
397 283 28 28
17 368 20 32
173 390 7 12
140 136 9 15
47 372 20 30
127 29 65 78
114 218 60 75
46 317 14 27
294 344 39 45
55 306 92 106
315 49 33 38
233 247 24 33
277 292 18 22
78 187 11 15
386 308 56 57
13 294 17 19
96 68 23 31
41 239 83 88
147 63 54 84
83 295 84 84
293 114 2 4
362 370 56 65
69 224 53 82
239 96 37 38
226 219 9 11
158 385 33 34
332 383 27 29
364 53 111 117
158 368 7 8
274 108 57 60
320 339 67 94
349 231 8 14
398 172 67 78
381 112 2 3
167 123 6 7
117 335 88 99
130 84 54 56
338 6 1 2
339 366 79 97
28 41 51 70
142 250 8 11
3 58 62 102
111 64 49 54
79 127 18 30
315 52 44 60
392 37 72 76
381 183 72 82
33 201 16 17
1 148 60 86
329 295 8 10
324 236 76 104
95 169 84 84
67 342 57 80
267 214 58 58
258 16 7 7
131 207 91 94
383 144 8 10
396 40 47 51
259 333 75 78
346 109 54 60
115 0 65 71
296 293 88 125
360 292 52 56
59 178 94 107
242 38 102 107
50 117 16 23
49 216 66 73
275 274 0 1
222 76 23 43
302 272 34 36
340 320 62 87
31 248 16 21
227 351 39 40
320 339 11 11
110 335 47 74
271 300 91 93
252 3 64 67
233 210 102 104
313 34 49 51
38 64 3 4
236 227 27 29
56 94 32 42
395 251 12 15
199 85 16 17
37 235 42 65
336 291 59 60
29 328 19 28
152 140 65 66
259 196 17 22
206 272 107 110
92 124 70 104
161 250 36 41
250 215 10 12
175 90 25 31
132 319 61 62
38 162 95 97
394 344 47 60
322 180 2 2
67 102 37 52
383 201 86 107
74 167 26 26
231 117 62 65
267 50 92 95
139 276 23 23
188 277 87 91
359 145 41 47
242 99 50 80
132 87 53 60
349 238 63 66
128 80 17 24
374 56 20 23
318 19 58 59
128 134 66 108
126 162 23 23
74 260 53 54
365 389 73 74
229 56 83 94
53 68 96 97
278 320 20 22
87 211 58 108
94 247 52 71
178 107 15 16
308 28 21 23
362 371 25 29
306 85 53 65
377 347 15 19
319 104 58 63
358 265 45 47
349 35 38 56
72 344 71 71
250 43 46 59
214 129 51 66
246 222 65 65
276 150 72 74
284 173 47 62
335 78 34 37
330 321 2 2
271 84 17 21
106 56 21 25
357 217 36 38
3 268 21 27
270 174 42 75
393 21 75 97
226 144 81 85
172 397 60 113
219 202 59 68
112 1 39 45
258 34 12 15
43 301 52 52
373 338 93 109
334 372 51 55
268 367 10 12
76 32 46 48
351 286 109 115
382 65 51 56
119 226 89 102
368 230 18 19
85 373 42 51
138 71 75 91
120 147 43 47
17 260 25 28
161 328 108 108
88 32 10 11
150 155 110 113
162 137 36 48
136 127 30 31
196 222 14 17
154 108 80 83
145 170 40 40
175 217 83 124
42 181 14 15
185 18 15 24
338 350 25 25
205 231 13 13
63 185 52 57
306 44 17 24
131 236 33 38
148 171 48 64
7 171 49 64
3 267 1 1
249 214 26 45
127 363 28 32
60 293 75 81
44 299 52 59
67 240 13 19
23 63 39 54
387 1 98 101
246 82 32 35
321 368 24 24
155 188 53 66
145 346 102 106
94 148 75 92
324 24 59 59
346 66 37 37
66 249 10 10
324 132 65 82
259 271 58 59
50 377 55 70
220 190 34 54
170 272 89 106
233 160 31 36
398 395 31 38
250 114 40 42
88 137 15 15
324 242 29 32
86 254 89 100
133 89 35 56
68 76 78 94
334 277 108 123
95 76 99 105
367 186 94 115
294 85 36 36
305 320 5 6
197 193 70 70
294 5 2 4
78 215 100 104
326 143 46 75
223 84 29 31
239 326 42 54
171 130 28 29
4 284 35 38
88 182 71 75
6 386 83 88
217 57 41 54
217 173 83 94
258 144 93 110
258 319 10 11
292 288 54 77
251 300 73 121
374 47 98 115
115 160 12 17
110 329 86 121
34 275 36 61
9 305 105 112
382 126 59 93
5 43 111 112
375 195 15 25
322 178 103 121
151 22 55 98
188 250 57 57
182 2 52 70
141 63 48 57
335 325 108 114
234 232 71 83
158 203 64 72
284 214 8 12
75 315 30 34
88 273 86 97
46 152 67 78
95 196 68 73
215 219 22 41
20 261 29 30
76 238 91 108
147 188 47 60
14 95 81 83
300 326 66 74
67 110 106 107
63 161 68 82
378 141 7 7
28 15 68 69
288 103 2 2
132 139 81 91
269 17 61 71
10 146 58 58
161 65 90 99
22 15 25 30
370 272 53 54
294 263 91 100
278 174 58 66
5 138 14 15
368 384 64 64
339 369 14 23
261 330 44 46
263 28 81 85
59 246 77 100
91 169 60 64
172 308 82 99
256 295 24 36
192 171 83 84
7 267 68 72
86 107 59 65
335 145 57 61
317 84 82 109
246 182 11 14
389 398 16 16
283 351 84 98
378 15 66 67
379 150 70 74
290 35 84 103
12 171 62 72
83 297 16 17
257 1 20 24
240 285 63 83
152 163 66 79
346 34 32 38
385 214 87 90
148 299 8 10
88 235 82 87
125 127 83 86
232 194 19 24
207 107 7 8
105 146 53 55
194 124 94 94
252 237 36 44
61 130 66 75
26 315 41 54
228 293 17 20
204 378 119 124
348 173 5 9
70 140 15 19
318 380 2 3
179 367 89 91
323 94 70 75
129 385 117 125
91 278 30 47
387 301 42 47
266 113 50 64
230 210 82 85
250 212 17 20
293 393 39 39
369 333 25 40
59 54 68 69
330 51 10 10
128 134 60 73
266 324 94 97
382 393 46 46
283 350 65 65
253 22 15 16
389 357 73 88
265 283 5 8
88 293 10 11
27 253 70 82
64 369 50 80
272 375 81 83
10 249 9 9
12 316 97 104
98 263 2 3
342 344 14 18
267 378 40 40
11 48 73 84
66 299 32 37
279 48 17 28
82 239 104 106
186 122 61 68
1 199 17 25
360 200 42 46
109 15 40 66
149 165 31 32
281 203 65 65
380 382 16 16
122 228 8 8
93 183 110 122
279 74 77 77
375 380 29 30
206 119 77 81
194 346 15 18
303 354 50 54
194 133 11 13
44 125 75 121
163 277 8 12
303 141 26 40
274 150 35 43
233 101 15 15
371 0 45 48
305 103 93 93
395 50 67 74
339 34 18 20
382 46 115 117
53 357 67 74
126 320 24 29
373 51 104 113
5 95 8 8
306 45 16 21
327 78 84 85
99 212 24 24
306 110 28 32
288 388 62 66
304 320 82 85
302 47 82 102
24 50 97 99
351 298 98 100
243 57 37 40
368 123 75 120
80 349 104 110
322 257 9 10
335 387 29 35
388 229 34 35
350 23 26 33
60 178 7 10
57 376 2 2
136 363 36 37
280 196 50 61
289 121 62 72
225 277 32 32
335 283 4 6
334 202 41 45
295 152 59 94
155 137 35 48
376 291 18 25
361 210 64 66
100 313 102 109
214 66 23 27
227 139 4 4
232 351 69 75
14 353 73 95
213 19 92 111
171 317 83 89
2 255 65 84
242 125 29 35
200 57 7 7
355 338 37 39
242 114 30 34
133 394 95 98
92 293 10 14
357 196 1 3
83 128 16 16
171 181 51 54
383 257 61 99
81 255 8 12
286 367 89 100
309 67 50 62
93 168 14 21
48 115 65 89
239 37 63 92
322 242 13 14
239 139 85 91
235 154 87 103
72 15 40 40
247 360 31 47
249 318 67 78
142 97 82 90
172 296 79 85
141 202 50 58
156 361 94 109
379 234 21 22
110 226 33 33
117 85 113 114
174 146 73 74
181 244 66 66
390 151 36 47
107 26 30 34
131 260 39 45
310 264 13 19
299 120 30 38
246 91 46 46
324 119 34 35
185 376 105 112
314 138 82 91
147 361 122 123
104 376 37 52
140 372 24 24
120 58 54 59
250 254 52 84
100 180 3 6
319 287 59 63
306 94 50 57
228 347 62 108
332 49 14 20
246 131 9 14
40 41 23 24
14 297 65 66
156 86 78 81
53 126 57 57
352 239 39 45
128 212 9 9
157 86 27 30
231 326 95 111
16 66 44 51
162 230 66 70
138 217 4 4
373 152 13 13
284 75 12 12
151 11 61 84
24 239 62 66
70 198 32 39
201 188 88 88
194 205 76 100
70 76 31 34
353 192 34 43
82 95 93 97
92 243 14 15
67 289 5 7
189 257 27 28
236 251 9 17
396 16 90 90
156 346 81 82
370 144 24 35
191 49 110 111
26 143 6 11
66 167 48 58
330 29 32 55
102 209 23 23
205 93 32 37
294 173 32 34
362 265 75 75
378 195 87 91
140 325 92 119
371 222 100 106
58 95 1 1
128 315 17 20
76 19 51 54
393 31 77 96
232 278 25 34
320 26 9 12
395 198 6 6
215 199 37 41
219 329 31 38
78 274 28 30
212 288 92 116
51 69 19 19
55 254 30 35
245 130 41 67
153 351 73 98
313 107 14 26
157 351 55 66
316 118 99 112
377 104 118 119
53 223 57 66
195 188 14 14
289 251 1 1
376 373 49 54
368 117 34 58
19 53 69 114
112 314 71 76
179 232 87 95
90 364 51 57
85 50 105 110
74 202 81 105
50 17 55 78
290 120 14 19
307 267 85 94
125 350 37 53
256 271 104 110
303 132 18 27
157 122 25 32
34 260 22 29
239 395 15 20
143 70 88 102
255 393 33 45
231 270 61 76
5 45 2 2
316 113 105 105
174 395 23 25
187 153 46 54
367 286 51 53
138 191 16 28
309 101 45 72
395 333 67 74
220 38 2 4
315 332 40 41
234 360 91 114
159 168 84 95
322 211 18 18
290 339 73 75
348 269 63 63
41 44 11 13
398 278 60 73
84 140 56 75
0 359 22 24
114 169 30 39
100 318 98 114
155 283 47 80
258 361 3 3
71 200 13 13
2 361 62 70
118 372 40 46
0 330 33 34
102 380 72 89
213 174 67 86
261 137 79 79
331 310 41 42
336 234 72 75
113 287 17 22
371 78 99 120
261 126 79 99
45 153 13 14
296 390 104 106
179 376 6 8
62 398 47 56
89 350 41 62
356 385 31 31
107 214 58 71
300 340 55 55
149 325 95 100
121 254 39 40
219 71 50 60
22 348 53 74
175 338 13 25
361 95 6 8
264 228 55 79
15 209 70 81
340 41 2 2
395 187 21 26
18 177 23 23
358 351 101 111
145 265 66 109
20 31 23 23
181 16 49 68
319 47 70 95
195 356 18 31
380 243 78 87
210 124 77 94
25 224 5 5
327 295 84 103
71 191 5 6
112 209 81 107
335 182 2 4
140 351 117 119
183 203 72 84
135 203 41 42
209 58 79 79
292 352 18 25
48 318 55 72
343 8 10 10
175 140 6 8
67 231 92 94
210 96 40 56
0 144 81 92
156 109 74 126
95 53 52 56
369 136 119 120
209 295 30 39
20 57 26 29
122 139 81 99
332 29 74 76
315 261 1 2
141 144 98 119
114 111 110 112
179 66 30 30
148 189 6 6
131 172 89 119
284 342 39 58
66 392 58 59
280 316 22 23
60 154 40 56
40 249 13 15
381 13 42 47
169 189 28 32
177 184 61 61
81 338 16 20
47 56 81 86
389 156 19 21
332 85 27 40
242 293 64 100
251 12 113 119
13 362 94 109
301 222 42 53
120 274 52 67
307 36 28 43
356 220 79 81
5 71 42 55
382 278 8 12
319 390 40 40
227 367 12 14
216 14 94 100
376 85 107 112
345 379 54 55
348 257 94 103
116 55 59 60
171 345 27 31
88 231 83 84
205 262 77 106
331 118 67 69
197 74 43 47
124 386 1 2
203 309 19 26
235 49 101 119
17 28 64 96
332 58 8 11
56 313 58 76
96 398 38 42
306 381 96 116
302 235 36 36
340 357 58 75
180 164 38 42
323 13 15 18
114 302 75 84
97 280 63 77
142 306 100 111
100 14 20 21
239 153 33 35
31 60 52 73
70 16 79 86
312 363 58 80
333 375 20 24
312 381 81 81
124 159 102 118
57 304 49 53
3 142 8 8
259 52 117 125
53 296 52 53
325 378 5 8
101 57 42 44
302 151 64 64
4 84 35 42
237 234 23 40
132 216 35 45
28 190 48 57
315 252 31 48
254 255 115 124
32 308 56 88
123 16 57 81
385 11 19 36
98 122 96 96
311 96 27 27
236 275 1 2
244 146 95 96
246 38 96 121
297 10 22 28
306 92 24 30
236 98 36 46
31 38 87 126
103 338 18 26
216 17 26 27
188 356 88 110
274 5 16 16
15 196 34 46
102 264 115 117
280 164 46 49
273 112 92 93
19 379 40 42
128 22 69 93
40 269 8 11
356 61 28 35
362 81 22 23
183 163 19 22
8 23 21 21
63 219 56 61
115 106 86 95
313 148 24 25
315 373 45 76
125 81 36 36
288 308 45 50
121 108 122 126
257 298 17 25
38 253 48 68
68 336 29 39
123 274 23 30
306 144 85 91
169 260 81 87
335 105 78 83
215 358 37 37
319 309 24 32
270 218 8 16
152 78 12 18
302 367 11 20
203 299 51 52
172 221 94 109
337 256 93 103
236 148 83 88
212 220 14 15
99 381 25 30
208 68 74 87
164 395 51 62
319 61 17 25
309 6 102 115
278 351 12 15
225 364 77 96
248 128 38 38
209 269 12 16
4 276 37 40
31 123 106 115
156 154 39 48
237 297 2 3
310 100 70 89
364 367 38 38
252 312 74 92
131 378 62 67
212 20 76 80
289 185 49 68
365 35 14 16
379 102 113 118
18 338 46 63
8 316 108 114
339 398 12 19
268 332 9 9
30 394 22 22
128 269 89 108
14 34 3 3
166 14 9 12
170 23 53 53
335 318 34 38
287 74 93 101
4 391 111 114
163 196 29 36
12 51 62 97
317 153 81 85
361 188 69 97
18 181 81 82
292 287 74 93
225 19 109 110
280 388 23 29
24 66 28 30
164 277 6 8
310 358 6 10
265 136 31 53
48 220 108 119
308 42 29 32
141 268 5 6
381 247 39 41
377 366 65 73
24 122 22 23
359 366 63 65
335 153 12 14
14 329 33 33
25 237 31 37
345 203 48 54
381 275 39 41
112 349 27 28
336 354 35 57
210 107 92 97
175 303 73 91
221 255 106 125
372 83 39 43
259 171 26 27
167 56 34 41
265 233 67 101
355 331 95 96
41 126 51 51
39 35 2 2
49 365 0 0
182 158 32 38
67 228 23 30
190 49 21 32
14 6 57 57
218 303 79 84
226 56 50 52
326 147 53 55
355 354 65 71
126 92 54 63
298 239 79 87
221 376 46 53
270 88 82 86
274 311 50 67
248 272 16 16
259 101 6 6
121 301 110 114
322 133 11 13
60 294 23 25
343 250 18 19
200 91 42 45
40 148 66 74
86 22 61 65
138 348 12 14
29 280 92 97
254 384 46 55
76 99 25 31
36 333 83 98
232 145 0 1
41 307 46 57
262 383 44 47
386 380 66 76
305 244 104 113
87 65 16 24
41 12 3 4
62 263 33 35
79 53 39 40
42 361 42 57
130 317 76 99
321 360 17 17
193 245 84 107
96 363 88 89
159 157 103 110
0 54 20 24
274 283 11 22
223 372 86 102
97 393 51 51
92 130 38 52
345 281 70 73
236 381 8 10
134 221 67 72
391 137 111 111
336 69 36 37
187 325 39 45
232 29 12 13
229 246 50 59
371 331 82 87
17 141 16 18
184 347 41 50
335 222 96 99
387 367 68 71
287 256 26 27
288 73 27 30
299 121 39 45
182 35 50 50
262 258 62 66
153 243 5 8
381 57 96 107
171 380 48 49
144 50 54 68
210 312 8 8
27 126 24 24
56 53 51 62
193 97 42 53
165 319 76 79
128 317 48 65
393 97 74 76
151 14 41 43
126 1 55 60
192 215 23 25
17 156 19 22
345 294 9 10
281 275 3 4
252 50 37 40
148 1 53 77
243 192 62 93
117 131 22 22
225 316 122 123
312 140 78 106
213 306 77 84
109 163 36 58
348 329 36 59
71 142 24 27
23 186 31 53
103 12 28 36
210 336 58 66
166 7 33 33
295 170 3 3
218 233 58 69
11 103 39 50
203 320 70 78
125 200 78 85
389 218 68 70
343 35 79 80
36 180 21 26
290 154 89 103
378 1 45 47
279 322 27 32
323 324 33 34
225 364 35 44
354 333 48 49
210 83 60 68
129 179 24 24
53 207 23 24
293 352 70 130
376 70 78 89
331 395 54 55
167 6 53 58
241 295 42 61
41 161 33 41
81 187 39 41
120 82 35 41
117 319 14 14
41 231 74 118
370 196 48 62
313 180 57 58
97 229 47 53
327 301 95 104
292 125 53 57
384 180 93 96
17 44 125 127
55 354 2 3
293 263 41 49
14 316 29 53
270 131 38 51
104 324 16 17
110 147 84 84
158 192 30 35
190 178 21 22
245 283 82 96
252 175 70 76
384 344 62 70
212 133 53 65
103 264 39 40
119 335 22 23
360 300 51 58
342 324 68 68
240 356 94 95
259 232 81 110
103 118 50 79
76 265 83 88
205 212 14 15
175 3 77 83
145 42 49 54
353 385 67 67
246 3 81 85
397 192 102 106
304 179 71 72
380 105 66 76
235 173 103 104
236 141 28 30
224 102 13 15
339 314 44 50
384 45 83 91
341 121 21 23
106 33 15 18
61 186 66 67
33 164 25 28
272 125 60 77
79 357 39 69
297 348 30 34
48 204 51 63
396 1 93 125
131 55 113 115
143 192 72 74
107 224 47 58
270 170 112 120
264 164 65 67
150 318 101 103
94 53 24 35
124 391 31 38
173 155 16 29
187 184 7 9
306 155 59 78
306 333 55 59
38 201 18 26
273 110 47 48
107 337 38 40
278 124 77 100
267 388 63 72
66 320 82 98
247 364 36 47
239 146 23 25
294 6 82 88
99 391 49 49
18 77 84 88
138 334 89 124
113 207 10 11
93 279 3 7
269 221 75 79
81 325 115 116
65 318 68 84
173 269 20 21
111 381 102 105
65 365 27 29
230 7 2 4
388 106 52 53
79 373 59 64
155 257 13 18
341 275 17 25
258 98 36 48
170 153 66 69
8 57 60 105
380 228 80 89
131 25 29 41
187 237 11 14
165 357 95 105
116 205 111 118
342 104 54 69
171 48 1 1
90 75 48 56
151 327 97 116
147 209 87 88
119 394 127 128
56 373 59 76
358 170 34 39
335 365 72 79
157 194 12 23
397 248 58 107
18 49 88 90
110 203 26 31
234 106 36 43
47 248 5 6
81 20 40 46
211 190 43 51
285 99 79 88
255 286 33 37
314 179 12 13
144 26 53 63
176 360 106 106
297 146 20 23
354 222 21 24
164 351 34 38
151 371 18 18
292 55 95 102
214 171 98 101
142 219 13 22
297 253 98 99
26 356 124 126
285 62 29 35
24 231 58 85
347 141 45 58
320 327 1 3
39 96 34 42
347 123 4 5
311 23 89 90
342 267 43 51
366 167 128 130
294 213 20 25
279 126 50 61
337 235 113 113
231 275 41 46
340 181 12 12
71 304 98 116
55 180 1 3
72 179 38 67
150 1 5 5
129 91 94 97
182 218 9 9
1 109 43 66
306 230 48 68
108 46 59 93
276 340 21 23
56 51 36 36
142 295 41 49
83 377 73 74
187 359 29 40
363 16 58 103
193 305 15 23
2 219 62 63
380 249 120 122
77 194 61 77
49 107 62 63
315 82 13 14
261 236 4 7
119 283 98 126
356 393 24 27
218 262 8 14
73 396 9 10
163 276 75 105
395 49 58 67
87 324 13 14
167 378 5 5
264 297 44 51
351 213 12 12
23 185 24 30
5 154 82 127
201 112 87 87
185 82 1 3
44 1 59 74
135 205 116 118
300 11 9 16
201 89 74 87
134 358 59 65
59 354 35 64
1 348 52 63
352 368 35 36
362 216 68 73
3 159 55 76
137 97 57 74
45 369 118 119
248 318 19 20
199 375 86 91
85 30 108 112
162 103 91 97
389 234 113 115
336 247 67 87
148 105 96 119
246 112 38 40
142 279 73 79
384 34 64 66
7 32 19 19
72 277 109 115
113 269 49 51
131 110 90 91
293 239 83 99
88 224 45 74
182 92 10 10
299 366 46 49
92 78 56 83
358 260 9 9
75 7 11 11
268 378 56 57
150 128 35 48
281 44 65 71
219 32 69 96
160 15 16 16
365 253 42 48
21 46 26 32
361 316 16 27
342 68 52 79
189 378 99 110
267 102 44 62
188 136 17 24
228 142 32 41
12 322 59 66
354 57 49 52
43 85 115 120
349 280 44 44
37 167 32 33
65 103 53 54
228 167 6 9
58 382 108 113
287 297 53 71
97 59 28 31
179 369 30 30
66 6 21 26
46 190 10 11
286 221 47 73
191 317 47 51
151 243 125 128
277 172 19 35
225 74 55 69
355 241 33 34
125 220 13 15
39 316 26 33
22 189 43 46
154 221 68 94
239 16 118 122
173 197 20 35
308 349 32 43
120 271 55 56
239 100 2 3
153 231 93 119
250 255 27 35
153 369 76 79
120 116 17 28
120 3 28 35
375 86 31 45
83 247 16 20
81 69 88 99
325 267 94 94
216 117 88 91
363 4 88 99
223 272 48 57
56 80 14 17
194 74 49 50
118 231 23 29
297 137 48 51
179 284 51 60
274 55 91 102
92 153 49 54
124 171 55 66
252 143 80 120
13 341 43 50
17 384 45 46
86 175 10 12
346 260 12 12
184 262 75 78
219 202 48 52
124 141 109 109
127 182 74 87
59 274 46 76
294 5 74 104
206 198 54 59
374 220 79 83
391 111 51 51
188 229 72 90
183 383 49 62
91 357 23 26
323 314 59 61
92 248 20 24
197 250 32 42
179 222 46 72
219 214 37 40
218 395 107 108
305 297 26 46
360 67 82 88
320 398 9 11
346 120 70 77
267 181 75 77
181 14 34 35
350 392 13 19
343 229 13 18
110 277 55 57
335 135 49 50
48 36 67 76
150 238 71 82
354 24 36 37
385 315 5 5
268 238 48 51
11 152 23 31
65 333 14 16
241 384 69 72
25 311 11 12
354 117 14 15
238 123 18 18
164 337 21 30
69 148 63 67
145 105 80 81
180 362 53 58
88 147 70 104
320 301 72 101
313 95 24 27
305 219 79 114
84 135 65 104
249 370 65 66
250 95 50 76
393 216 23 37
386 95 87 88
39 285 129 130
290 391 72 78
88 77 24 25
356 372 4 5
344 86 44 46
190 126 3 6
332 272 22 23
140 371 80 84
74 72 33 33
24 88 82 82
274 12 120 125
151 187 28 34
341 330 36 38
230 213 3 4
228 222 40 41
294 93 37 53
378 285 10 11
245 215 64 73
327 290 8 12
139 261 61 90
186 327 59 87
128 330 34 46
341 67 58 84
25 48 44 48
68 171 48 52
0 20 50 84
133 327 14 16
45 78 88 102
258 278 33 38
72 304 81 94
45 15 12 13
1 159 44 44
369 252 39 49
277 118 36 37
234 55 103 107
341 34 44 49
359 226 79 113
77 188 49 60
344 213 8 12
163 166 14 16
385 31 35 39
37 7 81 98
328 133 118 120
237 350 18 19
3 157 55 70
231 385 64 67
311 233 61 73
177 269 101 102
290 258 71 84
20 329 70 85
372 77 52 61
46 4 102 103
370 164 23 28
18 173 63 69
34 367 68 73
28 34 81 84
263 225 39 52
17 262 76 79
52 40 32 33
25 26 72 80
161 219 52 53
60 376 70 101
211 165 82 86
140 10 28 34
70 61 22 23
80 311 35 48
6 102 32 36
351 36 18 25
193 105 47 60
340 386 15 22
309 210 11 11
251 285 3 4
338 317 92 94
331 308 64 73
153 96 25 28
226 392 8 8
375 116 8 8
182 255 37 43
18 231 4 6
284 11 14 21
338 90 59 60
58 194 84 84
51 161 33 37
46 240 113 125
52 290 40 44
379 46 58 60
299 375 5 5
58 183 6 8
71 107 72 95
346 165 61 84
111 90 83 110
1 65 97 100
184 297 40 41
291 69 62 66
232 0 54 69
273 217 91 94
266 269 33 34
154 110 68 78
214 144 78 86
6 216 81 82
120 215 124 125
268 42 121 121
222 138 38 39
80 224 83 88
12 282 22 22
257 83 40 43
249 329 19 33
279 353 10 13
56 359 109 109
80 40 30 34
168 220 30 39
373 46 1 2
311 305 54 64
330 210 73 106
325 79 64 64
67 234 76 81
298 91 122 127
124 158 53 69
39 343 41 48
144 24 55 84
103 239 1 1
229 301 78 88
138 333 111 124
72 284 41 50
85 394 85 95
175 353 33 41
34 131 43 46
343 47 52 59
330 251 15 15
270 228 71 76
253 264 40 42
63 360 69 89
22 69 101 108
237 107 49 49
40 385 49 87
0 307 57 66
16 101 3 7
28 107 58 69
316 215 92 100
93 394 76 86
355 324 3 4
156 157 20 24
354 51 75 78
175 25 75 80
221 147 73 102
173 180 58 72
185 386 70 119
152 336 12 13
288 163 25 40
145 68 89 96
259 205 27 28
103 192 53 57
238 373 108 117
322 393 38 38
313 253 36 38
159 151 45 45
198 339 54 65
159 71 10 14
183 37 117 118
13 158 4 4
24 354 50 66
160 228 39 43
21 110 67 68
282 59 49 62
139 193 45 46
81 49 116 122
342 296 87 90
5 91 33 37
204 281 70 77
42 323 55 56
300 127 69 92
364 264 74 77
330 376 60 64
136 120 8 10
346 182 58 58
186 91 2 4
370 235 90 101
80 103 11 14
230 23 3 3
197 130 35 36
165 277 82 87
276 166 70 78
345 306 85 95
259 216 56 73
195 190 43 50
167 307 61 63
153 92 21 23
89 332 29 31
296 169 66 86
66 193 10 10
2 151 41 50
281 127 75 76
198 390 77 121
277 84 95 122
147 218 14 15
245 319 73 87
82 21 44 51
387 355 41 51
109 389 79 89
196 222 77 79
91 369 80 125
333 295 93 97
60 383 63 63
57 290 0 0
14 198 13 21
380 136 45 63
348 317 107 121
192 313 42 64
228 100 39 39
328 356 20 25
46 195 44 46
397 207 73 96
148 116 88 120
144 24 87 94
68 326 79 89
278 352 77 96
104 318 62 67
233 1 8 10
49 336 5 7
275 112 65 87
225 278 60 85
292 180 58 91
151 94 16 31
72 347 6 7
321 386 34 35
307 352 15 21
151 153 26 31
119 261 65 73
250 93 44 47
286 137 5 7
353 164 101 101
184 52 16 17
179 81 92 95
196 53 58 59
182 276 14 15
297 219 96 100
267 107 32 36
121 22 29 30
132 234 78 104
125 68 40 40
7 348 33 34
371 67 9 10
148 167 18 25
126 396 38 58
59 354 29 38
86 260 117 121
242 169 79 89
134 380 127 129
385 190 55 55
128 282 34 35
369 98 127 128
226 261 59 70
359 108 48 55
71 47 44 53
92 286 65 89
358 295 11 12
305 369 7 8
51 167 15 22
349 127 24 28
249 282 74 77
57 210 34 36
115 249 64 77
12 281 9 9
213 214 54 57
190 69 62 67
390 159 38 58
368 383 74 87
101 314 9 9
29 107 49 57
368 220 94 115
209 383 1 2
49 168 46 46
140 266 34 36
214 104 12 13
65 111 107 107
45 53 90 107
49 71 42 43
162 307 62 67
49 35 3 4
395 157 34 48
135 317 92 107
201 371 51 78
118 360 41 68
89 162 21 34
254 159 93 95
27 130 13 14
384 145 27 34
215 336 23 39
245 377 67 97
297 217 108 108
334 94 50 64
384 71 41 59
160 300 10 14
165 307 28 29
87 335 14 16
25 151 67 71
205 319 44 45
336 170 25 27
165 168 9 14
327 312 80 81
170 272 52 69
310 118 61 61
268 277 58 76
79 164 56 64
281 45 8 10
178 264 27 27
191 247 62 78
244 5 50 58
129 85 13 14
43 85 67 109
203 80 77 78
262 318 79 92
16 205 50 52
121 267 75 80
342 120 3 5
25 398 28 36
303 144 23 23
211 164 9 10
253 57 10 16
396 303 74 93
62 307 36 38
71 348 55 62
392 335 79 85
138 279 86 105
300 29 16 18
314 18 31 55
55 192 79 115
249 199 13 14
305 182 32 33
277 310 71 73
51 48 69 82
275 236 32 33
365 60 50 54
378 80 94 107
64 258 78 79
230 390 6 7
194 44 32 32
236 280 58 58
192 269 57 64
16 148 66 76
118 227 40 50
176 382 78 87
391 53 28 30
112 349 41 48
56 297 48 50
33 326 20 27
303 195 72 96
209 384 99 101
12 64 9 10
16 65 29 30
10 341 72 72
62 23 40 47
249 391 48 51
263 163 75 84
294 317 89 89
267 252 46 62
344 331 58 83
132 13 27 38
119 122 64 97
327 234 10 13
329 27 54 58
37 349 6 6
87 356 61 62
100 260 46 69
157 153 41 66
8 380 87 94
364 243 43 65
201 372 72 85
156 282 87 98
138 214 10 11
362 240 8 15
54 311 11 17
383 147 14 15
239 344 86 90
152 113 1 2
199 1 55 85
351 110 54 98
41 181 1 2
331 78 58 65
273 191 15 21
216 150 71 107
14 151 74 84
385 337 50 57
196 176 33 36
306 42 11 13
226 380 42 60
236 114 1 1
214 206 27 28
89 141 65 77
184 300 27 35
112 15 36 40
64 291 34 36
137 167 88 106
89 1 24 24
381 155 64 78
35 28 52 76
42 183 21 22
249 257 75 92
256 326 85 92
386 351 18 18
165 5 79 95
276 156 73 98
181 91 59 60
359 185 49 60
40 47 24 25
64 211 4 5
29 277 57 77
67 192 84 87
246 141 71 85
28 29 54 61
374 360 39 57
295 357 52 64
144 24 55 64
260 397 98 114
365 178 83 89
43 323 9 9
111 24 13 15
284 27 90 90
41 107 113 125
303 257 35 52
319 282 78 99
335 305 104 109
346 288 62 70
386 176 83 101
31 27 81 123
247 312 101 103
281 331 4 7
265 288 88 101
123 10 2 2
214 30 79 93
338 76 57 63
183 60 15 22
35 38 70 95
40 229 107 117
334 316 51 51
369 110 19 30
118 241 69 82
278 184 40 40
362 254 31 32
116 68 59 61
15 237 66 81
24 272 100 102
332 339 26 26
378 264 27 51
100 136 10 11
213 74 85 90
346 319 56 63
97 336 22 29
214 15 0 0
81 139 31 37
340 141 15 15
79 60 42 52
313 94 92 106
22 56 23 24
176 309 81 84
16 345 56 71
52 184 40 44
214 182 50 66
279 127 31 33
395 20 77 100
49 2 31 33
272 293 64 64
359 270 15 17
317 247 40 41
196 272 59 77
266 24 30 34
32 132 10 17
356 232 1 3
268 164 111 127
80 251 7 7
76 209 106 116
114 132 65 104
159 383 14 22
194 366 28 33
77 118 2 2
26 221 49 74
362 199 11 20
349 219 90 101
324 116 43 53
235 6 112 116
103 166 73 86
234 34 105 114
36 285 15 16
161 319 26 31
95 167 34 42
85 104 35 41
179 279 34 56
215 323 65 75
353 261 74 92
384 39 77 112
391 201 77 84
329 18 46 48
54 278 82 84
20 117 22 25
48 172 89 90
254 296 88 114
378 170 30 30
259 380 32 36
275 342 64 74
199 385 13 15
241 34 84 99
111 139 50 80
237 244 47 59
14 381 25 33
235 160 43 53
258 80 37 53
147 313 86 88
109 290 7 12
289 134 14 17
58 15 68 76
196 305 1 1
202 220 51 58
318 187 55 69
73 334 96 97
50 372 36 43
259 177 3 4
217 306 64 76
196 375 13 13
19 360 52 64
284 25 89 95
379 332 100 105
330 39 21 23
182 279 48 55
187 68 74 81
245 261 44 47
272 209 22 23
122 300 18 22
34 214 52 64
335 243 45 46
17 385 8 8
261 264 6 10
313 293 73 76
119 121 15 21
334 62 12 15
162 336 57 72
161 79 39 43
214 332 42 45
188 301 29 48
330 7 41 48
157 81 69 81
71 37 104 110
208 77 100 105
221 280 13 16
139 387 103 114
225 165 90 94
237 74 56 68
279 366 33 38
52 239 70 87
21 306 111 115
50 18 26 30
204 190 60 79
128 125 25 26
89 19 25 28
134 60 40 64
40 238 14 22
94 156 14 14
154 15 77 87
16 70 54 57
226 384 60 62
140 163 2 2
89 1 79 97
316 234 26 29
334 240 71 92
9 65 20 20
208 293 13 13
13 47 43 55
180 179 77 114
7 64 85 87
162 135 22 29
183 27 49 49
228 260 67 77
189 64 57 58
249 313 66 75
114 364 69 89
24 242 108 117
93 129 108 125
360 157 81 116
62 18 7 10
171 148 28 31
253 211 80 100
383 299 24 40
105 291 65 80
216 151 103 109
28 283 56 57
384 57 35 42
133 60 37 60
93 229 74 78
99 208 57 64
15 369 92 92
274 21 9 9
17 370 60 60
350 211 55 65
204 254 97 97
195 252 66 76
235 312 111 120
243 161 79 79
27 278 23 23
389 154 80 82
107 226 80 111
264 352 25 31
227 291 24 26
57 239 84 99
174 120 12 16
188 185 94 94
126 155 48 71
364 100 51 54
23 31 16 32
375 261 4 6
333 60 104 105
74 291 49 60
138 174 70 96
203 98 22 27
51 317 96 108
185 78 11 11
93 348 30 31
98 143 71 79
2 96 22 27
126 376 72 73
176 150 26 28
46 6 55 72
314 125 44 47
185 204 93 119
131 61 19 19
392 384 80 114
312 291 37 46
359 305 26 29
268 282 57 81
23 193 112 114
313 359 77 116
110 213 31 34
38 243 78 78
219 82 33 39
53 210 69 111
316 83 81 83
58 298 29 34
62 384 2 4
291 380 84 107
215 292 72 79
103 33 58 85
151 296 27 34
382 275 23 43
185 178 18 19
84 247 54 56
52 108 25 37
336 332 18 30
303 43 80 90
220 107 107 111
25 42 33 50
49 281 63 64
115 379 75 77
102 147 79 80
234 115 35 41
306 338 34 41
318 29 32 32
353 266 65 100
277 226 126 126
296 227 30 35
338 164 65 66
179 190 30 30
170 131 115 117
202 165 87 96
63 216 32 52
137 364 11 11
105 378 1 3
252 155 47 48
363 190 10 14
51 294 12 19
396 125 69 82
111 165 52 68
223 319 86 103
282 2 46 50
115 262 48 51
384 352 1 3
398 58 56 62
30 313 94 94
323 157 63 72
165 378 99 116
131 254 61 90
132 13 85 100
291 221 52 60
211 223 41 59
174 277 25 29
245 147 60 99
52 221 89 116
266 91 2 5
19 90 94 109
194 308 47 56
312 261 56 68
133 137 72 77
159 32 35 56
135 34 40 61
88 303 55 93
349 324 55 55
58 169 100 104
245 304 18 24
163 118 24 24
334 3 42 43
235 376 14 18
41 142 106 108
376 133 37 41
166 48 35 40
99 170 48 51
191 217 32 50
53 12 22 26
323 12 14 15
57 310 24 35
48 96 45 54
70 182 4 8
283 357 32 40
280 67 41 55
312 77 86 112
73 148 22 22
207 135 46 58
257 87 39 50
30 21 91 92
197 63 11 11
318 140 7 11
376 128 1 2
262 238 123 127
5 167 18 25
382 373 46 47
159 18 46 48
214 313 38 42
295 222 64 83
21 220 79 91
133 190 16 18
84 282 59 59
389 202 14 16
293 175 47 62
270 76 60 90
169 387 103 103
100 336 70 106
54 20 46 75
206 329 71 86
157 179 10 13
75 53 75 99
213 149 37 37
16 372 43 70
308 356 76 92
396 60 33 40
220 322 36 52
238 245 116 116
211 32 5 5
228 340 4 8
101 163 10 14
324 149 16 16
316 382 81 84
77 181 60 78
207 44 68 69
44 253 44 75
63 196 86 88
236 52 72 74
146 264 39 51
129 176 55 55
1 215 58 59
349 197 30 35
125 204 99 101
96 79 40 40
70 91 11 11
157 336 74 95
243 356 77 86
307 345 79 106
82 304 76 80
67 15 91 98
338 299 81 114
277 140 45 55
294 24 21 27
335 277 21 21
281 229 24 24
155 353 66 71
24 190 11 12
174 331 47 47
5 45 52 59
114 163 49 52
55 164 70 92
158 300 33 39
271 296 113 121
16 12 29 39
109 12 111 118
389 71 2 3
35 378 93 103
259 224 3 3
185 94 90 98
325 38 55 73
72 388 40 40
183 300 72 72
284 212 5 6
146 171 3 5
217 315 79 95
94 330 44 45
335 288 28 29
120 314 13 23
120 397 23 24
20 219 77 105
78 332 80 82
249 154 5 8
265 382 34 45
167 199 9 11
6 283 28 44
39 197 39 55
200 49 91 116
212 3 27 32
100 349 29 31
331 135 63 77
241 258 2 4
228 42 36 40
78 274 56 61
154 150 39 42
236 50 92 94
239 63 3 5
354 315 56 70
84 137 128 131
342 30 79 95
329 383 59 69
104 36 14 17
365 149 71 76
18 36 95 101
164 265 4 7
71 312 69 93
202 148 0 1
246 256 77 77
214 208 52 66
357 325 24 36
1 211 11 12
233 188 52 56
372 222 53 64
170 354 94 113
348 8 43 47
27 372 53 79
243 30 4 6
277 361 83 97
114 288 23 24
183 288 46 55
357 235 65 66
303 203 10 19
327 338 39 40
141 394 3 4
132 257 57 79
344 364 34 38
25 377 14 15
336 340 23 29
303 317 102 107
59 15 5 11
107 261 68 111
363 164 101 104
321 248 78 79
383 269 70 72
51 112 48 50
177 247 74 92
380 136 74 116
87 329 3 5
119 237 33 37
270 274 13 13
317 76 25 30
387 2 20 22
260 279 63 67
275 119 21 22
219 235 20 33
247 198 17 26
24 262 3 6
381 200 66 73
193 191 100 102
394 153 66 69
382 38 2 2
332 243 26 26
291 18 12 19
121 322 81 120
6 291 86 104
308 386 17 22
251 96 112 115
390 267 115 121
6 89 63 67
273 334 53 81
175 367 55 58
302 67 45 72
324 167 49 51
20 86 5 9
196 356 20 25
98 263 20 22
378 254 38 46
50 39 36 49
71 28 60 80
12 184 48 55
31 300 31 39
114 101 66 68
105 381 35 54
292 255 56 63
43 153 45 66
392 128 41 58
26 125 0 0
150 373 44 48
314 16 1 2
40 318 14 16
281 64 50 52
257 392 84 96
2 304 43 49
243 335 9 10
76 204 9 9
137 298 88 116
34 169 4 4
284 164 7 8
170 367 16 19
261 194 38 45
348 162 40 51
100 84 25 29
270 84 111 120
164 16 7 7
32 5 6 6
80 175 27 39
174 171 65 75
238 121 57 58
235 315 33 38
79 200 12 14
1 119 7 11
192 238 71 109
226 3 84 94
195 392 92 102
208 105 83 84
198 83 60 61
209 160 81 99
297 121 73 73
324 319 9 12
42 243 26 41
228 349 81 86
396 275 24 28
217 72 53 79
297 127 5 7
389 374 104 124
67 209 52 58
302 333 32 32
310 194 11 15
113 130 76 87
47 25 12 15
340 280 78 78
165 224 38 39
388 114 30 32
77 135 34 34
372 276 77 83
153 175 82 83
36 326 55 61
73 303 83 113
323 41 97 108
348 323 52 71
260 160 15 22
342 284 18 21
396 32 76 125
280 65 91 93
160 75 91 91
304 238 15 17
322 250 28 45
143 387 22 27
250 335 59 62
59 175 81 82
103 347 31 31
298 17 44 53
128 121 71 96
22 377 5 5
73 378 35 49
212 126 72 88
232 134 67 75
227 3 10 13
382 376 17 18
358 29 66 77
184 278 3 7
265 287 112 119
26 164 46 50
322 323 83 99
268 291 50 53
130 218 23 26
104 139 93 106
46 41 63 74
278 169 80 101
136 363 50 62
16 339 82 99
203 75 110 122
0 203 90 96
367 240 41 58
353 8 117 121
42 235 10 10
375 9 107 110
358 354 97 105
8 351 99 108
367 157 69 78
346 235 33 34
124 276 72 99
134 50 19 20
181 42 66 94
354 278 22 35
30 21 4 8
27 272 21 30
224 325 35 47
139 63 62 65
7 74 33 55
248 348 51 67
83 283 57 61
235 112 38 39
226 396 58 62
55 376 40 57
82 339 109 109
30 195 10 11
376 283 7 8
55 232 7 7
158 224 37 45
396 294 83 94
106 208 17 17
318 304 109 124
350 261 100 100
121 114 82 114
1 357 23 24
328 201 62 73
181 110 55 57
367 122 48 49
374 81 73 76
356 312 3 6
23 342 20 24
320 189 70 74
130 298 45 49
47 103 98 99
364 230 72 73
36 316 16 22
350 237 22 31
139 398 107 111
190 238 109 118
2 65 86 93
300 268 47 47
269 65 2 2
52 99 23 31
309 317 61 63
289 314 71 76
136 186 33 36
208 126 94 97
269 354 41 61
13 85 34 39
67 36 15 16
147 219 77 100
10 27 22 32
283 121 64 64
273 331 61 80
152 396 60 71
117 185 69 73
334 273 66 66
96 162 106 106
187 217 57 80
390 44 61 94
173 60 68 77
343 297 30 33
2 320 38 42
180 214 67 77
227 48 1 2
103 20 91 92
28 82 9 12
122 272 30 32
281 258 9 13
375 76 50 59
132 278 63 63
271 121 92 100
370 141 18 20
185 7 2 3
212 272 99 103
282 73 17 21
396 227 49 56
231 43 79 84
129 3 94 100
210 352 46 52
139 224 61 77
15 146 82 82
265 308 100 103
43 233 18 18
313 81 62 83
93 392 9 11
56 341 112 122
31 200 31 33
229 67 6 8
289 63 69 107
351 188 91 114
151 65 39 57
138 57 7 8
396 258 59 66
382 4 90 105
285 350 96 122
53 347 67 89
331 378 54 61
187 128 16 26
151 110 14 15
165 377 72 74
247 395 11 17
25 353 56 79
231 48 84 104
313 116 40 41
341 1 40 57
234 138 41 56
195 68 111 115
315 70 27 39
357 101 7 7
132 116 37 43
23 393 48 50
344 367 54 54
150 307 20 29
320 210 61 97
36 67 37 40
40 11 83 83
316 72 13 21
172 5 98 107
198 154 73 106
348 383 57 100
191 20 10 12
70 15 46 54
9 182 28 45
272 111 76 97
310 211 73 74
371 156 20 26
181 4 54 69
356 54 71 88
293 353 47 48
169 360 62 84
255 155 64 74
12 109 58 63
84 144 71 114
383 304 67 86
396 17 87 92
11 287 45 48
223 111 28 42
19 81 85 87
339 127 83 83
121 183 43 64
333 368 84 102
43 28 67 77
327 106 9 10
203 278 22 22
296 319 50 82
44 289 43 48
160 354 65 66
15 67 26 28
108 62 41 66
4 306 61 73
202 95 8 11
23 193 10 11
42 156 39 42
0 250 33 35
276 40 12 14
199 176 29 45
282 205 89 92
150 361 69 77
250 275 22 28
296 186 27 36
154 354 71 106
199 277 68 79
190 257 71 74
47 34 30 35
62 82 128 128
55 142 24 26
120 8 16 17
297 179 42 43
334 134 50 57
161 276 42 45
61 228 64 65
342 205 110 114
46 360 65 74
25 64 60 61
198 188 14 22
159 54 40 44
206 223 54 64
93 237 51 56
249 329 34 42
279 226 8 13
12 247 74 87
111 85 43 79
131 198 78 79
112 349 68 69
311 123 5 5
242 275 25 28
122 23 68 74
44 60 100 110
205 269 106 106
38 351 8 11
275 316 17 23
108 63 116 127
113 358 100 108
214 382 106 125
162 283 64 69
336 140 61 72
81 219 5 6
345 235 20 21
303 305 16 19
102 304 71 82
249 171 29 36
60 276 37 45
163 250 14 19
180 265 22 23
366 343 29 39
318 18 28 29
80 82 99 100
192 360 27 29
264 174 38 38
87 398 45 52
227 84 13 14
238 389 41 43
358 363 76 79
100 163 68 71
142 271 83 96
234 159 65 85
314 124 25 26
159 215 32 36
78 263 25 33
194 75 59 66
13 349 33 51
197 285 99 99
105 119 60 62
361 248 27 41
195 323 1 2
116 345 72 121
262 335 37 49
294 274 51 55
109 64 5 9
282 260 48 76
16 213 83 83
371 341 80 93
9 286 82 92
42 262 29 33
124 56 26 31
208 87 92 122
332 154 60 61
304 13 30 58
4 69 51 54
259 283 45 47
156 388 3 5
69 160 47 69
352 358 52 54
3 177 19 21
136 39 57 61
151 181 4 4
334 291 25 25
381 152 74 81
197 205 26 40
221 117 44 46
155 395 30 30
349 396 14 15
289 213 38 53
65 392 36 36
23 130 27 50
196 302 22 22
390 271 7 11
251 216 33 41
112 311 83 88
75 299 68 115
169 256 8 10
198 100 88 93
217 209 16 18
382 307 57 65
83 43 121 122
326 342 15 17
108 305 10 10
367 397 46 51
177 4 74 88
105 320 40 45
315 211 28 47
122 380 29 29
289 378 49 67
199 190 40 48
59 64 48 48
25 47 18 18
306 216 13 13
72 169 79 99
126 369 64 101
118 265 26 30
269 236 32 37
283 380 72 84
368 27 97 110
241 320 2 4
328 151 40 65
317 365 25 36
33 105 48 53
138 132 110 111
357 70 77 81
117 296 66 75
309 383 8 9
242 358 48 51
396 384 66 66
61 305 117 126
192 327 28 33
19 341 5 6
282 316 53 55
20 316 117 119
199 394 65 66
25 241 92 101
222 65 76 80
309 127 24 24
109 117 37 53
158 142 85 93
372 265 44 52
289 141 59 72
209 330 9 9
205 106 65 88
389 362 8 13
286 89 72 74
335 154 58 75
157 224 74 92
96 166 63 63
298 245 48 48
63 349 52 52
45 234 92 103
53 43 29 29
161 108 75 101
40 387 34 44
296 161 14 18
273 79 64 66
110 63 45 49
86 23 2 5
122 43 88 109
340 175 10 12
118 109 22 24
281 372 30 30
50 293 57 99
27 202 73 109
141 290 62 62
24 333 24 24
119 204 83 103
19 32 20 24
236 72 65 71
161 332 37 37
344 252 5 7
344 170 82 84
350 200 46 53
353 289 64 65
90 235 9 11
294 249 32 37
351 127 37 43
376 57 37 39
321 140 86 93
147 163 25 27
252 338 73 82
47 80 18 31
65 288 10 10
183 24 73 86
362 247 44 67
141 27 80 89
347 294 71 85
52 289 69 73
296 156 16 19
362 338 56 57
38 68 97 97
330 74 43 57
284 201 62 67
128 365 67 73
374 319 89 97
374 185 72 101
278 146 19 30
394 151 92 93
199 336 28 41
157 272 59 62
327 124 96 103
378 178 36 36
231 67 117 125
73 95 65 96
191 106 34 34
194 188 45 49
145 320 48 66
211 320 47 82
208 142 56 81
148 313 109 118
282 104 39 66
0 238 48 77
142 69 42 43
335 131 65 76
103 179 2 3
277 312 58 75
5 397 64 71
228 113 25 26
91 94 84 105
108 337 71 76
216 214 25 31
225 165 56 72
219 57 51 52
93 1 64 91
259 249 31 31
28 22 36 38
254 85 4 4
200 13 18 28
75 273 58 67
155 31 60 64
324 389 104 108
317 152 11 20
265 32 20 22
148 1 73 83
292 287 79 85
191 274 31 36
34 11 35 38
52 235 35 36
105 183 24 25
160 245 14 15
159 274 50 62
240 281 108 128
282 392 65 99
301 142 73 95
377 289 31 31
296 213 104 110
113 36 15 18
205 236 26 32
173 377 76 96
85 359 34 38
194 160 38 42
86 6 6 9
125 175 14 25
389 266 80 82
7 29 32 32
228 289 33 33
367 390 61 66
180 55 70 77
127 170 43 48
140 27 122 123
350 354 82 97
220 381 1 2
260 353 47 49
386 344 122 122
32 316 4 5
393 268 46 62
255 48 46 64
109 17 104 114
165 9 80 81
347 374 20 21
18 23 21 22
390 41 18 23
386 302 34 41
44 355 46 74
239 282 80 80
85 355 54 56
213 9 102 105
1 169 97 98
128 12 58 78
301 26 57 57
180 385 3 4
3 110 70 94
314 319 90 98
337 196 73 74
52 222 10 13
88 80 4 5
122 390 63 86
140 10 94 94
342 266 0 0
257 122 11 23
196 88 33 34
279 396 66 66
250 202 41 47
47 235 47 75
349 108 60 102
231 323 2 2
293 227 7 7
138 293 89 90
22 3 105 111
365 222 20 20
25 315 71 77
82 195 110 117
357 167 19 27
247 189 69 114
386 169 31 31
163 133 34 44
26 263 60 68
242 149 63 67
217 357 11 11
385 39 70 71
278 183 14 16
159 201 7 12
310 136 76 80
293 170 24 37
206 217 7 8
158 394 63 69
308 197 11 19
150 192 74 74
28 42 107 116
28 264 17 28
30 24 1 1
64 188 20 22
210 98 64 79
10 220 27 34
27 260 78 83
83 376 95 98
70 167 29 41
122 231 97 112
114 251 69 89
376 182 58 59
356 228 9 9
151 386 21 23
312 101 44 46
323 167 1 2
25 127 53 58
281 325 53 85
353 48 1 3
337 388 30 39
141 62 14 15
352 329 57 64
366 217 24 38
221 57 4 5
82 358 38 56
86 132 94 94
308 146 40 43
116 279 75 83
201 321 63 67
382 212 28 29
210 60 39 42
297 138 44 63
370 178 32 54
127 77 27 29
31 62 14 27
118 135 37 38
17 41 109 118
35 108 4 9
252 156 17 17
245 8 38 44
262 346 20 21
219 336 73 96
8 383 101 105
