600 7200
0 1 78 175
1 2 117 158
2 3 3 11
3 4 52 154
4 5 16 33
5 6 14 50
6 7 37 87
7 8 25 53
8 9 24 56
9 10 75 126
10 11 4 6
11 12 25 31
12 13 2 7
13 14 15 15
14 15 10 80
15 16 69 99
16 17 42 67
17 18 12 16
18 19 12 70
19 20 1 7
20 21 29 35
21 22 169 174
22 23 46 54
23 24 84 103
24 25 159 178
25 26 164 180
26 27 15 98
27 28 8 33
28 29 13 16
29 30 40 44
30 31 15 73
31 32 54 99
32 33 76 78
33 34 47 54
34 35 91 102
35 36 13 16
36 37 81 109
37 38 85 92
38 39 8 11
39 40 39 47
40 41 162 163
41 42 21 23
42 43 30 60
43 44 47 49
44 45 10 14
45 46 17 26
46 47 47 47
47 48 51 146
48 49 19 23
49 50 32 114
50 51 0 0
51 52 40 57
52 53 2 12
53 54 12 21
54 55 52 81
55 56 2 13
56 57 61 87
57 58 21 111
58 59 87 101
59 60 6 7
60 61 1 8
61 62 6 16
62 63 55 66
63 64 37 64
64 65 15 121
65 66 43 44
66 67 98 104
67 68 43 73
68 69 79 79
69 70 13 22
70 71 97 102
71 72 21 64
72 73 22 115
73 74 113 123
74 75 17 29
75 76 37 130
76 77 62 64
77 78 7 14
78 79 145 174
79 80 39 41
80 81 76 83
81 82 83 114
82 83 28 31
83 84 11 27
84 85 47 85
85 86 164 179
86 87 11 24
87 88 79 79
88 89 3 4
89 90 83 86
90 91 0 7
91 92 51 51
92 93 53 74
93 94 19 33
94 95 50 75
95 96 11 33
96 97 139 151
97 98 38 46
98 99 3 53
99 100 8 9
100 101 4 10
101 102 22 22
102 103 24 26
103 104 60 105
104 105 45 49
105 106 39 49
106 107 2 15
107 108 11 12
108 109 9 12
109 110 121 121
110 111 33 92
111 112 10 47
112 113 125 126
113 114 71 85
114 115 19 55
115 116 114 132
116 117 46 49
117 118 81 81
118 119 81 98
119 120 10 19
120 121 5 35
121 122 7 18
122 123 0 5
123 124 4 5
124 125 87 91
125 126 70 83
126 127 72 125
127 128 153 161
128 129 19 41
129 130 57 68
130 131 105 144
131 132 116 118
132 133 81 102
133 134 4 54
134 135 136 145
135 136 21 61
136 137 32 37
137 138 46 75
138 139 71 80
139 140 124 141
140 141 37 49
141 142 10 27
142 143 11 26
143 144 11 68
144 145 5 60
145 146 27 146
146 147 26 71
147 148 87 88
148 149 42 62
149 150 6 19
150 151 5 18
151 152 54 55
152 153 23 27
153 154 21 26
154 155 54 74
155 156 76 80
156 157 1 8
157 158 37 47
158 159 83 83
159 160 50 57
160 161 33 59
161 162 81 96
162 163 9 16
163 164 82 98
164 165 11 48
165 166 4 48
166 167 18 23
167 168 13 25
168 169 60 88
169 170 30 40
170 171 10 21
171 172 51 51
172 173 16 17
173 174 37 65
174 175 97 112
175 176 47 62
176 177 10 13
177 178 32 42
178 179 6 47
179 180 58 76
180 181 108 112
181 182 43 55
182 183 25 26
183 184 6 26
184 185 28 34
185 186 119 123
186 187 31 128
187 188 38 50
188 189 77 131
189 190 44 47
190 191 57 100
191 192 3 28
192 193 136 161
193 194 45 55
194 195 166 168
195 196 25 27
196 197 10 76
197 198 47 138
198 199 59 86
199 200 15 15
200 201 174 183
201 202 106 122
202 203 9 9
203 204 109 162
204 205 58 82
205 206 3 4
206 207 48 48
207 208 109 146
208 209 58 62
209 210 61 63
210 211 77 142
211 212 1 1
212 213 12 29
213 214 32 44
214 215 0 4
215 216 49 49
216 217 1 18
217 218 137 145
218 219 159 170
219 220 6 56
220 221 19 26
221 222 47 89
222 223 11 63
223 224 95 106
224 225 3 5
225 226 70 72
226 227 18 30
227 228 118 122
228 229 87 87
229 230 70 77
230 231 48 70
231 232 104 131
232 233 84 96
233 234 28 35
234 235 54 103
235 236 20 24
236 237 5 83
237 238 10 11
238 239 73 94
239 240 116 140
240 241 65 93
241 242 114 126
242 243 92 126
243 244 3 6
244 245 74 86
245 246 110 113
246 247 17 19
247 248 82 87
248 249 127 149
249 250 7 8
250 251 2 46
251 252 50 52
252 253 58 80
253 254 42 42
254 255 57 62
255 256 100 104
256 257 8 10
257 258 67 80
258 259 49 122
259 260 3 5
260 261 83 85
261 262 25 25
262 263 102 128
263 264 62 86
264 265 122 122
265 266 34 50
266 267 6 8
267 268 24 34
268 269 19 26
269 270 1 1
270 271 16 28
271 272 17 21
272 273 76 101
273 274 44 52
274 275 174 176
275 276 67 88
276 277 18 34
277 278 84 85
278 279 22 30
279 280 117 117
280 281 64 73
281 282 52 57
282 283 69 87
283 284 36 37
284 285 46 80
285 286 57 62
286 287 32 55
287 288 69 72
288 289 57 60
289 290 98 99
290 291 21 29
291 292 34 34
292 293 59 61
293 294 90 166
294 295 53 110
295 296 22 153
296 297 54 111
297 298 5 14
298 299 53 53
299 300 40 81
300 301 148 177
301 302 152 153
302 303 14 19
303 304 56 63
304 305 9 30
305 306 49 96
306 307 7 13
307 308 25 85
308 309 40 63
309 310 65 82
310 311 3 4
311 312 40 42
312 313 45 69
313 314 19 68
314 315 31 81
315 316 23 30
316 317 86 86
317 318 47 120
318 319 41 111
319 320 113 114
320 321 32 38
321 322 1 2
322 323 24 45
323 324 5 37
324 325 75 126
325 326 56 68
326 327 22 41
327 328 26 37
328 329 54 60
329 330 113 142
330 331 1 8
331 332 28 29
332 333 6 6
333 334 1 2
334 335 27 33
335 336 8 46
336 337 24 42
337 338 64 64
338 339 69 73
339 340 72 72
340 341 26 29
341 342 71 72
342 343 59 67
343 344 159 167
344 345 9 11
345 346 80 109
346 347 35 47
347 348 60 75
348 349 3 4
349 350 10 77
350 351 4 6
351 352 98 108
352 353 46 80
353 354 54 84
354 355 120 164
355 356 9 23
356 357 147 165
357 358 3 6
358 359 41 41
359 360 5 5
360 361 19 58
361 362 12 33
362 363 39 42
363 364 94 124
364 365 145 149
365 366 88 97
366 367 89 90
367 368 66 99
368 369 51 86
369 370 25 79
370 371 4 11
371 372 10 81
372 373 28 94
373 374 18 25
374 375 2 13
375 376 43 93
376 377 133 149
377 378 39 47
378 379 21 26
379 380 15 61
380 381 41 67
381 382 56 66
382 383 132 133
383 384 5 10
384 385 7 11
385 386 14 36
386 387 70 91
387 388 74 90
388 389 4 40
389 390 48 68
390 391 14 46
391 392 64 69
392 393 28 56
393 394 13 48
394 395 32 34
395 396 31 32
396 397 50 87
397 398 81 102
398 399 99 179
399 400 93 109
400 401 66 68
401 402 99 105
402 403 6 55
403 404 4 4
404 405 75 104
405 406 39 39
406 407 13 35
407 408 52 136
408 409 7 33
409 410 35 50
410 411 6 36
411 412 64 65
412 413 91 99
413 414 131 156
414 415 22 27
415 416 39 101
416 417 50 52
417 418 54 108
418 419 50 57
419 420 95 95
420 421 32 135
421 422 0 6
422 423 10 107
423 424 16 94
424 425 48 77
425 426 26 77
426 427 11 146
427 428 28 37
428 429 20 31
429 430 107 136
430 431 30 63
431 432 34 57
432 433 24 42
433 434 56 61
434 435 128 158
435 436 67 137
436 437 116 128
437 438 3 27
438 439 76 76
439 440 1 9
440 441 52 73
441 442 7 83
442 443 71 77
443 444 0 1
444 445 1 2
445 446 97 106
446 447 138 155
447 448 59 64
448 449 34 45
449 450 2 11
450 451 8 34
451 452 73 102
452 453 152 161
453 454 74 75
454 455 7 9
455 456 136 148
456 457 57 63
457 458 0 1
458 459 35 92
459 460 33 92
460 461 20 115
461 462 106 127
462 463 13 64
463 464 2 6
464 465 6 7
465 466 57 87
466 467 167 170
467 468 43 125
468 469 53 75
469 470 18 48
470 471 68 68
471 472 72 175
472 473 49 51
473 474 82 98
474 475 25 27
475 476 3 15
476 477 86 101
477 478 133 144
478 479 1 5
479 480 50 63
480 481 57 149
481 482 110 126
482 483 109 150
483 484 96 107
484 485 12 26
485 486 112 142
486 487 43 73
487 488 10 162
488 489 108 123
489 490 33 85
490 491 35 61
491 492 51 54
492 493 78 93
493 494 52 177
494 495 3 3
495 496 78 84
496 497 91 95
497 498 123 131
498 499 176 186
499 500 1 1
500 501 13 48
501 502 12 25
502 503 25 32
503 504 25 102
504 505 106 112
505 506 65 146
506 507 147 152
507 508 6 17
508 509 91 97
509 510 25 86
510 511 34 45
511 512 58 96
512 513 10 35
513 514 31 35
514 515 28 30
515 516 43 75
516 517 33 38
517 518 34 106
518 519 55 92
519 520 15 15
520 521 91 100
521 522 76 83
522 523 125 126
523 524 7 8
524 525 15 21
525 526 8 76
526 527 3 7
527 528 16 24
528 529 21 43
529 530 62 91
530 531 147 150
531 532 15 73
532 533 100 101
533 534 24 25
534 535 109 112
535 536 112 150
536 537 118 121
537 538 91 120
538 539 7 122
539 540 17 40
540 541 46 55
541 542 72 87
542 543 51 75
543 544 2 5
544 545 32 79
545 546 2 7
546 547 76 83
547 548 46 132
548 549 118 118
549 550 2 7
550 551 45 94
551 552 15 15
552 553 64 69
553 554 34 67
554 555 24 41
555 556 48 49
556 557 49 80
557 558 25 36
558 559 37 41
559 560 28 82
560 561 12 151
561 562 13 25
562 563 108 119
563 564 2 47
564 565 93 123
565 566 105 140
566 567 50 83
567 568 38 38
568 569 5 8
569 570 4 12
570 571 8 11
571 572 81 88
572 573 142 160
573 574 51 63
574 575 89 123
575 576 35 41
576 577 59 115
577 578 25 41
578 579 99 124
579 580 48 68
580 581 151 151
581 582 33 59
582 583 110 118
583 584 51 117
584 585 88 94
585 586 16 27
586 587 76 83
587 588 71 75
588 589 31 110
589 590 30 34
590 591 53 152
591 592 59 60
592 593 4 4
593 594 33 50
594 595 15 40
595 596 19 36
596 597 14 45
597 598 69 143
598 599 4 15
599 0 16 100
132 120 72 94
588 301 88 103
478 374 20 45
172 77 24 71
532 366 15 44
586 432 126 133
590 139 9 12
224 76 30 31
98 317 43 84
28 204 22 24
554 166 33 58
260 237 152 153
264 410 35 35
271 429 58 62
592 312 21 61
83 462 98 101
534 408 32 86
152 580 12 52
337 545 51 84
202 109 5 9
576 539 35 85
363 520 94 106
9 320 41 47
151 305 70 87
441 333 130 167
229 231 6 27
543 115 52 78
211 463 143 188
442 454 1 1
224 312 62 99
533 528 48 52
334 406 137 154
155 18 91 91
406 318 21 46
531 490 113 123
259 336 2 19
401 193 47 54
239 19 6 17
411 318 52 58
574 138 0 0
427 203 19 29
401 470 60 67
156 88 37 78
537 230 65 89
420 237 70 108
333 199 31 61
355 561 46 149
508 173 13 96
447 150 61 92
535 595 23 56
63 215 8 22
428 155 22 134
352 356 18 21
274 34 23 126
232 484 57 58
236 431 31 143
572 195 10 16
135 95 5 54
281 354 27 27
220 434 43 121
99 467 5 8
106 533 80 90
87 379 4 10
294 2 85 114
154 549 11 30
411 514 57 73
292 218 139 180
428 69 5 11
510 155 59 69
393 493 6 96
157 491 91 96
483 308 1 2
339 437 70 131
48 197 28 30
184 6 70 90
555 249 36 37
580 340 51 99
543 525 10 26
327 187 39 40
520 99 123 127
120 67 8 12
429 201 86 125
201 345 64 64
44 168 123 148
215 219 26 42
201 267 141 148
490 295 59 73
387 399 37 50
196 260 58 79
449 238 127 130
103 8 4 62
33 423 24 26
409 322 26 28
367 74 11 27
443 121 25 37
254 126 13 27
396 444 52 145
341 400 49 50
242 113 54 62
126 588 57 81
472 392 23 36
91 288 36 85
62 232 4 8
449 587 10 10
467 127 66 99
112 310 18 19
288 472 117 131
148 384 26 46
434 413 15 24
415 123 92 103
168 51 1 2
519 389 66 129
379 75 17 31
423 475 33 47
1 129 136 146
40 329 42 64
159 171 42 48
207 557 44 49
197 260 5 8
167 551 21 33
96 355 36 41
452 556 1 1
195 494 71 110
376 271 31 40
493 224 11 21
123 596 97 131
511 83 153 166
94 527 9 55
419 493 12 20
502 231 34 37
93 123 99 106
196 263 9 13
87 296 1 2
155 26 40 136
424 325 14 17
161 564 15 27
352 365 146 153
434 332 78 109
450 521 161 166
385 126 8 87
47 528 177 178
345 567 6 9
325 287 53 96
182 132 110 116
333 128 8 9
323 470 4 4
492 228 127 136
150 139 4 8
418 160 35 110
472 43 136 156
213 218 4 7
323 402 5 29
282 499 85 90
361 397 36 37
58 429 57 70
215 514 15 17
497 258 29 52
555 347 18 18
246 164 62 95
244 234 13 19
310 329 25 104
459 324 180 187
85 499 41 59
502 586 11 49
195 247 15 24
528 274 10 118
433 121 87 92
99 375 54 54
491 38 31 31
111 95 65 78
498 338 40 49
278 467 63 64
276 17 104 112
411 58 17 20
379 48 100 133
32 491 22 34
268 593 23 36
160 210 14 69
446 26 39 88
235 219 22 72
69 501 43 72
171 248 59 59
461 113 28 36
283 83 78 79
16 365 75 96
360 511 22 31
289 341 148 154
250 333 63 79
241 211 36 72
291 7 146 173
130 263 3 3
472 258 16 32
302 158 10 10
467 596 5 5
122 375 12 19
89 314 129 146
23 33 22 26
28 516 1 2
521 486 85 90
280 338 24 25
278 513 56 62
222 262 26 109
408 482 104 121
558 467 50 53
565 350 27 45
119 425 136 141
415 227 2 5
296 534 67 105
22 200 14 17
397 36 4 4
425 261 3 21
85 324 39 61
293 351 16 16
221 418 50 96
23 248 91 110
260 514 26 115
322 399 24 57
229 474 34 118
566 580 136 144
258 407 73 86
138 436 91 120
280 359 22 23
93 258 14 17
580 438 43 107
496 275 62 102
103 193 63 78
34 290 1 3
343 126 16 49
72 425 66 71
489 387 138 158
415 229 26 34
227 37 89 96
475 107 12 39
301 347 1 9
331 136 59 66
450 380 142 158
557 268 1 6
405 48 84 167
158 469 82 115
135 376 10 17
229 560 23 84
312 173 62 148
431 339 53 160
251 344 42 46
562 74 115 134
151 229 23 37
13 109 44 44
185 294 36 147
195 472 67 97
235 47 11 15
479 364 10 12
216 381 89 123
595 251 41 57
123 310 20 26
445 131 64 64
19 136 172 175
588 456 91 94
533 191 63 63
535 289 34 102
44 506 71 92
363 3 104 145
534 394 86 168
12 213 12 23
243 295 12 12
381 44 135 142
129 135 45 52
6 169 100 128
213 480 64 65
597 138 19 96
533 258 19 19
589 288 15 31
115 468 25 103
106 304 61 118
295 483 3 5
172 460 109 145
454 159 9 91
548 593 33 79
531 70 4 29
181 396 127 138
31 342 18 18
121 255 34 38
519 466 5 5
351 108 117 153
295 3 22 24
282 492 36 44
332 63 38 58
191 418 59 84
55 589 9 19
275 385 7 7
516 506 7 7
315 466 47 48
301 316 0 2
223 358 42 51
473 292 14 23
438 270 36 36
467 439 21 47
545 87 103 122
209 366 74 126
277 183 135 146
322 420 37 50
434 308 8 19
317 488 21 22
331 310 0 10
24 158 132 132
465 367 27 28
294 513 47 106
590 40 20 21
257 168 8 70
506 361 26 42
201 536 3 43
590 277 89 89
72 515 31 59
357 474 108 128
573 24 49 49
161 77 6 7
114 16 48 92
348 368 42 48
18 525 61 64
184 350 70 101
536 572 46 54
376 529 0 2
576 373 3 8
515 546 15 49
73 201 13 13
149 526 26 35
538 574 4 8
57 90 14 16
232 569 13 24
516 312 35 35
534 100 44 74
320 288 5 43
500 148 81 169
286 371 7 90
177 434 56 103
472 3 63 88
300 338 31 32
255 163 0 1
432 103 57 61
205 544 100 100
506 83 118 144
117 132 15 83
14 235 23 152
45 416 38 47
245 27 58 70
241 127 40 65
584 108 53 58
162 184 41 95
252 391 38 116
244 27 10 66
217 133 30 41
323 265 61 146
280 341 37 43
489 479 5 31
369 589 11 32
413 296 6 39
224 52 1 6
345 409 77 106
261 496 26 57
412 499 45 89
131 417 80 97
8 60 189 189
33 340 118 140
153 414 21 31
411 562 82 86
80 529 5 55
236 239 18 118
444 284 24 32
464 596 32 79
416 194 130 133
216 571 79 139
27 186 79 108
123 158 145 149
14 547 14 15
534 312 114 115
264 399 14 24
431 450 50 95
314 448 39 91
482 120 64 79
199 318 47 115
25 115 12 17
85 429 21 115
251 496 22 28
407 515 40 40
452 84 16 26
350 151 57 86
29 344 6 6
494 176 56 93
548 111 19 73
127 20 162 163
174 414 53 55
535 328 147 158
205 207 10 21
483 28 65 103
299 139 52 100
53 155 2 2
207 322 131 134
465 284 57 103
244 505 131 188
543 218 56 155
561 463 39 39
64 334 21 39
522 477 10 10
294 227 17 19
254 70 126 131
570 335 64 101
255 103 30 93
206 141 14 161
430 530 54 88
72 46 11 77
264 462 78 107
116 1 102 114
508 312 77 137
7 539 130 136
320 473 83 106
431 456 12 110
172 65 1 1
134 241 38 118
102 4 50 117
333 422 12 107
561 329 94 120
3 531 15 25
452 44 105 115
584 250 71 124
221 513 106 122
568 333 48 95
410 171 1 11
463 342 84 87
345 195 93 132
199 415 87 91
340 321 45 45
301 400 6 33
217 553 26 63
588 363 17 25
578 349 33 52
387 136 21 22
196 247 7 33
371 512 86 121
358 107 12 73
332 464 9 11
261 191 135 139
334 388 10 50
397 401 47 64
64 389 12 25
240 526 94 99
83 217 15 16
132 253 118 183
321 516 3 4
519 65 52 54
260 145 96 100
66 286 63 132
255 364 6 22
436 361 32 34
419 540 42 47
88 448 4 26
437 416 17 19
278 513 135 168
282 539 111 145
232 579 128 128
4 368 39 85
57 561 114 133
100 490 32 37
247 515 16 100
496 415 11 55
99 6 29 33
282 369 110 154
118 180 101 170
151 173 14 34
57 241 33 98
343 199 105 110
403 283 11 23
27 484 3 19
158 529 155 156
38 54 26 51
516 393 29 33
112 202 74 81
359 141 42 45
214 417 28 35
164 474 8 8
334 157 60 77
149 520 43 44
135 536 43 112
227 189 104 110
209 377 5 6
308 217 7 35
191 128 3 10
196 143 57 84
429 274 11 39
509 36 17 48
287 426 4 12
194 294 159 183
572 228 105 162
477 458 5 5
375 267 5 12
502 126 10 13
424 590 90 124
389 420 21 29
483 399 2 7
124 508 90 112
211 5 94 97
596 148 45 55
364 242 32 100
555 264 146 176
156 161 8 67
289 423 16 29
47 541 141 143
598 492 31 45
343 585 82 95
25 151 111 114
598 112 92 106
161 559 108 112
285 113 56 149
519 560 13 18
5 400 52 53
409 307 74 118
30 464 0 2
338 354 25 42
589 146 1 5
64 318 31 117
40 562 3 4
500 6 3 44
368 334 20 55
568 219 9 126
347 102 26 26
435 570 112 116
327 214 30 65
323 502 66 67
2 230 22 39
464 91 2 5
446 582 32 53
359 459 6 13
83 560 1 4
216 278 15 37
346 249 1 1
148 297 96 158
578 239 132 139
171 517 11 48
197 239 69 71
429 225 46 53
261 315 107 110
79 475 88 96
362 104 12 55
267 467 54 91
37 515 32 56
331 135 74 84
532 530 35 49
223 108 110 115
498 285 57 70
334 17 41 51
110 298 114 127
324 597 4 21
527 296 67 70
216 96 21 26
128 461 29 32
219 96 6 20
482 473 23 75
503 577 33 67
415 537 43 85
502 218 63 72
124 129 95 113
387 138 66 76
130 497 82 84
276 562 20 72
84 122 15 93
505 265 31 71
386 427 6 28
371 502 153 163
400 179 9 14
204 224 75 95
346 550 1 1
341 538 24 51
476 528 42 75
580 27 37 59
368 566 44 93
589 476 10 76
26 306 113 148
166 245 90 116
107 283 53 106
319 585 123 127
400 3 41 77
133 426 15 18
311 242 32 39
66 300 107 167
104 139 11 26
32 158 5 10
108 320 121 121
238 437 30 60
303 381 70 79
302 433 7 8
106 515 58 141
545 9 9 12
70 378 39 43
8 333 19 89
109 215 23 27
316 142 29 105
437 239 60 65
560 33 6 6
587 441 2 4
308 254 20 27
378 66 98 145
510 304 44 44
57 182 48 57
250 19 18 22
110 392 144 151
588 119 37 57
595 80 41 157
402 180 13 15
42 328 32 80
548 71 119 120
58 196 42 79
431 287 175 177
381 176 85 144
136 218 0 0
525 93 4 19
484 440 65 153
263 153 17 102
484 68 39 49
323 154 69 92
473 531 115 116
200 403 112 120
472 205 34 62
486 550 4 4
232 338 72 79
352 51 68 90
469 225 110 113
411 585 76 118
588 72 53 74
579 492 29 36
448 201 138 146
562 68 5 55
93 90 141 158
268 502 27 64
84 259 14 21
498 391 44 58
567 381 34 35
73 504 16 39
213 422 35 133
492 384 52 53
577 312 85 87
449 508 54 68
5 591 2 6
402 255 5 10
194 309 9 29
396 87 1 5
214 516 144 146
38 339 90 100
62 438 53 59
455 335 40 45
521 354 8 10
434 117 57 84
332 318 30 40
214 174 22 36
301 251 113 122
251 317 61 129
226 578 4 4
212 571 28 28
331 160 147 157
70 398 51 81
539 116 7 10
454 84 106 124
41 141 16 22
390 467 1 3
412 129 32 37
123 494 31 39
446 111 98 113
170 191 21 40
201 234 8 13
261 234 101 144
119 73 45 90
498 40 11 36
258 190 38 44
462 117 67 97
339 305 65 79
515 434 18 57
354 263 101 165
360 491 54 67
565 469 31 36
543 567 13 47
478 360 52 129
302 342 10 10
263 33 29 62
322 203 110 115
273 142 29 34
320 45 125 182
6 551 4 70
64 234 15 23
505 414 37 39
567 175 24 66
96 399 25 31
401 589 41 93
196 428 53 60
215 255 34 34
396 276 38 40
66 70 65 105
136 429 86 95
136 507 59 88
19 582 127 144
47 115 52 70
35 516 80 127
236 390 83 89
295 318 20 27
536 395 80 89
355 380 50 71
55 515 103 139
516 446 108 109
513 485 14 18
162 220 40 94
393 20 1 2
331 21 60 63
468 598 25 47
464 274 121 135
371 195 17 18
480 36 18 45
503 347 37 64
381 167 34 39
16 267 41 109
482 379 120 125
283 233 69 77
233 471 37 47
400 441 26 31
145 136 77 110
7 519 76 88
6 32 55 58
114 358 150 170
515 232 37 135
407 55 49 157
483 247 7 7
230 520 34 34
199 475 20 56
146 143 60 74
501 1 26 153
403 430 7 33
477 319 25 33
286 469 3 23
93 384 38 70
132 192 84 117
154 500 62 64
365 188 88 109
547 220 12 19
62 194 65 126
578 333 107 135
373 430 56 68
387 333 112 119
283 169 65 67
575 230 8 15
550 78 48 67
230 75 179 188
193 118 104 150
509 126 151 153
473 46 36 62
265 364 139 148
397 325 12 33
485 3 78 78
90 101 45 52
452 61 8 153
596 140 48 76
244 34 30 32
38 256 98 118
127 438 6 35
594 256 40 65
344 239 12 14
117 184 100 140
432 74 58 58
92 395 4 33
433 494 31 66
17 536 145 149
375 353 106 135
339 75 43 55
22 210 65 75
329 67 60 65
479 359 116 119
216 500 58 59
231 59 2 6
217 192 4 40
163 376 5 27
173 470 3 9
468 250 26 26
348 129 5 13
23 225 98 105
117 554 118 167
412 464 53 68
70 394 34 50
488 165 35 63
33 459 52 60
511 286 108 114
303 589 39 51
261 389 9 9
187 474 73 75
342 143 5 14
443 468 5 53
424 563 168 186
171 397 28 32
271 347 55 72
252 123 106 128
192 186 41 43
329 391 10 12
110 210 129 138
202 25 139 142
197 212 67 94
519 532 134 137
156 283 29 33
301 155 28 40
316 240 12 18
231 275 18 22
571 51 42 52
499 102 66 97
114 253 143 144
101 92 32 40
404 504 44 90
562 14 19 149
24 98 28 49
300 211 11 18
188 70 17 38
233 298 23 24
395 499 13 14
100 352 6 16
563 227 99 114
113 438 35 37
382 417 93 97
172 126 12 81
309 355 5 20
499 563 8 141
389 329 6 11
282 592 12 57
62 458 41 53
521 18 39 94
103 176 126 130
509 589 42 49
231 21 57 131
499 524 40 57
479 420 58 87
417 261 18 59
379 1 145 164
492 430 46 53
129 207 160 160
233 240 7 8
293 333 58 139
78 446 76 110
553 272 18 118
403 261 26 33
459 401 149 152
534 558 8 17
72 594 88 94
468 319 39 42
488 279 65 69
264 79 15 65
489 59 32 34
491 459 84 100
507 224 32 88
283 3 9 27
567 436 10 31
483 544 48 55
568 527 5 41
270 17 29 51
596 540 16 49
211 236 76 102
175 587 13 17
24 466 85 96
149 460 32 73
365 580 71 90
368 52 1 5
507 105 15 24
349 140 67 68
36 52 17 18
227 113 3 21
429 502 42 70
217 139 42 61
533 64 3 36
319 104 1 20
246 358 86 93
110 564 0 2
596 466 4 8
364 355 90 120
199 594 42 66
374 23 9 17
430 572 45 60
462 498 25 34
595 489 2 3
328 134 94 141
423 152 84 84
117 334 16 25
288 113 4 7
523 564 32 57
575 101 175 177
17 170 152 175
277 443 3 4
422 586 31 121
322 242 133 136
73 59 88 91
467 126 24 46
366 109 52 153
27 439 77 133
454 537 14 52
489 537 72 123
249 40 4 11
29 44 1 1
92 238 94 144
472 360 167 172
210 27 103 155
57 363 22 37
373 194 122 123
98 205 18 32
578 588 87 93
268 359 50 73
399 87 2 6
407 518 19 177
548 470 40 42
318 262 41 46
561 45 93 93
337 526 37 125
578 495 68 162
557 62 6 23
469 37 9 12
503 266 81 81
255 52 34 74
547 231 85 87
469 557 38 103
348 182 0 4
234 270 8 33
398 413 48 50
269 519 133 138
595 222 12 26
569 556 179 185
549 76 102 109
293 110 40 85
434 291 75 141
109 88 73 94
68 344 36 158
358 366 9 22
385 198 33 91
513 451 7 27
136 501 114 135
173 246 100 115
392 210 35 56
488 533 12 12
296 459 23 59
189 40 12 45
549 349 21 21
517 163 19 63
288 264 16 52
432 71 84 88
428 592 1 12
386 414 16 23
290 503 28 48
485 511 10 156
496 251 33 51
176 304 111 116
523 124 54 63
369 236 61 147
71 566 9 51
355 16 94 96
106 368 105 115
442 295 130 145
54 507 96 105
92 177 98 112
140 97 172 178
348 199 80 155
90 538 106 175
299 558 25 29
60 355 2 3
411 227 57 62
11 179 24 25
410 97 66 74
424 251 74 85
297 90 65 67
172 562 15 28
330 263 41 181
32 211 101 103
408 209 144 164
208 104 16 49
255 541 95 99
63 186 102 103
252 389 12 14
18 295 15 68
489 598 105 129
271 208 37 109
178 120 115 121
153 390 85 113
460 557 18 26
83 357 29 161
493 241 5 31
159 252 103 132
168 445 59 131
98 129 21 97
177 237 34 68
262 300 112 141
398 54 5 7
571 85 81 89
112 592 116 117
38 512 37 39
388 489 25 26
577 39 68 129
375 66 111 123
457 316 45 106
185 376 23 33
422 39 25 25
504 363 24 36
60 58 79 90
456 212 21 74
173 159 94 111
165 560 21 23
537 448 7 123
328 555 79 138
268 422 10 11
138 359 131 148
163 110 22 54
388 191 99 111
221 473 27 64
363 440 12 13
80 367 0 15
131 476 10 43
74 389 169 173
516 394 81 115
338 434 28 54
10 57 0 1
354 277 91 100
399 314 0 4
519 183 16 32
444 199 68 176
149 398 8 13
500 552 100 130
511 103 107 108
265 303 1 2
384 172 3 5
257 400 38 58
116 339 62 94
18 461 125 128
409 273 1 4
66 418 132 145
67 540 1 2
313 547 44 59
583 340 13 17
594 221 49 94
345 302 38 153
91 120 44 67
507 65 23 24
325 134 90 126
199 182 25 26
591 72 127 136
47 346 74 95
265 37 85 85
493 307 83 124
92 437 1 11
530 216 18 57
179 370 87 100
294 341 28 31
19 566 87 88
188 201 44 86
304 134 67 113
185 385 13 18
41 209 52 56
273 10 29 55
201 92 72 141
19 533 23 84
34 422 3 4
128 229 80 82
574 47 16 144
590 451 133 155
237 414 12 21
119 239 59 75
269 564 1 1
334 326 110 123
339 150 72 164
427 255 35 80
246 443 122 130
341 96 158 163
93 504 101 135
229 68 32 58
460 210 27 28
508 399 107 107
87 478 68 78
109 230 0 2
194 361 137 160
145 476 8 10
101 313 58 70
518 154 40 44
357 422 17 18
466 238 51 120
146 257 60 68
526 308 88 91
501 73 29 36
153 314 11 62
153 108 10 39
123 483 20 40
81 156 27 100
222 480 4 22
543 27 22 23
102 171 15 118
332 340 32 113
9 451 53 54
518 569 85 87
348 43 8 10
557 587 48 50
579 16 9 28
391 242 155 163
488 19 27 74
279 597 98 107
344 257 20 23
563 533 112 112
128 539 33 33
433 162 141 150
213 67 53 110
231 591 123 132
372 365 110 144
525 201 82 83
509 130 0 9
503 357 101 114
7 449 68 94
568 404 70 126
448 142 29 93
292 391 22 62
566 5 49 124
352 232 21 68
291 513 4 6
468 2 12 15
272 482 23 165
155 206 76 96
334 201 78 112
139 168 43 57
484 113 72 104
301 291 9 12
582 399 17 17
264 32 9 45
592 587 151 156
122 161 115 123
158 400 30 42
81 76 41 132
473 276 74 116
248 400 35 101
253 360 116 142
166 589 3 4
478 559 9 18
365 156 35 36
570 177 100 111
56 82 102 176
248 182 133 145
574 248 0 1
225 296 125 126
346 7 53 83
169 114 44 81
135 64 15 50
400 227 189 191
554 84 19 31
226 458 141 170
306 241 102 123
39 489 108 117
239 338 12 57
245 590 67 73
490 372 101 105
213 448 105 137
232 437 107 109
475 258 56 158
187 81 67 76
435 437 38 65
143 276 49 57
522 361 47 117
121 539 14 18
521 269 19 90
442 290 12 58
297 300 0 5
86 576 30 39
564 112 55 82
425 37 96 100
8 507 18 37
337 453 78 99
275 476 34 37
405 204 45 57
306 316 15 27
363 407 23 57
199 322 2 14
260 582 2 2
330 374 65 65
583 38 49 68
68 529 117 146
409 29 18 33
566 118 142 148
232 477 17 17
357 166 122 176
595 383 56 117
204 457 65 142
60 399 4 10
176 385 164 171
494 4 116 122
502 507 13 15
504 282 61 106
280 344 141 150
14 57 37 38
490 454 33 47
568 335 76 94
498 112 49 52
322 115 104 106
554 253 61 61
487 159 67 72
68 390 83 94
229 42 115 115
98 327 4 5
470 96 14 81
79 332 22 37
92 268 162 163
487 111 49 63
494 44 53 101
171 158 41 42
510 511 45 82
536 149 3 10
300 509 1 1
214 547 126 144
404 90 153 167
415 421 1 11
351 541 78 120
452 200 8 29
530 297 17 28
167 270 20 26
143 176 108 138
518 501 24 40
476 5 30 43
322 341 7 12
140 424 61 73
369 53 70 97
414 233 6 6
473 394 37 46
256 378 118 130
575 316 35 83
84 441 115 137
382 420 74 74
486 17 7 131
283 123 41 55
194 415 27 152
522 301 2 3
148 177 81 99
509 390 30 49
267 256 61 65
192 175 56 79
112 554 47 55
533 585 146 166
230 448 21 91
171 344 41 66
31 575 25 179
455 540 92 107
381 352 29 98
554 63 1 1
561 345 97 106
45 532 50 60
353 229 120 147
364 538 79 81
275 44 133 146
145 319 69 71
440 93 86 139
201 167 65 123
416 487 129 131
288 498 134 135
424 498 18 53
450 402 7 10
325 266 140 144
594 466 26 69
39 154 6 7
490 421 146 162
33 23 0 0
471 424 11 30
114 50 20 33
525 153 62 64
586 294 5 28
509 233 35 40
228 5 91 107
249 429 9 18
164 89 142 142
415 201 19 51
210 314 106 141
393 175 70 104
22 71 33 42
113 320 90 97
219 226 46 55
511 37 60 75
560 254 13 17
4 198 79 148
24 16 101 142
333 213 61 68
542 299 47 61
300 502 42 47
226 553 34 94
380 548 127 137
54 526 107 166
424 26 136 138
299 18 33 127
412 475 9 18
84 389 54 60
451 333 83 124
203 114 113 150
593 185 21 37
357 56 69 90
592 368 7 8
269 384 14 58
422 73 34 37
558 191 163 164
575 434 6 13
231 344 44 142
183 211 18 73
561 185 101 129
423 540 5 29
276 239 134 134
218 500 15 28
219 302 76 81
270 345 27 74
94 417 68 147
523 253 130 152
166 247 92 122
144 172 48 85
150 91 34 42
335 312 78 108
24 468 22 39
228 357 4 13
326 370 9 37
32 500 8 41
225 244 9 91
284 137 50 72
475 181 82 89
9 488 37 82
77 448 0 1
212 167 79 111
166 410 78 93
220 306 83 146
351 31 3 3
233 10 115 122
19 459 10 11
144 55 48 51
251 577 49 57
213 14 22 24
537 200 11 36
349 456 38 39
233 359 38 112
439 154 105 108
228 17 49 52
30 396 124 139
500 48 3 10
437 309 12 48
265 554 76 147
287 325 5 5
434 525 58 80
174 266 126 130
258 4 21 21
322 482 19 21
377 178 19 20
319 332 27 39
391 256 4 13
483 251 67 105
508 278 27 66
274 188 83 105
549 457 7 10
226 114 5 21
397 456 23 32
235 280 110 122
291 463 103 114
500 564 15 38
322 172 71 76
85 460 40 45
252 396 120 145
114 572 42 149
84 140 25 46
498 82 11 11
278 450 83 121
564 157 80 133
80 416 26 44
284 422 153 153
151 68 117 127
528 129 149 163
369 53 32 32
32 25 13 20
384 275 101 103
495 330 89 108
174 544 19 27
213 275 22 58
342 547 130 181
23 475 3 27
177 401 16 90
180 516 27 137
559 438 9 9
149 90 29 40
144 442 0 1
339 234 10 91
27 567 22 68
505 372 56 56
245 16 69 121
98 534 15 54
32 194 67 116
352 223 167 176
562 313 86 99
589 404 51 62
126 77 58 63
258 361 20 24
465 130 8 26
347 486 29 30
336 144 23 89
19 282 100 101
420 298 67 130
234 325 41 57
108 311 1 2
115 368 41 42
479 401 36 64
461 203 40 75
124 168 49 53
558 338 6 61
456 83 97 99
257 569 103 149
277 499 127 138
176 545 33 39
399 297 55 139
13 533 21 44
196 414 39 41
326 73 106 111
374 288 18 72
263 17 70 121
243 558 47 59
289 197 123 158
533 90 82 95
544 322 45 76
572 445 30 48
237 89 13 118
105 39 31 104
140 459 18 26
61 238 56 60
147 330 138 145
100 344 18 42
296 255 40 42
61 80 22 27
271 177 99 131
139 473 180 183
200 557 56 79
388 549 72 74
297 14 127 127
24 382 73 98
23 139 34 56
525 184 12 37
310 515 44 66
323 551 62 70
415 327 72 101
107 562 31 34
88 171 76 135
44 421 39 103
495 232 21 22
68 52 11 15
286 10 12 20
94 209 33 33
425 103 20 32
260 589 31 38
201 23 44 56
545 56 154 155
29 239 4 19
388 271 4 16
309 362 11 29
481 252 9 35
41 395 32 52
220 571 96 112
281 395 70 74
36 285 15 16
594 32 25 86
390 543 4 19
527 234 55 66
531 449 17 57
567 187 92 139
545 556 118 152
552 446 20 33
155 227 22 101
200 82 1 15
78 298 24 36
290 598 99 110
490 531 7 24
99 26 16 60
4 126 0 15
533 499 14 21
517 338 38 61
578 568 3 7
132 258 32 137
243 315 17 25
387 72 50 75
22 367 75 95
527 432 61 95
469 398 26 110
29 241 43 44
280 61 24 30
532 78 6 11
149 237 38 85
77 186 29 42
25 584 51 59
451 237 38 60
297 34 2 2
272 103 4 8
202 519 24 66
210 405 42 47
210 32 46 94
40 228 112 132
491 260 16 16
195 482 86 138
5 596 10 27
262 542 3 3
587 507 67 110
504 432 55 56
25 543 24 53
53 548 43 103
365 366 47 51
502 29 35 52
583 312 13 21
153 200 11 31
389 501 47 82
151 209 73 105
218 141 135 185
570 190 1 2
536 28 120 124
523 472 2 4
175 419 171 171
149 340 128 156
466 216 34 97
439 431 7 16
73 490 3 4
74 41 14 27
536 510 110 167
507 179 42 134
120 157 33 34
300 129 14 36
298 502 139 187
322 570 6 7
401 349 46 70
292 491 153 189
253 561 65 137
385 358 24 75
544 244 37 45
290 22 16 16
406 95 16 51
88 238 88 139
282 541 93 95
577 277 20 21
436 61 31 34
2 538 41 68
369 507 11 11
480 325 122 125
244 61 2 39
121 130 2 3
174 571 104 121
124 427 78 102
83 414 13 50
563 26 71 90
338 182 11 21
280 327 24 27
376 151 37 61
452 113 59 81
440 33 33 37
406 259 70 77
370 321 31 52
533 61 28 38
446 311 1 13
1 187 8 11
299 487 48 104
41 403 25 38
581 50 24 24
34 324 28 36
476 311 39 42
148 522 46 98
583 129 72 92
110 445 14 48
41 182 8 165
302 542 13 18
313 412 69 70
205 187 55 68
359 249 1 10
340 528 2 18
184 316 25 42
245 549 97 110
572 38 20 102
536 45 1 8
242 295 87 120
523 435 96 151
198 305 139 152
577 164 1 3
41 61 112 138
247 238 62 79
7 196 120 167
273 51 44 99
132 236 102 151
99 438 14 70
468 27 5 18
31 1 35 60
157 198 17 61
278 492 40 49
186 520 40 45
214 294 15 16
246 438 8 12
362 270 133 135
6 413 95 173
209 543 2 2
442 91 76 93
128 357 12 17
178 137 51 81
576 449 65 99
276 162 22 95
537 421 15 29
239 575 9 50
47 280 5 9
118 226 51 147
566 569 52 55
348 49 13 115
63 476 1 2
434 546 57 86
373 425 93 102
495 585 38 50
69 245 45 80
579 407 9 9
212 52 16 30
356 327 85 86
534 494 27 51
221 234 21 21
210 273 41 87
74 541 12 15
88 521 131 145
272 111 57 69
454 535 61 82
142 17 87 115
57 197 59 67
4 291 11 12
250 518 19 31
237 50 49 80
83 263 0 0
172 28 24 28
151 239 68 126
363 415 132 144
375 297 25 89
453 522 107 144
527 502 82 141
224 108 95 120
454 79 1 4
223 237 29 144
255 67 18 31
31 416 7 34
238 314 28 32
439 125 35 39
27 81 48 77
385 278 80 104
432 160 11 12
255 470 37 69
11 242 12 19
36 27 59 97
292 459 28 30
226 588 37 65
365 134 42 91
256 582 8 9
489 109 70 102
33 307 11 84
197 148 34 134
497 177 37 37
415 124 10 14
367 156 112 128
369 233 123 131
315 227 76 76
529 540 61 117
12 81 1 2
97 551 59 134
557 119 73 79
205 284 8 9
242 453 43 81
167 480 36 128
50 103 4 4
96 33 8 27
18 35 90 90
465 416 54 77
18 33 167 171
394 236 65 83
94 275 76 142
113 390 86 102
41 99 82 116
59 482 52 143
197 137 4 8
334 25 39 47
281 433 24 49
38 27 8 99
149 333 35 70
299 78 86 97
379 207 55 57
88 577 59 88
126 482 29 146
5 352 32 36
186 8 6 8
253 194 39 39
25 321 64 64
217 409 19 19
584 458 69 96
588 111 48 48
476 34 29 39
142 478 42 51
309 444 81 82
336 145 120 120
533 22 62 65
167 515 46 107
550 219 1 6
164 490 113 129
323 488 6 10
103 182 76 129
2 426 1 1
205 290 8 66
553 249 129 141
554 34 13 164
39 373 109 140
195 533 52 53
221 299 85 130
354 484 47 109
379 398 18 33
42 103 83 114
494 586 112 114
376 301 41 47
142 195 71 89
458 448 25 43
432 588 146 149
232 402 142 168
311 332 39 81
149 249 9 11
192 267 30 54
526 65 8 8
504 3 22 64
585 552 3 10
287 337 33 57
329 339 28 68
334 242 82 85
256 494 56 180
480 252 74 94
40 89 44 44
519 174 69 107
51 72 17 132
237 468 4 4
570 592 30 51
443 424 35 77
245 35 21 43
138 336 36 45
85 84 12 63
246 497 66 105
591 350 5 87
322 38 99 101
203 585 41 45
305 237 72 173
6 239 33 154
279 341 41 53
530 13 128 137
571 286 7 20
214 335 83 87
120 555 47 53
465 1 94 97
217 203 8 12
228 225 27 41
55 175 68 69
188 173 19 61
23 48 116 116
303 163 34 47
525 561 141 148
217 495 5 5
505 457 88 91
35 420 44 56
41 547 33 153
573 450 105 116
337 256 0 2
349 313 164 169
34 384 19 56
75 4 34 99
150 15 9 30
583 45 68 131
459 365 24 37
458 257 19 24
375 537 170 186
510 564 17 39
1 234 78 106
492 466 52 52
359 567 30 42
47 509 64 91
219 15 13 39
579 158 21 33
378 461 28 39
403 539 7 30
65 145 14 41
444 102 15 93
473 112 15 29
311 81 7 75
90 318 76 107
257 317 0 3
201 237 3 7
135 141 74 92
33 60 22 119
371 340 57 176
250 77 12 140
17 349 88 88
514 282 45 50
506 107 74 143
353 75 10 11
133 114 65 73
410 449 68 115
262 149 123 127
161 199 28 39
391 567 85 116
45 276 45 51
364 488 18 74
396 190 71 110
311 198 91 102
226 393 0 1
86 22 118 176
227 462 12 160
596 250 0 3
308 185 2 10
155 363 75 141
267 464 95 97
572 452 35 67
409 123 12 45
130 502 125 127
173 588 6 6
482 488 37 86
78 123 33 34
66 96 57 61
115 347 42 108
401 285 22 25
34 262 59 65
309 370 63 75
156 371 56 118
36 557 46 64
60 368 10 19
596 135 29 31
30 361 35 46
509 395 20 59
458 261 43 136
16 165 51 51
148 45 10 103
370 347 0 12
31 371 45 84
35 49 68 125
206 475 43 93
6 159 118 121
226 102 3 36
510 568 60 103
438 281 82 121
32 254 21 85
173 291 136 137
17 325 19 20
214 580 15 65
502 376 43 118
452 553 93 98
118 217 48 55
525 410 17 33
284 86 59 61
192 500 19 106
423 444 180 186
196 511 7 10
45 395 11 37
3 186 37 37
91 138 84 87
594 32 48 72
550 151 126 134
391 594 8 8
91 134 7 8
246 14 66 117
42 373 20 26
373 311 88 180
393 12 132 146
523 538 85 102
212 397 14 42
355 25 3 7
341 191 27 48
358 388 4 4
188 450 93 95
523 300 18 21
222 591 7 11
241 211 63 64
215 31 87 118
422 303 9 11
568 225 59 121
499 54 4 12
415 339 138 161
276 417 0 5
4 31 83 94
377 392 162 185
130 84 28 35
378 446 71 80
125 109 76 93
48 589 38 81
92 188 29 29
357 172 54 54
153 501 19 32
342 405 30 61
302 103 7 13
71 531 55 62
584 413 51 58
358 396 0 15
41 431 50 55
495 12 37 108
312 69 40 44
53 234 31 65
68 147 4 11
218 280 6 11
5 131 32 128
251 485 12 63
531 87 88 152
200 176 109 152
316 580 16 25
280 498 10 22
163 322 21 67
167 568 100 120
572 187 15 24
493 359 5 6
259 135 74 79
508 348 13 29
92 46 45 85
428 189 35 37
139 34 61 93
416 520 30 43
147 437 51 73
311 481 92 108
487 117 82 97
594 42 0 3
593 542 37 84
18 428 86 131
89 147 10 10
172 414 51 99
490 213 21 71
224 78 135 153
533 213 30 40
293 39 47 94
382 522 7 13
382 89 99 123
47 334 19 112
443 110 40 101
487 166 14 21
383 236 107 119
63 325 73 110
387 483 102 105
82 145 10 50
491 383 78 82
41 75 154 162
341 431 35 121
257 559 44 68
15 111 100 115
454 561 15 29
214 96 118 132
447 7 2 24
563 82 17 81
597 357 133 143
63 595 75 76
540 521 107 112
195 196 31 34
506 107 11 32
52 73 30 140
501 580 15 70
128 454 2 3
74 333 34 34
141 198 87 129
486 355 12 14
579 415 23 31
99 314 39 41
268 15 30 124
482 534 0 5
78 113 3 7
138 68 2 3
512 143 120 124
587 527 4 5
253 496 43 56
405 399 1 1
212 81 52 124
408 18 8 27
398 520 38 62
469 477 4 10
193 419 115 121
424 44 77 86
236 227 23 26
524 473 30 135
126 304 84 98
303 11 32 129
493 571 48 51
437 232 0 9
485 270 14 39
232 57 30 42
265 258 30 51
329 392 50 128
112 2 8 30
334 465 4 9
323 579 19 37
202 46 25 27
32 380 3 15
179 140 13 18
583 397 39 123
180 396 13 88
206 490 11 18
91 191 4 6
364 400 20 32
546 38 128 165
488 80 66 73
534 162 11 18
333 354 71 98
591 167 18 21
151 93 90 94
32 543 36 82
25 508 5 12
162 454 7 18
167 204 127 167
551 49 44 78
556 139 70 124
384 443 18 33
408 219 62 73
208 399 69 74
102 363 65 69
336 438 48 130
375 166 92 131
306 353 1 1
285 67 46 77
197 274 66 94
33 243 28 81
139 357 18 102
458 66 27 36
150 470 129 158
127 396 54 56
348 462 26 27
315 517 28 44
65 292 30 31
356 268 9 27
157 445 1 9
380 568 137 157
60 496 68 90
23 560 15 59
572 255 20 35
292 303 92 139
256 65 10 19
244 95 48 49
236 245 102 155
209 509 62 86
278 422 26 37
371 134 182 183
91 279 3 3
431 44 148 163
114 431 9 9
157 311 46 54
320 247 120 124
107 548 54 68
243 367 29 72
547 488 34 44
594 466 59 132
534 200 60 139
131 174 94 128
221 539 19 92
226 390 8 8
473 259 173 175
586 333 26 37
353 589 24 103
1 575 65 107
433 108 35 39
541 540 71 73
146 432 20 20
519 435 0 3
545 584 50 131
232 594 169 169
444 519 17 66
50 481 46 76
87 374 56 71
388 174 1 4
321 115 44 49
593 484 90 132
538 365 30 129
502 496 152 171
27 340 39 61
570 563 31 46
159 208 64 73
595 468 111 147
424 228 115 154
257 416 15 35
27 584 1 4
323 580 12 20
224 462 71 120
362 471 15 20
563 265 115 130
228 404 29 95
333 219 50 54
87 418 18 20
266 209 37 40
367 491 61 74
66 553 140 167
213 478 43 59
194 114 67 73
21 515 57 140
432 115 21 30
74 591 26 64
229 596 6 24
387 273 11 142
341 205 49 132
595 598 32 93
302 407 97 107
466 191 23 158
478 63 22 61
161 595 35 41
282 415 26 28
45 368 28 38
298 410 11 84
83 511 121 121
31 316 78 90
226 138 53 77
597 460 55 65
479 409 71 111
60 472 52 76
523 144 131 135
1 438 97 130
82 467 20 20
225 97 6 17
332 253 144 154
13 89 53 83
354 446 64 70
194 579 129 136
440 585 63 69
27 440 57 134
372 547 9 15
431 512 77 87
535 169 33 40
284 169 75 76
288 130 69 70
533 358 20 58
250 517 0 1
213 269 23 25
205 165 36 43
559 75 3 4
363 319 154 156
582 176 39 68
510 317 20 47
539 405 81 89
556 237 7 9
320 240 85 107
576 12 59 64
236 65 30 99
297 482 58 80
88 532 32 33
430 401 3 9
267 130 7 48
566 102 157 159
101 69 76 144
119 386 17 56
103 423 77 86
363 333 64 66
543 53 7 7
549 40 51 116
257 71 2 20
350 530 51 82
448 224 2 3
195 94 23 29
187 527 15 29
590 9 44 77
376 381 17 17
320 279 33 61
50 407 28 47
177 292 0 4
537 107 94 129
1 359 57 57
449 147 106 126
54 75 3 4
94 113 92 132
493 266 103 113
100 97 5 19
396 160 18 29
249 530 80 91
555 46 93 105
406 562 101 130
507 273 39 96
320 72 7 7
59 467 22 24
160 434 15 20
526 148 38 107
364 232 49 85
528 162 78 94
156 303 15 17
41 92 49 79
95 155 21 87
273 477 82 147
62 94 25 101
185 580 42 46
275 486 71 88
365 418 22 33
439 170 61 113
362 352 20 78
371 313 58 90
353 20 7 35
96 175 33 36
131 471 76 83
242 411 13 43
577 471 43 129
518 520 25 53
287 384 1 1
146 500 27 62
270 295 30 73
381 0 70 76
92 482 3 29
377 250 59 59
204 180 17 23
40 109 129 135
298 462 95 96
282 57 23 65
135 340 40 150
421 469 15 22
121 323 1 1
13 291 50 176
51 112 60 73
32 564 7 23
251 321 9 103
327 501 20 27
515 390 43 59
350 263 19 115
386 463 26 54
348 110 33 34
264 82 23 57
154 581 21 72
336 293 62 98
84 54 5 6
178 504 4 17
585 541 95 135
424 62 98 118
327 122 25 113
344 541 9 59
48 216 34 39
323 115 8 18
71 53 7 26
372 229 124 131
59 25 50 51
423 200 3 43
246 16 62 96
181 527 41 64
343 228 13 21
547 317 38 39
20 363 1 12
264 54 125 154
589 54 95 98
179 54 10 12
371 482 30 129
227 288 34 67
192 487 1 9
344 368 137 144
471 31 168 185
99 293 92 109
315 192 27 63
235 595 33 128
22 184 93 101
325 321 9 14
8 335 28 55
12 157 20 58
310 532 11 42
134 176 11 16
277 415 21 24
561 116 26 38
39 316 5 5
588 138 32 56
388 261 15 17
594 211 73 76
548 299 83 113
465 325 26 32
365 254 169 177
519 146 14 15
493 383 12 31
308 13 93 95
164 228 10 115
293 207 13 16
554 197 79 117
124 523 63 74
319 461 8 15
305 24 14 72
536 172 52 77
271 321 0 4
524 436 51 53
476 501 58 59
201 553 78 78
224 202 24 45
183 469 29 35
545 576 54 67
552 316 149 149
7 371 7 16
127 433 82 141
529 98 8 10
404 277 66 80
359 368 3 5
17 253 34 41
551 231 24 46
367 177 11 34
33 302 70 77
234 59 8 13
295 9 68 105
357 253 44 69
201 372 87 126
350 53 14 34
166 191 138 145
483 502 26 55
70 299 26 28
238 209 54 55
59 210 34 41
129 120 46 46
396 131 122 170
201 318 96 116
301 164 5 6
482 229 110 121
475 394 175 187
12 135 71 103
145 56 5 20
454 512 24 26
7 66 9 16
308 10 3 20
75 181 62 76
240 67 12 39
23 310 124 126
189 7 86 96
470 429 67 185
286 344 20 37
592 596 4 47
337 478 106 187
326 412 54 62
573 343 8 47
160 235 4 25
125 196 102 104
119 132 103 146
559 598 81 102
346 411 22 34
578 39 10 35
488 548 38 80
186 459 47 52
510 299 7 132
479 262 29 34
215 539 89 94
330 163 71 131
501 48 55 157
518 593 44 49
401 187 137 153
266 236 41 47
161 530 4 4
366 313 45 47
36 568 1 1
471 300 42 148
502 472 33 40
166 541 114 119
189 85 127 137
341 94 16 49
16 117 13 14
175 502 1 34
65 52 61 64
177 115 27 89
351 420 15 23
463 146 46 52
505 579 9 60
391 276 5 16
279 97 172 187
94 238 68 98
511 173 5 8
99 233 139 141
399 528 139 179
115 384 39 47
307 439 16 33
226 331 57 88
375 84 7 11
292 342 0 3
538 66 37 38
336 201 28 65
324 532 102 153
195 226 125 127
473 169 34 34
114 502 6 6
356 15 19 39
399 551 22 121
572 117 0 2
61 529 67 108
408 26 105 146
240 224 19 25
392 555 36 82
161 12 18 118
54 351 18 50
566 359 70 88
9 166 93 95
456 148 29 33
95 72 15 24
513 23 29 34
327 127 14 19
85 421 71 72
323 334 113 131
65 513 41 58
226 179 54 80
221 180 46 53
491 316 72 74
14 256 36 37
138 88 145 178
108 142 69 80
273 438 26 30
150 237 57 150
385 136 69 94
279 186 7 13
521 200 46 76
148 378 68 70
579 572 24 68
175 490 14 45
414 525 8 10
339 495 42 91
188 442 38 66
478 13 44 44
197 550 66 66
402 116 99 99
472 574 76 106
154 204 178 180
267 132 15 42
554 333 54 92
99 121 67 119
91 191 118 122
463 157 81 95
520 231 43 134
515 254 29 52
197 50 38 91
528 537 105 131
71 17 153 159
528 458 8 91
446 342 27 96
405 395 34 34
182 308 20 20
79 261 3 6
135 107 102 140
420 194 20 28
209 519 25 26
487 301 118 160
239 390 47 49
61 496 3 16
531 522 135 142
532 414 136 163
250 195 125 164
395 140 122 158
265 477 31 43
486 446 79 95
275 208 5 8
239 366 7 9
296 335 5 79
305 41 133 142
50 393 22 34
532 45 7 29
53 71 62 79
213 98 30 53
57 157 54 61
162 210 6 13
454 364 132 136
134 412 111 112
178 155 18 43
166 86 104 120
431 244 136 158
211 232 35 45
56 376 30 75
80 140 46 143
160 314 142 143
454 427 14 44
151 177 58 63
151 256 26 33
532 394 148 151
466 228 145 167
3 308 28 114
332 380 108 111
212 127 127 152
366 373 50 107
61 528 2 47
391 97 35 95
49 127 92 107
309 126 11 102
260 261 13 81
189 271 67 72
23 262 62 90
36 498 86 119
204 144 5 12
378 394 66 84
322 257 113 120
519 78 56 114
54 316 125 143
140 372 69 118
233 595 82 150
584 486 38 40
94 344 21 61
128 396 12 12
123 201 17 20
96 100 98 108
224 112 57 170
548 97 89 121
99 143 12 16
156 188 39 43
514 436 10 155
421 201 26 42
507 164 51 70
137 565 22 26
252 325 52 74
226 342 37 42
351 519 130 134
553 475 27 32
89 517 53 61
20 509 5 10
72 88 98 142
416 22 3 13
496 27 19 64
521 496 47 47
555 343 17 19
421 481 46 80
592 140 36 55
571 407 36 71
348 550 5 9
390 527 43 59
472 113 17 37
93 564 10 128
490 423 38 41
429 555 97 97
440 380 116 117
104 538 73 90
390 449 52 74
408 61 51 83
509 368 38 39
97 403 60 90
188 10 40 92
420 423 6 7
236 52 80 80
329 11 8 17
558 354 10 40
81 75 19 60
165 434 122 148
101 11 45 47
83 215 4 4
145 51 99 109
45 81 27 46
545 273 72 117
359 571 26 142
75 597 100 100
442 304 36 43
296 582 88 95
12 249 134 137
417 2 31 91
67 247 158 160
208 100 68 96
125 136 30 100
555 344 92 111
43 205 9 10
131 157 31 48
348 304 64 78
380 71 13 83
495 34 103 103
330 484 31 36
505 119 8 123
193 378 75 78
512 240 180 181
313 588 126 168
12 45 5 67
116 1 13 111
315 137 28 30
127 269 28 28
223 119 149 154
513 487 43 49
456 358 57 57
592 260 84 101
372 354 168 189
28 414 65 159
59 51 15 92
343 577 61 62
279 513 13 30
30 43 5 7
586 65 21 25
357 1 33 33
83 282 26 28
333 110 34 52
261 300 16 73
523 89 90 102
31 332 17 62
215 520 114 144
240 35 127 156
47 289 16 111
113 590 22 22
135 100 134 159
542 112 39 140
443 550 8 31
47 221 21 27
579 164 42 79
537 194 11 18
576 56 96 112
590 118 33 35
428 170 0 1
157 6 120 166
300 97 11 26
418 416 128 129
274 86 86 92
361 143 43 52
513 132 8 9
80 394 0 2
237 98 25 37
361 1 25 118
564 221 57 137
270 423 10 31
15 327 42 48
37 313 22 29
221 586 4 23
394 520 61 90
543 435 16 91
216 507 27 27
133 357 102 120
293 266 35 45
33 542 126 143
554 542 1 1
345 489 114 133
7 283 45 120
59 251 10 67
512 391 62 81
261 91 13 111
372 326 122 127
441 397 111 133
16 408 17 103
31 366 56 56
358 387 67 103
291 352 76 82
302 214 42 79
461 56 105 113
398 284 11 11
527 427 61 128
487 496 27 66
122 57 7 47
62 229 60 90
308 369 14 14
372 178 89 128
125 384 12 14
354 402 38 79
65 287 2 7
273 203 25 72
20 581 28 47
596 77 9 20
545 114 4 13
310 237 166 170
284 386 4 7
531 21 16 25
230 128 2 14
221 35 12 31
256 408 11 77
332 409 28 31
517 481 13 79
422 454 5 8
83 253 6 37
473 18 47 93
57 582 123 131
284 361 124 135
414 336 112 114
73 171 46 64
571 307 10 125
58 397 72 111
473 397 4 21
188 563 9 11
561 386 42 82
125 482 106 129
169 594 32 34
301 329 72 79
285 32 46 55
205 331 67 82
417 267 10 25
235 529 21 105
220 346 115 133
60 402 35 39
334 89 101 113
598 82 52 69
159 299 142 155
496 8 22 23
344 38 55 80
589 454 3 5
386 288 50 57
405 592 11 16
512 60 123 129
76 28 16 17
51 595 69 85
236 403 11 16
511 591 78 118
414 318 5 13
159 436 105 158
330 267 79 85
178 148 32 35
465 541 135 140
188 285 98 164
243 311 16 52
186 87 54 79
108 107 129 130
73 346 102 185
409 345 88 105
312 283 85 101
276 499 11 20
567 514 22 32
369 234 75 104
550 379 2 5
373 26 60 61
429 277 100 162
110 496 7 75
485 526 104 113
132 184 4 23
479 453 8 51
56 78 65 101
294 6 161 161
248 290 6 36
321 137 7 58
254 429 76 85
99 372 50 53
539 444 120 142
198 420 54 82
324 291 69 125
2 346 50 98
355 283 81 89
592 14 114 114
486 154 135 158
259 60 101 113
420 440 106 160
388 366 48 106
246 465 64 156
202 179 41 76
382 57 8 12
158 314 117 142
154 497 48 51
502 388 55 55
162 267 12 22
8 241 13 58
297 104 99 105
495 299 84 86
459 580 5 70
50 187 22 28
122 47 14 16
100 505 95 106
42 580 9 10
368 434 53 81
53 422 58 91
60 17 120 148
225 82 84 88
287 225 61 63
597 393 61 106
179 447 0 1
212 261 21 96
170 71 21 31
142 41 126 146
322 167 116 137
558 172 4 37
360 64 63 85
292 196 0 1
542 334 5 8
487 113 119 122
369 179 81 85
181 553 29 29
59 149 79 92
226 591 52 52
1 381 17 32
532 244 82 100
544 372 5 5
466 282 5 18
59 485 92 122
466 324 20 20
173 484 50 79
59 65 82 92
544 547 59 69
162 291 0 3
355 106 56 103
526 564 81 130
503 552 37 98
107 317 106 124
448 202 63 66
262 446 134 135
447 408 47 55
320 23 27 116
187 533 93 98
72 440 133 136
562 295 14 21
507 456 146 162
146 114 20 23
582 389 90 90
265 222 81 132
112 488 103 130
181 570 29 35
336 471 20 23
442 211 14 58
369 482 8 8
436 391 102 169
26 352 54 72
48 505 1 21
25 460 46 104
226 267 66 92
103 544 40 44
561 511 102 112
340 459 18 88
442 340 14 32
249 0 44 55
577 48 57 64
418 491 0 0
86 366 7 110
504 191 14 25
566 223 9 37
263 512 0 4
326 214 61 130
286 573 157 168
261 60 16 18
382 537 169 177
497 498 25 43
122 191 62 66
526 510 92 167
494 540 10 104
162 507 0 2
58 392 32 69
358 441 136 136
511 266 31 37
593 252 38 102
337 170 35 35
147 494 15 20
514 397 8 11
386 74 55 82
597 326 61 61
296 238 8 21
26 8 59 66
24 359 123 130
91 255 55 57
382 595 28 79
513 559 70 102
35 359 129 160
236 408 154 157
300 296 16 20
501 331 63 69
570 380 4 8
507 273 30 35
376 597 68 87
187 209 40 50
198 319 22 48
466 2 101 107
161 3 26 28
508 392 95 95
262 425 17 17
365 478 45 66
374 514 29 32
339 105 120 138
504 239 14 16
449 582 15 43
572 248 31 63
597 179 3 24
338 496 38 82
78 13 23 47
313 286 16 21
395 302 54 102
379 548 14 14
129 220 54 176
260 178 16 57
105 309 47 73
574 579 27 33
300 486 58 120
500 341 145 154
69 577 17 48
384 506 45 94
357 36 19 56
442 544 69 129
118 559 11 26
385 409 73 85
126 90 33 106
180 381 51 61
456 227 25 33
225 233 59 60
150 69 16 79
120 193 13 35
527 162 21 32
22 302 80 81
212 159 39 92
40 490 38 38
146 474 18 52
109 340 129 145
596 552 62 73
361 39 77 106
114 400 2 16
448 416 53 137
419 273 35 68
67 520 29 40
271 480 53 62
379 529 123 144
212 493 13 25
51 366 118 127
335 59 29 29
324 210 50 65
22 71 80 114
538 62 11 31
542 269 11 24
402 271 60 73
72 141 74 90
397 449 9 19
492 76 75 107
132 197 85 132
169 29 139 139
78 434 8 15
566 372 70 83
456 529 39 40
482 236 42 134
533 321 90 91
380 581 19 21
89 38 26 26
517 328 50 57
584 486 25 26
406 293 35 93
389 216 113 161
448 323 5 27
332 213 1 1
492 598 22 43
448 97 53 60
83 544 10 12
183 61 115 131
385 310 39 59
140 421 46 119
552 464 58 68
142 410 8 17
470 485 30 32
346 292 58 77
574 319 143 144
140 466 103 119
301 198 28 52
360 376 13 28
527 459 84 89
99 74 103 111
555 271 12 19
236 294 6 11
577 138 105 107
402 357 60 67
248 3 81 134
281 1 19 33
512 83 85 147
578 357 30 41
580 334 35 106
100 369 44 46
458 102 32 98
349 592 110 145
138 224 46 78
32 334 6 12
376 337 6 7
473 535 37 95
78 538 19 33
40 571 36 73
566 306 71 92
191 119 94 111
190 274 47 52
512 214 19 27
371 293 34 103
438 148 43 116
195 164 1 5
130 351 16 20
353 554 0 1
397 19 55 73
322 233 125 131
497 150 140 145
322 540 7 8
304 115 1 20
485 406 42 106
218 397 100 101
58 6 18 35
47 262 105 110
486 586 54 75
107 376 68 111
582 370 9 18
83 431 8 15
135 181 49 49
346 495 18 32
45 7 14 20
149 588 37 45
411 347 1 2
119 570 90 114
269 233 3 12
384 333 26 40
294 143 116 122
454 219 26 30
208 212 4 51
20 77 91 96
272 572 44 68
392 530 52 55
482 235 75 107
436 235 2 29
419 368 53 94
546 223 3 18
298 72 4 4
519 182 25 29
393 346 58 58
355 152 42 110
41 453 127 143
64 571 2 13
18 247 16 35
36 95 39 58
455 562 136 153
531 525 2 2
63 66 109 126
407 114 8 42
183 274 8 29
44 244 9 45
239 537 12 13
208 296 145 145
405 508 2 4
284 546 16 34
455 325 6 24
221 575 44 44
586 435 21 68
133 316 135 181
195 156 5 18
156 579 46 56
507 71 15 49
273 136 48 51
526 315 6 18
241 492 17 19
160 424 80 122
280 358 70 78
575 209 10 44
395 399 2 6
514 267 139 157
548 571 36 37
103 327 6 6
462 455 41 125
269 223 98 125
244 484 19 19
338 430 123 125
218 63 70 77
4 588 42 60
130 272 31 40
593 292 93 99
306 322 3 36
333 126 4 79
210 53 52 128
14 398 88 88
535 267 79 79
331 244 29 56
541 424 8 21
243 548 23 57
268 291 102 117
430 145 54 103
524 55 15 17
88 247 155 163
51 489 33 54
156 530 79 181
393 267 17 66
583 418 31 32
231 165 16 33
551 467 173 174
509 226 39 73
314 540 1 1
261 557 8 15
281 327 44 112
58 355 19 53
454 239 41 54
29 85 6 20
108 582 105 106
69 53 136 139
527 362 17 88
9 316 17 20
35 216 15 15
184 59 109 127
316 356 110 173
346 141 8 14
449 514 12 12
143 304 25 28
564 387 65 66
502 135 12 26
358 345 15 16
183 423 30 31
594 206 135 147
107 466 1 1
137 360 40 82
65 286 36 41
422 366 11 16
542 37 11 37
300 218 9 11
32 41 45 90
315 56 2 27
132 64 28 87
177 313 19 19
359 29 96 100
163 311 33 129
269 240 125 173
145 507 91 121
94 224 42 61
24 307 3 23
72 545 11 35
166 432 147 157
89 368 31 36
337 469 17 20
290 431 9 11
237 241 52 59
33 449 143 143
293 68 29 35
219 426 4 25
525 178 43 92
468 188 19 21
430 193 38 100
185 318 6 11
477 564 0 6
179 408 5 5
574 6 13 28
134 9 16 19
81 349 90 91
13 432 31 39
252 357 61 67
267 439 92 125
39 471 31 31
237 56 43 87
217 430 102 130
8 372 77 114
21 179 9 13
12 345 39 62
92 569 25 27
201 391 16 171
300 530 38 48
466 554 10 23
289 390 14 67
155 105 88 135
109 97 114 186
253 470 32 58
580 261 24 85
54 254 40 50
354 139 134 138
350 415 67 85
255 493 5 7
355 210 134 145
348 141 15 69
374 566 46 94
290 140 28 30
490 268 16 39
210 435 10 11
131 575 128 135
301 121 52 53
588 570 29 44
467 122 27 83
300 204 8 9
373 459 105 106
99 233 97 134
123 71 17 19
55 364 17 33
98 186 14 74
404 407 38 67
300 442 31 81
62 376 85 106
553 497 14 16
140 302 44 126
231 161 41 83
284 219 11 63
465 510 86 102
106 338 64 142
239 151 68 73
260 232 58 62
227 170 21 36
247 20 5 38
309 380 135 137
12 230 68 84
545 285 47 119
400 421 24 24
393 362 61 61
92 159 65 126
186 184 79 89
235 586 75 76
331 427 8 83
221 247 43 46
133 209 28 46
265 273 56 61
537 418 84 134
539 345 0 0
63 434 114 118
192 484 60 67
180 64 80 107
41 416 144 150
75 403 18 19
159 108 81 106
149 238 5 12
515 39 5 22
319 348 32 92
565 276 34 101
201 582 20 34
101 458 31 39
77 85 14 18
2 185 12 51
236 504 70 112
224 567 97 97
512 568 113 134
376 262 30 37
326 447 34 46
558 57 13 38
58 40 17 93
253 453 39 62
596 586 22 56
319 241 22 24
73 486 28 28
140 552 26 29
224 259 42 42
265 530 20 59
340 573 31 47
468 374 62 134
140 2 39 48
59 206 35 36
463 572 29 44
40 304 75 77
257 64 24 97
164 182 44 71
557 225 11 12
363 381 19 27
571 266 131 137
330 379 57 67
65 559 48 66
343 303 126 139
159 549 6 6
556 41 139 188
238 105 117 124
16 534 12 13
263 406 35 45
387 467 8 52
101 271 31 36
520 422 41 54
595 302 117 162
243 301 39 42
370 294 88 103
63 180 0 0
592 7 49 68
369 470 3 27
134 567 144 159
524 41 11 32
448 374 8 20
39 61 85 86
79 252 153 169
446 285 147 168
82 460 15 36
576 534 121 125
213 387 90 105
340 45 127 161
85 396 20 20
495 42 88 110
35 520 63 70
92 491 38 71
468 211 10 22
478 510 7 59
300 57 0 2
435 128 62 102
281 482 93 93
494 275 56 60
22 442 164 164
122 164 67 108
253 542 72 74
456 446 14 15
483 515 11 33
348 351 53 58
441 515 10 34
454 142 136 163
483 354 19 82
383 221 18 78
230 535 54 64
458 234 99 160
231 59 66 109
525 435 104 126
335 568 32 71
289 6 119 125
459 445 90 92
468 130 95 95
44 517 8 21
114 89 78 130
129 392 5 6
72 211 18 19
264 507 60 62
481 52 53 61
255 582 128 129
89 297 34 77
139 365 63 83
357 67 9 10
246 336 51 68
111 109 3 3
116 134 58 86
572 114 22 23
525 97 92 116
251 427 31 49
364 61 110 167
379 423 142 153
36 37 78 91
548 509 45 48
25 459 86 89
538 227 15 23
145 364 0 0
89 449 6 9
357 487 0 4
329 114 131 140
308 423 59 68
11 345 31 55
206 586 24 32
233 347 59 64
315 75 100 127
566 56 117 117
71 256 21 27
329 477 24 54
126 360 8 19
177 253 42 43
574 238 21 63
396 377 81 87
204 459 76 106
11 131 57 104
248 270 14 96
123 582 37 56
61 339 24 84
75 486 13 47
568 10 54 55
346 512 109 110
437 368 9 21
320 88 83 90
203 492 72 74
154 415 74 108
115 415 71 72
72 267 89 91
360 555 10 10
190 548 24 45
376 0 10 16
450 348 77 112
275 269 144 146
203 479 53 152
537 472 124 158
9 509 61 64
404 273 92 107
541 33 104 112
263 278 124 136
344 490 24 41
237 247 14 22
304 14 49 53
394 75 77 95
56 264 113 116
207 347 65 65
184 505 45 73
478 520 22 38
30 134 106 106
473 354 21 50
566 394 40 44
410 104 18 55
498 233 17 26
296 548 65 80
246 74 41 58
499 172 87 92
113 93 57 67
423 387 18 24
475 458 62 127
403 123 4 31
575 296 37 79
458 181 10 44
440 87 82 99
2 403 95 134
366 17 109 138
269 280 68 105
472 197 13 39
14 63 129 150
450 507 83 129
161 478 17 69
401 400 6 42
64 440 40 55
429 342 94 115
276 387 90 90
146 596 1 1
215 153 84 96
69 175 29 56
515 503 41 57
483 217 15 23
61 55 138 143
203 230 36 152
215 595 4 5
521 465 3 3
587 4 34 47
561 315 6 52
329 264 6 7
36 550 45 51
65 283 27 101
217 304 9 70
97 461 114 149
11 348 78 117
304 36 12 111
83 65 103 104
589 239 52 72
222 21 55 61
161 353 152 184
162 15 164 176
210 21 8 68
126 267 55 67
0 574 46 82
13 458 86 153
473 533 19 65
71 473 20 172
83 156 60 71
202 349 173 188
391 253 91 94
41 15 141 162
427 566 7 92
451 42 29 32
90 132 0 13
440 544 36 160
488 308 0 4
588 150 33 168
187 379 71 88
201 126 73 73
576 374 35 59
110 539 139 146
112 44 109 116
356 35 23 69
152 321 6 25
428 170 66 153
58 48 6 8
113 399 13 24
378 52 73 83
451 21 20 48
270 182 52 60
520 322 86 93
32 460 44 79
134 69 1 1
225 213 12 31
505 375 43 134
310 378 122 125
478 524 9 29
206 79 88 96
509 329 12 12
238 526 2 8
171 181 129 142
229 357 14 31
128 264 107 134
544 439 180 185
234 235 100 120
154 319 65 183
96 491 1 4
13 552 99 118
334 104 51 63
72 176 70 107
279 144 81 94
464 317 71 97
411 202 5 63
568 407 93 99
150 205 17 31
401 459 71 165
410 344 11 13
212 459 55 94
169 237 42 78
235 570 31 41
450 82 5 13
566 303 15 25
508 507 45 53
541 412 71 104
468 207 59 72
441 127 87 91
0 374 15 15
251 287 42 44
0 7 25 108
420 449 37 75
104 538 12 12
57 593 41 91
15 74 7 9
232 116 24 123
18 102 20 71
108 329 25 31
374 320 85 162
482 180 34 53
166 331 69 98
571 385 29 31
515 295 7 74
53 222 5 5
300 511 74 82
201 493 60 67
430 136 37 43
391 126 123 136
176 57 0 6
117 79 10 93
210 452 80 115
425 267 2 39
380 394 6 9
58 480 8 86
241 415 68 73
527 278 83 108
70 375 28 29
479 36 18 27
113 157 47 54
403 320 106 108
74 80 140 154
499 387 55 57
479 236 31 166
120 229 28 35
464 75 28 47
418 303 79 176
77 427 5 40
561 327 5 90
338 7 4 6
97 395 31 60
297 241 10 14
241 285 132 132
409 69 51 51
538 471 31 36
537 488 136 143
215 412 57 147
20 158 89 91
306 301 15 18
7 154 123 125
542 400 108 135
3 98 0 0
421 551 81 122
42 209 27 37
180 474 40 42
578 149 49 64
390 11 35 36
480 316 76 131
334 573 82 121
301 107 4 5
4 7 30 124
2 579 56 100
562 581 67 81
429 395 106 130
534 258 16 36
250 468 37 51
217 550 36 39
318 501 104 114
400 413 72 94
330 541 29 49
586 557 13 23
319 370 3 5
183 453 46 59
444 195 92 128
151 541 27 29
164 282 26 85
288 514 168 168
97 219 16 17
220 202 32 36
89 375 106 131
517 234 28 31
346 281 145 147
190 197 34 38
489 216 9 37
292 157 26 183
521 274 15 30
8 415 38 63
476 567 12 34
163 77 147 164
220 584 8 60
372 107 68 90
201 338 17 17
146 389 9 22
454 155 111 171
433 291 96 119
99 351 59 142
13 175 6 9
272 569 58 73
129 369 4 7
281 225 27 130
24 519 62 127
390 95 21 80
154 437 13 21
408 110 31 68
227 112 17 58
39 408 24 26
568 341 35 59
489 537 22 23
141 462 61 61
99 253 16 34
452 318 75 81
264 579 28 66
596 429 120 128
23 400 11 57
255 146 48 82
353 224 41 81
304 335 32 57
366 460 24 33
484 551 96 141
154 182 48 143
164 513 2 6
221 395 8 13
428 376 2 12
345 411 72 74
113 6 18 84
517 515 58 64
30 584 95 116
281 273 8 8
491 300 17 17
437 299 165 177
183 284 133 158
513 423 29 42
483 35 27 76
594 380 14 20
222 69 82 91
326 499 16 17
32 188 101 102
244 206 34 55
292 363 130 161
72 163 52 134
321 147 85 172
142 489 38 40
434 279 17 34
558 186 50 109
271 194 7 12
280 77 4 22
192 594 34 74
14 69 53 76
267 474 32 42
545 93 60 69
10 183 3 3
172 79 86 117
560 183 30 44
280 74 15 86
202 436 30 30
342 189 27 81
185 249 66 101
477 422 33 69
364 526 87 92
504 268 58 68
298 247 48 95
382 594 112 114
259 527 87 101
259 441 35 35
91 286 92 164
534 484 63 78
471 138 48 67
348 425 11 11
329 22 16 18
151 581 28 59
293 35 1 8
533 209 19 33
495 363 0 6
351 313 85 141
520 126 89 90
520 0 117 131
129 321 13 95
457 391 9 10
573 425 8 35
130 319 28 101
355 432 69 70
507 503 27 37
348 269 22 39
133 419 0 15
269 176 130 140
160 154 64 127
551 149 118 124
275 49 28 36
12 123 15 90
330 192 41 68
26 498 88 180
125 31 11 121
547 244 10 75
9 243 11 47
41 307 15 169
478 66 31 70
301 556 73 103
460 404 88 129
487 538 148 150
428 463 20 83
229 256 5 5
561 62 9 15
360 255 144 152
109 574 10 29
125 575 12 39
379 195 30 30
253 357 59 64
252 145 38 40
459 389 2 33
312 568 8 9
119 230 120 137
218 521 39 39
343 593 20 28
244 83 10 24
150 556 7 11
464 375 21 42
566 492 20 40
532 349 38 81
48 281 112 137
131 240 129 171
104 519 101 109
206 167 44 151
429 189 36 43
359 576 153 188
106 270 82 92
319 566 80 80
294 311 17 45
550 266 2 5
243 58 32 33
124 329 120 158
312 511 46 144
155 177 80 110
98 318 62 75
586 65 74 76
74 579 3 4
318 105 109 123
199 462 77 77
363 338 34 38
3 84 30 76
162 499 114 128
438 42 17 31
258 196 58 64
325 242 53 140
351 228 55 123
529 55 66 95
432 474 5 7
433 18 5 6
239 286 50 74
354 406 55 60
329 206 120 137
59 64 53 57
207 224 78 141
521 331 19 34
359 437 114 120
530 199 102 123
257 97 32 66
499 182 127 129
358 82 104 106
371 574 110 119
470 10 1 2
149 437 147 155
504 248 6 34
364 280 14 33
134 37 17 30
303 175 13 15
253 563 117 117
497 455 76 89
419 257 27 32
376 494 83 87
241 566 56 92
466 582 27 39
47 63 3 37
64 55 14 44
111 448 58 140
334 232 57 97
549 300 91 163
162 155 92 108
27 516 48 98
453 597 7 15
37 47 14 21
464 120 43 44
106 268 29 50
356 19 12 34
113 376 90 93
362 594 11 16
111 5 1 20
219 55 132 133
402 126 76 120
375 221 54 136
458 180 44 60
328 298 34 53
130 548 67 87
468 420 119 134
576 525 14 76
146 7 6 10
20 165 41 48
586 377 51 51
117 438 12 15
596 326 65 68
46 350 176 176
519 351 64 64
428 269 70 71
50 464 27 72
514 39 88 92
38 193 31 125
544 102 31 48
9 158 26 62
246 275 58 144
559 131 3 6
310 129 12 15
129 474 19 100
233 304 36 41
214 94 110 119
8 122 22 105
236 432 49 171
540 67 44 114
440 468 7 17
562 196 107 119
384 426 12 23
545 443 14 25
501 111 53 106
408 184 49 121
470 233 6 21
477 376 99 99
298 583 37 43
544 406 36 91
501 256 14 14
371 97 16 55
100 384 26 68
289 129 17 66
369 192 31 73
425 572 11 18
22 561 73 78
254 181 7 7
313 450 63 79
136 442 81 98
190 437 67 68
57 151 32 70
445 381 136 137
249 217 57 100
327 509 100 101
412 353 22 40
47 221 3 4
122 484 18 21
11 470 50 64
154 554 4 31
371 303 40 60
38 504 9 18
170 57 20 21
251 323 15 68
245 565 9 11
182 91 9 92
122 331 19 41
313 416 45 49
121 422 63 79
568 60 22 24
491 269 163 169
135 474 39 59
463 362 28 129
540 170 3 33
473 577 30 37
75 587 11 13
509 425 26 41
588 171 44 83
343 190 102 106
156 24 73 167
294 360 3 3
337 432 66 76
59 213 45 71
43 216 14 117
96 235 168 169
575 427 161 165
77 439 63 125
477 128 41 63
244 285 52 55
278 245 44 103
399 576 87 88
423 199 6 70
578 330 69 79
549 368 109 123
42 445 22 54
581 589 11 37
361 538 109 149
253 310 63 108
251 183 13 18
583 55 1 1
403 503 12 26
95 141 16 140
72 428 4 24
349 66 72 79
62 111 0 1
404 330 13 14
544 157 5 17
9 318 121 128
387 52 1 2
562 404 129 130
528 151 75 90
432 378 42 53
99 305 18 40
17 558 41 78
404 390 56 65
577 553 9 36
316 356 4 33
177 237 60 121
430 350 3 14
498 26 18 24
148 571 36 78
352 135 59 101
553 312 18 64
254 475 82 88
113 382 139 161
155 390 10 11
91 394 10 158
9 243 8 12
510 484 116 148
588 408 50 86
124 433 6 6
415 592 111 129
256 167 11 25
204 510 29 51
347 398 5 66
275 413 49 76
112 531 34 123
524 562 1 10
121 521 8 50
315 126 1 2
350 289 5 8
139 279 3 6
130 160 3 4
160 415 7 10
569 93 77 81
308 333 13 114
286 273 16 176
109 60 109 133
538 374 23 54
351 66 25 70
536 347 33 96
207 323 86 116
303 337 32 68
96 291 3 21
428 420 66 148
254 238 4 7
475 405 32 62
581 129 75 83
375 452 59 86
378 577 145 155
235 465 23 30
278 338 83 126
580 348 35 122
192 486 7 13
61 377 67 93
195 53 18 61
513 20 21 36
357 350 54 87
165 195 11 12
140 540 8 12
202 331 26 116
569 553 9 15
546 142 28 60
437 47 40 77
530 117 88 123
463 470 36 73
216 443 34 39
269 134 53 101
469 374 46 66
264 474 34 52
465 366 36 66
431 150 13 25
73 348 5 9
23 28 34 41
460 199 5 5
26 152 105 123
537 447 18 21
213 509 1 6
556 8 26 40
109 103 24 39
436 107 2 17
235 179 60 103
274 344 59 70
384 406 16 37
11 508 25 83
590 211 6 68
296 553 125 151
310 167 32 35
360 479 11 22
126 155 42 54
43 218 45 46
202 304 54 79
237 258 1 1
566 420 37 101
475 261 31 33
448 474 57 59
454 525 3 7
149 459 150 159
230 10 54 98
308 210 3 11
593 171 42 121
157 573 45 81
277 58 12 63
163 152 40 73
543 140 135 149
66 445 40 51
40 240 40 56
522 386 11 40
2 383 4 46
133 119 13 81
286 292 44 137
53 299 42 48
166 574 184 186
277 420 9 77
47 256 67 143
583 499 28 53
236 5 43 66
198 304 101 159
15 105 70 92
398 153 24 110
467 300 51 70
588 348 14 136
130 589 46 46
34 151 58 61
239 22 8 27
6 52 77 126
451 58 26 71
563 298 19 38
82 149 43 67
498 152 22 29
159 215 89 126
145 428 86 135
279 449 41 131
9 173 65 82
76 598 156 168
367 232 18 42
489 585 141 144
226 99 134 150
368 239 89 100
560 457 22 84
21 584 0 1
64 228 95 173
217 155 27 29
237 459 68 69
267 15 35 63
585 202 31 45
225 501 25 32
543 34 27 29
145 30 78 128
38 210 8 30
535 132 25 82
470 75 18 22
510 250 58 62
479 227 17 26
452 393 8 22
232 355 4 4
538 303 52 67
578 214 25 26
195 79 42 44
482 232 135 143
559 492 0 0
17 84 34 53
464 490 28 60
303 130 0 2
582 29 137 140
284 113 22 28
338 485 84 88
90 596 35 35
173 554 3 6
89 190 136 156
285 198 86 140
274 195 114 135
212 589 119 140
547 369 131 133
24 234 31 38
244 324 9 10
510 393 100 107
400 339 56 58
170 237 64 78
35 427 103 103
470 40 60 158
3 320 48 59
570 483 20 115
142 293 66 70
447 395 55 141
164 356 70 70
317 142 29 37
400 110 12 17
388 548 111 124
272 338 21 21
547 45 11 16
514 358 48 72
104 332 0 0
146 117 43 86
543 129 19 31
544 512 45 56
401 74 18 19
525 51 7 26
398 54 19 45
424 120 18 54
179 391 27 46
524 211 18 29
126 587 58 130
156 595 14 15
382 406 114 152
75 364 12 28
127 134 32 34
461 466 39 71
591 164 12 27
463 199 112 114
443 389 75 166
179 491 167 168
515 312 14 22
404 10 81 115
158 569 87 92
547 72 18 36
415 91 32 63
11 3 9 19
327 230 169 169
114 482 40 77
212 457 92 98
277 249 31 33
501 338 27 31
259 494 7 20
507 65 22 37
332 447 44 50
21 146 185 186
28 536 38 88
418 388 41 51
303 48 89 101
348 118 36 108
33 30 40 94
498 517 96 141
335 504 7 11
266 494 16 33
495 251 130 170
555 99 47 80
345 347 45 50
435 290 1 1
497 84 39 61
580 399 11 16
114 380 33 46
187 562 127 155
428 346 43 74
28 79 64 88
221 77 55 154
230 347 76 86
356 53 12 14
515 292 7 13
415 313 38 38
173 283 154 176
123 1 24 25
305 351 34 82
505 580 69 173
355 364 45 54
68 515 14 27
35 305 55 55
457 264 106 121
323 350 2 23
407 149 88 95
206 296 32 37
478 546 7 10
361 184 77 85
340 77 170 178
120 569 25 70
564 360 125 132
253 282 31 67
447 585 30 51
438 43 56 64
147 88 118 122
415 109 7 7
393 166 146 151
369 341 91 94
554 40 121 133
175 169 5 8
281 61 39 57
219 253 9 65
465 564 81 92
192 243 68 84
255 207 32 46
500 415 9 58
489 45 114 136
585 29 46 59
191 258 1 2
175 432 110 136
519 96 76 173
197 357 17 17
499 68 96 128
323 106 75 80
426 46 17 23
515 23 65 66
467 33 124 126
464 505 57 57
565 161 20 72
435 411 16 27
26 364 83 96
112 271 14 147
259 75 18 29
295 362 44 61
330 124 19 66
144 79 48 53
33 6 186 188
479 154 92 111
412 38 72 72
518 399 12 47
463 273 72 74
146 163 41 61
330 205 101 125
330 531 23 33
57 1 102 105
137 59 76 116
331 455 91 92
553 524 114 124
203 36 48 75
473 462 22 38
161 539 0 5
334 118 40 80
469 105 44 153
295 60 40 67
350 42 51 141
276 221 66 82
517 314 75 81
12 407 14 22
289 276 33 36
211 556 17 19
13 239 42 46
567 138 70 70
378 458 69 161
1 237 11 65
496 345 83 132
328 274 76 175
569 578 42 137
350 542 111 127
418 283 136 158
492 6 69 71
19 472 65 122
302 575 47 54
175 333 16 16
593 582 44 114
248 137 5 6
547 486 52 57
400 211 45 50
465 423 9 30
527 361 62 70
172 451 33 35
594 234 80 83
20 542 2 5
64 72 11 14
538 470 17 23
241 372 5 33
427 246 67 68
472 416 41 48
350 595 72 99
88 425 133 134
359 6 64 77
547 362 111 111
322 252 111 127
389 50 2 8
135 164 21 24
562 564 71 106
52 315 22 50
471 214 68 84
261 467 109 130
268 163 132 132
117 378 17 56
280 476 54 67
210 167 77 80
239 170 62 63
140 325 15 17
15 497 176 177
39 503 131 145
305 3 35 46
463 438 31 35
83 549 83 85
141 201 36 40
589 291 46 49
538 58 35 66
230 58 34 39
163 172 43 50
456 90 61 83
469 100 47 112
411 326 19 40
520 371 11 45
486 31 134 140
499 352 2 10
418 232 21 33
91 299 49 118
486 441 37 43
279 517 4 5
544 479 11 22
397 260 20 32
582 87 101 121
258 124 12 13
161 96 27 57
208 511 50 66
515 519 8 36
145 343 3 23
220 325 65 73
236 302 100 124
21 294 3 5
452 388 1 1
191 377 34 103
404 206 17 50
459 228 48 85
319 390 1 5
115 476 37 42
71 170 23 24
460 253 61 63
24 246 115 161
314 300 40 43
508 295 23 82
332 255 83 125
162 363 12 26
169 85 55 64
564 19 9 14
249 434 31 53
87 511 11 14
495 78 8 11
19 124 90 127
586 492 67 85
205 3 3 28
525 251 51 59
53 537 24 70
21 265 69 95
335 479 34 96
144 163 112 155
580 108 2 13
260 125 15 17
294 238 68 124
435 99 16 16
534 214 6 12
127 159 4 9
441 146 74 94
340 565 128 147
333 198 53 115
124 570 169 177
113 162 42 51
165 20 7 37
259 310 55 108
230 468 13 59
173 137 38 42
63 260 49 123
372 3 34 113
158 243 139 142
432 362 83 94
71 566 42 47
48 225 32 32
569 345 0 10
393 238 9 21
569 187 14 15
358 81 26 28
105 209 112 129
469 214 94 141
215 389 141 175
418 304 70 100
597 506 79 114
73 441 37 131
382 108 86 128
3 396 21 54
378 419 109 153
146 329 18 64
228 191 37 56
3 266 45 53
407 66 6 34
220 451 2 5
390 571 70 71
494 90 20 106
340 60 70 131
85 359 14 64
127 532 51 58
225 338 24 81
97 373 24 81
137 359 6 6
422 366 91 101
171 592 63 113
76 279 36 83
271 133 25 47
476 63 71 118
194 295 160 160
317 92 9 19
568 348 8 22
438 394 92 98
28 221 54 88
266 206 34 49
547 222 190 190
209 339 36 51
571 430 124 146
107 80 0 0
536 29 11 47
88 551 101 110
258 581 96 102
404 427 121 122
542 375 93 164
285 311 13 24
540 340 21 80
566 297 47 57
357 512 106 130
157 515 87 90
37 213 19 86
466 472 8 23
193 539 16 32
414 478 20 47
319 421 87 126
341 35 118 172
546 196 71 142
327 145 47 67
125 13 13 19
109 302 65 70
263 252 10 14
496 568 6 11
414 543 171 172
73 552 66 68
142 107 168 169
18 468 111 111
37 249 27 48
475 286 63 67
510 445 17 46
41 316 13 68
468 153 24 42
350 67 9 10
536 472 71 102
150 164 53 91
222 232 89 117
448 381 110 170
578 504 63 66
171 264 27 91
422 367 131 134
36 343 15 19
98 590 17 100
534 494 107 115
52 109 64 127
493 46 23 35
486 223 8 168
24 206 5 15
589 559 2 2
549 380 52 54
561 452 2 3
430 503 54 72
12 291 16 62
368 202 88 98
354 482 64 65
405 199 62 84
195 4 14 20
408 98 109 119
323 137 12 13
221 506 88 127
44 553 6 16
243 551 42 99
561 183 1 13
531 299 170 171
573 15 134 189
356 564 146 154
580 504 40 56
154 314 107 107
118 16 119 134
34 445 168 179
433 120 1 1
321 231 73 83
161 452 1 10
294 51 62 67
429 454 31 39
40 560 54 88
587 550 74 126
172 70 79 93
85 163 14 24
347 8 38 38
354 88 20 22
13 562 133 146
138 253 48 115
152 316 128 144
414 428 11 40
262 562 50 51
464 167 27 27
424 491 121 152
239 484 91 133
136 243 58 64
133 336 34 38
278 219 103 117
321 128 103 106
33 574 77 101
359 501 38 38
346 448 25 71
470 43 11 16
53 304 1 2
150 580 85 85
560 513 26 45
58 238 72 85
362 183 93 114
74 77 6 25
323 393 167 169
435 167 5 27
553 472 76 110
185 72 19 61
415 200 34 50
64 63 14 51
71 541 134 140
145 569 34 34
164 210 81 93
327 240 6 35
195 127 12 64
418 569 40 107
476 14 120 121
77 274 31 102
512 572 107 118
583 93 44 126
14 441 49 86
479 177 2 7
534 203 42 55
580 23 8 86
510 86 163 164
125 390 73 102
421 237 90 93
525 514 47 76
537 569 9 18
10 380 72 125
28 472 105 175
316 9 82 92
422 230 40 63
118 171 8 23
395 2 92 122
442 332 57 68
112 487 85 102
479 565 42 46
15 237 62 92
177 109 2 4
271 282 23 110
101 343 35 116
356 480 49 54
9 520 6 13
442 301 0 0
112 143 112 125
268 592 13 36
471 71 9 9
498 140 79 80
177 408 77 77
205 285 38 157
360 422 75 91
55 76 18 99
342 204 1 4
543 170 54 135
58 299 57 60
344 207 56 84
281 502 1 4
193 419 8 28
340 214 25 59
293 403 44 46
39 158 72 91
350 149 92 92
292 214 17 45
251 501 77 98
103 580 25 69
563 341 38 41
537 264 8 17
441 489 7 85
524 569 17 23
102 24 20 26
370 458 43 45
174 301 7 89
160 175 18 22
288 496 23 44
340 333 91 92
331 87 21 116
46 69 39 42
131 440 16 113
556 90 5 5
308 302 68 68
501 421 88 101
254 47 14 42
564 104 29 29
129 358 9 103
71 118 52 73
330 85 4 31
183 243 170 174
579 434 77 124
377 378 63 74
544 550 5 10
13 287 122 136
78 150 95 117
269 21 9 113
271 148 28 41
513 317 7 15
431 521 17 40
233 453 12 16
296 430 2 5
573 466 0 11
271 41 128 144
504 280 128 155
65 141 137 165
285 391 126 146
589 501 4 9
586 39 114 120
242 424 23 30
43 317 47 59
554 485 17 19
208 532 73 78
84 315 41 144
521 115 103 124
31 305 62 69
131 383 131 141
93 79 10 27
444 147 3 32
498 29 2 6
115 346 150 155
27 531 114 130
470 115 49 61
298 587 2 2
163 596 26 27
424 226 8 17
346 100 26 30
174 36 20 23
321 493 49 55
590 274 75 77
258 36 86 95
583 18 43 43
332 517 50 82
165 202 54 60
422 10 124 181
39 204 26 28
424 456 10 103
354 225 80 97
238 321 133 173
464 485 17 29
267 20 10 33
255 416 70 76
163 90 71 81
391 358 3 4
190 230 1 12
193 426 99 148
542 8 2 20
412 469 27 37
240 117 64 97
186 224 11 75
559 577 17 20
374 178 6 71
370 183 9 37
243 329 16 18
440 188 90 132
424 156 69 76
360 409 29 45
378 72 75 96
382 451 101 109
14 104 18 18
318 396 54 94
299 182 72 87
598 313 52 59
466 205 94 96
531 363 43 137
262 563 44 51
542 583 3 25
32 357 46 46
579 519 117 120
565 439 76 114
416 402 92 106
55 306 80 94
297 17 53 63
487 88 0 1
375 270 15 28
267 171 43 44
216 29 164 172
508 373 65 89
592 531 14 85
148 525 62 67
1 461 92 134
158 446 28 33
303 56 54 115
296 357 33 35
484 330 80 82
148 444 8 27
152 5 17 25
126 480 115 116
487 444 42 53
534 78 66 79
230 303 53 77
115 247 25 45
440 113 106 119
92 251 62 89
89 456 71 71
37 337 96 118
477 553 48 49
195 232 98 116
594 101 8 21
460 416 115 127
442 523 112 141
362 587 24 56
182 140 6 7
211 442 53 53
455 442 99 104
10 532 60 103
58 544 9 10
331 490 85 120
34 409 57 96
371 167 5 69
443 415 61 117
159 110 9 23
595 542 32 32
354 294 80 89
308 571 59 83
191 21 37 41
21 376 55 110
325 404 99 177
388 450 13 13
472 427 28 68
286 502 36 44
491 189 12 56
80 223 5 6
470 194 14 15
93 228 12 17
63 261 93 104
215 227 121 129
30 186 5 16
143 342 19 26
524 559 81 157
377 38 30 35
598 593 103 117
461 101 57 97
133 306 3 8
228 374 158 160
65 243 150 156
421 63 44 126
187 42 29 110
100 485 95 140
116 146 50 88
140 261 89 99
66 211 49 51
130 357 107 125
227 396 52 88
26 411 68 68
321 38 22 43
413 377 13 20
502 212 13 52
237 355 37 44
423 117 11 14
250 196 98 103
538 531 162 165
262 399 86 105
149 593 15 50
140 518 108 163
192 341 58 64
15 113 2 3
497 414 69 99
162 595 160 165
172 257 22 41
382 584 24 45
109 95 2 3
87 124 74 93
516 330 52 100
520 162 173 182
332 319 28 35
10 114 67 91
179 39 28 47
88 15 74 87
163 53 28 45
431 256 96 98
448 297 23 72
412 147 27 73
423 96 35 60
385 79 20 35
309 228 12 89
380 41 12 14
69 443 57 66
2 311 76 123
330 506 21 85
128 177 15 36
239 293 22 139
87 247 18 19
71 144 17 87
469 235 4 9
414 243 7 9
417 513 77 144
174 147 120 144
386 252 58 105
428 194 3 3
409 264 0 2
29 543 146 152
228 529 6 6
116 178 9 45
582 598 10 44
5 394 1 1
484 185 33 46
71 242 74 107
151 120 103 118
255 592 29 36
377 402 10 15
433 542 109 109
323 518 65 115
485 292 38 48
20 338 61 102
345 12 38 45
162 411 11 11
451 394 27 40
330 559 61 110
405 35 56 82
203 173 82 116
71 69 107 114
294 120 49 61
56 433 26 27
544 110 21 24
119 250 47 177
430 241 83 85
517 568 1 8
39 180 132 134
490 262 19 97
593 529 80 103
36 500 20 104
43 304 33 62
115 108 29 136
442 439 0 2
408 263 78 81
596 27 45 47
488 452 30 54
84 593 96 105
416 186 106 156
348 220 161 165
345 337 0 0
320 352 63 73
81 363 133 142
399 489 38 40
458 511 28 29
175 265 23 36
544 586 78 79
245 141 81 84
438 15 110 138
508 97 12 20
28 442 62 86
312 292 90 105
510 60 15 24
484 47 37 58
1 126 7 29
468 239 59 84
222 494 152 154
198 499 46 168
297 534 11 11
513 275 2 22
530 65 81 139
2 267 45 78
521 522 47 72
277 183 51 54
65 469 43 58
96 429 13 15
210 400 174 174
202 165 24 90
276 476 45 96
294 595 17 87
476 381 109 112
450 557 5 35
279 270 116 117
221 95 5 8
400 580 109 109
446 113 78 85
304 341 16 77
386 585 50 52
227 463 57 90
302 299 39 54
349 294 0 6
503 293 82 126
515 169 1 6
498 106 149 165
171 6 12 13
366 459 41 62
483 43 11 12
552 488 7 145
454 591 3 4
259 538 24 43
383 273 4 6
487 205 148 170
433 271 63 73
298 479 92 93
240 467 56 92
530 176 5 47
483 513 49 56
462 495 43 71
96 540 0 2
258 46 134 135
593 493 42 61
175 48 46 48
164 156 6 34
201 556 19 30
152 389 15 16
550 36 54 76
74 517 69 77
310 33 121 130
164 239 18 48
371 536 6 6
562 319 49 68
262 353 61 89
350 468 78 82
305 295 17 18
155 357 22 22
343 494 10 22
557 160 46 88
297 209 62 68
472 568 12 36
141 215 113 146
3 354 15 56
517 324 0 3
141 158 61 87
77 401 12 54
358 558 53 60
80 211 6 7
436 566 37 106
29 39 59 82
375 361 116 152
115 171 142 149
537 484 7 27
319 264 40 59
155 458 87 96
67 500 25 36
279 111 47 69
11 448 11 17
287 597 129 131
120 361 17 152
385 159 23 31
161 72 62 114
522 19 38 66
225 161 125 130
386 175 30 30
32 264 9 13
274 316 14 26
146 577 31 83
514 419 0 4
27 124 38 86
543 381 34 47
38 587 77 94
276 22 103 171
462 324 77 93
25 580 29 39
368 581 8 12
279 225 55 65
371 206 61 174
590 13 106 163
295 166 40 47
190 590 6 23
122 541 41 86
369 423 59 89
412 223 53 93
15 475 38 79
416 79 45 53
456 241 3 3
319 36 43 45
491 296 72 91
344 549 3 9
94 88 93 104
161 580 38 56
115 492 52 72
132 418 134 149
183 565 182 188
29 228 28 123
295 210 43 67
522 588 44 51
176 240 4 7
541 411 19 22
580 298 86 89
3 201 59 62
291 336 70 70
208 200 12 13
431 280 115 153
475 89 13 13
593 22 59 60
478 51 135 149
514 543 117 128
507 258 4 7
84 403 36 41
131 411 34 42
376 457 17 19
131 57 97 100
317 417 26 26
391 379 62 92
479 46 47 68
118 514 165 165
215 341 4 24
382 478 78 140
40 379 7 17
329 113 61 78
598 584 26 117
499 197 5 9
475 1 77 83
531 122 27 38
469 562 53 76
107 432 25 26
163 264 132 175
12 58 40 50
82 127 57 90
127 355 66 86
58 391 4 10
337 234 2 5
300 423 28 70
499 425 60 121
309 1 83 88
343 122 108 126
127 416 86 93
258 481 97 128
92 128 20 91
118 404 4 5
26 274 27 30
135 570 68 72
426 140 69 88
511 12 28 35
283 160 11 42
250 291 7 24
381 501 52 69
249 286 37 105
542 325 28 57
37 3 24 25
533 13 67 67
392 524 68 82
470 273 25 116
426 517 17 39
323 502 120 127
226 106 42 70
71 245 86 133
138 81 76 79
255 447 35 53
212 205 31 34
120 571 112 116
287 184 168 169
421 309 100 101
326 405 46 75
395 422 85 103
31 458 18 27
22 29 14 53
526 107 15 24
301 401 40 109
28 157 12 67
570 400 7 28
547 303 66 122
453 253 67 67
4 105 181 182
505 64 1 1
141 597 57 72
115 332 85 152
224 133 81 99
455 264 0 5
99 122 68 68
440 382 105 146
366 513 48 95
74 598 1 1
514 271 40 51
522 592 5 14
66 398 13 67
214 135 7 91
392 481 0 1
315 178 0 11
98 58 84 155
562 434 21 101
472 253 37 39
427 478 0 2
388 58 93 116
133 83 65 113
173 352 97 97
449 57 32 51
441 539 2 8
243 19 131 132
100 291 86 153
248 488 9 67
86 555 7 59
69 3 61 79
44 353 12 41
94 395 5 17
5 469 35 51
98 211 72 95
325 539 13 14
1 213 30 160
273 229 81 92
67 450 125 131
285 497 24 41
49 4 12 52
286 421 103 130
272 48 115 136
104 254 134 164
505 100 14 16
440 319 94 111
331 487 76 125
446 569 10 12
476 450 13 41
67 83 131 146
143 468 143 147
496 267 37 37
257 37 62 65
405 117 54 56
217 228 4 15
552 360 31 58
441 291 29 52
348 169 9 118
537 36 65 114
288 137 5 5
435 521 133 138
276 344 3 4
559 150 80 90
320 518 89 98
40 335 36 105
46 164 59 95
198 312 61 83
533 323 1 2
207 188 9 44
548 324 119 124
314 303 11 42
500 587 21 34
211 383 2 3
18 392 7 101
387 341 41 85
100 280 56 76
179 10 2 2
431 399 68 74
63 281 5 36
539 443 26 42
523 295 47 70
69 247 54 116
62 450 26 50
186 558 114 114
456 56 10 39
142 314 50 54
393 41 105 116
35 159 58 66
439 536 82 98
332 296 7 13
399 567 17 47
28 131 31 54
35 395 61 88
40 111 81 82
40 132 36 59
490 71 23 25
461 471 56 79
597 59 2 8
117 544 100 137
246 486 29 29
8 30 108 142
269 281 13 155
93 467 8 12
525 212 90 132
184 339 32 35
99 490 9 10
165 280 110 113
87 492 73 139
471 403 97 120
239 141 130 141
447 195 1 2
430 368 23 33
497 530 71 72
569 238 7 11
358 132 115 145
202 356 19 19
331 87 2 2
454 488 74 120
173 153 8 9
587 134 43 44
531 188 59 87
488 509 96 110
598 326 15 21
347 158 9 12
373 454 58 62
181 423 87 89
144 365 8 13
573 37 109 115
551 564 83 84
60 413 37 50
293 315 14 38
332 361 55 55
589 148 17 67
388 417 34 35
122 316 1 3
314 8 3 32
83 162 5 11
155 101 38 75
595 441 16 117
44 577 4 14
520 312 72 73
537 507 139 169
470 239 100 120
125 553 1 10
121 422 53 59
11 441 124 134
7 407 5 25
252 531 74 100
305 111 17 20
466 58 131 136
107 325 126 126
150 146 87 139
83 277 47 56
109 197 77 127
39 245 48 53
171 424 88 115
65 361 18 21
312 429 13 13
429 388 70 173
173 560 39 136
506 561 3 13
572 372 38 86
313 553 4 7
346 285 35 59
548 412 157 170
459 271 25 31
520 118 28 69
357 398 43 49
252 178 47 72
410 33 6 8
170 522 43 62
102 318 28 82
205 470 15 78
327 547 38 104
424 472 97 135
490 24 22 43
447 367 69 72
201 139 62 81
495 293 31 40
496 186 12 26
146 393 11 18
385 363 118 133
200 298 55 92
473 160 55 89
527 454 11 11
119 98 63 111
125 480 141 146
341 153 20 57
434 33 13 54
413 590 32 34
312 207 6 42
125 366 71 99
140 43 31 35
74 551 52 70
545 491 92 174
142 68 28 88
166 149 45 64
502 7 43 43
355 258 14 15
504 577 6 23
578 40 135 157
546 218 87 89
455 490 31 101
136 316 153 156
352 337 40 61
81 533 71 71
331 273 34 80
245 582 43 77
344 203 11 26
345 578 35 36
414 413 8 37
77 295 58 62
594 118 4 76
310 35 50 72
286 73 23 36
242 278 97 99
297 282 133 169
463 36 24 27
436 2 35 51
272 26 125 177
218 255 52 56
473 547 4 5
269 180 3 16
521 143 7 8
133 489 63 82
13 304 22 31
181 346 181 191
418 310 70 132
71 505 82 93
55 253 113 139
338 501 23 32
275 502 17 29
335 534 91 102
107 185 45 54
573 123 76 89
370 470 118 136
36 203 3 16
596 254 7 76
19 349 0 0
109 302 1 24
406 330 99 152
126 338 4 44
249 376 44 88
567 18 45 47
564 188 113 117
441 198 2 15
553 260 20 70
457 191 52 56
483 63 28 32
231 38 34 35
116 581 0 1
411 595 93 140
552 566 101 139
37 520 46 105
494 60 73 78
502 222 58 63
512 169 19 40
495 474 3 5
81 295 43 106
376 595 4 10
288 193 147 170
437 374 8 39
288 501 134 140
25 492 2 5
363 119 60 60
451 516 96 99
391 542 56 87
6 409 11 32
554 547 21 56
535 227 15 20
258 301 127 142
339 509 20 24
505 271 121 121
433 368 0 2
582 254 8 9
550 55 184 187
130 5 47 76
286 314 19 23
438 56 69 135
499 434 19 22
234 576 34 43
531 38 59 109
162 189 13 14
334 250 0 8
447 410 37 67
47 245 21 48
18 178 37 50
422 383 8 63
574 252 90 99
292 231 47 109
238 550 70 109
306 533 40 52
270 193 21 27
1 578 23 31
352 363 98 98
595 245 21 34
380 570 86 104
453 498 31 31
420 561 11 12
477 93 72 75
499 491 86 94
460 454 78 88
162 127 5 22
29 488 28 44
580 32 77 133
532 119 96 124
315 151 54 67
506 477 39 174
303 210 22 22
458 252 14 38
74 78 20 21
458 51 138 140
482 548 82 145
522 562 22 29
31 365 112 117
259 540 55 87
143 563 53 80
380 242 81 112
480 570 162 181
387 550 33 44
234 540 111 127
478 593 159 176
245 134 27 51
92 59 190 190
508 45 6 15
376 53 135 142
582 45 26 29
235 250 141 155
434 165 109 175
351 332 19 33
407 221 20 33
566 483 139 157
102 284 46 46
308 168 30 34
278 411 183 184
292 0 11 134
105 521 12 24
357 489 70 82
275 312 11 12
208 518 11 61
5 221 141 141
197 529 8 22
443 532 26 29
269 338 61 79
236 521 98 103
207 299 32 78
12 441 42 65
265 281 66 112
38 189 22 88
23 370 49 56
461 219 107 125
16 431 120 128
425 114 82 97
231 85 60 63
338 576 54 69
199 173 11 68
92 513 68 100
147 108 26 26
8 251 9 44
225 369 73 74
174 501 12 164
236 536 32 42
255 56 1 13
74 496 41 41
579 7 13 18
155 445 135 163
262 558 32 48
262 244 101 123
81 219 8 16
64 521 27 41
304 231 154 154
564 452 150 166
443 90 54 64
193 438 82 116
93 403 28 37
386 329 111 115
335 385 76 110
85 555 146 150
166 133 1 2
515 299 70 100
446 447 145 155
426 85 40 100
482 473 37 74
556 6 10 12
262 195 22 71
359 522 60 60
299 464 2 5
94 137 42 88
119 133 89 134
577 184 61 118
122 595 28 29
552 329 147 148
85 56 24 24
263 519 35 94
153 509 27 56
535 314 25 37
518 424 132 160
505 68 72 96
587 530 2 2
253 145 0 1
85 552 146 149
9 68 105 110
450 161 55 145
263 3 20 38
493 300 8 9
521 180 8 90
366 542 37 58
261 137 29 78
416 86 106 126
275 574 26 118
575 102 22 27
279 398 29 105
450 5 56 60
491 493 26 116
449 311 90 98
274 535 119 125
169 381 10 13
107 62 182 191
249 527 132 161
479 488 38 40
341 30 93 108
73 83 3 5
406 335 94 149
126 418 136 146
141 73 8 131
265 545 90 140
148 205 64 69
380 197 17 19
232 397 27 36
510 519 14 17
259 43 81 118
377 296 71 85
240 242 113 152
428 340 42 63
18 316 20 154
475 141 66 134
268 582 5 8
509 256 30 39
216 296 15 44
419 152 12 27
470 198 137 156
240 291 104 105
72 549 119 132
8 453 73 123
70 79 152 152
268 34 6 52
474 436 130 135
334 74 42 74
449 171 9 11
379 175 19 19
484 478 50 53
428 315 70 71
577 2 57 66
250 33 120 122
22 224 82 142
210 15 7 41
408 150 0 3
570 364 55 55
3 15 0 2
141 596 163 167
351 593 16 17
583 81 3 6
23 230 122 125
248 132 79 80
547 466 43 60
566 72 78 87
61 484 14 18
154 545 47 51
35 202 11 62
577 266 12 12
477 206 28 39
363 537 122 132
187 383 1 2
242 275 20 46
137 153 14 24
532 171 75 92
473 100 13 14
553 71 45 106
38 509 119 119
18 117 53 76
32 311 23 60
3 5 0 0
214 337 21 50
547 264 5 40
596 421 70 88
134 94 94 104
512 373 86 111
510 23 5 13
555 467 27 149
153 3 38 57
317 65 13 37
405 247 118 171
103 207 65 78
159 577 0 4
550 308 64 145
340 426 29 36
584 91 106 154
115 87 10 22
538 128 11 16
210 292 29 44
393 411 168 187
317 35 8 12
381 6 57 123
499 220 23 85
151 93 52 63
133 255 24 75
269 529 10 63
356 357 125 131
436 587 46 127
172 168 12 17
395 347 87 87
488 249 26 26
134 66 89 89
345 22 32 42
516 348 114 141
43 561 71 80
422 199 185 187
496 144 50 75
91 543 119 155
44 165 27 40
368 474 66 78
567 520 127 147
238 570 29 58
526 313 71 132
49 286 13 81
183 464 21 23
378 27 67 85
52 591 6 10
240 60 19 25
129 337 100 103
365 217 2 21
353 106 14 23
24 23 17 159
407 549 21 46
113 309 86 90
461 568 59 92
159 339 53 113
329 12 95 156
149 143 14 51
286 38 18 20
270 32 17 51
384 76 115 134
140 321 12 61
457 187 60 157
554 27 39 60
432 544 93 100
582 231 21 45
236 579 17 18
26 450 32 118
41 284 92 123
571 520 91 96
430 361 183 184
371 431 29 33
70 544 11 34
172 509 14 100
501 179 113 113
304 466 79 87
148 19 46 52
186 102 11 37
284 369 110 119
252 142 177 179
436 217 13 14
357 196 95 122
591 142 42 56
10 286 93 100
564 538 82 91
416 172 90 98
458 580 39 44
59 515 14 99
184 249 4 45
194 437 49 181
442 223 3 21
23 187 134 175
233 38 142 148
104 329 7 10
568 227 36 54
571 296 94 154
545 542 114 118
471 159 78 106
140 551 97 118
183 86 163 187
221 466 59 103
550 576 10 26
185 209 77 82
183 419 91 94
120 568 46 61
493 122 80 144
591 487 17 97
228 525 65 130
448 67 31 56
232 35 131 145
326 522 2 6
180 38 17 18
120 342 23 43
78 282 5 61
188 529 94 104
329 474 123 140
122 50 41 68
452 148 26 42
220 353 12 84
115 486 10 33
320 426 23 33
516 215 33 57
412 514 16 54
354 570 27 36
219 28 13 115
217 357 25 26
285 77 35 47
281 23 24 35
495 302 48 84
144 485 14 16
304 29 18 64
299 96 17 45
87 547 32 54
34 213 53 60
424 159 58 80
588 401 48 71
275 30 12 67
449 53 27 50
524 224 80 114
176 134 7 77
478 223 104 119
521 516 12 20
448 122 8 29
398 47 124 134
493 411 100 112
577 105 81 82
80 454 7 51
523 379 84 87
50 268 19 151
495 26 84 88
358 264 71 113
288 128 7 7
576 177 137 155
80 440 83 109
176 570 44 52
86 179 9 138
521 301 3 8
302 228 75 80
492 299 127 157
543 96 116 117
393 167 1 4
208 188 7 20
505 293 7 20
416 355 43 44
372 156 91 168
308 589 75 88
380 186 45 119
333 148 73 105
59 354 1 1
259 125 72 73
34 449 29 92
539 420 14 46
264 259 27 46
137 213 108 111
8 33 5 11
305 95 21 28
358 325 55 66
436 271 19 94
354 587 140 173
334 115 6 8
404 147 7 36
483 248 44 73
137 35 80 99
244 532 171 173
109 82 100 101
242 279 39 60
581 404 10 64
12 401 30 31
336 271 17 31
22 325 58 60
401 338 99 101
360 4 22 53
297 155 143 178
152 63 92 116
306 506 37 40
182 331 23 23
12 189 24 56
266 440 45 64
124 160 1 2
240 222 97 142
22 179 133 137
415 148 60 80
173 276 89 93
448 153 10 36
229 386 49 83
501 139 11 45
57 594 34 42
557 120 0 1
344 393 100 105
94 275 38 39
585 463 37 42
309 240 1 25
419 63 17 54
409 416 15 59
48 107 121 127
77 271 14 34
301 34 52 56
108 574 35 58
388 141 20 62
391 157 8 16
167 506 1 9
373 314 55 100
172 353 79 93
67 250 62 62
545 439 8 9
82 439 19 49
72 216 8 62
197 107 4 24
96 526 12 73
568 466 21 135
294 113 59 93
247 415 58 59
180 137 47 62
577 358 38 58
584 95 119 180
339 314 12 16
291 467 3 13
4 10 86 86
275 99 44 44
331 13 100 114
134 598 53 64
85 530 91 103
32 408 102 105
585 374 21 75
21 492 131 150
163 283 2 3
199 500 46 54
564 518 25 79
244 555 27 59
472 359 55 98
60 413 85 148
513 28 105 106
436 52 52 120
128 32 8 17
238 244 135 164
151 125 45 69
374 307 9 21
549 43 15 92
48 397 22 39
330 504 44 52
258 572 41 84
62 20 33 41
49 400 4 33
167 460 17 66
47 423 151 151
465 300 63 113
525 49 129 134
15 305 28 84
97 546 138 140
351 390 23 90
392 65 29 36
395 329 65 65
573 146 90 98
365 149 24 30
88 206 14 44
243 533 75 77
385 509 22 62
22 226 104 143
512 177 80 111
535 430 2 5
403 504 91 173
157 196 5 57
323 408 7 34
326 409 3 23
41 471 76 77
418 176 112 151
345 71 4 29
493 441 7 93
222 388 30 84
478 177 1 1
489 56 117 118
409 528 64 145
96 210 4 7
42 470 21 49
408 564 18 19
574 580 17 17
238 127 59 79
345 333 31 40
56 349 86 90
550 139 77 80
393 301 4 5
90 409 17 21
134 508 35 84
12 147 21 23
470 272 58 93
141 42 21 78
2 520 9 12
229 378 1 1
527 309 85 90
578 2 69 134
329 502 41 46
363 190 48 88
78 135 68 70
353 358 55 85
288 159 14 16
541 271 15 18
233 406 10 24
74 370 37 40
94 83 90 122
29 430 21 36
513 355 65 160
393 456 111 113
460 360 8 10
280 512 124 159
230 585 18 40
155 259 46 68
419 486 4 5
203 121 41 47
272 141 6 7
520 379 0 2
184 443 14 48
498 261 21 119
127 417 15 17
457 78 26 60
74 218 88 109
261 489 78 87
67 134 97 104
587 569 50 65
246 458 30 72
252 560 27 30
127 546 83 116
331 595 98 144
427 197 46 46
181 303 44 53
29 550 3 17
151 442 23 93
521 486 30 65
16 120 44 75
43 465 10 10
296 16 50 61
399 327 1 6
424 188 100 100
530 495 51 52
134 458 128 151
85 140 37 46
440 172 114 132
592 510 8 18
361 226 21 72
527 244 102 120
75 221 43 44
343 34 9 10
410 101 85 96
174 27 5 7
137 166 43 57
80 485 58 72
187 577 35 117
391 212 99 152
583 113 118 141
405 168 42 45
273 309 99 119
355 284 84 84
456 185 81 141
182 302 23 126
506 144 61 102
242 389 72 82
19 160 36 43
110 107 4 21
75 414 39 47
282 583 95 97
596 178 59 87
32 431 9 11
94 126 63 88
454 466 55 119
591 294 21 112
370 556 9 140
78 121 15 91
259 114 36 47
244 577 69 70
153 487 6 25
530 36 10 32
551 462 11 84
549 360 157 187
494 305 22 30
230 518 14 44
410 104 145 158
19 33 27 47
444 17 30 39
259 140 137 137
540 205 34 67
548 445 9 101
378 317 131 132
70 171 35 59
214 275 61 118
56 586 137 159
305 268 73 144
337 145 27 150
508 566 65 78
63 58 23 101
268 407 6 22
408 92 30 55
317 448 40 151
246 369 51 122
580 190 139 172
453 147 21 96
401 390 108 115
7 381 123 123
582 61 121 161
455 68 0 2
427 277 42 50
276 427 115 126
479 557 20 38
93 81 90 130
79 160 107 111
291 151 2 12
158 404 40 50
470 458 56 59
23 492 8 9
368 561 180 190
130 188 97 147
3 509 21 27
431 70 30 59
234 484 1 2
455 338 26 32
174 239 7 34
14 530 16 26
150 403 15 25
448 358 10 12
181 361 39 40
496 420 6 33
435 73 108 132
135 254 69 187
322 61 39 59
415 365 52 73
227 317 43 104
113 176 120 120
459 564 47 47
121 421 19 19
64 263 24 89
95 97 93 119
559 72 7 8
411 29 31 37
502 430 24 59
530 368 0 8
136 466 3 7
60 491 142 161
163 402 0 1
489 324 0 2
368 434 20 30
69 382 4 26
163 426 50 100
195 297 33 62
134 589 106 137
119 288 4 24
447 266 15 19
503 371 94 111
9 156 18 76
60 523 13 96
507 571 40 49
466 133 47 54
496 391 76 82
69 390 47 90
498 4 65 86
204 377 94 130
193 423 117 161
122 430 37 61
577 542 8 56
453 156 86 157
366 489 171 176
122 520 4 30
443 28 4 6
220 575 61 118
254 450 29 30
299 444 12 60
189 205 114 148
86 264 88 130
144 84 18 21
216 595 84 129
35 432 16 19
490 369 47 69
176 164 25 31
281 129 122 145
88 334 27 163
33 354 2 14
154 75 14 33
396 206 17 98
347 276 8 29
88 585 19 30
436 28 98 122
443 199 31 79
521 23 21 32
509 256 90 103
250 143 162 171
543 301 98 111
75 368 40 45
387 343 43 81
524 383 88 94
212 129 121 132
39 86 6 13
119 511 78 111
211 433 6 22
342 290 79 152
104 288 4 4
350 163 30 102
180 397 142 148
199 307 3 9
196 280 111 134
406 402 67 68
192 572 62 62
62 526 5 6
528 51 27 39
101 287 102 158
34 525 109 149
166 103 34 49
350 493 18 39
71 179 4 49
283 463 53 53
108 87 45 53
303 435 58 63
53 502 10 12
459 82 87 97
574 222 14 15
138 94 29 72
454 165 34 68
187 374 5 8
165 300 60 146
199 256 54 55
161 220 62 107
462 468 9 73
119 350 5 44
466 125 119 133
142 68 4 58
576 65 28 33
465 370 66 93
498 189 17 18
333 84 146 158
60 446 12 21
450 270 42 85
436 210 26 36
332 282 9 15
179 153 12 12
523 491 54 63
64 190 73 82
94 185 157 163
226 339 0 2
266 188 70 78
581 491 79 81
220 434 10 34
149 462 17 45
360 352 120 124
364 436 9 54
594 378 7 10
424 241 12 163
367 171 70 86
157 243 4 44
171 369 28 35
137 333 1 4
385 495 77 77
381 449 2 2
289 425 14 79
104 179 12 42
334 61 20 20
114 410 78 155
234 20 29 82
100 554 1 19
536 434 9 12
208 375 48 157
533 401 1 9
491 72 6 15
486 176 57 78
318 597 10 10
417 506 116 120
310 159 122 150
182 582 25 49
445 407 18 21
539 203 20 80
450 588 0 0
585 517 33 40
1 385 97 116
49 175 44 50
218 166 24 28
53 432 21 75
365 239 51 67
16 471 70 116
314 246 107 169
91 76 11 24
101 81 51 77
18 364 0 6
571 272 42 43
155 480 74 86
203 396 7 18
144 345 90 141
15 79 56 70
151 214 51 126
380 507 40 51
282 202 19 53
527 96 0 0
98 381 134 161
201 120 14 58
181 157 13 75
451 23 26 26
571 322 5 16
349 23 107 122
89 156 4 11
428 245 4 18
513 409 8 16
562 431 112 122
262 175 138 159
468 478 15 30
368 464 16 37
248 591 67 115
97 515 87 102
576 229 26 31
110 200 15 25
436 135 104 111
161 570 28 37
349 301 88 135
80 508 39 45
261 500 1 7
375 573 103 128
8 452 16 46
423 561 74 86
419 445 81 102
194 520 74 81
325 515 29 31
377 515 37 49
235 447 50 58
572 267 51 54
121 22 21 24
22 527 93 114
515 15 14 33
597 195 42 44
82 388 57 133
383 69 50 52
113 88 13 53
456 592 30 32
594 280 145 151
349 416 51 73
407 385 9 30
279 447 27 60
365 321 17 100
436 74 56 86
104 4 49 77
121 29 5 39
52 217 3 32
225 414 9 9
151 356 27 76
540 404 15 24
273 466 124 163
298 15 130 139
112 332 23 75
217 507 19 85
257 229 19 21
248 488 1 2
5 340 130 140
91 10 14 14
43 578 70 88
209 430 24 69
517 190 97 97
159 388 145 165
2 497 67 71
469 187 48 48
354 11 77 136
114 254 2 2
381 407 74 106
458 397 20 39
427 569 26 68
137 80 77 80
504 529 0 7
533 115 30 64
425 254 40 49
423 277 76 83
398 461 74 93
294 347 82 137
63 95 36 36
277 453 74 77
490 344 9 103
118 350 25 28
482 257 110 115
337 317 65 157
345 568 51 60
368 94 46 74
298 493 25 55
106 350 7 20
326 222 35 62
112 467 32 40
498 575 92 97
134 318 82 104
145 289 41 116
253 235 113 127
97 290 16 111
556 290 53 65
51 199 44 61
342 60 28 37
415 29 121 172
470 527 37 51
395 594 42 136
507 214 20 26
61 274 17 21
330 226 15 39
164 113 115 127
202 395 4 25
378 423 0 2
551 402 33 64
447 434 67 88
185 571 14 54
588 54 40 94
433 537 42 47
577 596 46 49
495 431 51 56
194 47 16 48
498 417 64 65
421 66 13 38
55 329 14 14
394 53 23 70
36 558 38 38
555 371 74 95
454 285 2 4
288 5 38 38
117 306 35 57
279 26 20 29
324 322 91 115
123 182 16 44
380 191 78 107
553 577 59 64
51 8 1 12
234 123 34 147
97 499 1 1
295 25 154 176
571 205 8 13
232 9 5 63
522 251 3 7
6 358 93 119
265 348 104 129
134 266 42 83
338 181 12 37
259 159 10 10
309 489 85 140
46 313 52 58
20 197 57 133
200 236 104 114
124 259 3 8
442 288 113 116
509 596 5 54
141 226 7 9
217 461 126 133
235 410 87 95
497 95 16 17
218 478 43 104
208 119 29 54
405 517 28 78
366 64 1 1
458 183 17 20
384 550 77 85
126 65 25 54
105 76 13 49
585 310 146 146
394 34 75 117
152 208 15 17
82 452 84 88
161 125 18 42
254 425 134 141
76 465 48 50
419 76 97 98
454 427 64 87
293 574 56 61
577 201 4 8
47 102 178 184
488 161 9 48
201 128 15 18
88 96 84 85
213 589 119 147
363 92 12 18
415 437 56 156
206 346 83 169
59 228 82 116
200 257 37 77
5 407 92 102
21 175 97 98
188 469 92 99
549 229 14 16
144 54 9 14
251 168 10 128
158 558 32 35
547 468 82 89
458 237 128 133
408 405 6 24
170 286 2 20
353 330 37 171
548 254 65 77
104 536 28 29
25 242 88 112
458 27 68 85
204 55 3 20
479 401 140 151
321 229 80 84
337 238 15 30
228 397 84 145
440 0 13 14
496 74 10 82
340 241 43 143
70 262 29 117
533 368 40 51
56 127 9 34
451 435 17 63
112 392 44 72
535 9 58 61
173 524 105 137
534 560 0 2
531 35 6 33
387 559 88 132
545 18 22 38
37 501 4 4
230 84 12 31
36 567 68 83
120 256 97 128
554 27 85 86
93 3 11 14
497 239 115 125
213 437 6 7
276 244 12 58
557 466 30 31
30 550 47 56
575 156 5 52
14 233 15 41
459 481 83 131
98 543 29 46
531 378 3 8
140 458 127 150
286 369 22 61
459 556 68 153
403 75 19 23
202 162 21 50
491 537 33 39
506 201 45 107
306 190 160 177
34 441 11 20
492 593 132 143
226 52 70 70
258 578 145 164
184 524 10 134
592 470 57 64
57 287 38 66
326 586 43 105
548 559 26 36
593 26 4 54
343 336 112 184
220 114 135 145
511 207 4 32
389 60 35 36
271 296 5 7
43 246 34 76
418 533 1 2
542 522 44 98
110 281 61 94
50 228 39 99
482 229 14 28
449 344 112 137
331 590 4 6
393 87 37 39
515 198 64 66
284 474 127 128
445 123 58 59
111 185 81 92
278 585 20 46
470 25 25 28
446 341 17 38
28 180 34 84
419 428 7 67
82 170 39 114
312 579 28 33
0 273 15 109
69 450 44 154
50 366 23 40
57 395 63 84
12 253 92 122
317 131 7 10
101 514 60 71
23 409 114 124
538 140 61 94
558 354 62 103
188 350 142 146
158 121 8 30
539 498 41 84
265 341 6 23
218 285 87 143
217 106 4 5
139 435 2 3
520 227 25 40
62 518 118 145
86 134 60 78
566 584 47 82
234 175 134 142
164 33 29 34
91 594 13 42
306 583 149 149
20 35 96 97
447 236 31 57
194 196 85 189
309 489 34 41
558 286 92 93
468 118 48 87
580 111 16 18
172 453 10 12
253 411 7 23
76 310 116 166
105 363 13 51
451 259 8 20
157 367 28 40
339 306 3 20
191 210 24 58
25 135 7 16
22 449 114 116
208 126 56 66
409 10 2 24
295 517 55 56
50 442 33 67
510 397 11 24
394 81 7 16
297 565 16 30
47 442 83 150
560 444 117 129
92 480 36 51
139 369 71 150
183 567 33 56
535 490 127 135
480 460 42 91
515 325 85 100
151 490 28 32
80 378 13 14
350 222 39 101
121 184 66 131
490 93 107 118
435 117 46 51
112 234 8 12
511 389 50 74
106 247 26 34
255 375 8 10
379 541 60 84
537 366 52 63
144 90 12 16
10 74 36 97
568 276 99 107
432 396 134 141
286 364 14 33
159 580 3 24
39 560 81 90
586 574 14 37
23 597 120 132
99 230 67 82
555 10 60 124
18 356 58 129
205 304 53 55
570 213 57 61
10 188 62 72
570 221 80 80
212 154 26 28
224 324 0 0
336 209 22 42
386 275 11 19
94 27 2 7
375 458 11 55
305 124 41 82
503 222 22 112
339 508 8 13
596 331 119 160
37 215 119 128
87 292 46 83
166 97 16 19
344 427 72 74
245 89 54 65
519 41 36 160
530 523 63 86
133 99 3 51
130 547 71 73
453 595 29 33
69 570 16 130
200 328 7 7
240 420 3 12
82 203 2 4
73 291 25 34
53 248 31 45
0 294 1 2
589 498 59 59
223 6 79 153
318 585 97 129
296 511 22 152
266 248 59 69
223 338 37 63
430 26 7 13
185 401 8 15
159 34 83 89
385 77 48 77
582 233 83 156
134 67 22 54
297 183 29 41
254 554 31 36
547 415 22 31
119 169 56 56
150 513 2 49
298 258 36 100
95 177 78 103
564 26 50 51
148 53 28 28
312 505 69 108
258 260 31 36
277 317 89 123
418 436 27 30
488 73 19 46
165 522 96 102
273 55 16 150
285 249 12 85
287 456 36 57
386 351 2 9
362 525 13 13
341 326 139 154
169 181 90 94
331 372 74 89
445 355 13 18
196 343 98 115
114 250 92 123
490 391 29 30
36 192 15 77
313 216 37 62
496 337 7 8
46 5 18 35
374 92 98 104
192 528 46 53
97 583 74 92
518 510 30 31
557 188 102 116
469 412 23 46
141 386 60 81
132 168 0 5
576 587 6 80
54 299 36 54
41 190 80 80
90 524 64 128
336 431 42 60
196 270 14 84
130 573 33 46
143 433 40 52
220 121 50 51
108 238 38 56
71 182 4 22
520 230 15 160
570 52 37 40
168 565 70 90
0 322 21 21
597 148 18 19
207 538 73 140
139 474 115 139
363 342 116 119
263 108 59 129
192 519 9 34
404 516 1 1
447 501 76 80
217 268 48 118
269 147 103 107
129 174 96 120
82 226 61 64
345 47 12 14
16 232 118 129
550 495 128 134
65 428 54 55
293 128 152 152
143 99 77 82
364 450 6 20
484 28 41 42
514 127 42 46
377 561 35 111
468 497 11 26
505 81 23 25
22 259 48 80
418 449 7 7
580 60 2 35
597 405 35 44
55 507 68 105
37 487 78 88
142 363 14 15
317 129 35 53
187 319 42 73
166 564 61 65
562 189 15 26
262 65 64 65
107 435 31 47
382 551 51 94
90 139 1 6
216 431 89 91
227 199 15 23
481 123 45 55
225 191 128 144
553 325 35 121
540 334 114 115
61 175 12 89
339 28 28 44
219 290 8 11
230 56 40 45
169 148 64 97
149 416 93 100
135 437 23 23
444 252 66 150
553 528 108 135
194 329 10 46
318 544 38 41
389 393 43 76
561 234 31 36
502 579 70 129
422 187 4 18
445 481 17 39
461 597 0 4
411 578 55 172
8 192 82 85
327 141 70 82
504 507 40 93
543 340 16 32
395 421 32 128
280 185 17 33
206 587 65 109
523 594 2 13
548 562 54 145
416 393 10 21
84 502 3 9
433 430 60 117
321 455 7 9
85 151 5 15
440 13 53 178
409 316 4 22
70 32 103 103
463 457 16 39
3 272 103 156
107 40 9 24
558 353 3 9
265 13 35 38
562 285 75 90
456 132 9 17
113 127 15 82
593 137 165 173
272 39 16 16
413 173 100 103
429 573 99 111
398 267 16 70
265 334 34 45
377 161 4 4
386 210 1 4
145 77 20 27
333 199 41 94
112 440 3 3
369 21 121 121
343 194 21 89
310 26 14 17
153 85 17 94
359 145 16 21
27 252 14 14
418 14 19 23
142 462 19 61
129 427 63 79
514 533 16 21
169 231 33 50
438 463 84 149
248 11 100 112
306 533 4 13
194 155 4 21
82 400 65 93
400 69 13 24
499 121 15 17
429 362 42 47
291 132 181 187
534 112 17 23
563 55 49 70
549 204 23 25
