600 7200
0 1 39 90
1 2 46 62
2 3 8 28
3 4 53 158
4 5 9 20
5 6 14 52
6 7 23 54
7 8 2 5
8 9 47 107
9 10 59 100
10 11 26 36
11 12 98 121
12 13 10 26
13 14 87 89
14 15 13 103
15 16 94 134
16 17 7 12
17 18 68 89
18 19 18 98
19 20 28 98
20 21 126 148
21 22 134 138
22 23 5 6
23 24 48 59
24 25 111 124
25 26 123 135
26 27 11 77
27 28 13 52
28 29 26 32
29 30 55 61
30 31 22 103
31 32 34 63
32 33 157 160
33 34 19 22
34 35 94 105
35 36 4 5
36 37 17 24
37 38 59 64
38 39 1 2
39 40 64 77
40 41 91 92
41 42 1 1
42 43 3 7
43 44 103 109
44 45 9 13
45 46 74 112
46 47 20 20
47 48 7 22
48 49 12 15
49 50 28 100
50 51 8 17
51 52 93 131
52 53 13 53
53 54 10 18
54 55 75 117
55 56 15 94
56 57 13 19
57 58 1 8
58 59 15 17
59 60 1 1
60 61 11 47
61 62 28 64
62 63 125 151
63 64 54 91
64 65 10 85
65 66 75 77
66 67 39 41
67 68 29 51
68 69 107 107
69 70 16 26
70 71 141 149
71 72 29 89
72 73 2 17
73 74 75 81
74 75 74 127
75 76 36 126
76 77 101 104
77 78 69 134
78 79 29 36
79 80 67 70
80 81 78 85
81 82 106 145
82 83 78 87
83 84 7 18
84 85 23 42
85 86 72 78
86 87 10 22
87 88 178 178
88 89 10 13
89 90 51 53
90 91 3 17
91 92 3 3
92 93 85 118
93 94 94 155
94 95 28 42
95 96 49 148
96 97 104 113
97 98 99 120
98 99 1 21
99 100 1 1
100 101 27 56
101 102 56 56
102 103 98 107
103 104 71 125
104 105 92 99
105 106 96 122
106 107 6 35
107 108 121 129
108 109 60 74
109 110 129 129
110 111 31 87
111 112 25 110
112 113 116 117
113 114 101 120
114 115 0 2
115 116 121 140
116 117 118 125
117 118 165 165
118 119 28 34
119 120 23 43
120 121 1 10
121 122 0 0
122 123 11 82
123 124 50 63
124 125 69 72
125 126 25 30
126 127 5 10
127 128 71 74
128 129 17 38
129 130 5 6
130 131 107 147
131 132 116 118
132 133 8 11
133 134 0 15
134 135 111 118
135 136 33 100
136 137 88 101
137 138 43 69
138 139 8 10
139 140 95 108
140 141 66 87
141 142 4 12
142 143 2 5
143 144 7 48
144 145 0 13
145 146 1 11
146 147 35 96
147 148 56 56
148 149 62 92
149 150 4 13
150 151 3 11
151 152 175 177
152 153 90 107
153 154 24 29
154 155 23 31
155 156 112 118
156 157 15 66
157 158 3 4
158 159 56 56
159 160 29 34
160 161 8 15
161 162 20 24
162 163 25 40
163 164 126 149
164 165 15 62
165 166 0 3
166 167 5 6
167 168 26 47
168 169 106 155
169 170 11 15
170 171 16 33
171 172 92 92
172 173 30 33
173 174 51 89
174 175 93 108
175 176 140 182
176 177 28 34
177 178 44 58
178 179 11 80
179 180 11 15
180 181 77 80
181 182 34 43
182 183 6 6
183 184 18 69
184 185 45 55
185 186 111 114
186 187 37 150
187 188 97 127
188 189 88 150
189 190 69 73
190 191 14 25
191 192 4 33
192 193 81 96
193 194 147 178
194 195 14 14
195 196 169 177
196 197 3 26
197 198 4 14
198 199 55 80
199 200 116 118
200 201 85 90
201 202 5 6
202 203 103 103
203 204 7 12
204 205 57 80
205 206 2 2
206 207 24 24
207 208 92 124
208 209 40 44
209 210 93 96
210 211 12 22
211 212 90 90
212 213 31 72
213 214 4 5
214 215 13 58
215 216 35 35
216 217 1 11
217 218 110 116
218 219 159 170
219 220 1 13
220 221 30 41
221 222 37 70
222 223 31 166
223 224 18 21
224 225 32 48
225 226 134 137
226 227 107 172
227 228 7 7
228 229 24 24
229 230 80 88
230 231 5 8
231 232 19 24
232 233 41 47
233 234 47 60
234 235 85 162
235 236 49 59
236 237 7 119
237 238 32 37
238 239 20 26
239 240 130 156
240 241 0 0
241 242 29 33
242 243 87 120
243 244 19 32
244 245 114 131
245 246 39 40
246 247 14 15
247 248 15 16
248 249 83 98
249 250 104 109
250 251 0 2
251 252 98 101
252 253 53 73
253 254 102 102
254 255 88 96
255 256 107 111
256 257 77 99
257 258 32 38
258 259 23 60
259 260 32 48
260 261 91 93
261 262 89 89
262 263 54 68
263 264 92 127
264 265 3 3
265 266 37 55
266 267 118 143
267 268 28 39
268 269 43 58
269 270 82 84
270 271 55 95
271 272 7 8
272 273 122 161
273 274 48 58
274 275 65 66
275 276 49 64
276 277 9 17
277 278 49 49
278 279 48 66
279 280 6 6
280 281 119 134
281 282 31 34
282 283 84 105
283 284 12 12
284 285 18 32
285 286 103 112
286 287 87 148
287 288 38 40
288 289 80 84
289 290 126 127
290 291 10 14
291 292 22 22
292 293 102 106
293 294 82 152
294 295 15 31
295 296 2 17
296 297 20 41
297 298 10 27
298 299 105 105
299 300 13 26
300 301 147 175
301 302 20 20
302 303 1 2
303 304 89 100
304 305 29 91
305 306 60 116
306 307 59 106
307 308 26 90
308 309 95 147
309 310 54 68
310 311 35 37
311 312 87 91
312 313 9 14
313 314 16 59
314 315 28 73
315 316 74 97
316 317 32 32
317 318 46 117
318 319 17 47
319 320 66 66
320 321 64 76
321 322 12 17
322 323 44 83
323 324 12 78
324 325 38 64
325 326 6 7
326 327 24 44
327 328 31 44
328 329 65 73
329 330 2 3
330 331 20 110
331 332 110 115
332 333 33 37
333 334 36 64
334 335 127 151
335 336 12 66
336 337 12 22
337 338 120 121
338 339 68 72
339 340 23 23
340 341 164 180
341 342 168 170
342 343 71 81
343 344 146 154
344 345 8 10
345 346 11 16
346 347 45 59
347 348 51 64
348 349 134 157
349 350 1 14
350 351 75 97
351 352 117 129
352 353 36 63
353 354 7 11
354 355 84 115
355 356 41 96
356 357 118 133
357 358 57 97
358 359 101 102
359 360 66 66
360 361 10 31
361 362 32 83
362 363 141 149
363 364 6 8
364 365 34 35
365 366 115 127
366 367 114 115
367 368 29 44
368 369 39 67
369 370 3 11
370 371 71 173
371 372 10 76
372 373 0 1
373 374 112 146
374 375 7 35
375 376 3 8
376 377 43 49
377 378 6 8
378 379 11 13
379 380 11 46
380 381 50 83
381 382 92 108
382 383 101 102
383 384 39 73
384 385 12 19
385 386 56 142
386 387 132 170
387 388 83 101
388 389 16 140
389 390 3 4
390 391 19 61
391 392 62 66
392 393 11 24
393 394 12 44
394 395 15 15
395 396 147 151
396 397 35 61
397 398 10 13
398 399 66 119
399 400 60 70
400 401 68 70
401 402 148 157
402 403 6 50
403 404 63 66
404 405 53 74
405 406 85 85
406 407 47 117
407 408 53 139
408 409 8 39
409 410 74 106
410 411 3 20
411 412 90 92
412 413 65 71
413 414 41 49
414 415 55 67
415 416 12 33
416 417 133 139
417 418 57 114
418 419 82 93
419 420 29 29
420 421 8 39
421 422 11 61
422 423 6 71
423 424 13 73
424 425 86 139
425 426 29 87
426 427 12 149
427 428 144 189
428 429 25 39
429 430 114 145
430 431 58 121
431 432 27 45
432 433 38 64
433 434 36 39
434 435 65 80
435 436 41 84
436 437 149 164
437 438 8 73
438 439 60 60
439 440 5 27
440 441 13 19
441 442 4 56
442 443 11 12
443 444 9 58
444 445 7 8
445 446 70 77
446 447 6 7
447 448 12 14
448 449 31 41
449 450 23 82
450 451 17 68
451 452 70 99
452 453 66 70
453 454 11 12
454 455 38 50
455 456 76 83
456 457 123 135
457 458 13 23
458 459 34 89
459 460 14 40
460 461 14 86
461 462 58 70
462 463 7 35
463 464 7 19
464 465 153 172
465 466 56 86
466 467 140 143
467 468 50 145
468 469 2 3
469 470 15 39
470 471 82 83
471 472 39 95
472 473 62 65
473 474 92 110
474 475 19 21
475 476 12 56
476 477 61 72
477 478 129 140
478 479 4 12
479 480 99 124
480 481 63 163
481 482 110 126
482 483 89 123
483 484 111 123
484 485 86 170
485 486 69 88
486 487 21 36
487 488 3 53
488 489 12 14
489 490 57 147
490 491 47 82
491 492 79 83
492 493 40 48
493 494 12 43
494 495 2 2
495 496 165 176
496 497 108 112
497 498 143 152
498 499 36 39
499 500 13 18
500 501 2 9
501 502 29 58
502 503 3 4
503 504 1 9
504 505 60 63
505 506 27 62
506 507 56 58
507 508 18 45
508 509 96 102
509 510 44 145
510 511 79 105
511 512 30 50
512 513 12 40
513 514 44 50
514 515 99 105
515 516 78 135
516 517 67 77
517 518 22 71
518 519 65 108
519 520 93 93
520 521 75 83
521 522 45 49
522 523 80 80
523 524 135 146
524 525 73 103
525 526 5 55
526 527 6 13
527 528 4 6
528 529 20 41
529 530 65 95
530 531 50 51
531 532 29 138
532 533 79 80
533 534 121 128
534 535 27 28
535 536 60 81
536 537 12 12
537 538 0 0
538 539 3 72
539 540 28 65
540 541 69 83
541 542 45 54
542 543 54 79
543 544 46 77
544 545 33 82
545 546 10 28
546 547 103 113
547 548 14 42
548 549 184 184
549 550 18 43
550 551 38 81
551 552 11 11
552 553 90 97
553 554 75 144
554 555 21 36
555 556 13 13
556 557 6 10
557 558 51 72
558 559 146 160
559 560 30 86
560 561 5 74
561 562 28 53
562 563 153 168
563 564 8 132
564 565 66 87
565 566 75 99
566 567 54 89
567 568 42 42
568 569 117 166
569 570 9 27
570 571 81 107
571 572 123 134
572 573 126 142
573 574 20 25
574 575 127 174
575 576 56 65
576 577 8 17
577 578 80 128
578 579 1 2
579 580 2 3
580 581 82 82
581 582 7 13
582 583 139 150
583 584 21 49
584 585 88 94
585 586 76 124
586 587 125 136
587 588 68 71
588 589 23 83
589 590 117 132
590 591 37 110
591 592 82 83
592 593 37 39
593 594 15 23
594 595 40 104
595 596 41 76
596 597 7 24
597 598 9 20
598 599 6 22
599 0 10 65
596 311 119 155
222 174 141 165
216 36 17 37
103 490 38 110
418 529 36 105
157 478 108 115
350 2 11 14
74 504 6 6
413 169 52 100
338 418 127 139
439 271 66 114
227 142 42 42
109 522 8 8
482 580 26 27
460 529 5 15
226 230 69 71
179 392 26 69
376 140 19 76
429 206 5 9
530 246 70 111
276 78 4 11
269 122 106 119
294 80 22 25
273 414 19 23
446 329 127 163
401 161 21 80
181 34 27 41
199 351 142 186
187 103 40 46
10 523 33 53
557 101 4 4
222 252 31 35
189 594 83 83
89 531 26 56
129 390 146 159
364 254 16 127
201 571 161 184
578 286 27 68
193 424 25 28
554 147 63 88
340 391 13 20
540 162 118 129
106 71 35 73
138 430 77 105
538 443 10 16
458 555 2 5
77 251 9 32
524 191 5 37
373 423 67 102
86 316 15 39
172 373 61 149
18 423 1 15
320 321 68 79
286 104 16 89
586 239 88 90
553 575 35 164
151 471 11 17
43 160 7 86
553 330 145 147
315 575 0 2
73 253 39 59
210 400 40 45
322 156 3 7
97 167 95 127
68 80 42 110
74 107 48 61
243 461 83 108
74 53 1 2
594 235 65 75
202 476 10 148
303 557 116 122
178 541 58 89
134 244 22 43
381 239 124 132
40 196 23 31
576 217 58 59
323 505 19 37
368 566 8 21
446 327 149 152
501 142 83 86
577 107 74 97
240 451 10 15
248 460 30 30
131 503 18 22
38 227 55 90
308 480 75 79
505 255 32 39
248 252 14 19
491 469 78 106
256 408 96 98
466 177 5 69
403 417 90 99
118 247 92 100
422 68 3 9
267 397 7 10
287 372 31 64
367 7 40 113
194 127 18 18
65 128 102 117
306 121 37 52
393 477 26 40
24 307 25 59
181 401 85 133
513 180 2 2
37 597 30 45
455 217 20 21
317 247 11 13
380 86 11 19
595 456 53 84
93 461 53 59
108 523 23 44
589 503 63 122
207 419 60 106
450 44 25 35
471 28 72 78
83 288 88 133
375 300 24 27
459 274 28 31
417 465 74 110
77 72 30 47
414 355 21 24
549 90 78 79
567 120 97 149
96 388 89 115
346 586 7 14
292 66 31 42
354 420 85 93
289 404 12 77
25 223 86 134
178 341 97 103
265 574 93 100
588 80 10 14
169 524 62 70
84 446 22 76
49 489 27 34
454 293 92 161
315 577 166 174
19 96 13 19
24 97 67 69
15 512 5 71
93 35 81 82
375 588 12 17
396 245 44 80
442 476 127 133
402 379 7 8
517 498 115 117
198 19 51 54
180 184 67 113
491 351 6 19
494 41 69 80
56 525 4 7
130 535 19 96
150 391 97 103
235 231 89 92
12 571 74 91
547 365 85 94
302 559 60 105
235 423 101 104
208 321 10 16
543 360 11 16
82 467 6 29
575 221 35 37
359 517 44 64
229 169 0 2
299 2 23 37
527 528 2 39
460 61 64 67
0 497 22 22
414 410 75 75
100 325 38 45
549 22 60 74
480 578 115 118
317 294 67 72
201 460 9 10
69 340 121 162
338 354 11 17
3 321 35 55
207 134 14 67
410 276 63 139
191 168 1 7
248 96 61 103
185 206 80 80
523 134 0 0
178 573 75 76
394 53 10 13
347 63 36 51
111 374 107 111
541 385 99 125
418 580 48 95
102 248 3 4
470 414 35 35
513 272 17 34
440 539 32 33
294 61 16 16
108 96 31 49
31 44 109 124
400 101 30 35
419 369 38 65
387 42 7 7
376 561 149 157
265 443 153 169
323 216 2 14
306 390 115 134
518 548 77 82
404 64 74 120
47 166 12 13
93 427 3 8
429 62 33 53
576 455 86 101
234 479 36 40
529 504 8 43
507 520 62 95
476 580 80 82
460 46 4 9
557 371 119 144
502 422 34 149
28 399 52 119
460 186 0 3
14 321 11 12
476 508 27 32
285 275 21 29
99 52 5 5
527 60 78 94
588 502 40 99
259 554 24 40
137 178 46 57
429 418 34 70
189 544 12 38
149 174 22 24
315 22 83 95
376 36 83 108
498 509 26 28
568 396 15 48
150 204 3 18
320 112 84 93
520 479 82 92
145 505 13 58
322 23 0 2
123 208 31 44
510 212 15 26
119 91 16 60
469 470 17 41
502 33 8 26
138 264 126 139
451 24 134 156
321 78 40 65
246 322 54 54
430 420 11 47
230 593 6 9
519 74 0 0
236 408 122 139
359 539 89 123
82 476 78 109
239 295 21 27
395 399 6 6
165 48 64 65
83 535 107 111
6 403 53 53
576 121 23 69
45 115 66 85
567 172 38 53
477 239 91 178
122 292 80 142
176 117 35 36
10 39 91 96
385 543 73 84
84 523 62 80
554 487 53 54
238 353 0 2
577 155 79 79
579 352 0 2
581 55 32 132
99 242 69 133
140 144 12 18
249 128 33 44
207 269 13 124
257 323 50 118
549 530 13 88
444 577 14 15
574 588 66 68
422 494 3 3
267 81 30 30
415 30 44 58
138 72 31 34
409 382 115 137
524 568 42 64
185 389 100 141
162 414 12 25
367 300 122 122
85 362 6 6
507 166 17 17
365 356 54 117
295 21 75 91
220 354 38 62
268 387 39 39
252 221 59 127
507 165 109 128
60 434 37 63
81 87 7 8
464 295 56 77
5 303 30 64
265 478 84 88
342 109 14 156
524 75 170 170
253 389 49 51
16 326 59 134
453 295 180 181
57 29 18 137
378 426 7 12
533 569 12 133
500 496 11 11
112 273 29 55
253 281 22 26
459 368 123 123
224 408 88 97
96 184 69 132
108 52 74 84
311 503 91 96
371 25 96 138
53 393 70 83
37 470 27 69
352 178 23 50
122 501 5 17
60 244 119 122
332 243 19 26
217 322 76 127
349 283 129 140
227 496 2 4
285 236 17 17
590 107 6 10
568 312 4 30
488 333 60 125
72 208 13 169
594 339 26 47
497 357 19 27
381 419 169 171
209 78 18 40
396 33 101 107
557 75 4 4
186 306 72 88
402 193 11 60
127 134 0 9
165 202 12 15
341 61 92 110
111 142 17 28
106 232 6 7
462 25 10 25
296 339 47 142
290 210 5 33
9 135 0 0
536 475 46 110
133 502 78 89
490 13 3 21
126 313 27 75
94 19 1 8
273 270 13 43
555 10 21 30
571 243 27 60
171 275 4 9
225 343 72 88
398 284 32 32
273 374 127 150
345 172 125 175
425 36 107 112
558 140 5 49
598 541 9 59
548 93 4 6
36 257 27 67
143 380 96 98
544 575 74 131
208 159 79 108
454 325 67 69
520 43 65 71
258 577 25 25
194 200 8 14
291 141 34 64
382 149 36 84
340 22 100 124
476 411 2 7
36 25 121 169
280 526 18 101
300 306 16 21
478 294 106 107
343 354 41 66
581 366 32 48
385 41 79 86
102 584 40 68
377 161 12 48
513 396 149 150
208 340 134 139
113 86 95 102
492 262 18 38
69 282 49 78
473 189 27 53
406 547 28 33
249 35 15 16
142 563 43 78
22 501 21 31
589 112 50 139
274 208 65 65
451 306 16 31
160 77 137 138
573 278 29 33
50 140 130 135
172 147 34 55
388 3 11 36
132 190 16 173
335 264 25 41
134 70 0 2
364 472 43 59
238 278 68 76
543 196 13 25
93 589 144 150
556 468 78 100
292 540 12 119
197 403 24 28
368 35 21 67
553 470 64 148
535 166 10 86
169 57 72 92
433 329 21 35
209 79 64 70
572 475 18 32
417 88 122 141
200 94 88 174
16 437 11 85
544 324 123 128
393 156 11 17
463 227 118 124
155 574 127 127
194 278 8 42
80 127 32 76
300 78 5 8
162 504 72 112
139 456 18 19
427 331 6 31
509 38 10 14
227 73 23 131
323 173 143 164
519 153 61 63
368 351 4 23
182 460 82 110
187 478 3 8
150 531 122 128
459 416 103 109
596 445 70 109
160 507 77 79
331 269 34 35
168 256 56 59
570 303 37 77
463 95 28 92
247 207 165 172
57 157 126 140
7 378 8 43
222 546 80 88
74 77 100 125
89 594 38 49
576 167 59 59
321 334 45 96
502 424 1 1
261 173 103 119
227 576 16 100
10 598 4 24
344 45 128 141
466 485 49 69
361 248 100 168
541 196 34 81
424 198 2 8
513 437 94 98
288 317 48 94
316 262 15 77
219 368 63 63
472 78 25 49
540 400 36 41
20 28 39 42
526 291 76 81
372 469 77 96
393 200 36 37
452 238 11 15
278 202 15 15
276 133 46 121
465 525 138 145
253 87 48 59
559 369 23 103
114 245 15 43
206 502 1 2
274 354 50 168
87 61 11 33
502 564 13 37
263 250 21 25
191 149 50 78
260 287 101 102
238 80 2 6
128 485 4 6
65 86 92 126
195 73 30 40
254 105 8 32
32 425 131 164
279 420 31 32
335 468 21 26
525 110 16 53
98 311 49 60
288 386 2 19
313 45 3 7
447 295 28 28
60 478 41 59
50 565 54 63
2 394 71 73
578 8 68 79
129 574 158 165
339 239 3 10
260 321 24 34
188 444 78 79
430 32 49 80
453 200 15 88
120 127 82 134
434 584 8 29
69 440 20 75
357 405 31 36
420 254 11 125
556 150 54 147
596 81 0 12
389 310 157 157
490 235 51 52
70 112 8 18
488 321 68 69
184 24 95 167
355 463 83 147
501 594 18 31
177 331 46 98
273 357 40 112
571 316 6 17
28 343 46 56
41 152 48 79
71 487 51 54
82 474 21 90
518 116 85 88
363 312 17 20
325 66 99 102
344 95 73 80
397 355 3 14
597 220 64 109
310 194 40 70
401 1 70 80
290 525 45 63
180 188 71 74
542 145 27 34
301 105 31 39
88 236 103 115
438 365 33 171
399 461 128 133
484 123 116 139
371 100 7 8
491 508 39 124
571 415 14 48
328 442 5 12
139 503 47 94
107 423 91 104
108 233 107 127
321 36 70 80
72 261 73 75
297 8 3 11
288 171 12 76
286 83 32 73
452 237 33 138
266 407 118 126
593 24 4 7
228 163 5 7
539 584 17 20
7 52 24 50
496 389 29 53
20 278 22 35
476 488 4 9
351 108 13 97
202 275 107 140
371 427 76 98
45 220 30 60
19 325 128 132
525 142 72 132
292 503 121 135
161 180 101 123
110 180 115 178
123 30 25 56
565 118 88 155
507 374 67 67
30 399 62 121
226 251 85 96
58 9 125 136
212 59 35 84
320 301 17 21
533 319 1 2
155 151 20 92
226 497 57 64
449 362 28 100
16 343 17 19
174 118 90 95
425 231 27 49
227 354 4 5
529 359 20 30
19 532 130 131
370 127 55 65
596 513 10 12
457 494 177 185
319 156 12 19
84 548 16 67
395 28 9 10
536 247 47 117
41 106 149 151
458 303 29 56
4 370 123 124
595 321 54 92
339 536 33 46
167 2 12 48
51 349 36 86
346 558 17 104
382 255 110 138
596 522 2 3
230 40 177 179
431 364 14 16
33 416 33 60
446 172 59 67
119 276 67 74
253 537 65 86
312 455 78 80
81 491 83 128
207 212 84 118
14 199 36 45
436 517 160 170
242 38 12 127
78 505 136 153
153 455 35 82
545 89 5 8
46 161 48 63
515 545 78 79
534 482 19 47
361 576 29 113
330 77 50 51
230 266 72 74
569 571 22 28
564 131 8 20
27 179 30 58
195 405 24 69
58 477 9 30
146 582 1 1
97 390 118 132
466 414 41 45
100 329 57 64
154 372 80 96
148 37 65 95
22 572 38 51
381 291 28 46
461 592 69 75
528 574 8 18
17 498 60 60
207 437 2 2
79 182 137 146
553 10 58 91
514 463 61 85
110 377 35 41
531 585 29 40
585 10 6 12
310 410 135 152
407 263 134 164
315 454 19 22
326 487 22 42
234 30 26 39
42 295 113 161
163 147 45 90
130 568 13 44
240 75 17 20
249 107 7 11
484 18 69 84
375 46 42 132
215 171 30 50
307 157 83 103
254 439 51 59
291 64 12 43
313 588 17 43
343 40 7 7
3 225 60 127
340 471 7 7
6 61 97 113
68 422 22 33
262 386 10 169
551 4 101 145
261 364 85 89
47 114 26 70
39 206 30 38
587 51 18 41
39 427 68 77
58 255 174 174
81 392 86 89
268 522 29 47
241 151 33 37
186 405 23 35
550 247 8 9
38 48 1 2
31 120 51 81
190 261 65 69
384 358 8 11
490 354 85 94
230 120 38 54
80 2 36 49
52 288 110 111
573 339 0 0
496 293 79 184
469 312 41 52
395 298 26 27
361 314 33 61
459 447 41 46
499 487 66 72
71 63 21 51
203 342 80 138
419 595 48 55
123 326 8 25
396 447 56 59
30 584 126 141
588 100 62 78
405 453 121 141
158 465 52 75
65 170 45 52
423 71 13 14
60 511 117 133
358 248 22 82
216 583 16 54
145 116 7 7
209 558 131 132
424 231 23 65
384 55 105 128
298 110 19 118
563 485 5 21
543 523 81 106
346 391 11 72
107 513 57 104
98 595 9 13
580 421 11 11
546 241 21 26
430 456 64 96
97 484 50 97
205 215 132 167
134 375 112 135
287 89 58 62
397 155 97 100
154 447 3 7
377 192 37 52
495 33 169 178
20 110 111 159
270 319 59 60
436 349 30 52
337 341 1 1
78 574 15 41
94 537 12 12
400 276 72 83
26 399 7 134
541 40 25 39
345 483 86 93
485 456 101 122
436 260 6 37
328 134 29 47
209 520 18 20
61 494 89 124
253 541 62 62
545 286 0 8
509 525 30 64
114 594 1 1
305 438 135 172
360 302 105 133
12 559 17 20
352 62 163 174
14 497 167 171
532 541 5 6
527 501 32 73
236 409 19 163
353 192 7 30
415 480 3 10
75 144 85 85
63 427 23 55
418 164 13 14
32 33 9 14
408 143 55 70
488 259 25 37
94 295 1 2
111 266 34 39
523 378 38 40
425 305 85 109
169 174 7 7
595 411 12 12
564 346 12 31
509 512 0 11
293 51 161 178
425 49 21 23
348 45 28 36
336 205 154 185
442 539 18 18
313 82 52 62
456 572 156 167
392 472 57 59
171 542 1 1
536 102 150 153
302 376 78 87
166 299 96 132
184 248 72 107
121 366 124 152
469 22 5 6
514 123 96 139
283 350 62 63
448 238 18 22
155 456 64 131
346 331 2 20
475 125 37 66
356 160 36 60
598 567 40 87
357 567 1 1
98 483 135 141
403 226 28 65
97 15 23 27
149 154 142 148
476 366 133 139
472 481 5 36
279 197 10 36
189 504 6 119
532 294 2 4
128 206 2 15
54 71 22 29
328 517 2 6
41 191 130 135
182 320 66 78
497 363 23 53
595 495 30 43
278 335 105 157
411 424 7 24
244 500 70 80
325 363 160 182
66 497 71 71
90 481 148 163
447 192 0 2
481 195 41 60
322 492 15 103
72 6 12 15
30 441 15 16
124 48 18 36
409 234 123 130
388 74 162 172
114 268 60 64
417 290 25 106
182 473 156 164
212 93 58 69
11 8 25 69
409 499 51 134
110 144 38 110
341 344 52 60
64 420 8 62
5 460 20 35
529 249 16 48
336 456 5 8
219 387 76 98
463 479 18 21
350 147 42 96
121 460 29 37
589 64 1 6
511 582 8 13
301 151 96 98
101 29 136 139
94 505 9 61
283 576 20 34
99 302 17 25
86 34 18 173
388 302 10 178
6 535 70 75
525 588 2 8
521 531 50 90
568 363 59 79
193 131 23 37
166 70 24 43
566 421 73 96
593 79 5 7
530 407 79 95
73 590 78 118
175 273 106 106
2 258 43 67
207 283 29 48
103 593 26 46
105 233 161 163
152 48 52 61
175 196 11 12
590 226 37 145
551 270 68 70
461 148 144 149
315 442 6 12
101 271 6 19
16 395 87 151
108 91 18 66
8 508 45 76
232 513 37 89
575 484 87 88
31 50 17 27
23 242 5 6
273 223 87 131
168 510 75 126
317 336 173 175
234 160 16 28
6 440 112 119
81 402 95 138
530 220 37 79
541 476 13 116
233 379 3 3
164 315 20 22
217 528 150 150
456 577 56 183
26 418 2 6
432 371 29 108
167 192 6 8
122 464 160 160
192 574 12 27
275 367 132 136
553 481 5 15
43 457 16 151
159 67 17 70
418 97 134 139
479 371 20 21
434 226 25 52
532 311 7 8
100 123 46 49
93 306 1 4
460 435 48 90
143 68 7 10
290 44 4 19
234 185 0 0
376 188 40 110
61 97 6 23
265 219 93 110
308 507 41 47
542 487 42 67
412 155 113 115
279 204 13 35
531 524 27 94
416 286 40 40
422 71 3 14
177 93 5 17
591 83 60 63
187 180 0 4
81 446 60 83
212 502 10 17
284 242 8 121
251 91 64 98
308 514 90 94
550 70 150 172
537 37 11 29
275 298 6 37
114 239 21 21
228 310 88 97
306 140 100 112
251 374 108 118
216 419 89 102
70 18 106 110
417 167 20 39
367 197 55 92
513 169 88 102
312 466 41 50
20 363 93 101
186 184 6 6
345 66 25 28
500 308 68 78
502 57 141 145
64 414 48 88
102 163 6 30
579 170 167 169
544 321 138 157
593 243 40 119
351 504 41 43
433 122 100 101
47 519 14 17
106 455 18 80
108 153 93 114
458 373 21 63
159 91 104 109
202 245 70 94
107 270 87 124
111 550 25 140
191 477 0 7
152 120 25 33
457 288 76 170
152 396 10 48
247 132 77 150
245 341 28 36
75 358 42 58
253 538 157 173
396 150 74 75
320 214 127 132
505 352 58 61
523 471 26 50
138 239 79 88
230 117 41 96
214 292 12 18
297 20 104 104
230 295 84 124
503 158 52 59
357 543 35 118
183 293 119 140
6 175 156 163
596 394 8 143
221 441 65 115
253 163 22 23
42 423 107 121
377 24 23 55
488 558 141 158
434 13 54 126
441 63 113 120
195 186 1 24
227 313 5 22
586 499 73 75
432 457 4 7
259 6 15 30
273 388 28 73
211 234 124 136
19 104 6 54
321 529 59 113
302 5 30 79
94 204 12 19
293 227 58 76
23 502 118 119
155 572 69 73
397 296 67 88
187 332 34 51
300 233 82 124
152 524 184 188
62 434 20 51
286 98 170 186
251 35 21 36
231 295 82 110
135 586 91 114
49 377 28 54
181 169 30 122
437 112 77 116
531 254 99 105
71 298 35 50
423 326 16 16
105 573 134 143
331 125 10 13
566 489 155 155
77 163 84 125
69 552 25 164
367 266 0 3
436 158 132 152
267 473 74 83
240 184 164 165
148 434 65 128
315 300 50 86
227 88 21 29
247 37 14 15
80 460 28 53
74 108 37 73
529 189 50 177
505 177 109 128
210 404 113 115
216 426 20 175
392 552 9 11
520 362 56 94
20 493 46 59
325 476 51 58
168 50 34 38
281 207 26 60
570 536 11 26
449 176 130 139
450 465 174 180
42 363 109 146
329 594 46 84
362 92 138 142
577 289 119 119
154 29 125 143
25 423 38 99
356 30 128 149
573 298 52 65
297 37 75 91
471 333 23 25
437 464 46 49
189 164 24 57
246 238 53 60
556 558 116 120
296 433 41 51
369 314 21 107
50 307 8 33
468 585 26 51
59 429 9 33
567 504 12 65
390 235 85 89
444 144 6 52
381 447 33 115
219 94 148 151
238 69 110 112
571 79 13 16
136 242 52 54
544 60 16 51
202 445 74 78
86 410 13 37
297 165 24 26
216 129 9 11
20 184 18 18
547 511 41 41
73 177 50 54
129 422 52 107
155 76 132 141
480 41 61 80
543 212 137 138
282 36 12 89
108 180 73 82
477 30 10 14
112 355 18 35
454 243 47 147
173 517 43 120
26 517 23 59
445 525 25 79
401 531 112 133
316 136 60 74
42 442 15 105
172 527 48 61
192 565 15 23
287 482 51 68
454 221 43 62
199 378 69 91
383 71 39 39
158 98 10 50
51 276 13 13
440 544 112 119
325 213 5 7
413 521 35 114
476 78 88 139
335 444 16 47
123 544 131 161
260 57 9 14
454 496 11 22
290 427 89 92
301 192 158 175
330 562 85 147
559 561 78 85
468 417 26 45
131 592 72 73
423 299 74 116
202 237 43 79
277 491 5 17
593 568 85 86
173 348 15 26
578 110 34 41
494 287 34 41
195 292 67 73
241 217 15 69
307 318 142 154
401 312 64 66
373 222 86 113
541 423 50 51
315 0 36 103
375 214 21 24
226 503 26 44
384 155 56 65
17 415 50 124
382 8 158 185
362 343 5 30
119 137 3 17
586 163 15 91
352 325 19 25
159 338 34 50
332 329 27 29
265 141 0 0
451 389 79 100
144 42 6 6
186 382 16 20
18 301 1 3
126 113 33 80
309 232 0 8
423 486 135 143
518 476 50 50
92 397 7 11
154 223 1 2
421 438 21 39
414 287 124 130
190 51 5 5
173 79 76 110
156 158 35 75
146 240 52 114
69 240 66 131
302 360 126 132
590 424 164 172
470 452 34 41
577 566 80 138
142 444 90 96
519 169 19 20
107 308 75 103
144 261 137 169
489 128 66 70
260 291 71 72
236 130 3 3
47 187 49 53
119 585 111 125
510 11 13 13
155 342 113 128
162 552 32 181
352 271 14 25
467 191 74 74
306 210 10 14
572 526 76 143
471 331 179 182
9 390 48 88
330 579 60 162
571 49 146 147
35 590 106 121
363 383 22 25
342 163 0 3
536 248 2 3
422 521 49 168
120 27 3 5
102 585 15 20
106 579 106 136
216 66 84 139
355 358 53 76
383 128 104 164
376 320 3 3
571 1 46 64
444 193 4 4
426 452 5 6
263 270 144 159
16 5 15 36
544 472 103 122
458 506 92 93
336 79 5 94
55 133 29 39
22 183 28 158
530 211 3 5
433 514 82 101
1 386 16 26
100 294 40 43
167 419 122 171
299 376 26 30
214 71 89 101
401 525 7 34
487 347 90 142
11 440 14 105
43 207 84 97
432 34 0 2
510 549 71 84
94 37 111 121
372 123 52 62
535 536 55 67
130 370 75 77
543 580 66 73
150 245 41 42
228 39 60 97
379 363 31 59
345 326 151 153
59 579 14 14
438 418 19 57
91 239 57 72
54 465 61 62
446 441 15 41
169 309 89 95
35 237 156 173
337 462 50 55
92 226 7 20
340 42 3 5
546 43 118 122
122 45 0 6
8 97 36 42
118 315 30 35
424 15 25 51
156 41 123 123
420 125 35 94
480 106 46 61
247 184 71 106
514 172 32 41
470 565 43 46
267 534 57 68
40 228 143 179
124 468 32 42
247 486 39 74
7 38 41 58
377 422 75 84
406 530 13 17
8 505 126 142
242 212 6 18
83 528 126 136
313 549 65 101
190 332 28 29
27 123 45 170
310 129 31 59
552 462 63 70
219 174 83 125
416 302 113 151
311 574 45 79
198 316 21 28
218 447 63 66
304 555 20 81
260 191 31 34
180 47 30 30
116 177 3 7
172 25 5 17
571 52 8 34
41 378 60 77
84 368 0 4
246 393 165 165
91 329 68 122
440 13 168 179
496 76 2 7
3 248 27 59
147 559 33 39
16 209 55 73
93 466 50 88
28 343 38 47
224 38 32 45
24 117 85 148
352 102 11 32
223 530 5 23
61 106 24 111
188 265 14 133
593 413 49 71
369 331 76 83
29 23 33 73
559 583 22 57
64 0 47 66
149 423 37 44
335 506 44 79
194 366 84 84
43 365 154 164
473 147 86 93
447 17 19 20
121 411 82 96
198 190 129 142
228 150 11 36
361 197 121 124
542 392 10 33
596 586 61 63
28 377 125 132
72 465 25 28
348 472 21 54
9 189 37 134
448 531 67 130
566 427 42 45
351 3 88 122
573 218 3 3
304 366 17 17
360 329 91 102
339 280 123 125
327 531 31 45
326 495 9 25
54 397 3 6
328 90 16 39
220 450 89 113
577 0 57 78
297 410 17 65
191 574 83 111
390 128 41 45
372 190 150 166
267 509 31 75
280 84 33 36
332 292 68 77
524 395 53 64
53 518 25 93
484 174 10 19
478 265 80 82
244 150 45 65
384 410 94 157
553 345 0 1
111 596 47 47
217 366 42 46
330 307 83 91
264 169 158 158
44 282 97 144
352 402 77 79
71 108 45 55
441 285 97 135
138 155 35 90
316 389 133 185
116 448 16 112
442 169 15 84
485 196 10 54
160 368 26 28
405 480 27 38
278 478 6 12
92 18 10 91
570 126 27 86
9 310 75 75
552 319 97 170
289 94 5 23
495 206 2 4
502 246 167 176
104 415 60 69
309 545 32 39
467 162 8 8
291 461 26 31
520 564 12 34
87 337 7 7
235 166 15 56
454 459 6 6
429 120 20 40
178 383 18 26
338 307 1 2
135 585 132 136
245 386 76 134
59 498 42 79
349 464 57 62
488 287 4 44
520 343 43 44
561 227 66 96
506 146 149 162
237 500 72 85
495 585 44 112
352 321 31 65
90 258 97 102
94 580 129 134
66 248 19 79
320 123 71 123
265 173 38 48
367 386 6 8
107 150 43 51
561 29 9 16
69 382 16 26
85 390 7 60
79 270 23 78
337 430 45 66
314 337 14 15
400 371 145 152
76 152 5 13
523 448 173 181
122 544 107 130
576 265 30 40
513 21 94 96
52 232 22 31
458 27 38 39
289 204 59 59
60 238 63 84
416 549 22 37
393 510 5 16
415 400 49 73
197 218 132 150
458 96 40 56
109 334 43 47
306 337 34 61
486 136 3 11
309 533 25 26
531 378 21 28
357 295 13 22
455 561 53 54
404 502 86 133
492 27 49 59
115 452 135 170
357 157 166 167
564 295 22 92
7 220 16 58
421 191 42 103
515 543 51 170
359 521 40 64
568 12 22 26
34 28 103 108
294 94 18 19
252 303 16 54
562 130 17 72
330 492 82 98
425 433 18 63
271 288 64 98
124 192 81 104
469 392 17 29
379 422 30 135
493 471 1 13
270 400 31 47
224 514 68 76
361 560 23 70
167 229 26 95
9 338 13 151
415 241 17 25
173 270 50 80
587 303 65 123
421 77 16 71
110 37 73 105
363 557 24 37
388 526 16 20
264 263 66 102
94 364 4 21
445 290 112 114
284 69 22 28
301 576 83 133
486 369 57 126
13 95 39 56
126 458 63 73
553 263 42 66
504 235 43 48
123 274 83 138
215 487 5 16
571 529 122 138
230 357 28 59
301 322 92 109
504 109 56 57
236 395 4 7
520 230 41 105
71 573 30 34
213 353 68 111
203 0 94 95
375 142 12 28
163 429 7 18
3 295 17 18
439 589 16 25
475 485 48 77
253 22 10 29
403 233 39 68
282 436 33 48
569 323 137 187
426 219 134 156
504 116 65 67
555 148 33 56
367 90 79 79
451 61 19 24
425 297 16 48
208 290 57 118
329 544 91 99
307 475 28 54
582 47 43 66
575 571 56 178
72 483 147 154
32 142 24 59
465 546 17 23
319 153 29 36
301 487 36 55
395 575 71 88
78 35 21 45
61 358 17 56
294 369 31 38
409 413 41 42
199 208 34 104
333 4 21 34
215 585 124 126
436 237 155 161
289 273 97 106
112 533 27 45
186 387 32 33
528 246 51 52
196 224 9 181
260 248 65 90
463 94 32 37
141 297 35 47
478 58 11 42
239 548 51 65
77 168 9 19
202 246 23 26
529 204 35 58
328 289 79 108
277 206 89 99
185 192 91 100
435 78 69 114
124 454 14 19
82 281 2 15
336 50 10 14
527 519 62 134
118 216 3 5
39 5 1 1
248 204 55 69
567 170 4 4
171 62 31 67
432 529 15 19
589 497 21 74
548 17 4 88
293 23 29 40
280 24 52 53
392 247 71 88
155 75 36 157
379 28 19 105
241 441 75 125
496 554 62 70
398 485 20 103
356 359 42 169
449 63 39 54
548 477 26 42
308 547 38 41
338 375 18 43
55 151 47 58
197 573 76 97
507 557 69 96
568 166 38 87
34 207 80 118
49 125 33 151
487 444 6 25
496 320 91 155
348 591 2 11
139 80 65 80
473 536 87 97
391 528 61 65
368 443 8 12
398 380 141 143
266 565 37 68
522 591 19 19
502 383 76 93
154 162 75 106
33 524 27 43
59 548 31 47
297 525 35 152
166 8 56 106
507 67 3 15
37 557 76 125
587 333 55 155
531 341 19 20
329 12 7 69
440 184 72 107
520 308 4 7
490 594 12 13
119 327 139 180
427 340 12 22
380 431 101 104
439 25 37 70
199 500 119 120
589 423 8 17
74 2 160 162
349 297 38 80
143 377 13 16
471 349 90 100
581 532 84 102
468 577 69 93
326 273 67 89
233 43 98 111
406 312 73 80
73 124 3 6
317 222 86 138
269 313 13 18
474 225 57 66
529 458 7 15
511 598 14 16
284 383 7 25
72 4 95 127
224 543 97 167
377 111 51 64
550 280 0 1
525 46 24 120
88 315 24 40
201 320 9 44
44 200 82 93
12 493 121 133
219 96 70 111
286 34 83 108
357 243 9 10
77 251 32 59
170 315 16 25
552 533 51 84
330 195 123 132
540 212 3 6
469 575 54 116
491 186 115 127
5 393 26 38
67 178 6 49
240 176 6 26
180 66 30 30
541 380 72 99
415 76 5 6
423 438 83 88
332 289 162 162
507 164 38 74
148 225 13 17
268 95 52 118
379 145 8 8
331 344 21 25
282 296 59 113
35 289 1 6
429 107 8 8
130 279 0 2
64 444 150 150
113 320 32 46
258 41 16 16
342 203 88 111
203 323 83 155
366 544 99 117
32 167 93 132
122 567 41 114
168 297 6 11
323 585 52 63
427 267 17 35
30 37 1 24
28 330 33 67
476 537 16 18
154 308 30 31
564 298 45 68
390 433 17 84
18 318 20 23
447 83 49 66
343 325 52 52
152 182 46 46
125 96 145 146
267 86 92 128
359 68 111 112
125 65 40 54
205 571 55 66
420 183 79 80
571 48 102 102
172 190 7 7
195 369 72 167
456 251 5 15
26 452 82 94
113 347 61 91
60 143 5 10
172 165 140 142
541 52 13 99
236 109 133 145
380 23 13 152
255 467 58 75
17 394 91 94
283 41 60 92
83 284 54 125
523 323 31 57
187 441 47 65
557 284 91 93
268 432 21 24
71 428 66 83
44 93 60 100
3 227 120 122
78 437 102 120
563 255 13 28
499 53 89 106
521 185 24 44
458 252 51 52
326 44 18 52
271 475 6 18
160 109 38 65
108 15 66 158
85 526 159 165
348 292 51 166
374 320 44 56
26 96 89 90
400 344 38 59
14 36 10 82
284 495 77 81
311 94 11 19
194 592 73 157
322 386 43 86
527 583 16 21
516 354 10 53
434 588 65 104
352 540 6 107
510 42 111 113
439 568 96 105
203 415 2 6
308 370 33 154
573 284 27 35
315 285 29 32
361 540 28 80
316 165 63 66
229 401 34 38
472 452 175 180
104 265 4 6
195 269 123 183
118 256 66 67
161 541 23 76
349 52 155 155
403 306 18 26
267 578 128 134
374 160 53 56
367 326 109 113
67 111 127 159
527 306 22 103
193 126 69 76
347 106 44 127
221 305 5 5
329 425 35 104
443 203 44 126
43 301 0 1
386 414 53 102
112 502 103 157
393 244 31 39
41 141 166 182
572 17 44 99
219 94 47 64
349 259 129 130
509 562 110 149
84 218 67 96
42 444 25 75
187 467 60 93
3 350 117 161
490 374 1 6
432 467 11 33
280 153 7 48
415 362 77 144
192 471 0 8
55 56 84 119
27 231 20 56
169 44 37 76
455 140 41 51
273 563 23 124
216 142 30 93
247 289 2 34
183 194 34 34
540 228 74 82
219 206 0 1
402 195 1 1
327 578 31 35
432 310 73 123
29 447 169 174
135 80 1 2
255 482 121 166
315 391 122 138
69 45 2 11
408 225 100 154
196 221 48 54
517 408 6 32
46 149 60 90
332 128 10 144
108 420 0 2
253 19 5 25
196 33 68 128
246 474 5 5
43 155 38 72
525 512 3 15
150 95 91 92
129 291 96 102
142 349 9 22
38 388 86 88
242 138 13 14
120 296 32 82
87 46 17 19
170 286 58 64
373 378 8 10
156 392 16 35
493 69 89 123
475 393 26 47
334 497 0 0
484 227 126 162
544 548 1 4
224 110 21 69
348 218 124 124
69 10 6 62
452 328 11 102
501 252 56 104
565 89 43 78
473 159 45 96
280 275 78 80
502 501 11 106
564 155 25 43
192 106 78 115
26 182 34 139
296 595 10 10
50 472 32 34
565 483 22 96
380 252 14 39
110 104 29 30
4 471 32 37
473 583 69 128
122 167 165 170
589 435 4 28
568 483 184 190
528 410 14 19
442 318 3 11
414 502 12 12
4 7 76 79
210 165 32 48
158 211 83 88
458 55 5 5
267 304 19 22
131 446 59 104
45 389 96 121
109 89 17 37
399 255 73 81
165 290 18 22
597 480 42 121
539 470 27 54
59 451 24 43
197 418 45 45
355 192 174 177
357 143 164 189
216 74 51 77
343 172 22 22
564 337 72 98
368 405 78 93
194 127 39 80
166 352 6 16
495 499 125 145
69 13 21 84
545 165 95 107
1 405 5 6
362 381 103 129
80 231 61 69
10 236 24 30
177 251 67 140
107 533 18 18
272 575 85 86
594 307 24 41
48 109 60 119
299 269 45 80
500 30 45 51
6 35 85 97
3 125 3 35
167 564 16 18
41 424 44 128
0 307 72 80
483 7 24 50
465 379 7 16
499 157 38 61
310 186 40 159
386 72 4 22
280 321 66 115
44 256 107 150
250 563 26 41
235 575 2 6
422 237 35 107
218 143 27 33
491 389 28 46
400 304 8 10
240 164 43 46
28 595 15 31
463 522 70 133
575 547 117 122
348 350 92 140
390 554 102 142
115 148 45 65
190 180 9 11
167 268 88 104
146 119 8 29
475 555 35 80
16 162 72 110
287 296 11 11
262 38 57 110
304 544 2 10
106 357 49 56
256 595 15 20
191 477 29 58
382 334 32 54
291 449 74 92
425 392 5 36
580 98 1 3
554 253 132 181
137 113 122 136
424 41 13 20
164 206 77 80
512 170 22 107
533 480 15 16
35 30 139 145
523 522 11 38
460 287 22 34
296 259 87 100
423 237 62 121
114 464 135 151
119 81 10 101
27 170 10 51
294 367 80 86
212 251 54 55
542 471 119 124
122 584 70 75
404 271 13 38
85 16 7 36
330 110 7 34
126 19 39 53
291 192 10 10
549 362 19 29
543 457 148 169
128 453 19 26
521 391 120 127
483 146 10 45
498 441 8 52
386 375 78 155
50 550 6 8
80 136 83 86
429 529 5 7
271 86 2 2
166 511 6 6
222 446 24 58
105 376 15 47
502 554 59 95
216 562 40 79
5 548 156 164
450 452 38 43
188 72 21 24
332 496 20 93
393 212 82 96
349 12 30 121
255 486 34 36
178 392 6 66
579 567 15 43
58 563 62 87
62 106 61 104
406 500 36 92
485 403 19 72
499 134 3 7
361 85 44 85
502 357 23 25
538 29 27 105
530 481 124 159
69 526 28 89
517 535 5 40
237 279 7 12
400 146 6 10
492 20 25 39
288 191 111 142
193 571 22 24
549 503 10 16
198 15 58 81
116 94 119 135
258 347 26 27
42 95 40 91
344 204 1 2
467 284 0 2
268 103 132 174
170 273 15 28
263 566 29 52
467 324 20 36
393 423 49 58
557 509 32 34
197 397 55 58
566 306 54 145
440 318 25 36
588 368 7 10
336 364 21 36
200 419 2 3
171 442 4 14
289 151 3 26
549 91 58 78
33 551 92 113
341 515 34 35
250 302 10 10
598 82 100 155
440 329 2 2
271 372 10 28
342 579 13 59
101 51 122 139
224 303 54 71
447 382 35 129
133 53 34 59
176 428 94 142
264 420 24 46
473 194 68 69
98 590 82 126
99 251 42 58
556 562 57 79
388 268 49 49
557 233 25 27
18 577 8 10
312 277 15 16
508 549 50 59
298 111 19 20
58 274 15 19
398 454 37 91
250 461 81 105
516 193 29 66
32 377 10 25
408 343 93 127
257 438 35 165
463 238 68 73
388 145 29 29
278 565 33 48
507 571 26 110
557 62 47 77
111 394 51 57
460 203 131 135
308 126 57 57
357 28 3 19
382 279 15 42
397 191 153 153
173 68 29 110
70 305 5 10
584 471 143 179
42 328 26 72
42 150 82 91
61 440 93 136
502 270 33 142
573 212 76 86
424 158 18 29
6 431 15 22
417 177 112 128
111 227 96 127
492 457 115 154
163 348 24 55
594 85 10 23
142 125 31 50
418 112 62 105
27 559 15 20
325 482 132 150
128 262 37 119
0 355 156 167
548 450 76 83
239 34 72 77
162 298 54 65
248 173 85 102
27 422 49 67
494 493 26 28
457 77 23 57
60 84 10 14
347 199 18 46
546 504 3 16
95 446 6 82
203 116 20 56
44 393 42 120
10 131 96 105
314 455 11 81
494 403 0 2
571 323 15 17
409 157 67 71
60 222 33 45
67 480 9 71
521 88 127 127
372 500 24 28
81 56 43 63
434 451 56 66
165 139 54 84
461 266 28 41
129 512 147 151
569 160 25 35
496 344 171 172
17 147 62 150
326 304 48 52
233 88 20 31
520 478 35 39
272 373 92 97
45 449 65 71
410 385 35 83
536 20 28 44
6 537 30 34
195 287 26 32
388 140 154 157
64 431 41 42
74 515 1 6
24 222 4 13
14 492 72 78
489 277 2 3
535 539 104 126
89 488 82 83
502 74 53 93
572 248 36 82
363 552 84 93
397 108 31 39
224 15 73 92
447 438 111 121
117 176 16 54
36 508 22 30
18 364 41 42
415 306 53 112
15 551 12 80
55 206 81 82
255 127 63 119
331 405 17 55
80 481 103 116
165 473 64 66
585 310 27 27
299 147 41 96
373 205 13 83
506 217 38 61
375 359 39 57
11 485 32 40
260 585 33 64
510 271 18 32
364 115 64 66
178 232 38 69
198 435 3 5
146 223 3 28
495 545 82 113
412 70 54 54
445 595 110 130
550 474 78 94
33 299 104 149
340 14 78 85
340 312 9 36
286 258 9 15
340 16 70 80
116 202 3 4
102 345 5 7
42 5 23 58
265 124 75 76
500 243 72 77
181 332 8 11
257 583 27 76
489 230 34 59
452 88 13 16
416 52 155 170
44 237 20 34
82 295 25 99
37 137 43 77
213 34 4 16
205 403 152 165
292 441 9 12
500 475 58 87
329 171 20 37
120 408 1 7
402 9 3 5
264 552 7 37
448 211 134 148
489 6 87 96
362 541 2 10
40 30 10 31
133 63 40 82
209 196 36 40
99 95 3 10
527 509 16 40
43 24 123 134
478 101 10 66
444 340 23 23
60 449 85 110
198 280 129 135
283 18 122 124
566 588 2 8
554 493 39 144
577 576 36 53
558 113 71 71
124 278 8 30
228 419 136 164
223 179 4 16
561 378 2 31
535 509 95 125
597 553 5 8
71 124 11 68
2 534 1 4
251 15 168 173
414 264 32 79
139 466 21 72
56 426 97 154
80 521 44 46
265 198 2 9
455 55 91 130
133 382 90 109
587 18 18 84
529 51 9 56
221 177 3 4
382 197 11 24
485 573 23 75
189 436 58 61
557 166 46 47
399 471 7 68
142 489 6 11
166 237 3 5
402 401 18 29
159 401 168 170
596 455 29 139
427 487 99 121
493 93 155 159
287 360 138 157
255 185 14 61
51 184 5 10
165 543 2 15
407 506 149 156
115 373 68 75
45 322 68 81
25 32 10 25
159 187 4 17
583 247 43 47
299 133 40 61
592 48 32 62
120 362 24 69
244 248 32 116
61 567 77 113
413 26 35 40
358 138 34 49
83 154 93 93
122 430 18 32
295 545 48 54
589 273 139 145
265 154 5 8
419 481 50 61
167 522 147 154
424 1 87 94
534 179 19 48
376 443 58 59
60 88 10 109
200 284 98 122
503 42 53 79
550 397 118 139
341 535 21 38
67 317 15 75
469 305 42 63
362 487 10 138
361 87 62 64
369 23 114 115
500 199 48 48
514 417 25 47
488 586 95 112
213 320 142 172
305 381 44 44
560 338 2 5
391 456 87 150
563 479 41 50
401 347 4 5
135 137 80 119
203 569 89 106
578 257 12 24
7 574 4 14
535 324 91 101
41 147 30 48
74 221 48 75
494 525 50 78
371 507 103 149
527 237 34 83
241 499 64 67
75 29 37 77
534 176 118 130
391 487 156 159
207 320 62 75
1 534 9 9
306 533 31 44
546 361 80 97
579 27 65 77
116 393 69 76
129 399 69 74
181 204 34 50
261 153 24 88
30 97 96 104
290 133 8 14
525 526 5 28
315 428 147 181
286 125 3 14
137 269 103 104
367 556 51 57
579 157 20 57
390 473 51 94
333 264 11 110
172 389 73 130
234 60 128 147
509 165 8 41
219 482 18 105
388 26 91 93
40 448 110 156
102 595 102 129
87 592 7 11
403 315 6 23
475 360 5 13
557 574 47 52
584 170 2 48
133 325 110 128
204 300 160 168
526 517 9 18
479 73 63 178
320 534 28 31
98 327 57 64
419 182 144 164
158 486 114 122
442 41 25 26
177 432 64 77
415 57 23 81
480 178 53 65
503 371 138 145
448 487 48 52
356 382 40 120
317 384 29 32
329 88 1 36
229 521 59 62
343 392 0 2
328 142 63 96
578 77 15 17
63 243 16 98
110 112 15 48
235 72 137 149
478 479 24 35
23 39 20 29
545 5 174 176
511 494 48 63
356 177 22 26
394 567 21 41
443 205 3 5
509 570 24 36
484 303 11 127
30 522 140 144
296 565 72 165
219 524 73 110
473 374 83 84
394 497 160 161
228 382 21 22
461 426 12 25
227 78 9 53
69 457 17 42
59 596 58 94
481 14 41 57
127 347 63 83
511 525 36 82
552 492 2 20
506 336 63 169
413 421 47 59
382 54 121 124
126 63 56 64
568 76 29 46
289 83 26 31
345 240 37 50
110 167 66 67
9 188 81 94
24 551 5 8
369 79 66 97
74 213 61 70
115 551 74 76
405 253 122 124
76 518 85 105
118 411 26 30
20 295 11 13
166 500 45 121
532 319 26 35
238 312 46 83
494 123 79 132
99 351 97 100
16 417 22 64
390 514 20 61
76 308 18 23
303 223 39 85
37 285 65 111
345 389 93 94
243 225 152 152
209 157 13 13
80 195 76 106
491 400 94 95
337 478 19 53
343 102 91 156
79 543 61 108
66 584 64 67
133 497 145 169
139 242 39 119
316 76 2 5
239 132 30 72
305 238 56 70
484 414 21 22
46 248 13 141
358 157 33 119
102 422 82 82
231 430 64 65
454 444 77 129
486 367 64 88
391 387 12 17
379 373 7 7
398 348 61 84
414 590 22 23
239 168 2 11
311 431 131 137
135 37 117 140
569 144 30 40
514 212 18 25
553 191 16 22
152 106 26 32
316 453 9 15
337 317 59 76
423 597 7 98
233 152 51 54
477 543 65 98
329 158 5 19
205 201 63 80
320 10 51 89
564 31 164 183
480 316 14 28
152 231 140 144
548 150 50 50
540 560 16 37
272 425 86 99
259 54 107 125
568 60 42 54
309 287 60 147
227 454 49 152
153 340 129 130
38 258 7 21
298 32 93 101
45 546 70 88
494 147 153 156
598 240 151 173
122 442 27 109
205 482 77 79
45 567 53 63
174 350 9 22
496 555 9 159
281 481 36 99
421 385 47 55
395 366 2 21
137 524 7 49
408 359 102 109
200 427 55 81
260 452 68 95
154 61 64 124
494 589 61 78
324 251 91 97
472 175 30 61
592 341 143 164
98 6 34 59
220 390 58 107
514 107 48 51
481 296 47 135
510 102 151 154
78 242 90 104
453 571 40 44
487 564 0 2
201 287 113 153
456 299 39 53
295 191 142 155
12 366 8 121
77 251 32 51
25 5 49 67
260 4 11 13
479 404 69 98
104 220 116 131
114 333 59 61
592 487 86 101
247 239 109 126
216 271 87 142
556 277 68 99
117 555 47 166
141 189 6 20
239 455 19 19
384 472 27 30
30 153 47 81
74 528 64 97
490 321 50 97
259 389 6 10
497 310 31 43
469 94 59 122
437 414 5 69
38 482 6 6
312 440 81 81
107 411 116 117
208 416 34 42
6 420 8 11
589 543 29 48
90 238 42 43
94 95 58 87
288 491 49 112
515 256 40 47
189 79 25 25
538 259 32 64
326 78 7 31
151 396 20 64
505 62 91 111
448 400 46 48
526 109 63 73
259 508 87 96
162 403 1 2
502 388 30 49
274 275 29 159
25 245 102 102
261 1 36 43
394 448 77 83
265 590 53 54
240 521 24 72
223 210 38 39
119 73 84 117
497 93 14 48
9 223 53 65
529 143 152 156
364 326 78 120
105 594 27 33
569 183 3 19
225 188 135 135
311 444 47 54
59 67 10 145
134 269 89 93
320 589 44 44
336 258 30 40
298 202 4 55
139 313 6 55
429 291 109 116
52 296 65 67
2 28 10 10
0 449 122 136
470 74 19 19
93 372 134 160
66 214 49 56
384 304 24 60
400 105 18 105
111 210 122 125
427 502 23 51
86 596 58 83
444 159 80 93
78 465 16 16
142 270 12 13
534 455 49 74
259 434 3 19
175 174 58 66
264 112 47 161
137 418 52 67
471 535 67 82
86 543 10 77
179 2 30 30
515 321 24 29
423 106 3 14
144 0 7 28
226 570 83 108
328 451 69 128
351 456 33 53
122 74 3 4
59 95 18 19
165 139 6 50
30 320 123 170
584 125 55 120
212 32 36 37
424 550 161 173
539 277 56 68
264 226 38 42
524 380 9 22
34 19 6 9
124 208 24 114
493 91 10 25
282 59 29 89
554 327 26 30
256 365 17 23
577 488 12 60
476 485 38 56
289 316 9 55
300 96 68 69
36 170 64 76
444 397 107 136
434 12 105 119
590 97 32 37
190 108 85 100
590 558 21 56
225 319 16 103
322 461 27 35
79 129 9 80
504 391 113 117
35 351 85 102
265 118 3 25
200 293 132 133
421 337 46 71
22 116 68 74
387 194 30 56
568 406 85 91
101 153 36 36
492 295 72 152
98 453 52 126
98 127 24 149
0 182 30 45
3 171 114 114
516 558 9 14
325 250 45 50
406 388 43 88
126 522 16 38
58 248 8 25
506 167 49 81
580 198 23 48
280 363 27 81
439 468 152 156
405 25 34 54
205 28 20 32
384 206 12 73
97 481 3 8
572 259 9 64
423 255 122 133
437 338 26 152
467 405 4 6
47 100 29 151
339 330 51 101
400 587 7 8
178 358 73 80
464 504 35 36
57 572 12 18
119 128 10 125
133 278 5 9
358 335 7 33
325 523 40 50
497 82 61 119
162 173 80 97
466 192 20 21
449 402 97 106
78 284 77 92
243 581 20 25
493 348 13 33
167 143 14 73
200 328 42 49
181 363 62 69
245 60 46 52
479 97 71 94
411 407 3 4
194 550 7 7
399 502 34 50
535 337 21 31
145 123 40 46
317 309 71 99
467 520 79 83
347 305 74 78
544 183 137 168
444 401 50 71
504 462 16 25
476 284 16 37
38 398 54 82
354 301 83 90
149 341 81 87
530 541 121 125
463 257 94 156
400 427 13 42
243 466 65 95
300 512 64 65
360 485 39 73
473 108 91 109
501 291 47 56
108 555 14 25
453 236 30 44
136 305 52 72
129 344 9 20
36 137 119 121
282 287 61 99
475 161 8 87
582 116 146 159
527 393 0 2
121 65 0 6
293 331 5 9
378 334 145 145
291 427 21 119
512 598 3 30
182 359 148 165
170 130 93 98
507 592 132 157
152 345 59 89
242 305 79 143
437 201 43 85
22 105 3 3
527 161 22 22
498 18 89 105
9 326 46 52
158 146 6 10
151 301 79 173
426 463 28 69
8 526 37 68
542 494 1 1
249 572 113 137
276 22 15 16
22 396 44 44
156 349 41 73
134 106 37 157
317 597 145 154
491 239 168 171
304 405 4 65
92 138 31 40
253 132 46 52
343 185 107 120
582 462 40 46
261 226 1 2
198 568 36 57
331 370 130 160
351 94 67 70
296 336 81 84
197 49 42 73
256 590 48 79
88 261 17 81
10 365 94 134
40 273 128 148
215 570 2 3
117 355 2 24
46 171 87 118
39 101 4 9
505 555 64 96
7 159 20 21
133 493 47 49
289 168 76 77
33 5 134 156
539 217 157 158
426 590 12 22
381 26 94 115
48 251 134 134
459 298 19 60
100 338 34 45
560 239 81 84
496 502 37 59
410 154 76 86
6 78 16 19
403 316 16 69
225 168 33 62
544 327 49 79
444 332 2 8
353 304 98 114
401 313 17 18
283 531 88 89
132 17 66 77
497 172 24 103
102 372 166 176
314 443 127 130
521 491 91 137
234 284 48 54
297 15 136 154
410 554 118 118
312 488 89 146
584 18 3 4
186 208 100 118
462 590 86 98
246 436 13 56
580 4 2 2
348 331 94 155
514 359 52 70
312 5 2 40
514 307 39 90
222 187 4 6
557 284 163 178
448 413 6 7
281 1 15 74
89 184 13 29
72 13 22 28
411 80 21 24
502 594 45 62
223 393 1 17
446 391 19 34
266 461 25 101
180 488 25 109
558 44 82 173
116 453 3 3
103 569 45 51
188 519 49 52
499 334 48 80
132 150 122 131
212 63 34 62
497 87 9 89
578 569 17 57
356 331 40 87
459 28 173 173
382 30 78 94
256 298 38 103
353 292 96 98
122 439 98 125
210 152 17 23
29 240 19 28
504 98 68 68
371 499 17 46
348 537 72 81
318 63 135 143
516 258 34 35
507 229 25 68
563 555 2 3
68 510 9 12
431 575 76 77
587 272 22 28
503 339 58 63
258 437 45 83
114 20 9 10
196 424 24 31
193 529 85 105
28 119 19 41
24 192 118 125
191 408 14 15
368 164 47 47
166 87 149 153
139 294 0 1
187 389 104 115
272 167 129 148
386 553 41 44
504 465 19 55
24 322 2 6
543 88 8 46
361 58 64 138
434 207 72 142
365 471 78 101
146 275 26 50
543 517 40 40
350 255 26 86
227 144 30 106
16 141 32 49
456 546 71 88
440 97 59 122
116 589 38 41
421 208 39 107
155 165 66 137
405 248 31 90
113 579 63 118
412 451 32 69
395 571 63 73
174 368 45 146
342 68 38 45
463 372 104 133
49 265 155 158
320 8 13 63
547 17 8 24
40 423 1 2
554 290 110 111
370 271 19 46
144 151 55 55
100 143 34 95
321 537 124 140
214 230 17 20
258 138 83 114
261 496 5 26
549 153 17 47
431 74 32 62
405 317 75 101
489 2 46 54
441 130 65 77
593 61 27 52
188 304 3 3
115 40 59 60
5 130 51 67
444 400 31 46
284 407 2 6
496 249 18 40
111 252 27 33
255 187 103 125
384 212 14 30
342 554 79 112
64 451 40 62
231 52 153 153
91 191 0 0
207 286 153 181
398 51 155 157
559 389 36 116
384 98 84 85
497 289 45 51
358 85 80 81
356 279 24 27
366 97 112 118
183 573 21 55
549 402 107 152
168 30 31 157
172 155 3 4
214 151 91 171
441 136 65 73
441 573 20 24
217 350 122 139
484 130 68 102
595 540 27 71
88 95 144 169
204 132 45 87
591 477 87 93
588 473 71 94
479 40 74 75
220 205 16 18
384 521 39 73
296 346 2 6
349 135 31 33
264 31 144 155
365 373 16 24
474 428 47 77
200 470 68 69
411 464 69 77
311 187 89 148
446 540 0 0
150 152 57 99
288 486 33 45
210 533 18 55
113 455 104 109
227 391 45 139
91 264 69 91
384 395 12 21
336 82 25 48
100 335 12 15
481 298 3 10
353 147 70 121
395 331 7 15
99 123 131 167
515 508 11 14
259 358 35 39
186 211 115 158
506 37 14 46
438 194 5 14
308 303 22 58
586 291 0 0
30 49 13 28
327 540 124 164
400 224 119 125
483 27 39 40
552 155 4 4
252 559 1 23
134 478 37 93
30 112 117 118
594 375 47 88
437 371 43 45
396 272 50 69
570 345 106 173
472 132 37 69
157 417 46 84
580 279 115 116
97 329 7 13
485 569 5 7
39 494 29 35
454 179 43 47
32 387 102 130
131 514 34 100
495 539 8 12
468 162 111 116
467 357 32 37
294 116 5 58
224 480 3 3
104 132 58 89
230 285 92 97
377 210 79 113
469 276 0 8
300 137 46 83
330 566 19 94
53 66 82 93
379 134 45 53
580 324 39 39
512 496 33 86
210 461 61 69
169 459 9 57
95 598 32 70
133 149 100 147
583 80 3 4
321 140 45 45
9 584 2 3
310 438 10 45
115 482 17 58
558 150 14 66
391 456 84 91
526 414 22 22
430 429 9 17
129 73 58 116
502 404 5 20
98 316 35 35
316 565 2 10
509 347 76 102
543 208 29 97
167 280 105 125
255 9 31 102
207 506 3 3
286 214 17 47
268 454 54 61
212 323 69 105
107 341 142 159
512 399 15 71
0 104 13 27
594 519 36 41
61 298 171 173
512 398 131 132
395 278 36 110
554 545 72 92
575 266 14 14
87 314 23 23
397 54 57 63
395 326 94 133
153 501 80 104
352 90 126 134
464 374 9 94
7 556 9 139
309 355 7 18
535 312 21 21
448 363 81 81
52 553 17 33
148 61 51 130
491 165 20 50
189 448 68 78
195 338 41 78
136 403 87 98
300 556 26 27
216 204 11 18
187 261 64 147
89 380 1 5
192 182 20 20
182 15 42 84
155 206 1 1
32 440 3 7
219 220 18 21
414 12 26 47
56 363 40 102
87 92 2 6
0 94 28 37
463 9 43 125
507 2 95 96
101 584 131 134
123 318 4 23
45 457 86 98
293 589 27 28
360 51 25 30
548 84 50 79
149 282 12 21
473 200 166 167
477 468 42 46
430 206 115 118
131 79 30 65
571 544 12 12
413 557 157 158
576 489 85 93
71 425 2 2
162 457 16 34
342 577 141 160
313 432 104 147
296 93 31 108
474 511 142 162
126 269 55 110
411 239 3 48
574 501 2 8
332 143 181 181
458 196 29 30
337 214 12 50
118 324 67 93
314 557 42 57
284 172 74 106
572 410 7 45
369 105 31 94
307 448 21 23
101 139 54 62
353 44 10 11
112 204 6 7
303 435 111 126
577 413 54 54
438 517 40 48
188 241 11 63
393 29 46 97
404 188 171 184
518 476 54 140
349 348 22 41
55 431 18 136
586 52 38 38
472 281 6 13
597 111 25 29
433 144 101 102
222 161 48 59
525 288 42 46
0 432 31 42
437 207 41 41
366 336 19 40
549 152 15 20
485 314 23 34
321 208 108 141
225 233 65 102
410 128 62 68
169 159 3 35
318 96 0 0
57 357 35 77
15 5 28 133
525 323 21 33
328 145 80 131
433 289 34 61
216 75 16 56
439 273 117 144
102 321 168 174
579 28 14 19
312 47 10 14
260 51 100 108
264 108 15 71
154 544 39 80
48 568 170 177
370 416 54 127
272 21 29 32
274 494 128 135
259 488 163 166
523 241 1 2
36 331 50 154
481 356 4 4
337 437 60 61
574 117 88 122
252 482 28 31
74 374 37 71
578 112 8 42
258 518 22 40
117 387 30 80
491 174 100 125
492 365 68 75
419 196 55 158
326 178 29 59
11 507 0 4
338 319 40 47
2 592 7 16
525 506 41 44
161 402 21 23
370 319 60 98
473 139 20 141
264 44 135 137
300 535 94 115
577 399 34 88
586 574 36 37
181 36 59 59
373 324 72 140
343 246 98 111
32 292 36 36
230 394 10 93
193 77 21 22
214 292 39 64
570 155 49 54
592 76 16 27
449 33 2 3
281 274 51 53
266 581 122 136
27 78 63 85
427 52 114 119
322 511 17 18
555 240 74 96
219 310 7 19
475 397 15 62
99 176 28 82
493 312 33 98
17 334 77 128
563 501 128 159
389 331 71 88
457 147 4 17
477 516 8 14
170 282 30 30
220 555 17 21
249 367 69 85
73 234 23 32
109 576 30 88
157 66 18 98
367 74 90 139
526 407 51 128
191 454 80 89
358 469 66 67
521 585 6 7
351 355 58 58
308 121 17 50
292 312 23 34
338 410 76 164
533 71 83 103
10 334 20 21
483 451 70 105
56 561 144 147
239 310 12 51
284 364 21 34
72 53 24 28
520 237 65 92
221 366 36 37
196 344 4 5
257 324 75 102
66 129 98 108
49 293 39 42
514 533 23 33
86 119 96 101
527 327 102 113
44 35 36 47
511 64 1 10
11 357 50 58
384 42 4 6
283 305 98 135
171 400 17 18
230 117 45 53
169 525 5 8
561 294 125 170
319 145 12 88
108 343 51 56
248 487 36 102
518 417 63 146
345 275 146 147
424 242 34 38
65 87 81 93
96 51 43 99
457 155 122 126
113 240 95 111
595 85 116 146
537 488 46 47
30 300 71 89
538 564 18 20
480 261 34 63
110 27 46 96
50 1 2 17
236 19 39 86
231 110 37 60
489 397 152 152
390 514 24 26
92 59 117 117
457 276 7 11
30 3 27 28
274 561 68 73
318 181 25 74
458 426 34 37
52 37 0 2
72 480 95 115
96 536 26 115
451 523 7 33
335 302 28 33
592 392 78 126
595 342 42 71
217 470 97 118
384 545 35 78
271 23 155 163
464 499 80 82
26 169 9 9
355 296 20 51
73 464 65 109
205 256 107 124
547 507 89 94
487 578 28 29
282 108 6 7
345 554 127 128
206 401 40 92
81 558 12 16
204 321 13 14
352 129 44 58
576 185 118 125
295 561 75 111
369 384 168 172
525 436 8 11
178 517 48 76
465 146 115 174
559 480 12 14
123 34 73 85
597 464 62 66
18 10 44 46
519 142 61 93
182 277 33 62
449 563 9 12
497 443 1 10
321 441 50 54
212 405 9 11
295 142 74 128
127 42 23 30
151 496 49 53
362 104 25 32
593 414 72 72
446 34 10 13
17 99 35 77
279 359 18 43
502 573 50 51
495 308 17 51
284 379 5 6
40 273 36 50
506 411 1 2
52 139 5 35
413 227 109 164
78 60 41 138
345 109 16 57
255 188 137 139
564 133 110 112
499 284 0 0
432 15 145 158
85 173 9 9
401 83 80 117
66 502 101 102
252 307 126 129
154 298 88 91
510 400 81 145
183 443 58 87
394 315 99 145
24 593 69 70
268 407 39 113
231 100 30 39
173 213 78 82
475 175 98 114
571 7 140 151
572 371 9 10
532 509 75 127
207 536 2 4
157 412 85 92
137 527 132 163
516 515 17 18
482 128 93 93
156 543 108 174
59 308 26 44
382 19 65 65
96 562 26 62
253 353 35 38
410 307 32 95
101 361 37 55
390 215 69 85
94 130 59 83
304 239 119 125
346 519 16 19
24 275 12 16
590 521 38 79
86 172 14 104
169 283 10 22
165 387 1 8
175 202 91 110
129 388 27 39
484 475 87 110
249 548 112 173
246 456 16 49
178 259 126 147
235 216 28 44
193 563 5 22
44 76 10 73
299 36 60 83
144 110 103 126
426 312 36 36
403 183 17 17
243 497 146 167
231 388 42 81
511 416 37 51
424 362 2 3
413 292 38 39
520 229 37 161
576 347 145 164
385 364 78 78
351 478 45 63
289 569 2 18
220 127 16 18
307 566 115 130
209 423 39 142
450 199 5 47
318 310 44 58
428 22 16 25
447 192 0 2
366 97 13 13
58 361 7 11
295 482 32 35
198 539 26 32
210 204 79 86
211 282 11 89
140 145 59 72
494 96 33 59
508 347 20 37
16 100 6 24
165 381 15 129
176 388 38 45
258 156 119 130
101 404 98 101
374 579 104 119
95 582 9 123
388 434 35 38
390 122 12 129
26 240 2 11
314 139 2 14
532 199 9 51
199 41 124 155
35 16 23 23
47 590 65 107
293 276 1 1
81 99 104 111
197 3 21 64
118 542 16 60
345 554 74 173
23 105 53 68
4 134 31 59
147 440 38 43
101 61 27 64
257 321 128 147
284 429 45 49
454 542 9 18
408 355 15 18
103 395 5 13
147 321 21 68
474 580 159 163
125 251 8 24
454 22 37 40
571 12 20 20
374 39 1 7
78 88 151 167
303 569 2 6
381 390 37 47
570 57 122 126
357 488 103 123
16 270 67 187
573 347 0 3
130 198 44 53
144 507 115 140
366 516 23 36
294 394 112 130
428 238 68 93
386 236 8 88
502 493 56 60
173 228 28 51
44 415 25 60
12 216 10 12
330 229 76 131
186 437 64 116
511 437 51 67
436 170 31 80
93 455 71 111
50 356 13 15
526 576 51 74
476 145 54 66
365 557 48 50
384 380 134 135
298 87 77 80
133 168 1 10
136 314 42 84
228 566 4 4
304 483 39 88
531 474 61 73
172 281 5 28
108 506 4 16
317 188 10 13
210 152 74 142
302 361 11 17
343 541 60 86
333 226 39 42
204 290 6 62
273 526 12 13
496 592 116 128
433 131 163 181
49 569 19 22
508 583 97 107
27 72 10 53
314 464 18 176
230 410 111 158
288 202 7 102
308 339 4 6
245 434 10 100
1 372 7 7
561 389 80 104
383 67 133 134
94 418 14 21
407 106 77 87
592 112 18 18
501 68 38 42
570 143 48 50
8 134 5 34
181 221 154 190
341 331 11 20
212 341 8 20
75 37 0 8
160 533 10 173
478 44 3 4
215 328 18 36
158 42 0 1
465 103 91 91
315 373 11 11
319 578 1 1
241 44 144 151
129 327 14 39
584 376 88 90
314 119 166 190
524 60 50 51
162 325 95 119
57 126 16 28
532 42 60 90
425 193 46 64
101 164 62 66
542 552 2 2
133 142 158 162
51 230 74 129
204 130 43 64
335 105 12 15
432 323 22 89
450 418 28 51
439 38 115 139
384 537 121 149
56 202 64 141
88 68 59 80
345 67 41 44
486 322 24 27
326 26 115 150
530 20 21 36
145 147 57 97
302 194 4 7
356 469 67 85
93 260 5 7
56 248 49 53
528 353 1 7
369 377 79 79
95 374 84 90
307 151 21 25
288 389 116 143
132 130 39 44
584 209 16 16
229 298 14 15
240 499 9 37
177 96 12 85
64 467 5 11
174 85 93 152
43 567 15 42
218 443 33 37
309 166 4 38
134 83 31 42
236 10 167 169
542 151 6 14
137 524 72 112
72 64 109 135
31 278 43 104
416 412 13 20
496 568 115 144
323 239 15 26
521 428 34 165
404 273 17 37
278 415 38 144
181 171 10 16
102 145 28 61
175 163 16 55
517 590 106 111
495 356 29 49
577 323 14 15
568 528 13 13
168 503 74 148
130 100 29 31
474 427 14 34
304 177 145 154
101 478 14 75
132 539 80 135
451 258 20 40
577 598 57 103
380 389 49 67
280 116 109 160
163 236 27 82
74 170 40 78
265 230 27 44
140 284 0 2
225 256 2 2
196 48 0 5
369 130 125 137
94 283 122 149
16 321 17 17
264 364 114 115
323 75 19 20
524 201 86 102
424 538 70 101
462 320 6 18
292 34 44 60
35 591 30 33
242 580 55 59
387 351 88 89
249 547 19 30
73 490 63 79
356 247 39 101
449 206 47 96
376 235 57 59
300 172 0 1
476 258 52 113
141 2 81 124
260 402 16 78
365 32 21 48
328 169 29 42
119 518 18 24
1 111 168 190
328 239 95 95
508 193 62 85
116 110 86 126
349 485 16 92
556 430 34 34
475 156 11 34
12 275 12 19
550 435 20 42
183 286 36 38
153 12 79 93
166 260 54 107
212 111 152 154
30 134 117 136
405 551 82 82
474 440 77 138
59 18 59 72
153 455 31 44
118 535 36 38
2 380 9 10
229 490 18 37
114 305 45 174
431 16 42 72
470 364 5 78
320 121 67 111
582 269 11 12
271 358 115 129
448 396 20 144
271 544 6 6
475 492 22 85
588 274 6 23
297 587 53 54
50 366 43 59
528 212 99 172
5 235 9 89
550 330 50 54
7 380 52 104
216 52 136 143
523 159 11 14
448 303 11 68
298 532 56 93
315 319 46 94
105 10 7 84
136 299 4 35
78 458 21 85
289 565 7 80
122 593 13 29
484 435 59 82
169 418 39 57
134 330 28 29
195 11 4 20
513 125 1 1
365 163 37 57
412 0 37 39
24 344 12 35
31 502 17 54
441 392 96 97
79 416 20 21
432 295 86 91
393 342 1 15
3 580 54 58
384 345 136 156
449 42 134 134
196 221 65 91
338 541 44 99
261 43 67 101
213 458 18 37
309 198 30 60
208 346 84 175
445 562 53 65
407 452 113 151
330 151 110 119
347 376 7 26
397 288 120 142
163 551 141 172
388 62 73 82
368 441 78 78
172 584 22 55
15 224 16 35
545 84 85 89
204 51 83 109
86 497 39 123
311 523 23 32
466 12 22 27
209 45 49 51
98 168 70 76
408 569 147 167
395 99 176 176
565 471 62 69
110 38 30 77
430 156 133 149
50 155 29 52
159 494 56 62
264 471 7 20
162 530 56 124
383 596 51 73
438 16 15 22
437 403 92 100
118 334 59 88
140 520 116 126
191 215 33 38
115 200 23 25
18 51 18 33
286 405 88 154
223 131 98 103
85 189 76 92
375 354 7 15
568 318 114 116
248 343 130 133
360 32 11 12
541 243 79 102
479 356 19 20
298 213 7 39
91 288 31 70
236 13 3 6
188 167 135 152
462 137 138 138
359 529 93 109
513 542 91 106
551 492 30 32
22 249 71 117
79 452 17 25
100 229 0 2
215 438 32 97
580 106 26 63
150 151 64 109
257 141 85 151
37 98 127 148
244 366 17 35
353 576 10 21
365 538 5 8
279 585 26 27
444 463 70 119
329 447 30 79
255 592 94 97
313 279 61 86
519 83 10 99
7 178 28 29
446 362 40 63
449 31 32 82
529 535 48 65
293 288 32 50
525 497 79 102
58 581 93 105
394 287 2 15
158 339 3 5
98 90 71 83
492 461 135 135
531 362 12 15
8 542 100 105
334 16 55 55
384 36 180 180
557 136 34 35
149 408 1 3
58 124 73 76
91 450 30 118
293 511 35 54
512 585 19 45
496 169 31 79
480 114 59 106
9 52 60 75
452 534 8 43
164 323 47 53
495 317 112 122
514 272 25 119
167 544 33 114
595 426 38 100
460 344 3 7
142 529 47 52
178 270 24 44
383 348 43 75
310 575 72 146
526 137 32 80
253 36 16 52
13 273 135 135
206 576 30 35
173 205 18 46
83 593 9 9
59 432 9 33
162 270 1 5
499 188 0 5
91 101 25 59
152 333 94 152
368 497 5 6
30 486 67 71
500 252 124 155
488 340 9 11
46 75 75 76
478 253 33 72
161 406 51 51
335 350 22 39
151 195 22 23
478 166 45 81
173 557 140 143
44 35 142 161
104 339 21 27
57 211 10 62
263 470 13 20
269 593 10 20
439 316 40 41
546 437 19 85
417 277 63 74
116 353 1 21
375 371 8 18
248 591 13 14
203 407 52 65
438 102 34 38
426 537 44 46
277 188 22 34
391 36 5 26
452 130 6 74
594 340 128 153
343 469 55 65
152 322 65 101
370 14 54 100
189 133 23 24
281 394 4 12
199 333 23 24
87 292 107 123
447 6 28 45
190 5 5 49
510 565 41 41
289 14 3 3
186 574 35 71
100 266 80 122
499 181 30 32
277 382 71 167
348 547 103 104
114 546 3 39
452 427 124 141
42 514 23 26
550 301 34 82
163 275 2 11
360 576 113 154
461 382 33 57
531 316 74 97
129 364 6 9
165 324 43 89
304 148 5 51
249 484 29 150
14 155 11 12
192 553 11 80
589 571 63 70
227 167 5 17
582 324 70 74
535 215 11 19
154 429 55 56
479 403 92 110
405 56 28 36
453 243 24 52
557 564 6 11
158 138 32 37
389 185 22 82
583 14 20 130
21 13 55 110
231 44 21 79
116 465 117 152
407 78 54 117
356 253 82 139
160 192 19 70
436 572 15 16
436 397 132 153
418 165 25 28
336 97 9 131
592 11 14 22
258 120 107 136
58 139 62 107
319 233 65 65
91 565 146 168
354 12 28 60
160 598 54 94
497 473 9 111
539 15 83 130
320 542 7 28
410 287 16 72
326 484 14 82
165 411 10 22
543 27 37 63
277 584 2 4
489 567 174 177
594 116 114 143
270 84 32 33
477 432 7 71
114 368 11 119
136 488 8 10
163 158 11 25
324 75 13 38
66 593 16 48
151 206 116 157
407 280 50 107
132 270 24 133
291 69 31 71
26 153 14 23
521 386 31 60
440 351 83 92
351 161 71 103
3 95 99 106
192 69 33 43
255 11 38 59
389 130 26 94
336 492 9 15
455 105 12 17
103 457 22 75
179 357 51 85
339 209 92 147
378 441 73 78
206 326 51 73
556 59 24 111
577 54 50 74
234 484 44 93
583 189 23 44
61 522 97 135
365 371 32 64
110 176 54 62
114 210 50 94
569 211 82 117
491 139 32 49
293 111 71 129
30 529 55 106
461 205 72 110
467 300 21 25
583 130 116 122
210 99 109 128
209 221 86 97
326 501 35 142
586 153 40 63
104 485 48 76
457 37 20 158
99 1 75 127
70 470 29 34
564 302 28 63
35 261 36 117
281 496 1 21
440 531 37 45
577 122 9 10
400 317 21 40
376 152 22 29
473 399 78 81
193 392 16 24
517 591 8 9
7 159 54 148
467 314 5 6
457 228 128 133
537 505 8 16
180 257 80 85
334 400 45 81
403 67 44 130
416 214 22 66
573 66 14 26
525 118 4 27
409 46 42 76
250 210 159 175
122 438 52 66
331 567 52 73
407 306 8 32
376 347 1 20
241 572 32 189
304 223 3 11
380 454 68 77
45 231 188 190
281 345 5 43
425 165 72 154
266 509 11 21
396 5 93 142
419 167 32 52
541 388 17 22
492 570 23 100
301 346 63 85
338 519 5 59
453 281 128 129
549 120 102 108
50 541 24 75
315 586 55 91
4 446 23 63
500 435 22 46
393 61 7 12
444 502 71 91
452 374 4 6
293 68 81 128
368 387 9 33
135 403 59 75
110 572 111 120
292 159 7 19
422 206 78 79
596 583 43 49
391 351 41 46
471 357 10 41
291 524 4 18
384 474 21 38
11 585 22 23
253 580 22 22
164 360 43 78
584 180 31 45
412 528 48 61
179 452 5 5
138 348 95 156
525 242 23 77
371 595 17 55
438 336 2 2
8 493 40 43
361 424 59 87
240 208 22 61
116 98 28 31
120 42 46 59
471 313 17 17
438 506 145 150
17 252 20 22
578 459 9 17
290 552 30 47
369 457 22 48
239 281 5 17
430 447 32 33
282 508 16 20
140 212 45 47
497 401 86 87
243 327 16 27
514 217 44 51
578 11 55 90
51 563 89 106
109 434 120 142
370 513 161 164
417 77 44 54
356 296 136 146
390 151 67 72
213 251 150 157
201 447 70 86
388 240 81 81
391 377 39 103
181 438 23 28
179 337 21 123
228 482 29 31
416 71 13 35
439 261 72 72
56 428 19 25
341 243 10 14
73 137 28 31
399 441 164 167
397 187 83 113
513 290 4 6
394 381 1 5
345 170 16 33
21 598 41 66
458 321 2 4
26 61 35 37
524 301 8 30
34 104 21 49
168 219 20 61
393 82 55 91
46 276 68 106
411 345 53 118
334 183 15 17
423 101 127 170
535 47 32 75
575 43 27 29
27 292 25 45
4 304 36 78
41 237 151 154
560 534 26 57
533 293 79 79
379 386 27 42
452 405 18 26
69 485 138 146
327 178 21 41
387 14 48 94
520 14 38 80
549 523 155 155
106 316 78 148
253 526 25 27
268 413 160 168
565 110 5 5
207 93 69 172
84 456 26 43
488 405 89 101
415 15 94 94
553 138 62 143
203 306 93 114
562 532 63 72
372 209 31 94
17 498 1 5
528 347 13 21
591 550 35 50
234 240 10 21
142 53 133 174
236 341 43 75
295 367 90 100
82 295 10 14
368 380 16 25
496 212 65 85
113 151 45 62
251 370 121 148
253 210 77 132
503 185 85 117
84 196 19 54
151 210 94 107
16 261 164 177
373 7 22 36
84 251 132 132
423 353 139 158
593 190 40 42
406 15 16 39
17 53 55 140
369 362 39 47
535 588 43 79
548 467 28 28
383 336 150 170
65 103 14 135
483 261 22 23
116 337 80 93
205 165 15 20
80 536 104 115
484 480 7 8
262 117 7 21
355 459 134 141
426 423 25 55
187 503 52 86
522 397 77 88
206 569 38 39
540 493 30 31
251 159 121 126
340 135 96 99
520 3 59 65
184 108 84 124
78 515 20 29
423 473 0 8
266 193 110 125
572 557 9 12
410 168 47 69
563 303 9 61
377 138 123 147
331 122 102 131
457 485 81 138
276 209 68 84
237 516 15 37
334 50 25 25
443 127 32 43
6 4 116 124
384 315 5 8
385 246 87 89
283 75 86 87
63 184 120 121
484 329 41 143
277 6 29 48
275 220 158 182
18 122 4 55
74 239 32 51
581 345 78 107
107 197 16 58
223 22 55 61
59 598 135 136
105 588 87 105
115 27 126 126
267 435 15 58
139 442 23 23
370 240 32 47
36 275 82 102
321 239 33 47
393 359 173 177
107 76 28 43
102 14 9 9
473 348 88 96
166 405 24 39
430 164 32 54
393 589 12 150
323 573 22 45
372 574 9 34
419 572 62 103
109 505 24 67
192 65 116 144
198 154 14 15
95 432 9 15
395 403 10 11
431 515 38 41
324 435 100 110
325 508 24 24
571 304 31 75
579 376 21 121
577 109 31 50
546 461 36 83
124 198 9 30
16 307 136 156
331 397 74 86
135 101 19 20
59 326 40 76
185 111 22 25
381 106 94 98
34 399 59 151
477 470 99 116
211 192 18 20
512 482 51 57
374 49 13 44
371 57 64 73
397 465 90 96
363 59 66 68
334 91 61 111
461 152 54 70
289 405 11 15
512 365 2 16
219 200 167 170
372 206 12 14
457 63 60 83
113 309 26 26
585 579 88 105
563 558 168 169
127 465 36 42
420 97 20 52
183 579 96 108
149 287 60 89
67 114 44 97
510 130 31 39
297 157 65 78
570 356 19 19
149 582 14 46
509 517 5 6
483 165 116 120
485 199 14 14
452 16 43 48
505 12 15 16
574 177 67 74
505 12 88 115
485 9 48 55
483 252 76 78
517 219 56 61
371 586 102 109
31 27 36 68
559 145 18 20
113 62 8 9
363 134 6 9
116 564 19 46
278 345 22 45
416 128 4 19
195 443 141 148
578 125 5 18
180 192 3 6
191 439 27 66
361 448 55 63
74 170 22 30
82 383 33 62
46 254 4 7
176 264 71 85
268 260 12 13
451 195 13 28
431 113 54 72
176 411 23 103
141 505 18 125
547 474 2 2
290 427 78 96
56 127 10 15
418 206 32 34
113 292 54 162
507 259 22 64
35 391 78 139
557 309 1 7
570 581 97 110
590 384 17 18
121 432 168 173
223 252 78 110
336 226 45 49
236 330 21 75
440 332 70 105
356 283 20 43
19 177 63 73
546 143 14 22
453 287 12 21
175 149 60 76
366 584 61 80
100 395 31 44
37 488 60 76
148 261 5 44
585 87 13 15
282 542 21 61
317 387 120 164
446 512 50 143
146 394 90 125
209 76 15 60
187 381 56 61
483 544 4 9
285 175 143 143
428 176 43 78
130 494 20 43
96 569 45 58
386 589 54 62
110 257 20 44
136 511 163 171
234 535 112 135
249 16 3 18
468 575 66 131
459 200 37 157
458 313 106 116
82 97 70 176
324 114 28 95
421 109 8 8
280 597 124 141
578 388 66 74
444 39 42 42
379 446 0 7
466 162 15 35
129 151 119 127
281 556 42 46
438 522 39 46
108 436 78 118
294 302 90 112
86 443 11 16
429 469 84 121
447 114 26 92
206 194 15 23
312 340 10 26
441 133 73 103
460 265 30 109
477 300 4 6
56 335 50 58
98 101 12 66
497 1 34 56
499 176 22 22
309 563 26 139
433 584 75 140
483 314 10 44
134 592 29 33
356 17 2 9
191 352 14 49
95 89 55 59
286 322 48 53
225 192 65 116
313 108 2 5
491 177 54 99
494 582 36 60
572 95 122 122
487 398 4 10
491 419 60 143
360 59 69 74
434 274 59 97
579 11 12 18
517 326 62 62
93 473 101 143
121 539 142 166
56 429 11 15
369 483 18 76
491 20 121 132
142 359 62 65
581 539 140 141
463 406 18 34
57 451 77 137
431 338 39 146
413 592 79 96
234 134 34 42
598 179 9 9
8 428 1 11
142 124 2 7
36 124 29 57
428 368 30 70
465 243 2 4
29 115 47 70
357 561 67 133
495 366 27 38
437 230 31 44
440 146 59 63
460 351 8 11
217 214 5 9
49 42 142 143
10 234 155 161
378 51 72 72
505 506 95 95
579 479 4 8
56 120 88 93
97 252 3 11
553 291 2 17
146 555 43 75
521 368 0 0
387 84 94 134
554 447 73 126
460 476 78 102
421 219 30 47
428 352 58 60
403 454 31 104
432 73 159 162
127 37 71 86
369 403 2 14
554 109 146 156
230 58 29 58
356 218 46 70
370 55 1 29
96 192 19 49
485 408 118 121
136 222 101 104
502 62 50 65
351 350 29 39
56 418 13 50
39 504 94 104
555 137 25 25
142 128 87 116
139 80 111 154
224 57 5 6
283 260 69 74
448 562 99 143
79 439 4 11
304 482 71 166
269 94 4 24
409 260 156 157
29 494 127 179
18 279 20 22
148 144 55 77
356 210 91 91
551 175 146 164
53 460 127 135
374 8 2 3
453 24 1 1
545 289 26 131
303 232 107 114
130 71 68 85
489 108 67 109
118 137 54 93
388 491 71 83
524 269 3 6
351 155 7 7
40 350 91 97
263 494 136 149
130 165 49 119
293 403 81 92
61 234 18 66
379 589 1 1
191 450 40 40
279 47 127 160
50 391 76 111
473 501 45 49
382 64 47 52
575 113 85 97
490 345 150 155
511 254 3 4
124 442 12 12
567 313 20 57
535 542 12 17
294 594 33 43
107 224 20 20
65 209 15 26
125 54 103 121
307 332 75 92
57 67 1 6
17 385 146 148
346 293 22 115
152 148 63 92
286 585 16 51
68 501 75 109
354 565 4 16
146 343 10 10
313 157 55 55
479 88 89 102
118 30 0 4
82 53 10 56
462 225 23 63
135 35 11 11
534 329 19 63
458 388 51 56
484 134 43 124
330 424 7 12
597 300 6 19
92 197 38 50
127 180 9 89
9 316 34 34
264 110 17 25
169 441 103 106
385 54 104 169
428 96 9 18
316 350 17 32
334 565 101 169
40 427 2 2
111 334 81 127
556 327 2 6
555 577 97 129
127 77 108 129
520 58 72 86
261 101 132 144
241 101 38 57
382 499 57 89
173 456 10 52
215 233 18 60
161 277 10 11
547 384 2 5
367 515 29 62
100 151 111 124
317 163 10 26
376 365 37 38
318 505 22 22
218 337 42 42
220 499 30 127
20 561 11 15
198 263 14 79
165 129 48 117
218 355 60 149
356 64 42 44
208 174 28 42
462 395 53 141
476 330 12 44
194 402 48 111
340 305 106 109
464 78 32 40
440 477 107 107
108 62 4 14
329 498 70 90
58 36 32 89
464 91 120 129
1 299 25 50
176 398 3 51
417 471 20 26
217 464 32 41
26 324 66 69
343 557 7 97
271 192 2 2
468 312 83 152
276 51 125 126
167 487 12 72
562 344 82 89
473 121 0 2
403 310 4 4
426 22 124 125
201 400 85 97
530 159 3 11
520 256 123 123
306 479 12 135
336 303 85 120
116 304 8 53
469 89 15 16
146 3 74 121
522 458 28 33
388 578 48 86
495 525 29 33
559 287 13 16
469 218 1 19
509 494 14 20
282 543 21 40
559 477 14 33
180 592 25 34
290 579 18 38
238 175 9 108
369 497 118 133
172 205 40 49
17 313 140 169
45 536 68 80
381 283 1 4
506 78 88 93
124 279 43 57
22 324 89 112
75 45 30 34
470 321 5 6
363 564 29 100
280 65 19 24
382 320 60 67
338 423 116 125
502 441 10 27
235 493 7 71
557 237 20 55
227 149 46 48
579 144 72 82
257 482 75 92
461 423 54 57
248 21 57 59
510 415 49 103
239 168 81 93
351 297 23 26
545 193 130 145
305 348 170 174
523 555 95 105
329 356 93 94
255 442 82 134
325 215 30 33
432 573 81 119
464 48 14 15
132 322 14 146
378 207 21 26
496 533 59 77
146 598 9 15
483 329 5 19
375 202 14 15
241 195 37 42
232 166 18 22
148 408 14 90
26 428 92 137
262 43 10 82
112 84 35 48
415 45 54 81
563 50 1 13
232 309 31 37
295 41 0 7
490 548 23 91
48 350 138 145
391 591 89 130
375 451 4 4
241 362 22 35
444 307 74 95
382 428 123 132
199 17 125 126
150 513 43 75
528 450 76 92
532 241 16 18
3 395 114 116
173 47 46 151
89 257 86 99
404 251 2 20
239 556 72 73
51 105 133 136
246 98 37 56
339 329 45 52
499 253 34 40
340 46 18 21
79 160 52 100
383 507 53 99
152 159 75 77
442 247 61 65
446 122 49 67
200 39 4 30
80 346 97 105
33 530 0 1
467 487 34 40
198 99 32 69
501 178 19 21
209 271 55 57
204 97 3 12
380 315 28 40
582 103 123 124
162 427 14 18
373 513 67 80
116 90 57 84
538 527 21 37
484 125 107 120
483 249 111 159
248 59 23 23
404 293 16 20
86 388 112 116
267 74 74 88
516 298 41 104
339 129 17 20
415 17 14 18
78 182 3 9
561 204 18 21
44 190 146 146
215 62 107 113
163 237 50 87
363 102 11 13
67 323 106 150
464 463 8 14
272 156 13 144
568 52 4 9
299 322 23 55
237 192 185 186
60 220 134 149
550 16 10 14
408 536 18 20
473 378 22 44
85 326 84 150
571 68 44 46
121 309 52 127
228 564 28 34
301 334 3 19
281 261 61 70
19 155 42 44
183 305 41 57
146 410 33 37
511 269 66 70
311 268 47 134
56 398 20 27
198 341 45 89
481 389 4 5
150 405 56 64
515 95 2 5
242 479 19 40
572 94 100 101
214 464 158 164
515 435 37 104
334 559 11 46
243 244 78 115
591 261 26 46
519 119 123 137
525 592 89 92
61 548 33 39
211 437 38 66
281 125 83 83
386 11 28 55
63 368 4 6
535 566 21 81
242 499 75 88
274 150 52 65
427 502 86 91
397 138 79 81
542 83 66 81
535 430 36 117
212 506 65 99
476 355 54 60
380 157 92 123
18 443 59 84
286 480 103 106
222 344 25 46
229 507 26 50
505 27 24 32
293 21 77 96
295 460 1 3
199 405 60 63
517 354 63 76
449 536 100 136
152 470 10 18
18 174 36 42
38 207 13 21
520 558 144 147
117 57 10 34
14 125 36 99
512 130 28 49
538 381 65 113
35 569 2 20
315 468 97 113
346 254 20 23
389 411 85 137
148 13 5 21
91 182 38 84
399 377 13 83
250 166 82 86
206 325 24 121
65 27 73 138
415 434 33 41
581 274 68 127
43 77 27 32
564 452 1 3
591 150 20 21
41 436 18 36
390 249 177 184
349 316 148 149
74 357 26 122
260 556 7 32
157 461 24 27
506 582 18 26
89 362 2 4
47 352 64 73
551 77 97 119
193 367 91 124
59 421 115 115
35 255 64 112
124 107 57 72
559 28 33 56
530 229 3 4
141 149 36 36
594 104 72 108
418 389 92 166
299 480 46 68
109 335 28 41
534 399 113 120
40 502 26 32
130 387 13 14
371 119 64 73
301 515 10 39
6 379 51 52
91 248 29 108
249 222 150 152
158 173 19 97
219 264 97 124
200 121 23 113
485 248 65 122
342 519 13 63
404 585 87 148
579 175 108 113
151 267 130 136
14 83 45 80
196 229 27 29
435 438 83 122
365 83 28 29
272 477 13 16
182 553 27 31
573 88 10 11
468 452 148 156
410 220 89 93
451 178 54 84
566 470 182 184
360 202 53 55
416 389 104 130
163 580 46 73
13 455 7 10
474 450 94 110
311 77 52 82
467 567 40 62
59 332 46 170
198 484 66 93
151 418 120 121
266 83 24 90
546 218 89 92
333 442 9 74
126 476 74 128
246 154 20 35
270 54 12 18
279 79 74 79
449 18 103 139
6 559 37 42
560 70 35 35
445 356 4 17
6 84 71 151
151 200 13 64
319 414 157 162
578 369 5 31
126 539 112 113
395 297 29 37
448 311 94 94
72 401 58 63
453 366 28 133
329 254 40 42
404 141 35 56
64 503 57 78
291 14 9 85
511 496 82 126
556 458 12 34
68 571 33 37
146 227 38 41
114 270 45 69
96 270 83 88
120 359 4 87
57 62 0 0
306 483 79 141
69 198 17 21
479 377 109 125
174 329 30 35
571 551 25 25
570 312 93 151
480 468 8 76
189 58 111 127
107 192 27 45
38 305 1 4
303 399 50 50
120 442 66 94
69 542 16 17
274 477 2 15
315 80 6 10
39 76 45 48
347 598 60 85
178 67 45 50
588 199 111 119
284 93 20 53
235 172 52 55
517 61 102 140
488 524 11 16
318 280 18 19
249 491 178 181
550 145 61 62
572 198 31 67
101 233 9 18
161 328 103 112
150 442 26 77
277 460 16 21
257 365 19 70
243 198 11 49
370 501 121 170
545 440 14 66
440 181 51 58
540 87 133 160
57 120 45 129
171 315 37 52
267 136 107 141
447 113 156 163
81 324 29 95
32 570 71 103
592 455 6 7
40 526 4 7
384 352 12 18
12 187 87 130
379 415 15 15
328 316 8 79
85 340 31 42
396 406 29 54
287 193 30 52
41 361 1 1
160 445 28 28
187 396 12 16
216 498 3 6
151 496 31 83
550 196 6 96
248 89 28 63
401 395 87 118
3 188 65 79
107 272 41 69
381 126 75 91
583 419 76 100
397 597 1 2
145 528 46 55
494 525 17 51
93 35 18 29
289 504 103 121
315 189 8 28
31 290 30 63
216 279 25 38
542 506 39 69
324 436 45 94
271 462 50 59
342 184 159 165
402 130 50 53
363 229 13 16
511 187 0 1
262 486 105 117
307 219 10 15
350 557 92 126
247 360 86 96
521 42 83 86
271 210 26 111
464 197 25 38
332 307 127 146
504 480 103 155
479 5 15 17
586 153 21 22
318 435 19 20
224 25 107 107
292 408 43 45
307 311 65 87
7 58 163 166
108 470 88 90
455 321 123 137
89 482 10 11
293 219 19 29
150 166 142 162
111 150 35 44
199 175 2 2
77 312 105 108
463 394 152 155
595 112 44 66
423 296 52 76
283 514 24 24
14 278 36 169
494 6 2 4
131 420 53 118
134 266 13 17
24 411 27 122
276 257 60 96
501 484 31 33
33 579 16 23
164 184 14 21
304 91 55 58
522 35 134 177
590 542 24 30
361 52 87 138
226 589 62 81
451 230 27 57
266 433 24 44
511 480 2 7
86 504 17 36
126 511 9 9
528 14 108 126
350 422 47 51
86 406 105 139
152 176 4 19
424 107 85 96
444 484 92 102
197 23 88 93
267 580 25 32
560 62 75 94
474 235 46 160
557 152 30 89
67 163 39 52
154 30 23 65
60 139 50 101
474 521 158 166
286 350 87 87
593 222 79 95
69 10 16 76
219 250 7 18
145 427 18 20
342 273 49 82
76 587 74 114
559 345 73 76
272 454 62 93
543 374 96 108
547 366 95 99
476 141 154 155
324 520 26 26
40 452 38 64
2 574 125 152
58 76 79 115
34 231 35 126
331 449 53 81
60 444 63 172
373 242 1 11
446 308 44 145
12 576 33 61
293 371 92 92
170 207 164 165
214 78 165 169
22 146 23 29
165 569 33 61
307 575 59 73
526 140 14 58
306 187 70 70
423 461 23 33
240 461 8 16
75 481 47 49
189 518 101 128
287 6 13 34
321 403 13 69
341 306 1 29
440 141 21 40
88 548 4 43
270 254 1 2
581 527 23 109
73 598 18 19
11 433 52 160
515 415 76 95
550 578 82 142
170 193 87 87
84 534 53 83
408 197 49 126
574 584 9 9
66 298 12 22
172 81 6 40
96 543 3 32
394 239 45 58
340 519 27 92
497 165 28 87
195 470 26 38
103 278 40 54
102 302 63 66
384 165 2 17
377 28 27 31
562 407 98 103
113 58 94 159
65 517 9 37
226 215 4 6
59 575 134 159
40 99 81 100
47 554 70 83
212 447 118 140
234 16 11 19
455 272 28 33
8 268 19 56
439 570 95 106
519 536 155 160
507 120 23 23
548 256 80 84
468 323 63 65
572 591 0 1
388 55 20 37
473 125 76 136
55 285 5 72
25 114 15 28
578 509 18 19
333 85 109 113
36 148 14 20
333 44 31 35
7 131 152 167
64 114 20 61
78 233 42 67
589 528 92 125
326 62 55 71
74 574 8 38
206 138 17 17
469 30 33 125
431 14 65 102
490 412 94 128
478 419 5 80
475 292 32 66
592 543 39 53
552 72 88 89
244 390 95 103
319 474 18 111
565 344 15 24
154 471 17 26
579 27 61 131
240 34 22 43
530 378 127 127
359 373 3 14
268 124 138 148
590 535 113 125
368 289 46 52
116 524 54 65
103 40 71 112
356 4 15 42
89 124 2 4
200 348 90 129
321 436 166 168
157 248 40 66
258 0 25 27
242 378 25 36
549 315 14 45
347 144 10 14
230 51 110 111
296 143 58 76
533 334 4 65
467 358 35 52
442 532 95 139
117 494 76 84
433 291 13 14
102 309 138 142
382 366 12 23
586 370 121 150
0 502 1 1
366 552 31 51
210 313 18 25
207 105 58 59
38 214 40 61
447 345 61 77
37 227 70 72
451 215 16 18
370 353 13 22
590 311 102 118
163 357 96 97
302 373 79 115
205 449 47 54
494 226 36 50
232 498 100 130
107 549 125 134
408 573 19 20
407 451 17 27
155 102 75 79
291 304 139 141
133 451 43 59
283 279 18 48
455 339 110 110
135 11 17 64
318 575 45 46
53 407 40 74
191 1 9 67
451 324 1 3
554 419 69 136
409 393 9 70
51 469 52 156
6 112 1 1
40 512 34 42
383 88 136 163
294 405 3 22
583 477 32 36
305 236 23 25
266 107 10 43
558 459 9 12
532 69 76 88
586 265 146 152
304 270 141 141
359 279 44 71
412 366 47 56
407 275 1 2
275 423 30 34
556 285 31 41
512 505 2 2
489 370 69 70
417 434 10 27
138 489 11 41
565 547 2 11
193 375 35 79
164 23 0 0
404 40 50 84
67 535 136 148
204 8 82 100
78 422 54 128
452 517 114 131
96 204 35 54
479 432 60 75
18 398 14 20
226 338 6 20
227 565 19 100
283 439 33 89
431 583 5 8
18 399 38 73
333 269 129 135
511 330 84 110
109 31 23 30
452 574 84 167
565 52 45 69
68 596 65 74
122 320 35 58
141 383 52 84
81 218 23 23
71 6 92 161
98 123 16 17
91 346 38 106
211 237 21 83
143 565 126 132
97 152 15 101
203 76 30 42
321 261 121 134
174 281 110 145
220 540 39 74
250 549 38 122
205 121 95 134
506 541 116 116
392 429 142 153
491 85 0 2
568 467 49 57
230 539 54 55
444 590 20 66
466 584 133 135
473 277 35 54
419 30 6 6
481 594 17 40
302 19 99 177
553 597 69 146
502 63 83 85
536 108 19 84
433 400 25 27
201 293 6 105
209 460 17 25
552 20 84 129
456 55 11 11
581 573 123 156
487 79 24 27
469 82 61 88
551 22 28 40
514 338 15 16
216 537 2 2
560 405 18 81
489 115 20 22
441 139 86 112
418 56 29 41
562 444 110 116
111 447 44 85
20 52 43 49
343 349 19 23
222 369 1 2
344 7 107 177
557 326 121 135
324 341 110 129
358 125 137 160
456 437 12 14
596 243 0 0
561 428 6 71
322 191 17 20
34 403 1 26
137 342 53 82
99 96 2 28
119 51 56 113
283 551 1 1
279 527 124 129
300 355 0 1
228 253 8 30
302 269 149 160
37 294 41 48
377 583 108 110
256 578 9 24
435 344 17 26
418 261 59 81
137 28 65 147
18 4 114 123
74 386 128 138
294 524 7 16
571 279 41 54
192 393 57 141
574 23 11 27
119 342 8 10
299 92 16 72
101 15 130 136
396 478 33 65
184 479 69 69
157 312 26 27
515 238 71 110
464 378 27 77
269 400 20 52
323 269 11 15
115 114 83 93
112 91 22 26
25 331 17 17
549 327 5 15
91 560 33 38
505 546 32 33
401 294 53 85
297 493 81 95
259 489 46 90
512 342 137 160
446 489 70 87
461 27 81 149
226 227 109 118
344 397 0 6
123 509 93 168
268 96 15 34
487 210 45 61
573 62 13 95
100 572 84 93
173 199 71 164
395 138 83 129
398 466 30 39
118 393 8 10
217 255 70 93
543 475 44 44
86 570 61 99
293 478 110 133
76 557 96 97
208 188 31 34
462 329 62 64
554 22 115 126
541 584 6 7
392 410 29 104
308 491 14 22
397 184 21 37
358 399 73 94
203 35 33 42
550 564 22 102
380 352 35 36
544 457 55 146
529 31 9 10
59 257 159 161
138 316 54 96
335 374 82 107
483 127 114 119
394 27 70 111
341 332 37 56
289 286 87 120
183 268 54 61
165 286 69 91
429 274 33 38
226 480 64 71
558 591 1 3
350 102 68 68
360 256 42 95
530 419 37 39
474 85 79 89
499 221 87 96
373 454 25 41
541 438 23 40
197 322 18 30
299 576 117 133
37 221 120 120
427 536 15 17
307 355 19 19
339 457 12 142
374 415 0 1
500 184 35 41
178 510 130 134
189 248 31 170
153 497 102 102
216 179 3 11
548 242 95 106
455 202 4 5
444 133 14 15
214 366 23 57
212 156 36 55
461 490 74 125
366 541 35 138
217 425 153 172
326 216 113 132
204 44 92 98
18 539 40 47
359 521 52 55
155 139 105 134
23 261 12 76
331 110 94 137
532 446 109 109
191 273 29 135
92 7 23 23
480 4 10 151
163 275 6 9
151 283 1 17
342 57 90 92
536 168 21 30
348 177 102 124
123 257 58 84
339 352 120 146
247 197 57 98
423 235 29 44
149 38 23 23
456 556 51 57
573 392 29 34
501 432 42 61
41 562 67 88
282 298 43 44
197 16 44 64
363 497 155 160
304 587 34 39
306 64 52 75
320 29 166 177
460 437 16 41
17 184 29 59
457 323 21 25
303 140 21 67
564 544 16 16
347 177 4 9
198 413 43 91
326 343 60 90
170 584 25 48
484 418 23 24
304 530 152 153
5 232 18 18
424 312 44 119
177 146 9 18
170 375 5 8
190 214 119 146
53 18 131 174
161 344 19 25
151 12 15 48
224 384 100 102
427 416 5 5
109 287 17 46
548 266 11 21
275 407 48 53
519 454 8 88
484 303 27 42
207 525 24 63
241 233 63 75
24 481 14 63
494 47 49 60
146 182 1 6
371 392 20 21
302 580 21 97
147 376 72 78
350 382 23 24
490 314 38 48
327 60 29 31
374 96 105 127
580 532 37 39
402 451 88 102
578 503 37 50
302 293 42 68
99 188 108 116
440 560 6 96
301 564 3 6
448 290 164 176
127 580 35 40
298 521 20 27
126 433 81 96
381 343 45 66
422 213 6 7
505 391 52 70
240 298 120 179
149 598 7 63
278 312 32 66
0 69 20 32
373 489 98 125
404 235 4 16
528 249 37 78
577 80 120 136
5 570 46 46
584 3 80 89
487 540 30 52
520 80 103 103
231 308 2 20
163 537 168 174
210 509 58 102
528 222 79 90
535 498 38 38
147 285 29 31
79 521 43 43
197 335 23 27
354 242 54 55
159 488 53 92
400 348 10 55
192 489 11 77
546 332 62 63
133 10 4 12
340 83 132 135
159 14 108 116
76 283 114 159
24 337 149 153
114 425 108 109
275 338 32 45
365 129 93 104
299 57 80 100
294 387 9 10
7 113 16 89
532 251 121 127
1 348 68 95
215 336 13 15
326 471 108 134
580 163 54 119
368 190 15 26
27 536 105 129
363 231 177 181
287 548 5 14
271 104 161 161
138 478 13 19
19 72 38 97
373 16 12 55
27 581 27 61
256 275 6 50
218 418 26 33
153 90 2 2
492 217 54 70
445 513 41 88
593 317 13 75
273 384 106 159
412 253 15 39
190 115 64 93
255 421 115 137
256 147 12 81
283 503 8 18
9 72 94 116
411 49 15 22
220 574 9 19
558 403 30 43
56 374 43 64
150 361 61 69
552 505 11 16
133 413 51 111
467 76 0 2
503 96 22 27
52 273 31 93
54 571 5 32
595 452 139 146
22 41 21 59
460 408 30 42
97 235 98 98
68 303 4 4
238 498 128 129
4 276 84 111
213 151 8 10
532 395 133 150
406 565 181 183
27 575 89 132
369 314 118 153
443 291 87 126
353 229 34 40
218 23 93 107
205 300 54 107
48 152 49 91
31 447 19 117
431 596 18 20
445 347 29 37
247 276 51 76
333 308 1 1
261 37 138 143
526 185 11 96
169 36 22 35
224 586 1 17
135 580 49 106
445 305 21 22
179 289 4 7
29 125 20 44
9 276 108 177
577 226 37 127
580 596 13 15
450 218 8 25
116 300 37 43
383 538 7 38
454 288 67 174
287 2 98 150
32 593 59 63
324 0 57 119
155 546 19 20
172 217 9 37
298 190 42 57
139 14 124 131
347 355 111 112
16 134 81 92
89 405 21 65
179 369 15 103
463 62 85 85
427 435 62 68
360 278 21 24
56 409 9 30
252 116 146 159
348 387 141 142
283 335 31 34
436 536 129 165
82 549 1 1
587 210 125 133
106 197 41 45
243 135 158 172
110 46 22 25
555 87 14 92
465 320 4 53
226 381 45 165
193 184 0 3
113 169 73 96
48 88 111 116
541 70 86 114
559 376 59 87
561 47 68 111
152 464 75 78
366 325 68 93
318 267 56 68
503 324 116 134
565 424 27 48
223 108 0 1
129 2 139 148
259 269 150 156
196 354 54 72
70 567 80 143
23 219 5 33
395 155 13 27
29 419 4 8
543 463 108 120
478 568 27 59
543 217 1 1
517 366 54 100
574 395 9 109
137 85 78 86
57 388 89 101
347 215 64 105
312 147 2 4
177 168 15 98
314 498 17 54
487 424 86 120
140 174 15 26
598 164 45 151
26 279 95 124
577 54 0 14
445 221 54 56
350 594 76 100
342 422 30 43
578 248 19 34
117 495 102 117
448 420 8 28
339 507 31 78
438 134 25 42
271 495 71 81
373 310 100 137
591 160 58 85
167 225 22 122
85 366 8 15
253 151 63 91
582 485 12 129
108 163 86 98
295 197 82 130
563 550 8 27
379 29 159 172
103 530 5 5
303 348 161 162
190 229 15 106
66 121 110 114
52 508 24 185
290 408 163 169
36 334 17 27
385 254 110 117
98 426 10 11
128 145 130 169
513 399 87 103
384 305 9 140
483 492 31 65
473 497 58 62
7 192 100 124
309 457 31 31
268 46 8 23
486 473 7 18
52 495 15 43
426 408 3 3
219 218 44 82
443 515 85 100
170 293 18 51
296 136 56 81
149 56 59 63
416 302 64 65
541 127 39 124
22 287 12 39
116 344 103 174
573 104 108 111
62 156 12 25
448 51 25 33
538 20 69 83
124 82 9 44
465 225 29 37
167 313 57 73
362 454 10 54
287 474 116 190
585 374 155 190
174 507 149 151
224 596 119 120
271 140 64 97
188 100 3 27
484 253 112 114
520 384 33 60
366 28 13 14
283 48 117 119
98 528 37 88
325 390 74 92
62 505 23 30
154 38 65 70
461 153 94 94
30 370 4 11
258 2 18 25
447 524 89 116
17 296 75 110
240 40 29 30
165 452 27 36
145 379 76 79
325 31 13 44
479 37 41 69
441 562 11 47
462 573 15 19
147 554 4 25
405 80 152 159
552 249 131 136
239 42 80 90
322 51 4 50
119 408 9 31
290 418 1 5
265 18 28 29
382 13 9 23
217 24 95 101
452 229 61 101
370 224 26 79
347 216 49 87
40 140 0 2
495 218 55 98
8 52 58 68
473 550 32 32
328 419 23 27
459 449 27 69
171 568 10 72
90 541 21 105
187 160 14 85
502 278 19 120
543 518 46 73
44 333 89 91
451 218 45 59
231 436 72 110
423 519 83 125
38 83 88 116
543 241 4 17
149 179 38 38
532 270 2 2
195 292 19 22
268 193 19 24
183 466 29 33
488 271 173 178
437 277 33 112
285 445 42 49
241 253 37 49
46 330 95 110
300 113 51 156
228 513 15 33
163 546 19 35
230 561 39 69
287 309 38 38
304 504 58 133
94 303 28 59
374 109 135 164
499 87 12 19
88 378 8 18
583 258 4 27
32 401 0 0
395 84 31 37
60 481 56 116
513 119 79 99
525 128 8 63
323 415 12 47
249 99 30 30
345 359 75 134
454 110 96 100
305 525 39 116
427 206 187 190
83 230 1 7
53 142 25 32
150 360 179 179
224 47 8 9
158 47 36 45
207 399 25 75
511 485 33 34
56 347 23 64
316 56 67 92
20 554 7 10
90 204 41 91
112 335 14 28
466 208 5 57
386 303 5 25
92 407 26 156
212 464 11 11
431 197 70 95
248 198 2 16
77 98 11 141
401 468 25 71
61 566 77 79
442 46 164 166
421 224 66 149
75 295 27 52
496 136 4 12
296 304 153 160
210 260 1 1
512 8 66 88
122 24 40 51
521 148 46 49
357 186 102 105
458 162 9 10
63 99 106 126
96 238 10 26
156 15 21 23
463 409 33 54
139 378 22 82
125 550 24 31
321 381 116 126
494 268 77 81
172 532 5 11
258 43 124 140
162 82 9 17
310 550 29 30
338 409 51 78
344 243 47 54
364 490 60 70
141 407 7 17
73 93 93 102
237 160 35 48
211 346 25 42
332 531 9 24
486 293 142 145
185 346 61 73
558 529 124 159
110 250 18 41
384 51 35 52
442 306 103 123
118 177 74 86
131 441 60 75
100 488 8 52
362 241 8 29
197 264 19 104
101 490 104 114
178 64 21 48
49 161 78 96
483 536 84 93
295 588 18 19
253 386 1 1
522 565 39 95
115 346 32 35
251 304 110 154
239 193 73 109
549 82 97 97
73 522 64 77
238 568 16 66
313 487 18 71
117 479 55 118
162 487 26 44
432 66 1 1
29 44 89 110
102 278 6 17
418 307 115 116
432 101 7 7
422 236 130 153
251 364 86 106
189 327 27 32
338 347 13 29
230 378 18 63
132 409 100 117
256 369 57 58
177 354 14 16
36 204 12 13
21 292 18 25
209 440 79 105
401 124 65 81
554 123 2 9
467 121 87 133
22 403 107 128
406 35 21 23
488 465 119 143
560 73 110 110
476 36 40 70
40 297 0 4
399 503 76 127
581 512 29 34
140 386 5 6
500 441 37 156
376 130 7 9
522 440 55 56
463 243 53 79
175 90 59 67
509 132 28 40
522 438 44 93
227 79 12 66
198 550 2 40
548 39 0 4
360 136 81 105
341 116 57 58
382 57 6 28
216 85 48 151
553 388 14 106
19 325 24 29
281 143 66 88
305 588 39 119
484 360 118 128
384 6 21 37
8 391 21 28
200 23 110 110
469 312 8 15
513 436 5 55
28 141 47 47
524 569 8 14
105 26 72 139
272 512 141 164
379 567 7 15
439 557 17 97
350 376 31 38
97 392 30 132
330 39 3 13
384 234 25 46
253 79 46 175
27 320 17 41
348 63 132 163
357 56 25 115
20 24 9 9
443 471 169 169
45 242 49 66
258 107 48 126
378 91 65 77
235 518 140 154
136 583 83 156
44 566 33 49
207 226 92 96
416 98 0 4
418 331 63 80
438 85 11 11
503 490 45 53
322 436 120 127
334 503 113 172
325 491 79 99
467 410 52 99
337 336 98 162
412 228 82 98
575 255 32 140
425 313 18 29
496 309 74 115
389 16 0 0
469 452 25 26
214 186 14 75
206 395 48 59
422 538 30 82
5 40 75 113
548 440 48 67
453 42 39 93
518 166 92 92
350 517 153 153
193 319 19 19
556 485 37 136
587 65 14 18
63 84 26 31
10 154 55 66
333 563 22 53
443 284 20 119
85 327 11 27
10 41 145 165
556 461 33 96
299 147 79 167
162 55 5 7
396 516 4 26
44 399 2 6
98 296 31 58
125 289 14 19
25 401 20 115
34 401 10 13
214 344 58 69
262 93 23 97
187 46 4 34
218 436 61 75
54 548 47 54
115 177 107 116
571 409 91 174
8 332 9 13
390 393 76 105
577 110 23 33
35 597 28 47
40 557 1 16
504 490 16 30
173 429 94 97
101 448 7 47
88 572 98 128
428 176 10 20
220 489 38 39
378 316 11 57
478 104 116 150
36 24 2 4
118 170 27 31
253 435 96 146
168 155 51 61
582 197 12 18
581 353 143 170
236 439 14 17
393 586 4 28
207 11 30 148
42 463 14 32
455 315 9 54
387 28 49 150
191 47 22 34
300 233 17 21
521 507 70 175
223 311 76 113
533 471 22 25
86 8 59 62
583 384 42 48
123 60 154 171
420 215 55 104
501 373 65 69
158 568 68 75
435 355 15 32
397 395 61 87
467 123 38 129
176 25 26 52
293 280 75 76
259 537 32 108
389 317 65 68
295 270 33 89
339 371 74 90
131 484 128 130
425 301 62 62
185 273 73 77
380 416 25 36
483 243 38 59
70 146 92 127
228 166 42 62
43 396 49 103
409 130 6 82
499 214 60 60
154 99 74 87
244 201 7 7
401 391 1 2
415 333 35 39
585 586 140 147
550 231 14 37
147 218 45 90
112 13 58 81
123 52 67 162
498 478 62 63
542 336 60 103
335 434 20 166
200 591 8 62
290 597 63 70
137 311 0 3
343 367 76 91
72 128 3 5
210 479 122 126
67 445 16 17
302 189 35 59
401 527 71 142
340 260 20 27
487 423 71 115
467 138 37 39
231 265 24 28
339 588 107 121
197 466 5 5
485 393 12 81
262 437 102 114
486 235 89 91
303 54 26 80
301 569 20 51
59 197 120 124
86 367 4 24
122 106 7 10
76 239 5 78
397 273 99 121
328 175 0 5
403 22 13 16
452 469 8 18
159 306 152 152
502 533 72 72
509 88 19 108
227 331 32 112
478 383 34 35
498 502 86 169
450 594 7 21
575 201 5 62
45 202 138 165
248 585 51 168
256 65 19 92
258 272 64 143
209 205 82 113
103 351 76 76
122 67 141 146
528 229 146 179
245 392 23 45
477 424 144 160
336 239 5 22
313 197 36 54
459 112 47 56
440 461 7 9
502 426 21 24
112 271 123 143
55 465 22 81
542 486 35 46
470 375 58 96
250 237 71 113
171 226 6 14
506 346 45 67
501 346 14 91
377 187 16 16
383 180 50 58
266 307 16 43
283 553 106 166
467 556 50 62
530 167 40 99
51 146 65 83
355 424 11 29
458 173 18 22
471 477 119 143
132 345 30 121
69 351 8 52
246 151 173 175
14 476 7 21
368 269 77 88
283 66 22 51
333 282 22 93
396 142 10 22
425 61 105 114
169 383 100 115
518 198 31 60
296 29 22 49
32 563 65 112
370 104 54 64
200 66 29 34
106 397 39 64
62 474 39 42
135 215 68 88
185 253 33 52
315 423 71 81
484 441 19 64
83 258 127 158
218 538 14 40
59 434 60 70
269 591 51 64
531 41 72 78
354 146 53 56
81 465 1 1
464 513 56 64
212 349 49 52
347 186 24 28
102 309 41 51
188 231 20 47
531 177 67 71
77 65 53 121
497 504 68 70
33 166 17 68
92 184 85 90
34 503 161 168
496 362 52 75
578 91 0 3
70 535 1 3
337 437 22 130
517 246 62 94
386 372 95 148
101 380 3 31
259 410 10 89
123 82 22 22
112 29 8 24
416 441 27 44
5 416 6 8
340 272 64 68
38 59 4 14
48 339 19 88
396 207 157 172
312 383 22 32
376 150 88 95
136 233 91 94
189 12 63 79
396 78 1 6
230 173 46 46
141 80 85 97
255 360 72 76
239 240 74 75
574 400 55 96
490 250 70 71
548 496 73 105
18 242 95 177
262 354 33 85
426 146 122 126
574 248 6 48
151 409 12 27
513 477 97 117
598 554 61 66
482 583 7 10
243 90 68 114
304 562 181 182
250 412 29 30
383 44 6 71
72 22 87 96
37 20 105 109
40 117 16 40
585 498 54 63
193 64 77 123
242 131 9 21
556 250 47 126
436 463 6 12
538 1 26 33
256 526 92 97
250 205 90 114
148 365 3 10
14 598 53 60
587 429 16 114
527 500 70 86
96 587 33 46
590 350 62 81
50 74 39 56
33 226 28 39
131 140 26 87
501 583 7 9
257 489 42 53
221 425 49 123
571 269 98 109
153 26 19 108
366 203 20 73
301 86 55 106
1 137 74 97
299 109 14 54
41 467 30 71
119 405 5 6
210 398 125 134
184 357 12 13
170 522 6 18
533 233 62 63
30 401 7 22
483 533 19 19
153 99 55 164
272 430 53 53
394 216 78 101
268 218 27 52
322 12 77 78
197 299 10 17
290 301 78 114
216 521 81 102
270 373 15 41
490 110 98 134
153 310 86 93
159 344 23 139
151 572 18 82
254 484 79 91
564 545 21 25
303 42 102 148
309 497 4 47
360 196 8 17
501 220 108 138
289 244 28 35
446 184 53 104
441 203 14 43
404 142 85 90
442 211 71 116
444 34 2 2
167 256 27 63
186 373 74 81
215 180 28 67
462 197 33 34
342 583 7 86
270 360 131 153
445 76 132 139
285 70 15 16
403 396 119 125
42 306 0 1
86 45 72 133
213 115 32 89
411 140 91 96
430 211 121 143
437 523 45 50
552 240 52 111
587 132 30 111
533 79 46 46
458 587 13 21
569 87 13 14
222 133 128 134
373 244 15 35
488 438 24 25
180 144 24 25
280 335 156 157
208 156 57 78
300 307 37 40
114 116 31 64
443 442 124 128
345 492 9 50
575 457 79 92
308 18 49 49
554 124 115 142
228 521 26 37
186 518 43 119
270 242 47 98
144 106 2 3
280 3 10 22
188 592 74 82
206 187 99 100
528 121 106 114
314 341 85 97
160 528 22 32
239 44 13 166
17 341 2 2
3 373 127 138
504 548 35 36
213 299 28 107
40 37 16 147
184 310 33 148
462 370 141 167
573 440 42 44
131 551 54 69
151 306 136 170
408 17 8 46
535 537 110 119
488 17 107 113
294 313 65 123
119 534 41 72
182 190 76 78
594 12 8 67
75 475 11 38
562 374 32 130
536 268 16 20
474 253 26 93
16 420 10 38
99 417 17 29
22 483 49 52
32 589 6 9
249 567 13 71
300 194 13 67
437 489 44 66
537 56 25 43
11 264 1 1
441 508 9 24
37 191 57 70
157 592 74 97
512 406 149 150
546 463 11 14
520 287 16 18
94 116 56 65
292 190 22 109
477 6 12 12
315 469 3 4
566 20 0 14
493 162 15 41
283 160 12 20
539 545 19 29
66 592 51 101
190 154 52 62
60 588 4 12
484 143 23 54
588 21 7 9
264 250 11 27
300 252 42 50
165 138 6 16
254 522 35 39
355 242 14 24
420 75 39 43
347 185 9 9
465 78 25 29
99 366 2 36
0 308 7 8
68 269 6 11
236 285 36 87
197 586 65 91
16 506 3 41
536 277 94 155
543 499 145 156
242 475 17 111
592 464 26 26
318 488 26 33
299 315 1 3
404 549 55 82
141 160 10 23
312 268 34 53
404 287 16 42
150 136 5 10
236 357 26 32
76 556 8 11
183 588 66 70
452 55 129 133
228 301 50 50
539 387 1 2
367 253 98 111
75 281 2 7
354 351 35 39
408 519 2 7
499 53 11 28
348 424 4 40
293 249 22 67
394 33 18 21
419 312 2 22
566 487 7 26
347 206 10 17
305 543 45 60
487 48 103 137
508 424 16 21
477 191 58 69
9 163 107 116
87 381 0 1
204 446 64 106
150 583 13 13
348 221 8 28
226 343 32 64
552 34 42 139
138 433 6 12
100 10 73 92
313 184 13 17
334 424 100 159
195 371 38 48
122 373 44 58
176 70 38 66
582 183 35 37
362 58 81 95
285 410 19 60
251 72 114 114
502 517 154 156
164 412 35 64
551 293 33 74
94 523 22 27
568 41 83 84
58 324 26 48
130 489 137 150
535 2 58 66
240 348 9 29
537 525 58 84
150 55 15 56
506 56 1 3
572 522 2 3
125 186 15 80
397 334 22 53
431 185 0 2
354 588 22 23
146 509 114 133
598 356 11 93
36 475 112 115
380 166 49 98
434 201 14 29
275 532 31 63
447 263 32 56
191 119 55 99
70 35 65 72
43 215 16 23
557 597 26 55
147 177 83 139
82 144 92 98
308 444 31 66
372 454 33 40
367 515 82 94
428 87 13 14
69 411 23 60
236 555 69 135
248 464 65 71
305 427 23 26
19 117 48 70
460 342 32 47
558 490 81 104
463 217 6 7
422 390 87 122
303 390 40 49
533 489 73 92
575 445 21 56
538 262 88 95
388 143 57 60
473 218 19 43
46 319 22 128
297 256 39 43
491 29 26 67
91 117 108 119
442 520 76 94
124 304 10 22
140 475 54 121
223 483 151 157
198 231 86 92
229 53 64 75
385 175 9 9
209 224 52 57
171 252 36 37
351 408 2 4
8 568 17 29
572 508 39 97
59 266 31 151
374 592 72 142
128 386 19 98
479 530 23 38
446 414 79 106
500 480 6 7
589 552 48 87
167 34 53 64
542 87 75 77
505 422 25 31
466 583 1 6
93 412 15 21
13 593 5 83
265 26 2 2
459 165 133 146
295 298 1 15
340 312 18 20
527 532 13 43
25 133 13 29
196 355 12 17
502 486 34 49
429 160 59 67
190 483 61 62
481 468 57 112
264 309 91 120
459 258 9 64
370 565 4 5
272 526 11 20
78 340 10 19
311 324 27 48
398 279 116 124
416 429 63 99
299 525 42 79
218 42 9 22
509 32 85 117
217 591 30 34
406 506 122 166
34 213 4 4
406 254 1 19
239 158 46 126
32 354 10 15
433 474 52 53
498 90 141 145
249 283 82 128
36 412 110 124
388 415 16 23
64 363 69 76
108 378 36 84
211 558 41 44
490 227 9 96
238 581 5 37
78 213 6 10
484 57 22 65
70 200 159 160
551 205 114 126
107 79 17 18
293 287 80 96
11 581 52 69
333 5 69 81
329 374 111 148
35 458 129 133
116 403 8 42
276 187 45 75
368 474 30 31
429 479 47 90
305 396 65 69
43 524 99 113
93 477 65 81
38 597 55 57
141 462 22 26
11 286 7 15
344 452 59 79
395 26 24 111
511 3 9 111
498 333 66 100
560 213 19 19
351 495 25 51
372 309 65 93
57 305 17 100
2 85 80 111
555 162 42 54
592 417 124 127
64 361 23 34
159 139 4 19
315 329 1 18
197 276 165 176
13 593 61 79
44 188 106 106
111 80 74 79
89 446 84 160
12 95 128 155
225 409 101 104
5 130 79 171
286 203 19 70
282 410 15 20
499 212 59 62
27 238 32 78
356 86 12 13
138 446 90 112
245 346 81 85
460 8 157 180
25 101 72 79
56 152 66 69
492 95 60 61
560 464 159 159
272 206 105 112
186 543 35 115
305 248 85 86
476 62 29 32
288 310 43 137
351 15 3 8
184 351 170 179
400 416 86 141
371 439 31 33
165 78 6 65
481 241 124 156
28 83 98 151
399 435 85 95
278 452 9 10
495 593 43 66
281 528 6 12
201 564 5 5
210 482 16 28
520 289 157 158
245 293 2 4
185 460 71 132
85 489 1 8
577 446 125 129
12 583 21 33
598 522 5 6
227 333 97 109
551 229 33 115
118 106 101 102
579 513 20 144
74 499 12 19
325 289 6 8
235 579 69 78
359 155 98 147
78 578 71 76
556 376 87 87
63 328 27 64
455 67 55 69
429 295 15 67
552 208 48 52
468 491 52 91
257 538 32 37
181 257 20 38
499 544 17 61
527 575 16 36
51 146 8 48
46 85 44 138
358 531 58 60
310 240 39 46
466 482 67 157
94 519 16 32
81 146 2 11
496 6 8 16
547 389 0 1
188 437 17 104
21 211 7 20
448 560 82 156
106 354 4 11
577 460 40 79
85 263 46 60
184 54 30 92
154 193 0 2
438 79 14 66
143 522 151 151
420 147 10 24
242 384 2 4
528 235 38 95
143 160 23 60
236 239 124 135
61 95 60 72
590 61 8 15
505 361 5 30
12 384 158 166
134 51 20 20
333 463 24 25
530 460 84 94
5 598 2 14
486 112 13 17
375 27 20 21
420 334 6 13
239 436 56 73
439 173 24 55
110 290 171 171
439 337 51 51
498 507 4 19
59 109 7 9
511 458 5 32
169 219 33 44
104 133 5 5
53 28 113 132
4 519 9 30
334 209 58 73
404 256 111 139
476 438 18 28
488 456 78 139
395 290 131 148
582 592 11 30
353 306 21 100
103 16 87 124
245 554 1 2
146 348 9 10
67 23 55 62
385 481 163 168
195 274 44 60
152 559 19 27
110 189 17 18
