500 5000
0 1 85 117
1 2 59 68
2 3 53 59
3 4 23 36
4 5 14 16
5 6 67 87
6 7 32 40
7 8 65 85
8 9 48 67
9 10 21 27
10 11 40 45
11 12 22 25
12 13 48 61
13 14 121 123
14 15 11 16
15 16 57 67
16 17 68 80
17 18 9 10
18 19 34 58
19 20 51 77
20 21 88 95
21 22 2 3
22 23 42 44
23 24 51 56
24 25 23 25
25 26 40 43
26 27 60 98
27 28 68 83
28 29 78 81
29 30 95 99
30 31 61 88
31 32 93 117
32 33 5 5
33 34 102 107
34 35 19 20
35 36 74 79
36 37 40 46
37 38 31 32
38 39 7 7
39 40 20 22
40 41 114 115
41 42 13 14
42 43 35 43
43 44 109 111
44 45 2 2
45 46 39 46
46 47 61 61
47 48 5 8
48 49 14 15
49 50 59 81
50 51 1 1
51 52 97 114
52 53 75 116
53 54 52 60
54 55 27 33
55 56 1 2
56 57 65 76
57 58 45 75
58 59 97 103
59 60 52 54
60 61 33 47
61 62 63 87
62 63 8 9
63 64 82 99
64 65 10 18
65 66 14 14
66 67 50 51
67 68 54 68
68 69 100 100
69 70 105 128
70 71 47 49
71 72 11 15
72 73 34 57
73 74 9 10
74 75 59 72
75 76 58 82
76 77 23 23
77 78 15 20
78 79 35 38
79 80 105 107
80 81 100 104
81 82 88 100
82 83 54 57
83 84 26 35
84 85 52 62
85 86 71 74
86 87 21 29
87 88 31 31
88 89 75 82
89 90 47 47
90 91 25 39
91 92 67 67
92 93 25 28
93 94 68 84
94 95 4 5
95 96 71 102
96 97 35 37
97 98 84 90
98 99 6 11
99 100 5 5
100 101 9 12
101 102 44 44
102 103 51 53
103 104 34 42
104 105 111 115
105 106 66 73
106 107 3 4
107 108 106 110
108 109 34 38
109 110 126 126
110 111 66 87
111 112 34 53
112 113 32 32
113 114 84 90
114 115 61 72
115 116 46 50
116 117 77 79
117 118 85 85
118 119 25 28
119 120 34 38
120 121 21 29
121 122 64 70
122 123 7 11
123 124 8 8
124 125 29 30
125 126 98 104
126 127 25 33
127 128 91 93
128 129 75 87
129 130 33 34
130 131 86 98
131 132 57 57
132 133 79 87
133 134 1 3
134 135 99 102
135 136 19 27
136 137 5 6
137 138 43 51
138 139 63 67
139 140 2 2
140 141 42 47
141 142 7 9
142 143 41 46
143 144 48 80
144 145 9 19
145 146 55 87
146 147 28 39
147 148 6 6
148 149 81 96
149 150 58 64
150 151 7 9
151 152 31 31
152 153 4 4
153 154 59 61
154 155 18 19
155 156 10 10
156 157 63 100
157 158 17 19
158 159 27 27
159 160 90 96
160 161 55 64
161 162 90 96
162 163 70 86
163 164 72 79
164 165 31 48
165 166 63 98
166 167 25 25
167 168 71 90
168 169 1 2
169 170 91 102
170 171 86 108
171 172 46 46
172 173 13 13
173 174 75 91
174 175 33 35
175 176 62 71
176 177 87 94
177 178 19 20
178 179 37 59
179 180 74 80
180 181 14 14
181 182 44 46
182 183 12 12
183 184 51 65
184 185 28 29
185 186 97 98
186 187 47 75
187 188 87 97
188 189 100 125
189 190 16 17
190 191 22 26
191 192 52 83
192 193 17 19
193 194 75 83
194 195 63 63
195 196 3 4
196 197 9 13
197 198 61 86
198 199 58 69
199 200 62 63
200 201 13 14
201 202 71 75
202 203 68 68
203 204 85 102
204 205 41 46
205 206 34 36
206 207 22 22
207 208 26 30
208 209 40 42
209 210 126 128
210 211 68 85
211 212 67 67
212 213 79 97
213 214 41 43
214 215 68 101
215 216 66 66
216 217 37 52
217 218 75 77
218 219 7 7
219 220 1 2
220 221 24 25
221 222 49 61
222 223 29 48
223 224 24 26
224 225 60 68
225 226 18 18
226 227 51 63
227 228 112 113
228 229 24 24
229 230 87 92
230 231 45 52
231 232 78 85
232 233 59 63
233 234 30 32
234 235 15 21
235 236 37 40
236 237 57 105
237 238 64 67
238 239 62 67
239 240 34 38
240 241 83 92
241 242 67 71
242 243 95 108
243 244 34 38
244 245 72 77
245 246 64 64
246 247 60 60
247 248 85 86
248 249 89 96
249 250 20 21
250 251 53 93
251 252 125 127
252 253 60 66
253 254 32 32
254 255 75 77
255 256 97 99
256 257 16 18
257 258 48 52
258 259 4 6
259 260 37 44
260 261 39 39
261 262 62 62
262 263 43 48
263 264 42 50
264 265 101 101
265 266 71 80
266 267 10 11
267 268 27 30
268 269 88 96
269 270 41 41
270 271 27 33
271 272 47 49
272 273 75 85
273 274 86 91
274 275 59 59
275 276 12 14
276 277 0 0
277 278 33 33
278 279 85 93
279 280 57 57
280 281 110 117
281 282 48 51
282 283 69 76
283 284 0 0
284 285 32 37
285 286 122 127
286 287 32 41
287 288 28 28
288 289 85 86
289 290 2 2
290 291 63 71
291 292 6 6
292 293 57 58
293 294 65 84
294 295 9 13
295 296 60 97
296 297 49 65
297 298 19 23
298 299 115 115
299 300 67 78
300 301 18 20
301 302 74 74
302 303 95 106
303 304 75 78
304 305 38 52
305 306 80 105
306 307 24 30
307 308 10 16
308 309 91 111
309 310 34 36
310 311 20 21
311 312 123 126
312 313 47 52
313 314 72 95
314 315 9 12
315 316 7 8
316 317 60 60
317 318 7 10
318 319 72 99
319 320 82 82
320 321 7 7
321 322 80 91
322 323 13 15
323 324 75 123
324 325 77 96
325 326 79 84
326 327 69 78
327 328 24 28
328 329 13 13
329 330 102 113
330 331 31 54
331 332 95 97
332 333 18 18
333 334 33 42
334 335 115 125
335 336 29 37
336 337 36 43
337 338 49 49
338 339 19 20
339 340 67 67
340 341 71 74
341 342 52 52
342 343 3 4
343 344 98 100
344 345 1 1
345 346 12 14
346 347 12 15
347 348 97 106
348 349 100 108
349 350 30 45
350 351 111 125
351 352 96 100
352 353 75 87
353 354 46 52
354 355 26 30
355 356 60 82
356 357 76 81
357 358 16 20
358 359 55 55
359 360 66 66
360 361 10 16
361 362 41 52
362 363 14 15
363 364 9 10
364 365 2 3
365 366 62 65
366 367 1 2
367 368 52 62
368 369 38 48
369 370 78 102
370 371 19 28
371 372 34 50
372 373 24 34
373 374 67 77
374 375 1 1
375 376 43 58
376 377 18 20
377 378 62 67
378 379 1 1
379 380 3 7
380 381 29 35
381 382 39 42
382 383 110 110
383 384 36 42
384 385 19 22
385 386 22 30
386 387 109 123
387 388 36 39
388 389 31 53
389 390 36 41
390 391 76 109
391 392 40 41
392 393 88 109
393 394 56 65
394 395 53 54
395 396 55 55
396 397 40 49
397 398 102 113
398 399 70 90
399 400 24 25
400 401 35 36
401 402 79 81
402 403 51 75
403 404 30 30
404 405 14 16
405 406 124 124
406 407 6 9
407 408 0 2
408 409 35 48
409 410 1 2
410 411 11 19
411 412 60 60
412 413 22 23
413 414 21 23
414 415 91 100
415 416 24 35
416 417 23 23
417 418 92 121
418 419 56 60
419 420 98 98
420 421 70 105
421 422 72 106
422 423 49 79
423 424 20 30
424 425 83 100
425 426 54 68
426 427 61 110
427 428 89 101
428 429 13 16
429 430 100 112
430 431 90 121
431 432 65 79
432 433 13 17
433 434 85 87
434 435 95 105
435 436 0 2
436 437 44 47
437 438 12 20
438 439 98 98
439 440 17 27
440 441 7 9
441 442 58 90
442 443 24 24
443 444 40 50
444 445 112 115
445 446 6 7
446 447 57 61
447 448 81 84
448 449 0 0
449 450 55 78
450 451 22 35
451 452 39 46
452 453 50 52
453 454 88 89
454 455 29 33
455 456 101 105
456 457 114 120
457 458 90 110
458 459 3 6
459 460 34 45
460 461 60 99
461 462 46 51
462 463 28 44
463 464 71 95
464 465 109 116
465 466 55 62
466 467 110 111
467 468 76 108
468 469 70 80
469 470 3 6
470 471 14 14
471 472 9 14
472 473 18 18
473 474 36 38
474 475 14 15
475 476 42 53
476 477 2 2
477 478 102 106
478 479 30 33
479 480 52 57
480 481 73 104
481 482 67 72
482 483 18 21
483 484 45 47
484 485 93 122
485 486 16 18
486 487 3 4
487 488 58 105
488 489 96 101
489 490 75 105
490 491 66 83
491 492 112 115
492 493 73 77
493 494 25 41
494 495 86 88
495 496 20 21
496 497 54 55
497 498 14 15
498 499 66 68
499 0 23 24
375 266 68 89
88 415 25 30
346 219 36 38
207 127 2 6
246 61 101 103
303 223 33 46
26 19 26 26
221 131 66 84
343 486 65 66
333 338 44 66
293 33 55 62
428 0 84 99
23 477 9 11
113 231 63 64
0 313 97 99
218 361 21 28
420 426 79 83
387 429 36 50
457 0 30 38
115 260 65 65
258 203 42 44
115 427 55 57
359 77 15 15
151 42 102 106
81 227 33 39
283 181 13 22
33 22 42 48
177 296 66 69
199 7 82 108
58 481 15 17
450 5 80 81
206 431 53 87
65 340 54 54
224 262 115 117
170 95 80 81
31 326 15 18
376 196 83 83
378 458 26 29
274 492 37 71
205 165 16 22
480 215 7 8
222 388 42 46
390 153 94 108
302 135 58 71
419 104 40 49
305 237 1 1
205 99 60 62
229 132 29 43
269 244 101 101
273 298 52 67
418 393 1 2
140 8 3 3
272 377 113 117
251 469 24 32
284 9 23 25
267 498 39 39
79 82 100 122
204 157 67 79
481 389 1 1
183 101 17 22
451 441 21 38
71 315 17 23
306 311 22 23
324 405 46 85
286 485 49 56
150 175 60 69
76 407 66 80
15 441 103 103
437 352 109 127
132 241 47 51
377 18 86 95
448 288 100 105
497 498 114 120
465 490 102 112
73 52 16 20
219 43 64 68
447 177 54 66
21 159 62 76
291 42 23 26
245 440 27 30
215 431 6 6
301 484 19 22
138 161 41 42
55 240 12 17
412 3 2 2
167 391 58 70
171 126 58 60
77 457 71 72
39 399 50 76
68 55 22 23
404 155 38 58
172 247 48 48
295 210 64 65
175 20 63 70
137 73 15 20
403 24 30 35
263 442 67 89
64 126 44 58
82 488 57 66
346 176 31 54
31 235 71 80
260 35 118 127
439 54 45 51
478 137 77 107
47 188 6 9
125 182 38 39
275 261 58 63
213 299 33 33
359 214 7 9
287 399 21 22
480 274 38 47
464 315 122 122
441 380 43 43
371 430 28 28
167 92 31 39
163 192 53 54
60 120 26 34
152 119 46 74
434 301 39 47
439 78 92 108
498 187 10 12
328 390 89 93
393 433 34 35
203 39 13 14
224 283 20 23
8 220 37 58
269 478 61 74
258 94 81 93
429 182 82 87
17 143 43 54
490 145 70 71
388 404 5 6
70 33 5 5
128 174 40 54
413 42 97 101
215 232 29 49
321 87 78 83
453 236 54 70
71 337 59 61
193 20 45 49
34 109 64 67
165 203 103 108
14 250 69 90
120 0 86 97
328 3 70 83
446 377 42 48
64 296 21 31
108 259 51 84
397 454 34 40
440 188 41 55
285 188 27 39
483 300 29 49
385 151 53 57
40 385 6 11
265 85 120 121
170 404 43 71
36 54 38 46
473 424 3 7
308 227 75 75
297 331 60 80
30 424 7 9
10 137 48 51
219 365 10 12
131 6 42 47
43 41 76 100
13 344 94 105
289 60 33 37
121 25 53 61
184 442 102 110
449 237 66 119
39 375 51 52
49 191 53 64
424 6 27 34
488 39 78 80
276 234 50 56
68 412 15 16
427 256 44 54
120 1 18 19
120 74 98 99
200 159 71 72
359 107 73 82
485 343 61 71
127 116 111 111
185 31 10 12
137 315 24 29
0 456 83 85
449 7 26 29
411 193 43 49
87 404 87 96
144 134 3 3
108 369 44 71
177 93 109 114
204 418 56 58
274 89 52 67
173 108 53 56
147 103 22 27
386 165 10 16
182 35 21 21
447 188 21 22
477 484 30 33
31 447 30 32
345 261 76 101
430 337 32 40
18 187 41 41
358 310 11 13
167 201 35 36
356 247 69 73
254 399 35 43
405 427 68 79
368 391 12 13
127 359 64 76
250 10 65 86
173 126 14 18
70 94 86 100
118 166 92 95
92 379 54 63
45 153 94 99
340 326 3 3
181 249 83 99
78 138 15 16
383 409 2 2
219 190 110 110
152 103 59 72
328 397 90 102
48 482 49 64
259 82 1 2
152 145 114 119
56 230 3 6
451 319 78 95
274 460 53 55
176 66 61 62
298 223 34 36
364 248 114 121
42 148 8 14
123 205 34 37
307 427 17 23
185 331 100 103
59 139 84 98
5 452 111 112
66 278 60 94
464 173 122 123
15 392 32 33
180 233 58 70
414 325 89 92
2 460 70 70
227 265 19 19
392 454 100 103
177 424 44 53
327 219 23 35
66 222 97 103
458 451 99 116
263 480 0 2
44 164 30 32
65 337 58 59
350 0 21 23
384 237 34 36
140 297 30 37
305 184 74 75
304 494 59 68
498 400 7 9
73 188 1 3
13 480 119 121
349 140 51 56
368 160 14 20
115 456 20 22
495 387 59 96
353 450 12 12
477 221 16 16
285 53 72 72
423 15 61 65
14 485 85 94
61 163 65 65
239 319 70 72
371 281 75 79
23 4 60 68
49 412 51 55
194 308 60 69
486 13 64 104
451 106 61 83
321 23 47 71
429 301 33 40
25 185 83 83
312 100 14 15
386 263 59 59
93 254 59 66
318 22 37 41
247 185 55 56
469 179 104 114
64 456 38 46
19 192 5 6
113 404 71 71
119 97 81 103
247 389 52 52
235 469 48 48
279 114 6 7
428 226 76 81
170 179 26 27
44 94 51 64
254 326 4 4
75 254 37 38
419 44 18 20
430 483 74 117
10 231 90 95
88 90 90 93
176 415 10 13
89 312 90 92
432 361 71 88
65 200 70 85
132 326 12 13
440 319 31 31
211 424 60 73
432 161 82 96
47 65 36 36
345 473 87 109
353 104 8 10
332 282 26 42
125 351 47 64
66 408 31 44
150 469 59 60
392 250 64 69
388 280 110 124
339 212 56 57
424 421 17 19
48 169 37 48
400 11 57 69
241 183 41 44
214 91 32 42
477 103 57 68
142 44 104 107
177 94 96 102
168 481 11 13
36 259 73 75
434 0 48 66
250 209 72 111
160 47 1 1
288 420 9 10
380 54 65 106
196 105 71 94
137 100 17 19
298 464 91 111
180 244 4 8
126 468 1 3
223 255 73 106
197 337 91 95
376 220 113 121
297 75 17 20
106 191 72 72
359 206 27 41
305 447 50 58
87 136 69 75
163 409 102 109
202 121 34 40
135 382 22 26
303 107 9 9
15 20 52 52
404 157 9 10
270 27 13 14
466 92 34 34
23 407 31 41
219 11 24 27
356 242 94 108
261 110 22 30
258 388 75 93
334 335 101 102
324 408 41 42
212 91 64 68
294 429 29 32
468 45 99 100
446 437 33 46
335 381 87 87
282 411 72 78
385 484 29 48
238 346 29 38
233 493 62 66
50 45 22 25
464 490 31 54
97 186 62 83
114 313 11 18
143 126 92 95
248 361 56 56
227 220 76 79
172 283 62 62
144 330 77 88
142 65 81 83
218 496 46 50
1 281 16 20
193 310 87 99
296 15 28 30
379 110 28 28
472 194 56 57
24 171 60 60
136 21 80 110
68 74 89 94
195 44 18 22
404 98 129 130
399 441 9 14
137 366 47 51
26 234 21 27
433 131 97 101
374 361 89 98
263 211 2 3
194 66 35 36
428 251 24 46
142 98 39 39
393 344 15 15
129 102 78 106
315 100 87 88
263 465 25 41
73 266 8 10
247 63 57 97
494 250 83 83
225 173 56 65
129 23 29 31
12 75 1 1
67 282 35 37
481 224 11 15
365 64 6 7
232 330 21 21
451 308 23 27
332 254 28 30
116 308 79 98
255 305 21 28
490 484 8 11
198 423 63 63
404 3 51 57
24 368 21 26
387 314 108 113
284 47 45 58
232 7 20 20
85 138 30 35
247 210 44 70
335 59 83 111
290 52 56 99
131 220 2 3
90 268 34 39
459 178 118 119
175 130 58 67
208 78 70 72
407 37 96 96
446 17 107 117
285 334 16 28
84 62 17 30
357 336 81 87
134 281 95 104
447 23 36 40
153 307 116 121
304 444 16 22
224 146 4 7
9 67 32 43
356 36 88 97
145 284 28 40
142 7 37 39
411 124 20 30
379 319 64 82
315 370 66 86
201 121 29 38
38 220 77 89
491 110 1 3
366 282 48 60
88 450 19 21
401 79 41 41
330 108 43 47
408 42 90 106
291 178 80 82
322 11 54 89
0 347 14 25
314 465 39 43
29 366 75 104
408 0 14 14
161 107 70 89
423 132 99 112
350 114 122 124
27 132 17 17
325 372 23 23
268 402 62 71
312 27 41 50
460 160 5 7
6 280 66 72
483 242 35 45
124 2 35 41
136 211 51 88
204 286 32 33
173 493 100 100
493 365 4 5
458 483 80 91
458 447 72 74
391 139 51 63
66 249 11 15
213 172 11 11
447 323 37 38
8 438 37 38
263 154 56 70
147 49 39 48
402 45 68 85
264 424 44 47
462 375 57 58
122 260 29 35
36 152 67 80
14 109 18 28
182 424 45 45
222 342 75 92
403 335 87 87
128 136 84 89
209 16 26 26
435 290 79 94
161 288 82 115
38 160 7 15
319 475 75 87
44 411 6 9
298 165 65 76
343 319 22 23
314 471 48 60
405 301 109 111
373 409 93 102
62 411 55 92
409 269 68 70
450 121 45 63
483 175 63 86
460 282 49 82
242 214 43 48
344 426 54 66
398 194 45 46
287 61 94 116
53 416 91 98
429 384 18 25
97 388 11 16
173 494 95 97
12 110 25 30
258 117 50 51
455 329 15 15
414 72 28 38
118 71 69 89
347 333 9 9
0 94 91 106
349 81 38 39
491 372 49 68
323 307 76 86
291 217 61 102
69 235 2 3
383 215 106 107
479 246 38 50
31 122 20 23
488 125 36 44
156 373 117 120
127 454 86 89
358 273 65 80
243 291 122 124
225 88 55 55
195 296 46 47
394 260 44 59
355 82 21 32
176 253 123 126
437 408 62 65
114 199 12 18
62 286 1 2
153 246 75 83
270 127 6 7
186 339 8 8
59 14 19 24
199 103 23 24
252 60 84 90
214 164 12 19
197 353 35 55
398 176 110 115
79 165 73 85
94 310 12 16
351 57 29 38
413 349 76 114
334 403 29 30
69 379 90 116
350 13 64 90
383 249 43 43
132 128 26 31
97 29 75 79
92 71 77 80
67 474 3 3
46 198 92 101
154 262 39 39
344 241 49 55
403 335 21 21
340 209 36 50
101 387 69 71
419 247 63 68
493 183 0 1
371 256 13 18
275 65 103 121
94 74 72 110
141 391 50 63
238 134 35 46
397 449 82 88
493 108 51 62
403 225 109 109
275 97 8 11
52 142 29 32
465 293 18 21
214 24 93 105
400 362 25 31
67 299 39 44
391 295 80 81
206 232 84 90
216 103 50 70
299 384 107 116
398 387 56 78
422 114 52 63
317 118 91 91
495 445 102 118
168 305 49 53
435 107 103 104
27 202 114 122
185 246 104 106
19 389 82 118
24 406 29 30
76 93 97 97
68 309 40 48
463 450 5 11
14 302 26 33
182 113 43 51
90 247 31 48
458 460 17 19
468 210 37 59
363 210 59 85
249 85 19 36
63 182 32 32
18 134 14 14
471 175 46 60
403 410 119 120
100 117 47 60
340 242 13 18
32 130 63 78
300 61 61 77
341 158 82 120
357 169 33 48
53 474 32 33
164 140 13 17
38 398 9 9
426 76 62 83
233 336 29 30
126 378 106 112
149 449 57 57
400 197 114 118
447 36 66 90
414 227 17 22
214 422 53 65
323 113 70 74
494 81 2 3
444 149 66 67
357 124 47 52
384 298 4 5
168 185 98 102
392 407 44 73
363 309 58 59
272 85 13 15
8 208 68 71
318 327 75 109
36 76 77 107
242 104 76 99
349 382 5 8
294 137 40 43
185 206 38 41
18 175 36 38
362 490 74 74
406 342 76 99
5 472 22 38
388 487 30 41
2 285 57 91
244 135 38 39
0 335 6 8
404 25 38 42
13 450 33 35
293 70 6 7
407 424 40 47
420 137 98 116
345 75 47 57
296 138 2 4
11 341 35 41
161 147 68 77
344 365 15 20
163 465 41 41
328 87 21 28
250 219 108 115
17 234 28 31
338 269 26 32
278 32 8 11
334 45 27 36
362 164 2 2
246 382 73 91
490 322 9 10
178 173 80 84
430 322 11 16
104 482 107 117
6 99 96 100
232 205 17 23
265 217 107 113
452 454 45 68
133 228 31 32
167 75 110 112
40 62 85 103
146 117 56 59
342 327 77 92
367 62 114 114
423 206 80 87
450 281 18 20
228 390 65 67
132 461 96 115
316 76 54 84
83 259 55 58
25 446 7 11
379 6 28 29
159 150 78 98
18 79 83 84
437 50 74 93
464 15 34 36
418 472 4 6
212 349 34 49
394 286 51 87
213 67 91 100
84 474 12 13
462 1 6 7
379 12 43 45
204 108 31 35
164 139 35 36
172 222 47 48
113 210 57 63
426 16 43 43
297 47 95 112
145 354 85 95
131 108 65 68
269 335 5 6
216 75 11 18
229 140 69 73
194 404 45 56
417 279 78 92
189 1 10 11
169 92 126 127
217 277 35 42
493 352 3 7
183 417 100 101
486 277 53 53
386 55 75 80
94 348 67 71
272 379 77 92
216 146 35 45
269 446 78 111
344 154 104 104
207 374 33 36
328 83 23 24
400 156 85 88
41 90 26 29
61 113 91 105
148 403 24 26
37 250 66 76
142 196 14 15
85 217 75 100
256 485 53 53
464 286 29 29
111 304 42 44
279 187 31 36
1 469 15 16
462 391 110 118
370 208 73 78
419 229 26 29
433 5 48 52
310 34 21 24
1 243 102 108
446 490 14 17
327 206 30 36
162 427 5 7
225 461 41 53
412 5 16 20
187 473 27 29
290 433 86 99
388 308 14 16
219 269 24 37
417 1 33 42
301 133 93 100
454 308 60 62
0 398 19 26
34 324 82 108
76 295 32 32
477 207 46 59
312 378 75 76
407 213 5 5
140 222 30 36
211 348 1 3
245 45 37 45
348 144 69 70
130 84 47 64
395 438 50 52
263 113 20 25
490 299 47 50
251 197 65 65
178 267 86 88
140 373 64 75
214 76 79 83
460 141 28 34
319 162 29 31
339 243 40 45
33 261 49 61
338 333 87 89
29 54 15 15
293 334 75 78
196 46 7 8
109 471 104 118
431 245 61 61
11 120 9 10
231 252 29 42
481 432 67 75
437 106 17 17
341 137 70 88
317 236 41 43
213 66 56 57
335 70 49 59
22 196 6 9
183 398 53 55
110 357 16 22
274 33 77 79
388 235 82 86
329 317 48 53
67 268 46 50
433 54 65 76
370 149 35 37
160 256 78 80
68 76 115 122
408 383 32 47
252 25 63 95
67 487 19 19
125 95 18 18
415 259 62 86
240 420 110 119
267 152 4 9
257 476 25 41
107 467 54 60
371 230 7 14
71 59 59 74
84 69 64 73
1 444 9 9
300 422 83 90
210 132 34 41
493 35 5 7
382 452 16 19
363 358 78 85
16 52 28 29
346 137 23 23
367 473 69 84
199 444 80 92
387 221 52 54
456 97 62 73
369 16 72 73
395 216 90 111
493 26 49 50
472 48 51 57
284 105 76 76
32 344 38 40
226 281 54 101
430 461 52 59
297 460 79 81
296 497 21 23
168 223 23 33
20 181 79 97
409 334 83 87
107 7 64 74
260 357 5 5
361 269 19 31
462 404 8 11
145 235 102 103
476 36 12 14
82 254 34 38
423 258 37 40
429 247 88 91
301 112 83 85
215 241 59 60
229 433 10 12
451 486 66 116
124 233 19 25
315 68 21 23
212 148 119 119
482 330 57 66
263 194 98 101
73 259 16 20
35 441 64 70
479 82 71 80
406 459 33 41
202 32 11 11
179 350 50 52
93 134 48 55
154 204 42 42
480 470 54 54
149 240 33 45
276 460 67 107
106 88 92 97
435 47 45 47
412 24 21 23
473 79 10 12
89 275 86 87
164 103 82 86
493 27 13 14
15 173 42 43
108 178 74 84
426 34 102 103
432 200 107 114
357 427 16 18
294 269 79 90
382 66 100 109
217 275 8 9
409 472 58 69
205 1 94 95
142 368 5 6
16 234 86 110
66 295 28 50
475 48 18 20
471 15 6 8
418 210 56 75
139 114 17 17
127 399 66 68
255 312 1 2
215 299 55 59
311 290 88 90
202 367 120 123
370 53 60 86
428 175 29 36
454 399 64 115
219 58 29 35
406 120 40 53
95 257 13 14
70 104 65 91
4 69 1 2
334 488 45 47
371 388 28 37
490 371 52 59
450 212 46 56
292 461 18 24
433 474 54 57
468 34 59 63
227 417 14 14
440 190 25 27
367 380 43 61
147 100 73 83
404 252 29 49
225 34 37 39
203 467 35 36
264 468 68 84
419 199 44 46
473 449 63 65
181 196 109 113
374 457 29 45
274 253 116 118
335 277 52 56
451 85 3 5
234 167 59 86
457 7 42 55
332 491 7 7
391 378 48 84
167 490 41 46
33 13 35 48
187 9 83 95
420 401 22 24
80 292 23 25
478 16 62 79
229 304 42 46
213 174 18 21
163 52 69 83
409 382 40 40
181 437 91 92
191 462 18 23
274 128 40 46
277 486 64 70
90 265 69 119
7 434 65 120
362 188 92 94
62 363 40 49
359 52 40 48
427 49 34 39
210 155 20 23
266 235 11 14
326 243 3 3
183 271 49 55
156 468 32 35
450 237 83 98
481 143 51 51
425 296 7 8
460 222 58 66
331 392 67 74
455 265 35 35
249 139 20 22
133 400 41 43
303 351 7 12
58 377 61 62
52 116 29 30
25 470 87 105
494 369 65 94
371 147 18 24
40 266 0 2
425 380 86 105
275 64 39 49
452 234 35 35
419 140 71 84
481 318 69 71
134 168 23 28
31 65 60 74
332 86 37 37
239 220 73 81
427 366 98 100
78 395 63 75
171 209 82 110
180 360 4 10
228 401 56 57
287 443 50 52
465 161 100 100
153 222 28 44
12 185 15 23
266 222 71 111
83 252 21 23
284 342 14 14
45 223 50 60
149 244 109 110
379 7 23 32
285 486 40 72
153 493 0 1
450 298 120 122
407 381 109 111
289 14 75 95
42 224 23 24
365 279 47 48
26 133 26 37
455 182 67 87
46 17 73 82
443 247 38 60
302 456 43 46
460 94 40 57
336 315 8 9
406 495 102 110
10 184 4 4
149 380 27 31
481 24 95 95
305 488 72 89
19 476 60 93
62 360 87 87
55 97 23 34
138 339 10 13
16 109 1 1
223 189 30 45
191 488 11 14
67 410 27 30
120 218 14 26
219 447 33 40
84 281 32 33
303 255 27 29
71 448 89 122
99 419 21 28
318 261 98 99
389 75 15 16
396 244 27 29
270 299 37 38
353 392 110 117
269 183 79 81
34 29 25 33
458 324 21 27
106 269 25 26
141 475 72 78
410 143 34 35
80 452 98 99
97 104 6 7
430 452 79 83
317 105 38 38
365 8 22 26
348 266 23 38
340 142 125 126
96 134 54 57
443 308 46 68
249 376 11 11
151 437 116 117
326 372 56 57
151 65 54 75
76 173 75 82
405 441 39 56
69 328 95 97
390 8 28 32
345 494 34 41
486 453 48 76
80 489 64 98
219 418 106 118
141 81 49 68
52 245 45 63
247 354 30 38
209 253 81 90
287 415 66 70
209 190 111 116
24 238 41 41
260 348 64 66
131 496 100 102
223 71 9 13
479 37 102 107
317 298 17 23
441 160 39 43
29 64 70 70
136 138 59 70
460 306 80 85
31 250 26 41
474 342 38 41
370 320 89 91
374 279 3 7
466 111 99 123
47 10 53 54
31 497 38 41
282 267 69 87
108 312 87 92
150 206 60 83
399 310 105 108
139 276 68 115
360 63 47 63
249 477 27 28
456 484 80 93
200 347 52 67
433 65 59 75
394 75 77 80
50 153 55 87
172 441 71 87
311 116 60 86
187 271 75 90
315 72 52 58
227 59 85 85
131 447 9 10
421 486 110 124
408 480 51 61
298 251 28 33
116 332 20 21
114 122 68 85
489 122 99 104
301 486 85 99
448 9 63 71
112 371 31 34
395 76 72 86
466 450 45 68
212 96 91 107
44 94 28 29
109 146 38 45
358 392 52 52
491 34 124 128
125 22 15 16
307 416 65 65
304 415 75 88
339 54 14 24
387 341 73 102
258 94 82 89
345 200 64 67
237 415 85 85
275 410 46 58
458 125 48 61
199 68 56 64
339 468 6 6
485 64 11 13
152 491 31 41
30 134 64 101
474 404 85 92
241 170 36 37
422 461 61 106
94 483 88 94
301 453 23 27
108 49 8 9
331 211 81 83
281 435 16 17
403 400 7 11
53 215 31 41
61 230 72 75
200 405 116 118
471 434 43 49
476 118 13 15
51 244 69 70
86 465 22 22
67 137 28 30
61 241 40 53
420 215 37 41
328 84 29 30
173 215 56 61
313 206 37 38
163 224 9 9
405 427 17 25
143 124 106 112
345 401 108 110
372 23 42 46
277 437 32 49
321 400 28 40
80 101 7 8
345 286 24 36
43 174 51 81
358 116 88 89
21 257 48 74
465 350 69 106
292 421 87 88
331 347 39 40
432 27 1 1
264 184 117 119
271 100 11 13
368 317 121 124
472 95 50 73
460 313 103 107
262 148 88 93
141 290 119 119
202 179 4 4
444 53 93 97
197 440 55 68
339 76 28 29
172 71 55 62
270 230 41 42
17 326 47 67
395 362 2 2
145 106 101 115
495 206 68 87
4 448 53 79
142 361 55 81
416 323 53 71
139 495 40 58
362 364 114 124
431 318 41 44
176 375 41 70
136 418 52 59
86 406 92 107
106 498 57 66
89 139 18 21
267 73 57 62
317 119 55 55
130 451 21 27
332 373 7 7
473 248 56 58
392 179 80 89
89 319 29 43
340 84 49 60
324 498 55 73
403 202 48 54
397 435 22 24
298 264 61 74
394 196 26 27
252 107 3 4
244 161 72 90
492 102 22 23
297 293 64 76
318 1 75 76
131 115 55 65
1 161 20 25
86 187 2 3
435 464 36 37
336 472 37 45
372 478 50 55
495 180 33 36
286 102 111 115
327 129 21 28
481 365 7 8
210 229 40 41
245 377 81 90
200 182 75 76
321 340 69 100
124 153 3 3
45 230 60 72
190 183 38 40
61 186 40 55
64 440 51 55
46 160 65 90
6 442 36 46
161 352 55 79
368 21 52 54
469 428 88 101
59 270 42 43
129 278 17 20
163 106 71 79
325 343 3 3
406 366 15 16
33 171 24 28
156 360 31 40
136 269 58 81
274 175 51 52
332 220 56 56
124 396 15 17
102 332 9 10
301 470 38 42
228 342 35 37
374 24 7 7
314 116 48 58
194 227 93 122
373 94 41 57
484 487 7 11
294 81 112 115
478 178 38 39
369 345 51 54
217 236 90 115
266 165 47 48
12 443 29 30
183 252 89 103
120 395 71 78
49 455 86 87
245 416 31 31
103 242 13 13
52 197 87 89
94 331 28 30
218 403 10 10
326 122 78 83
312 73 11 20
409 55 10 13
235 161 53 53
374 18 16 19
210 101 82 105
329 369 32 33
125 51 9 11
157 420 54 78
208 47 57 57
240 122 58 62
82 49 44 47
265 109 9 12
455 492 15 18
1 129 29 45
209 428 5 6
443 479 59 67
374 192 99 111
325 446 7 10
374 124 9 10
386 338 105 128
38 494 87 93
468 225 36 41
194 314 75 77
497 8 0 0
491 114 13 14
212 129 72 93
399 208 64 69
391 19 2 2
176 92 36 64
466 89 4 6
276 180 59 94
162 65 88 104
335 53 44 48
7 455 63 71
55 414 81 84
287 351 94 109
130 372 59 61
19 362 109 116
192 478 38 54
429 288 27 34
117 235 27 48
97 272 5 5
6 398 46 71
421 390 97 104
75 424 101 105
116 390 56 60
412 336 60 65
433 476 27 27
22 132 60 63
59 185 64 64
195 97 58 70
266 347 20 26
412 414 116 117
428 207 111 111
192 447 49 65
97 24 91 100
310 248 85 86
359 230 18 23
96 384 17 18
448 282 42 44
344 296 15 15
173 319 19 21
406 154 69 76
288 398 57 58
253 232 34 46
420 216 3 3
277 366 99 106
337 468 16 19
68 232 61 61
352 259 25 32
35 193 8 9
372 6 68 82
351 479 8 8
350 442 51 52
363 72 88 94
90 403 111 123
10 4 31 35
177 369 98 126
168 63 12 15
2 203 3 3
203 281 74 82
468 256 96 101
497 78 63 83
319 27 29 30
467 264 30 38
495 450 65 66
158 313 10 17
41 230 45 57
389 28 76 80
230 99 75 90
290 268 70 80
43 63 51 63
362 191 21 24
62 35 108 110
6 493 62 96
390 54 48 50
345 308 63 63
448 212 16 17
174 89 3 6
493 105 15 22
360 157 81 92
189 128 2 3
448 33 115 115
421 450 33 41
496 103 47 49
411 428 45 59
404 398 56 77
429 112 102 111
406 300 73 82
16 139 2 4
16 235 35 38
150 145 19 22
487 349 88 109
481 202 21 29
1 370 59 84
93 341 21 34
167 470 8 16
118 417 96 111
199 347 69 72
43 39 69 92
366 433 36 42
58 283 43 48
58 412 56 60
457 385 81 100
350 32 92 92
489 2 14 15
402 28 31 33
14 303 103 106
263 329 7 7
51 413 75 78
24 309 55 62
0 96 91 92
320 78 61 82
138 244 85 86
106 487 105 107
100 277 107 113
408 94 48 64
460 249 65 99
386 421 61 79
152 365 38 39
484 467 75 84
134 102 120 122
61 380 73 73
203 293 60 63
85 188 85 86
308 158 59 70
84 179 55 63
296 448 88 104
1 342 25 35
291 95 13 14
247 79 73 79
360 333 12 18
46 248 34 39
232 494 56 58
422 371 74 78
238 333 10 12
20 224 9 9
352 139 38 41
311 389 38 41
478 247 2 6
324 279 35 42
400 472 8 8
314 297 42 49
429 0 51 62
416 189 16 21
38 327 67 67
249 468 18 19
239 156 101 105
399 52 70 70
18 374 65 77
188 175 44 45
377 364 45 49
209 196 19 22
139 82 72 101
226 222 17 21
425 114 9 14
207 442 47 78
178 490 32 51
116 438 61 63
152 162 77 82
250 102 45 56
428 26 45 75
72 319 1 3
323 125 65 65
150 380 9 12
109 395 22 32
370 13 54 69
217 89 23 24
152 193 113 121
137 467 62 66
247 92 61 62
45 199 16 18
432 181 13 19
403 439 85 86
412 464 7 10
385 134 19 19
405 81 65 85
427 417 33 38
376 59 31 36
137 251 83 84
291 53 42 53
278 219 56 65
127 57 116 121
128 183 9 17
151 236 37 37
420 189 58 68
281 88 18 19
146 372 105 112
24 345 62 84
66 154 24 31
27 176 5 5
201 262 37 38
197 112 56 87
140 356 21 27
404 301 25 27
448 270 14 16
75 205 61 66
215 292 69 84
100 308 51 56
78 20 36 63
5 324 37 54
464 46 74 82
477 216 79 81
125 490 116 119
411 238 24 29
386 498 5 6
479 340 13 14
52 475 19 23
99 177 109 110
149 385 50 56
329 342 73 73
384 435 15 15
369 482 4 5
385 267 77 89
212 307 50 63
21 436 30 33
134 450 1 1
283 313 79 91
383 484 13 14
131 146 61 79
273 64 27 37
136 64 26 26
42 380 71 77
439 493 65 68
205 341 6 6
195 366 28 33
6 307 70 75
165 339 64 71
219 223 35 35
195 328 54 71
307 423 14 21
252 60 34 48
396 154 45 69
209 82 3 5
160 409 89 96
179 263 63 64
116 127 22 22
348 35 58 87
362 198 78 123
170 5 90 98
15 474 7 12
431 221 62 74
83 90 50 57
236 73 61 69
337 277 50 82
290 73 1 2
212 459 65 70
115 136 78 82
11 401 44 55
300 128 1 3
74 273 11 21
249 154 100 118
129 199 22 25
45 107 24 31
482 111 52 79
367 4 54 61
189 118 61 70
470 249 90 98
417 150 34 40
84 60 62 86
317 143 37 37
351 55 33 34
287 290 34 40
481 300 76 97
428 95 42 47
338 72 43 46
436 491 66 79
394 83 2 2
300 463 72 88
62 333 20 30
64 384 101 106
411 492 63 77
408 63 59 64
453 67 3 3
224 292 70 85
29 367 15 21
284 83 33 34
231 156 10 13
41 272 127 128
433 252 51 60
78 471 51 68
402 92 79 82
213 451 25 30
421 408 35 40
317 459 78 113
89 285 24 30
148 321 36 42
452 229 46 54
462 165 102 110
371 153 82 83
426 14 15 17
295 328 126 126
287 368 9 11
293 387 84 123
361 141 58 73
38 261 25 27
334 212 64 72
492 429 87 105
467 153 64 98
158 383 81 83
244 429 13 20
21 414 76 88
272 398 14 14
181 233 35 41
198 433 14 16
367 15 81 108
134 42 16 22
121 287 91 99
153 335 92 93
297 275 3 6
469 131 27 32
143 461 44 44
116 30 121 123
184 470 72 75
365 29 78 96
364 182 31 31
3 492 10 10
212 487 32 59
255 422 90 100
9 228 73 77
476 439 21 25
230 483 44 57
208 135 87 94
223 294 31 38
81 405 48 50
181 447 72 88
121 35 89 102
111 373 97 100
471 30 35 36
278 136 22 28
409 266 94 104
316 213 30 40
142 57 8 8
251 496 73 95
474 179 39 42
323 228 65 65
254 82 17 19
323 154 75 77
353 276 45 58
388 60 97 107
226 240 58 84
102 77 7 15
160 437 42 49
394 98 65 65
68 138 53 59
441 356 53 85
122 12 16 24
113 305 25 30
426 379 94 99
353 398 47 71
461 60 68 107
488 458 15 17
431 245 9 12
177 455 26 27
174 342 48 56
497 9 103 112
42 185 5 5
74 280 47 55
489 348 19 24
366 140 28 33
431 376 73 119
293 386 48 55
343 287 23 30
224 320 63 92
239 191 12 13
459 99 42 44
127 130 42 43
248 306 71 80
92 394 65 66
448 388 96 124
158 360 67 67
249 230 93 102
112 181 81 93
62 140 78 90
9 460 89 104
339 287 21 34
350 288 78 99
436 201 6 8
376 482 53 65
347 276 74 107
302 303 20 20
160 37 42 64
443 128 102 120
193 497 4 4
277 143 1 1
0 410 57 65
13 446 79 98
387 156 63 64
274 292 37 44
383 460 62 63
114 253 1 2
156 8 24 24
299 277 3 4
383 257 60 64
141 269 12 13
83 44 44 48
238 104 59 68
41 268 27 30
403 364 53 56
470 194 102 107
426 329 11 14
314 1 9 11
317 33 14 14
228 297 38 39
239 29 27 35
267 394 84 88
318 180 35 47
297 294 66 76
292 189 48 61
386 353 59 65
47 288 68 73
494 190 75 122
468 366 48 56
41 429 44 52
63 3 94 99
384 210 88 92
98 150 38 47
463 389 80 88
423 481 77 80
252 336 20 25
18 115 46 53
421 82 8 11
64 159 44 45
398 423 13 15
29 375 87 113
115 368 43 45
286 468 59 66
69 35 55 86
454 275 56 84
440 449 57 57
14 185 14 16
59 34 54 57
133 379 121 125
378 479 103 103
54 192 17 22
70 417 31 35
362 376 12 17
462 423 80 81
294 93 11 11
98 49 89 114
215 83 7 12
182 110 48 49
232 321 75 97
131 495 116 116
303 87 40 46
74 418 18 18
83 6 3 4
327 362 33 43
371 224 12 13
121 458 80 94
50 295 77 111
48 439 12 16
30 407 76 83
56 125 81 101
363 146 45 74
128 92 11 14
465 400 36 38
483 63 26 26
135 61 100 118
247 291 65 104
230 343 87 92
359 475 67 75
89 278 97 97
8 340 26 26
67 334 92 92
405 104 25 29
199 44 99 99
374 179 65 75
74 182 86 93
124 152 49 49
347 8 51 51
75 374 21 22
136 107 51 72
328 264 52 63
327 411 103 109
160 66 22 27
394 48 38 48
270 99 27 27
476 94 59 88
235 182 88 92
121 41 53 97
88 304 57 64
107 496 1 1
364 71 96 116
476 268 60 83
464 212 31 37
331 362 84 95
197 423 23 23
495 169 61 64
343 87 59 65
117 448 4 6
280 18 72 73
113 215 55 59
319 201 35 46
142 145 52 56
11 409 31 40
284 319 97 98
352 286 13 20
40 96 3 4
287 445 44 50
324 315 26 38
417 47 57 58
302 358 42 64
415 427 24 27
194 400 25 25
174 480 14 16
314 34 43 70
91 203 108 110
218 405 33 39
386 212 54 73
275 80 24 32
356 216 98 108
57 183 46 67
73 10 42 52
248 30 1 3
64 285 87 88
22 343 104 108
241 160 47 67
401 309 23 39
183 40 73 82
132 83 18 19
286 229 71 105
181 126 97 99
303 132 50 51
336 449 19 20
268 401 21 25
257 0 35 42
171 257 35 35
133 183 43 65
167 104 91 91
1 318 49 57
267 90 104 106
76 35 21 21
416 286 120 122
175 288 24 27
252 267 33 53
5 494 4 4
329 327 11 16
297 162 81 82
291 353 10 14
429 314 67 97
228 277 9 11
251 47 25 33
485 80 88 105
367 458 58 63
475 451 86 90
416 304 19 27
48 409 55 61
33 471 25 25
403 268 77 87
164 438 60 71
330 197 69 102
455 17 85 100
300 398 98 113
469 342 45 66
121 156 36 41
136 48 56 93
495 83 72 92
434 410 9 15
477 321 56 65
372 466 6 7
479 437 34 42
258 180 22 24
374 269 29 47
492 304 26 40
48 301 35 61
356 2 49 49
216 192 26 27
410 352 57 72
430 115 23 23
340 247 28 29
456 362 97 118
29 277 64 65
433 279 67 73
282 355 25 30
475 57 96 101
344 183 44 69
155 243 35 42
68 244 68 72
95 307 22 32
417 326 94 112
90 323 23 43
183 385 36 44
55 186 64 84
140 464 42 55
271 71 40 40
304 417 87 110
144 172 42 55
126 182 17 17
410 350 11 11
453 169 61 82
355 181 103 104
340 180 104 108
160 17 43 59
261 275 41 42
223 212 60 62
206 209 10 11
123 71 48 63
306 326 32 37
399 353 62 70
6 179 67 68
477 478 107 121
420 122 21 28
289 46 8 14
182 417 36 36
147 239 59 90
290 413 53 87
375 395 53 64
70 210 1 2
294 126 65 86
321 343 83 84
440 236 40 66
177 103 2 3
169 335 6 8
435 156 18 26
12 254 35 35
185 270 14 14
62 329 31 46
172 430 52 70
387 354 35 36
167 435 20 21
411 184 34 45
379 220 25 25
185 154 33 57
251 373 24 25
223 401 5 5
202 433 7 10
129 284 73 73
147 285 29 29
470 453 74 86
388 189 27 27
359 50 48 48
164 357 80 82
359 202 5 7
415 227 63 70
90 22 82 110
351 139 123 129
453 249 19 21
174 382 12 18
167 434 65 79
59 448 61 75
4 296 45 45
48 260 3 3
260 39 11 12
246 60 71 79
160 79 32 32
128 223 35 40
246 406 98 105
284 422 5 7
473 369 18 21
383 310 45 48
168 379 4 7
405 324 82 87
59 348 113 121
132 22 54 60
338 162 73 76
219 428 28 31
390 356 36 48
318 176 6 6
454 111 111 111
164 104 19 21
419 270 42 53
12 172 39 48
20 165 65 67
133 278 53 55
455 373 33 57
92 193 8 8
246 478 75 102
434 353 4 4
106 32 51 68
363 70 40 54
487 160 1 2
269 371 56 87
450 442 59 83
428 28 39 50
34 182 38 44
450 446 33 36
277 436 68 83
455 335 43 65
316 398 34 38
68 298 58 64
477 235 14 15
488 246 68 69
380 58 52 68
360 494 28 35
3 344 66 68
263 321 54 65
251 464 6 8
41 101 23 27
482 93 3 3
4 372 24 26
384 119 49 68
76 295 69 93
164 175 64 75
264 312 23 23
263 451 80 101
165 240 71 105
251 453 121 129
213 320 26 28
46 424 21 25
62 396 19 23
400 33 20 22
89 337 3 6
314 360 45 58
396 343 11 14
254 452 35 37
353 407 64 77
465 37 79 80
382 378 67 111
366 43 56 57
341 71 20 21
111 65 22 31
376 472 11 12
458 472 43 45
306 470 15 20
104 446 91 95
189 113 10 20
46 397 71 114
480 430 96 99
451 489 77 78
258 379 1 2
63 187 43 45
258 29 31 39
255 290 20 34
118 24 39 53
14 309 77 87
7 170 14 14
222 176 17 21
191 429 24 26
448 261 67 71
231 426 7 7
320 407 40 64
67 147 36 54
176 65 60 79
387 8 23 26
77 383 86 88
468 261 57 59
132 279 32 34
183 368 15 15
485 366 75 105
189 155 9 15
220 207 60 73
152 161 48 60
366 20 123 127
82 110 17 18
454 194 115 121
47 430 72 110
15 432 55 58
105 452 8 15
329 494 120 123
380 21 46 73
24 270 69 84
24 175 37 42
343 149 21 26
3 215 17 25
464 152 55 72
321 403 22 25
28 252 9 11
454 151 122 125
270 105 60 94
34 455 31 36
94 369 69 103
94 88 21 30
389 216 65 67
115 332 19 21
446 478 47 56
330 284 56 64
228 3 88 92
218 29 60 69
315 474 59 67
356 200 30 32
315 60 35 35
275 31 51 68
273 135 68 72
386 65 70 78
368 191 14 17
440 407 47 55
412 58 52 65
41 346 71 81
134 294 23 25
470 183 52 53
165 451 1 1
418 417 79 111
26 478 31 36
240 315 47 47
344 167 30 35
228 114 13 15
449 486 59 85
290 361 74 113
23 258 86 96
232 86 1 2
194 349 113 115
154 472 80 81
212 417 56 68
145 259 6 6
347 53 4 5
498 37 33 50
168 379 51 54
475 174 85 97
253 373 39 58
252 340 92 112
206 384 65 78
346 262 9 10
101 76 1 1
418 417 54 66
187 432 29 34
348 303 83 97
361 219 20 20
486 127 40 41
451 164 29 31
70 142 1 1
384 242 55 59
43 339 28 29
488 26 96 106
101 403 9 14
344 67 86 96
2 371 69 94
320 11 66 89
17 216 85 97
230 270 61 100
406 445 22 22
477 282 91 91
401 67 13 15
79 60 38 62
441 358 46 56
443 339 36 38
129 275 49 49
153 186 67 67
92 402 2 3
139 383 34 48
54 423 49 49
126 97 18 26
3 289 10 14
310 14 99 110
476 365 36 45
128 123 36 37
302 46 77 89
311 401 46 76
285 50 110 117
146 198 33 36
470 187 89 105
133 359 74 79
291 269 25 28
473 435 49 56
393 1 37 43
453 61 51 65
401 35 104 126
1 61 59 72
301 290 95 106
95 435 97 104
138 19 5 8
344 401 109 113
80 378 58 59
291 148 120 124
45 436 80 86
471 199 12 14
470 50 40 45
497 75 62 64
238 231 9 13
83 399 74 78
24 35 6 10
408 413 61 92
461 484 30 58
387 435 82 115
297 320 67 88
45 147 21 23
280 160 13 23
67 15 74 97
67 424 8 9
124 452 3 4
481 400 63 68
275 299 46 65
325 222 61 61
463 439 62 66
407 311 18 20
470 419 96 101
161 248 32 40
178 409 77 87
457 12 99 100
104 100 27 32
411 135 47 47
215 452 9 14
76 169 121 125
300 493 13 16
259 183 9 9
371 482 89 91
186 318 40 42
301 290 45 64
471 274 59 70
247 287 31 33
286 290 65 71
10 476 61 61
40 55 15 16
6 43 72 95
345 26 20 28
336 377 66 68
363 188 4 5
31 497 4 5
385 21 113 114
54 143 22 25
93 452 90 121
335 70 1 1
386 359 6 6
94 288 41 45
336 496 10 10
398 331 23 35
48 214 90 101
351 136 109 110
284 340 84 109
1 385 32 46
240 382 9 9
2 309 16 21
144 168 16 19
443 290 102 108
394 72 61 61
103 91 83 83
200 411 64 90
121 249 71 109
475 181 21 24
495 21 60 67
222 433 41 46
391 102 16 19
241 319 42 52
117 239 94 95
419 369 55 71
235 30 57 62
221 276 70 99
283 455 107 124
130 86 14 14
249 326 10 12
446 299 83 91
375 335 6 8
197 106 57 60
89 359 70 86
28 413 26 30
102 175 102 108
374 301 31 34
247 82 63 71
464 264 16 20
434 401 85 85
76 320 25 26
421 460 1 1
205 479 18 25
160 367 31 36
176 401 58 64
185 165 6 7
346 167 65 81
436 74 77 120
422 57 86 107
331 150 63 91
95 208 51 54
331 157 23 27
250 7 101 118
76 202 31 40
149 66 19 26
494 119 88 100
445 297 73 110
71 419 97 101
283 69 45 46
281 369 21 31
275 416 52 73
213 392 1 2
24 388 18 18
48 85 9 14
342 331 28 38
203 473 103 107
269 290 20 29
194 183 59 59
331 219 41 47
210 390 54 56
63 268 24 24
353 485 82 114
425 416 17 28
408 68 55 60
274 279 33 33
35 296 19 32
345 152 76 83
405 427 64 93
422 389 11 20
274 411 50 58
290 417 4 6
456 136 12 21
44 421 76 97
371 55 74 75
283 493 60 74
76 370 24 31
192 396 98 120
212 36 123 126
392 69 51 70
354 283 58 67
254 172 38 41
170 286 41 67
220 456 25 32
357 113 113 120
21 259 32 34
123 107 57 86
270 276 91 93
6 463 44 44
453 180 58 86
218 28 5 7
283 409 47 54
487 402 79 86
112 225 2 2
409 207 76 126
67 467 54 60
345 399 73 74
323 262 111 118
316 304 76 121
400 52 39 47
19 34 65 84
341 469 20 21
179 304 113 119
488 404 54 58
376 167 4 5
27 479 80 120
262 127 28 29
354 205 9 10
12 168 14 17
491 397 53 70
325 453 10 16
396 67 3 4
283 211 50 52
361 281 56 64
251 493 6 6
162 244 14 15
384 10 7 7
358 162 32 32
227 361 72 82
326 266 33 35
362 72 1 1
42 239 29 30
331 325 51 58
1 387 53 53
72 485 43 66
363 448 42 46
456 488 38 46
416 467 72 79
418 66 28 35
38 234 33 49
279 6 28 34
58 51 35 64
435 213 53 53
164 285 45 46
327 341 82 82
448 449 5 6
443 281 74 80
97 123 2 3
392 438 104 104
481 287 15 19
468 60 20 26
287 258 89 97
365 193 65 70
24 411 12 15
434 371 70 75
324 416 24 28
58 440 26 30
418 432 64 67
266 348 41 47
286 370 49 56
322 88 45 56
232 388 52 62
494 345 25 32
11 248 34 35
204 135 93 121
42 39 74 77
451 452 9 10
49 475 93 100
243 173 46 46
117 447 34 40
38 316 97 104
279 57 65 69
233 25 23 24
391 388 5 6
284 339 40 46
46 246 32 42
261 155 55 56
221 13 63 71
322 2 41 53
52 299 91 101
398 441 9 15
411 468 18 18
42 481 10 10
9 456 62 92
305 495 75 91
37 402 45 76
335 152 65 84
351 243 7 8
233 160 58 85
106 128 36 58
426 479 13 13
321 461 89 104
198 339 34 39
303 174 22 25
87 68 58 69
7 438 45 60
77 126 38 39
406 352 58 108
234 227 14 15
262 260 105 108
248 93 76 95
272 220 72 104
296 334 67 70
465 303 73 77
71 483 109 116
38 41 71 73
287 482 8 8
121 225 50 54
366 91 58 88
290 192 39 41
116 45 6 6
99 444 14 15
26 337 45 63
438 36 58 59
281 358 37 68
215 221 44 44
498 352 46 68
349 311 9 12
70 358 11 12
148 299 50 87
7 66 30 37
124 205 119 124
73 371 1 1
328 139 102 117
185 34 48 48
116 388 97 110
187 10 28 29
259 481 60 66
169 389 39 47
264 382 65 73
180 459 13 22
224 165 86 87
478 401 54 75
378 473 32 39
473 100 36 36
449 309 127 127
425 372 62 63
221 147 2 3
307 171 25 41
20 18 24 27
81 385 43 50
334 437 56 65
283 363 3 4
265 425 34 42
332 73 43 69
289 32 23 34
65 95 89 97
287 378 24 24
88 390 37 39
24 156 72 82
487 260 91 97
139 22 48 51
146 478 102 102
90 36 49 53
332 333 48 57
89 71 21 26
6 300 20 20
414 101 96 97
5 386 65 66
143 415 103 114
372 222 52 55
441 212 23 23
85 102 77 109
235 316 47 52
165 44 79 94
211 429 14 18
323 88 88 89
157 17 70 95
303 181 17 26
410 338 8 8
338 350 3 5
348 223 63 79
349 366 87 87
361 394 89 89
4 8 20 20
157 384 49 55
474 459 22 22
187 429 61 83
329 66 76 96
445 250 90 112
201 225 106 108
36 67 13 15
74 330 67 95
389 444 54 68
29 496 57 70
32 219 49 53
442 289 76 77
381 211 61 105
72 81 26 39
245 208 79 79
340 82 35 35
100 112 44 55
453 235 73 84
12 402 80 87
321 380 48 49
261 378 104 120
201 4 79 80
54 254 56 65
450 280 62 63
61 301 9 11
145 223 98 111
480 421 107 122
472 497 49 52
414 255 31 34
55 107 34 37
154 401 83 93
281 231 67 109
371 168 7 7
8 125 71 83
71 101 81 121
85 74 3 4
374 298 87 104
465 142 28 30
297 177 37 43
104 148 100 101
227 162 101 101
437 361 35 48
338 131 106 114
166 130 73 79
409 114 36 39
98 163 9 14
72 385 58 88
470 68 114 115
421 291 18 27
143 106 63 66
390 155 37 40
125 187 1 1
135 16 77 83
187 113 47 70
379 310 38 38
241 64 3 3
176 319 11 16
40 156 12 22
304 29 40 58
453 230 108 116
468 198 15 28
41 384 75 121
102 174 60 62
284 122 10 12
60 102 84 95
172 361 31 40
471 176 23 26
268 223 23 24
262 244 4 5
289 470 75 80
413 13 21 26
2 249 50 65
258 182 112 115
22 236 61 87
102 448 69 70
168 497 68 73
361 209 18 19
79 166 74 107
475 341 50 58
53 363 84 90
218 375 93 97
422 121 4 8
58 353 51 56
83 497 87 98
493 86 2 2
23 451 13 16
328 265 55 59
404 314 71 72
309 152 24 25
309 361 65 69
460 109 94 115
94 316 80 94
437 125 75 113
16 149 32 42
204 36 96 96
186 29 98 104
73 307 69 81
32 332 54 65
8 90 65 83
59 248 75 84
221 154 20 23
324 267 67 85
194 478 69 118
182 172 89 91
324 153 116 116
78 339 53 53
387 450 39 43
324 157 38 42
241 349 56 63
226 22 53 54
225 160 81 96
299 491 25 32
446 242 19 19
213 453 13 13
274 413 67 82
249 359 23 32
147 201 73 100
442 454 99 109
151 219 23 23
326 45 15 15
59 32 100 105
236 137 58 72
466 79 35 42
365 457 7 14
88 344 85 85
75 292 8 8
392 370 57 59
390 394 123 124
392 282 8 11
375 152 77 78
456 447 44 52
68 44 55 74
489 342 82 90
344 236 61 62
52 253 42 51
176 32 61 67
211 498 37 51
150 234 36 36
407 314 65 67
424 76 68 123
421 75 69 70
59 208 100 100
168 13 12 15
154 276 30 48
389 248 23 40
478 191 42 43
399 176 89 89
433 343 47 48
303 417 105 111
401 284 58 58
408 291 87 94
345 223 95 101
355 329 73 100
230 254 53 89
67 369 45 45
334 422 73 96
218 71 1 2
421 469 59 63
352 142 103 103
487 411 70 71
55 408 78 90
10 312 27 41
319 281 77 81
467 292 79 119
419 92 39 44
376 309 23 26
257 308 65 106
331 330 15 15
282 1 30 33
13 412 27 42
173 157 32 38
71 367 27 30
237 445 29 36
6 414 72 88
228 245 42 45
282 107 44 45
287 455 12 17
461 386 21 25
440 296 34 44
426 100 54 55
77 239 53 55
204 379 39 42
30 332 95 98
114 315 75 95
424 478 37 41
378 313 70 111
488 226 59 83
277 35 25 32
405 170 99 104
98 337 33 37
444 305 61 94
36 154 34 38
255 144 27 40
190 127 86 86
104 332 16 17
74 199 6 7
258 197 10 11
86 398 8 8
44 72 51 54
72 487 11 16
17 327 53 87
34 160 15 16
113 351 11 23
278 73 121 123
121 444 27 30
18 101 9 16
8 348 49 49
393 190 40 46
147 54 92 96
51 159 74 97
334 151 96 100
182 17 68 68
288 448 44 58
397 148 77 108
212 278 36 60
24 58 68 77
161 357 20 20
382 376 72 83
185 269 89 93
1 11 74 92
276 469 35 49
225 206 48 72
230 88 101 125
159 184 73 88
97 419 30 40
174 227 28 28
342 323 28 33
365 319 27 33
218 322 36 52
424 302 39 47
63 213 55 92
238 105 96 100
466 1 30 49
431 220 62 73
179 81 71 117
260 302 43 53
272 448 5 6
181 489 60 62
481 315 114 115
367 267 79 91
200 469 64 102
281 333 8 10
438 245 14 18
431 475 42 45
52 251 21 29
425 344 15 16
183 123 30 30
202 456 91 94
416 100 85 89
365 397 32 34
48 315 80 102
356 152 72 118
328 141 18 19
246 105 54 55
99 164 73 76
470 144 71 80
24 223 67 70
417 96 97 98
327 256 42 48
453 0 9 10
332 189 16 17
38 284 68 78
188 69 81 82
494 442 40 41
131 320 83 92
399 235 9 11
422 171 5 7
416 229 23 29
369 275 84 101
344 460 30 31
304 376 118 123
219 314 20 20
42 182 44 55
472 113 72 107
269 133 18 20
253 216 119 120
153 240 49 64
32 100 63 69
304 42 103 110
77 7 24 31
201 367 15 17
78 440 66 75
99 448 0 0
446 382 115 116
282 159 42 52
182 264 29 48
490 210 105 109
311 312 34 55
398 382 4 7
400 132 22 26
81 203 41 41
494 407 63 99
103 73 72 118
420 313 117 123
181 197 20 21
305 144 109 119
235 220 10 12
122 489 62 78
48 162 60 78
15 427 56 58
323 293 25 25
251 360 43 47
209 120 36 38
368 219 84 100
417 223 33 45
488 295 24 34
450 341 3 4
82 291 26 29
215 191 86 94
430 117 30 31
32 134 39 39
18 152 13 15
303 57 65 105
475 186 88 90
157 361 33 34
32 148 17 32
479 319 58 61
395 3 101 107
231 339 71 74
314 146 59 61
263 45 86 102
84 268 92 111
48 112 8 9
51 173 42 42
434 132 62 62
345 462 57 67
195 68 37 42
480 165 11 17
431 83 59 70
176 429 79 84
448 152 106 114
65 71 48 67
61 110 80 89
182 234 76 86
16 497 16 19
236 434 11 12
186 382 36 36
143 29 37 37
399 303 84 91
166 138 10 10
154 163 25 30
227 31 26 29
231 303 128 128
42 451 16 21
316 454 63 70
184 225 54 55
484 439 16 19
127 156 28 29
315 336 114 122
354 44 68 96
456 418 69 85
280 294 87 107
246 351 17 23
0 112 25 28
14 122 98 100
393 126 54 54
361 44 78 82
32 483 55 79
143 380 123 127
296 445 14 14
414 486 6 7
306 483 38 40
206 389 63 67
394 472 1 1
358 322 104 129
101 458 1 1
234 206 17 19
166 103 23 24
441 103 63 102
227 101 28 28
228 302 78 97
471 237 47 51
423 429 67 115
103 436 68 86
336 272 90 105
90 494 33 35
86 343 45 47
344 143 52 78
405 118 35 39
296 475 7 8
210 8 77 79
416 232 68 74
150 277 15 27
384 93 46 50
148 302 47 67
476 140 33 51
252 382 36 50
252 136 72 74
62 475 17 18
88 34 46 48
405 24 37 45
181 300 68 70
442 410 51 66
93 160 2 4
84 128 17 21
413 489 36 46
208 345 106 106
311 301 105 114
274 458 48 68
155 165 29 29
295 69 8 10
179 277 23 23
387 418 92 104
25 380 8 8
48 229 26 30
250 74 44 47
364 222 52 54
377 23 43 44
69 43 72 90
343 394 59 69
404 482 93 102
145 483 118 119
123 447 32 33
110 170 112 117
272 285 4 5
199 31 25 26
179 323 92 103
493 417 24 27
398 378 19 25
10 57 36 36
160 362 82 83
203 72 81 81
401 158 5 5
475 36 39 45
283 373 83 88
494 446 74 79
479 239 16 17
77 265 60 79
222 304 33 41
122 386 45 69
254 135 62 81
416 440 60 77
333 495 43 48
379 168 21 28
19 486 101 101
211 42 1 3
444 330 53 76
74 186 67 77
284 82 6 7
312 294 76 101
101 402 78 81
428 464 5 7
202 140 82 107
2 165 59 81
104 393 21 27
425 271 84 113
498 326 92 97
29 195 78 117
373 25 80 83
175 373 65 73
49 270 119 120
343 270 57 87
317 14 72 94
96 421 54 58
498 434 39 39
260 301 49 63
64 27 39 39
275 485 27 36
368 79 26 28
42 336 85 88
80 3 44 51
21 76 52 84
410 318 76 107
253 188 28 35
226 111 58 67
80 138 16 17
49 64 119 129
5 342 53 61
38 424 53 55
145 28 61 61
232 427 9 10
480 160 15 19
93 243 52 62
197 321 18 21
302 337 67 71
302 263 82 89
382 82 19 23
123 218 12 13
54 143 95 113
84 194 113 113
155 492 58 62
98 491 20 23
237 96 80 81
328 296 19 30
39 136 56 56
490 220 51 52
354 213 61 61
155 334 10 10
187 452 68 69
52 262 36 49
115 363 5 7
76 460 2 6
453 183 73 78
269 98 22 30
206 20 62 66
137 147 1 1
333 359 111 118
262 485 94 108
397 484 29 41
123 321 37 40
332 292 78 101
55 292 16 16
35 59 45 50
381 104 30 30
233 131 101 107
154 120 4 6
345 90 26 30
282 285 112 114
191 386 9 10
350 272 23 24
78 440 89 107
55 91 20 20
254 186 18 19
189 202 46 57
326 170 55 58
201 480 45 58
87 497 57 65
165 163 33 44
246 324 74 76
364 0 49 68
317 346 75 85
307 232 63 73
316 355 52 58
7 185 56 59
490 80 88 124
111 463 94 117
419 38 55 67
1 370 4 6
142 54 91 99
305 50 8 9
408 362 77 89
120 171 38 57
36 443 30 41
264 402 55 66
52 273 38 40
164 86 67 76
219 41 23 26
407 453 127 131
98 150 35 35
346 424 71 72
361 43 53 85
445 116 7 11
181 402 107 108
96 264 38 47
492 447 6 6
137 334 69 80
313 130 82 102
130 360 67 83
419 304 49 57
352 382 129 129
388 184 48 52
434 18 52 56
452 21 73 77
351 160 100 104
289 474 37 41
448 11 82 119
441 26 11 12
114 279 22 23
177 232 2 3
465 314 2 6
147 476 23 24
259 310 44 53
180 34 33 33
236 445 53 63
29 468 46 78
206 252 5 7
309 487 33 48
419 288 103 108
1 422 4 4
95 460 30 30
85 162 42 59
398 125 112 118
279 218 14 22
433 387 21 27
215 120 11 13
284 58 59 63
220 282 100 100
244 455 67 71
71 368 3 4
70 356 8 14
289 113 51 67
207 426 8 8
260 338 32 32
354 330 68 71
68 93 93 122
62 494 0 0
181 97 94 94
31 44 24 34
376 116 37 43
202 441 46 63
365 348 34 38
156 430 72 102
350 239 58 59
400 292 84 114
451 207 70 74
415 26 7 9
483 355 70 74
154 29 17 26
266 398 73 96
257 220 114 121
46 246 93 94
409 360 39 39
11 235 2 4
261 450 39 45
336 265 27 27
16 322 54 54
38 240 49 51
58 347 33 38
192 33 47 52
87 80 1 2
443 385 14 21
246 370 18 33
148 215 17 23
5 239 4 4
424 137 69 69
81 258 14 18
398 252 33 46
219 273 44 57
338 357 12 13
44 493 71 88
422 369 95 99
157 409 34 35
483 99 80 98
71 462 66 92
109 236 45 69
401 196 90 91
126 113 61 81
125 410 96 96
247 101 54 65
442 484 22 22
78 419 71 83
203 169 13 17
154 395 44 53
121 498 79 86
202 444 82 120
47 492 97 97
352 221 117 118
196 204 69 105
359 278 57 61
130 124 23 23
10 473 113 121
19 28 15 19
129 352 66 71
308 154 32 32
172 59 84 88
189 423 112 113
46 193 60 80
239 183 3 3
197 472 23 24
423 152 119 124
223 108 17 17
158 173 68 88
152 438 29 31
490 164 85 98
479 419 68 104
9 30 5 6
281 466 82 100
182 299 39 63
153 179 72 102
398 215 39 39
4 472 104 106
168 23 52 82
37 288 32 38
263 175 15 18
60 413 56 66
417 388 41 62
487 104 70 101
302 31 93 96
2 146 54 57
423 68 64 65
397 95 49 51
82 181 50 52
257 230 50 50
364 128 11 11
86 123 12 20
57 325 21 28
156 324 20 21
187 114 6 10
387 464 8 9
226 202 66 102
325 264 55 55
267 457 12 13
19 57 99 105
126 458 10 10
30 275 43 46
117 230 106 110
14 159 92 103
469 209 20 20
111 456 10 13
207 357 41 46
454 106 35 41
162 440 30 35
427 402 72 86
341 188 57 59
210 383 69 119
25 183 5 6
218 285 14 17
250 494 15 25
0 137 37 43
466 378 12 16
315 328 0 1
482 121 66 92
472 261 20 23
460 221 64 66
208 241 47 53
402 218 52 54
439 148 101 105
169 192 66 89
457 193 46 61
487 155 87 89
415 26 4 6
440 99 0 0
394 320 116 118
414 162 101 102
357 258 80 90
392 122 0 2
60 471 11 11
457 252 74 75
188 195 97 110
437 92 34 36
221 434 6 8
439 180 46 62
344 312 51 63
197 218 33 44
48 321 66 72
104 137 7 7
310 287 7 12
447 482 48 61
233 109 54 71
437 46 77 81
39 483 56 75
312 35 15 15
307 195 66 68
443 52 20 26
445 430 30 51
155 88 49 49
469 358 20 23
274 437 19 28
107 127 31 31
335 76 101 101
210 294 4 6
378 293 78 82
365 140 70 70
12 386 27 45
290 253 82 83
43 75 7 8
429 38 36 38
403 142 96 118
40 309 9 9
452 48 15 15
474 472 108 113
263 331 42 49
74 313 128 131
249 65 105 108
235 294 13 15
157 232 36 47
62 316 11 17
206 316 71 99
96 314 36 51
71 335 97 121
42 110 101 111
254 22 62 67
227 370 26 33
241 349 24 29
424 219 99 99
321 449 92 99
462 81 4 4
70 28 58 66
5 249 14 21
83 297 64 95
339 352 49 59
58 177 35 49
286 198 52 54
42 194 119 120
341 334 39 41
464 420 86 86
272 212 3 4
79 318 50 58
175 230 66 90
11 474 15 17
175 217 14 14
187 495 89 102
45 438 53 54
69 350 11 16
143 487 6 7
258 431 11 11
421 13 73 86
73 193 101 103
392 369 14 15
54 351 77 85
230 213 70 74
67 215 29 30
451 377 6 8
172 406 109 112
65 178 60 62
200 399 18 19
15 80 54 76
426 410 44 47
316 333 83 92
242 415 16 19
444 372 52 53
112 314 67 71
79 347 38 42
281 330 57 66
496 484 22 37
21 260 64 67
125 133 38 53
378 151 71 94
463 132 58 58
65 355 84 88
441 2 19 21
142 122 68 91
208 204 63 64
251 319 21 23
408 420 77 86
137 244 80 81
314 233 26 30
466 397 22 23
300 31 68 84
452 119 3 6
354 154 38 63
419 131 66 88
333 434 89 104
336 49 104 104
30 64 85 88
25 476 7 7
400 465 40 46
286 13 14 14
149 46 4 4
147 486 59 83
156 140 72 75
222 136 44 63
291 57 95 103
112 332 10 17
4 341 37 52
57 58 21 23
369 288 47 58
150 273 50 60
372 227 17 20
107 442 13 18
177 265 13 13
113 145 31 32
412 346 84 84
103 50 39 54
471 130 63 76
370 212 89 95
406 354 115 118
48 366 113 114
141 224 93 100
452 89 96 96
493 92 42 57
265 420 26 29
304 78 35 36
338 246 23 26
80 456 85 87
106 372 100 119
110 477 23 24
12 76 96 107
74 198 25 30
477 327 30 36
166 370 43 45
177 245 26 28
5 287 93 96
199 120 71 72
469 222 1 1
161 66 37 43
488 208 33 37
96 421 10 18
417 103 39 40
173 378 107 113
355 221 52 63
14 314 79 83
333 80 64 66
195 269 37 41
204 288 72 72
498 136 5 5
177 477 80 101
488 73 59 67
489 320 29 29
62 75 34 46
445 194 56 58
132 173 30 34
395 147 73 94
307 269 14 21
265 94 98 117
204 277 7 12
329 194 30 45
42 399 18 18
380 53 27 27
8 354 32 34
210 164 81 85
6 384 53 54
453 195 42 49
196 421 15 15
55 227 82 83
401 52 6 6
238 224 63 79
84 367 11 13
481 332 57 67
202 163 11 11
372 341 83 116
67 419 93 105
237 440 95 97
206 94 99 106
487 50 44 46
231 53 70 73
119 271 68 82
296 169 72 86
433 134 89 92
285 336 107 118
288 410 62 63
271 144 95 95
278 227 5 7
101 113 44 54
124 330 42 42
450 255 45 57
29 264 58 60
61 429 73 100
300 467 82 97
365 5 76 83
90 207 80 89
197 498 2 2
197 93 94 100
356 271 57 63
443 457 49 65
487 181 26 43
259 219 28 37
246 237 30 42
436 338 30 32
457 233 94 110
287 434 28 32
83 132 51 63
401 153 37 51
47 137 66 71
390 321 42 51
284 474 1 2
456 327 33 46
21 138 42 46
78 244 11 13
16 375 61 61
478 177 110 111
148 411 26 28
466 404 35 43
3 339 3 4
221 178 53 59
38 160 17 17
395 375 68 106
274 338 39 42
232 80 37 37
86 32 71 81
280 50 56 95
476 124 84 88
349 73 106 112
35 425 33 50
303 461 47 70
398 293 106 120
345 312 75 89
6 478 6 11
204 301 102 102
243 133 9 11
102 373 37 38
168 20 92 101
273 334 89 93
55 2 70 115
298 1 5 5
283 203 69 79
252 359 24 31
92 8 7 10
41 294 31 56
476 56 42 44
198 448 36 38
55 489 10 11
152 178 36 38
84 210 28 45
373 280 16 17
476 159 71 115
52 228 44 70
184 64 51 65
304 474 59 98
83 79 6 7
412 43 79 79
275 371 11 14
375 276 78 80
91 62 102 105
34 126 22 29
17 456 71 91
482 3 50 70
158 190 73 79
100 56 12 15
384 19 56 60
282 76 43 59
164 50 56 60
423 415 125 130
56 399 7 10
485 161 82 87
116 276 34 41
149 496 86 128
302 116 43 43
219 138 81 113
482 484 25 26
359 1 77 77
187 257 30 38
53 391 80 85
149 367 56 63
86 1 38 43
79 292 101 103
477 27 63 68
232 234 49 72
248 76 42 51
389 10 22 24
29 92 99 109
299 170 25 29
41 7 100 106
318 391 74 84
304 233 19 35
374 224 118 122
284 181 70 86
281 475 22 32
325 402 58 62
211 391 73 91
59 58 91 115
397 320 60 68
141 319 74 97
467 6 42 51
59 214 109 116
121 36 1 2
181 11 106 116
418 84 106 107
478 489 63 63
82 448 13 13
81 417 60 84
86 251 29 36
278 482 55 55
300 136 44 55
79 25 21 23
459 132 72 105
128 118 4 8
403 100 41 46
91 297 44 57
301 398 61 69
354 258 11 14
231 290 50 52
434 214 67 110
246 245 108 112
23 265 100 104
167 240 70 74
218 9 76 78
97 251 50 52
119 281 4 7
19 55 59 105
185 201 58 69
221 308 68 122
394 206 6 6
358 381 40 67
430 408 79 80
478 255 28 32
289 190 100 101
298 491 82 90
268 44 59 63
108 266 114 115
371 420 29 31
350 441 84 85
493 303 68 110
84 429 27 30
441 466 77 96
223 15 12 17
163 107 5 9
300 363 63 115
479 428 81 90
359 300 17 21
381 364 83 94
145 422 13 13
196 102 45 45
201 190 19 19
111 51 58 59
311 490 39 55
192 414 80 81
307 160 23 25
77 19 61 61
288 74 46 52
138 464 72 80
216 58 15 19
461 379 56 61
100 167 60 61
233 354 12 12
465 445 36 36
337 70 6 8
329 477 0 1
44 84 63 68
309 354 37 53
169 39 58 74
60 245 26 29
69 425 82 90
76 452 25 34
492 481 113 130
2 51 69 72
404 452 6 7
143 117 52 60
380 272 80 93
492 322 25 31
81 88 104 122
477 226 93 100
181 410 6 7
350 403 80 83
439 313 31 40
462 110 117 117
301 176 82 84
492 29 120 128
264 456 83 92
219 244 55 57
51 401 96 97
398 385 24 24
334 418 36 44
210 224 10 20
54 150 78 93
309 377 33 41
18 279 55 74
100 369 1 2
405 449 45 60
154 128 35 40
257 232 65 65
78 94 3 5
89 373 2 3
484 188 80 88
43 201 59 82
149 256 7 9
41 22 93 104
494 109 56 62
371 182 39 63
373 10 35 46
403 291 69 110
353 220 14 16
196 344 18 21
156 422 7 10
73 126 125 128
75 331 79 94
16 197 43 44
184 410 27 27
269 120 82 109
326 108 3 3
274 176 21 30
36 35 89 92
466 487 36 51
473 19 66 84
5 13 40 51
64 228 33 40
475 434 83 90
289 449 12 15
96 144 44 64
60 93 32 40
151 0 37 43
47 455 21 25
92 479 85 85
223 153 16 22
208 473 2 3
430 462 92 101
45 133 6 6
267 194 19 19
123 252 64 67
153 24 81 87
31 488 61 71
14 29 33 41
77 18 85 94
320 21 4 4
254 381 38 39
246 289 61 62
274 138 7 8
261 307 23 26
382 8 26 36
430 486 89 117
57 403 49 50
196 69 4 6
496 259 15 21
393 469 14 17
293 326 18 24
333 243 42 57
258 213 51 60
267 210 45 50
129 45 14 16
22 435 109 109
32 474 14 16
242 209 91 108
456 192 2 4
276 186 40 40
5 222 53 70
112 248 79 92
276 184 80 100
154 371 22 22
137 167 101 107
5 179 71 90
370 208 117 118
307 16 77 83
490 33 114 114
431 172 36 46
147 47 79 86
205 286 93 104
388 169 64 65
85 327 41 42
307 253 31 37
103 437 16 28
148 437 88 109
140 61 51 96
175 18 77 93
34 107 13 14
328 185 93 98
485 196 73 124
166 301 75 77
259 479 50 79
138 387 48 66
252 294 26 26
254 54 58 67
227 424 12 16
147 136 22 39
276 137 6 6
270 45 58 77
251 363 75 77
169 86 41 43
494 414 54 85
135 107 16 20
387 185 54 72
193 459 35 56
91 47 28 43
233 148 0 1
347 404 31 57
325 418 56 68
70 479 43 50
166 56 48 55
80 60 125 126
223 324 71 94
469 490 108 111
457 24 63 76
267 380 89 91
41 232 43 50
160 216 65 83
196 349 43 43
391 320 98 101
160 367 68 69
299 215 1 3
448 300 57 59
191 417 6 7
329 482 1 1
236 70 70 79
30 364 80 105
195 66 76 87
293 323 13 16
91 399 73 87
76 472 39 53
251 361 90 98
248 236 64 73
204 264 2 2
140 366 33 51
476 461 74 80
378 263 15 17
368 266 79 83
185 137 3 3
49 309 8 10
211 188 29 32
65 380 71 72
56 348 63 71
300 288 19 28
379 480 39 43
77 135 85 91
23 131 128 130
378 63 88 92
236 445 37 40
357 140 46 46
268 50 15 16
401 49 67 86
219 50 108 114
61 395 22 25
332 464 25 27
428 60 1 3
481 94 11 16
373 61 62 73
346 471 46 48
245 139 111 117
337 58 63 72
438 493 36 38
165 460 83 88
416 55 49 50
17 316 6 8
419 478 15 20
8 331 109 111
412 151 32 35
107 90 25 31
463 492 37 37
470 206 119 120
397 274 29 30
170 209 21 25
197 25 78 80
332 86 18 21
157 280 78 95
202 158 40 49
335 66 21 22
350 93 33 33
260 66 36 39
25 317 15 16
298 108 36 37
37 356 14 17
122 1 105 122
388 470 48 72
367 330 58 78
482 7 61 83
341 171 92 111
125 411 88 111
242 165 41 45
242 420 19 24
321 158 5 6
390 191 23 27
360 370 127 129
193 50 31 37
486 160 7 11
336 29 78 79
16 24 101 117
71 277 30 44
236 493 107 108
478 118 48 58
136 478 63 87
391 78 27 32
436 299 16 18
417 436 86 94
149 84 39 41
4 220 58 91
163 212 3 4
224 148 62 67
233 196 50 50
164 288 28 28
430 161 46 47
342 296 68 68
0 186 27 27
487 345 119 120
262 168 45 55
5 276 23 24
16 44 13 21
215 95 7 8
91 145 59 81
190 52 7 11
136 70 30 37
3 463 70 76
218 16 37 54
251 414 72 75
91 15 68 70
29 153 0 2
306 231 69 105
484 339 41 59
467 97 54 61
450 497 21 22
335 209 22 26
182 362 42 52
334 390 24 32
467 250 20 28
290 71 46 61
62 277 23 23
36 479 26 28
123 94 81 109
161 362 52 52
407 164 12 16
300 70 31 43
303 293 53 66
26 182 23 28
185 5 49 59
163 237 51 53
146 20 55 56
34 320 30 34
193 376 6 6
57 343 57 58
314 85 57 69
287 330 31 31
271 210 35 42
154 203 110 111
404 219 82 99
167 199 20 21
280 65 102 109
125 102 81 90
183 124 11 16
332 14 53 58
318 335 48 52
291 240 36 36
353 348 17 23
465 21 91 98
105 432 64 100
141 303 19 24
445 39 22 22
420 88 76 83
41 317 21 22
418 153 121 123
405 47 94 112
191 459 42 66
452 141 27 46
367 286 1 2
102 402 99 105
112 316 33 41
424 228 95 120
210 336 1 1
91 455 79 109
66 87 59 60
463 248 79 83
297 486 60 72
190 14 9 18
8 220 41 41
65 136 79 80
348 68 41 54
149 46 46 55
355 4 73 75
230 350 90 125
393 355 60 60
8 309 59 95
358 343 87 92
115 239 73 77
494 460 2 4
279 273 8 12
147 266 23 26
79 171 46 58
410 487 86 96
377 227 48 51
411 61 83 103
10 296 50 89
68 53 12 19
433 398 59 61
460 66 10 15
267 185 16 16
62 138 59 87
7 326 116 119
182 68 85 104
10 114 84 85
261 481 16 17
308 463 102 112
2 157 49 64
30 72 65 78
364 131 40 42
291 300 25 40
429 337 5 9
141 446 91 119
490 264 25 33
439 387 20 24
372 221 34 44
129 218 1 3
394 488 7 11
217 119 8 8
37 479 26 29
66 22 55 56
15 362 32 55
221 405 26 29
405 11 7 8
409 322 85 100
405 17 45 45
433 480 115 124
216 186 17 23
78 127 33 40
327 345 7 12
45 183 80 96
388 422 27 39
217 241 74 107
283 57 66 94
10 481 43 51
11 238 34 38
36 194 64 67
128 262 113 114
271 311 51 57
415 458 32 32
488 132 51 91
146 162 62 114
394 493 61 68
411 422 8 12
291 121 35 43
148 131 45 60
291 132 41 48
357 431 65 88
309 169 5 10
64 17 48 67
220 80 55 57
80 114 47 57
430 253 63 65
423 332 8 10
33 340 58 60
6 229 58 60
321 176 63 74
304 113 26 37
169 486 50 56
131 278 19 22
10 328 77 104
232 119 96 119
450 163 71 85
344 462 85 88
472 346 107 125
324 399 73 106
397 219 77 91
251 191 83 112
379 15 74 97
336 490 72 83
280 64 61 72
88 419 46 48
289 392 73 95
287 401 26 31
226 47 12 14
488 292 95 121
129 194 31 38
416 213 66 80
126 388 23 24
139 355 26 27
118 457 1 1
289 161 26 28
156 358 60 90
8 248 69 76
264 55 72 88
138 398 11 21
307 119 47 59
450 402 12 12
92 401 46 61
217 254 30 46
167 274 37 54
311 52 67 73
285 243 87 91
180 264 32 40
345 30 98 107
384 102 8 8
435 175 89 105
137 111 61 61
204 106 59 84
460 280 28 29
12 338 123 125
191 424 14 18
401 411 53 55
150 429 90 114
200 430 48 66
5 401 80 114
269 375 3 4
215 478 42 58
218 243 31 39
196 391 73 77
92 242 11 12
118 49 100 114
481 219 62 96
98 337 25 45
126 409 74 127
135 100 64 92
426 188 26 28
220 337 126 127
160 228 16 23
406 8 39 54
269 182 77 95
60 407 41 49
263 265 94 115
202 357 75 82
44 52 24 41
63 111 77 88
201 459 2 4
25 90 117 117
179 3 69 71
192 274 10 13
472 187 42 53
294 467 70 87
447 384 66 75
65 494 58 65
340 85 112 126
28 118 36 43
30 34 95 115
262 369 26 40
143 147 18 20
438 301 83 86
89 172 48 60
450 273 60 60
91 356 60 64
178 171 33 35
467 9 20 31
445 18 39 55
248 100 94 122
219 192 4 4
214 193 38 38
404 280 94 119
452 197 5 6
412 338 23 26
151 19 76 77
272 396 90 111
335 48 81 119
391 350 42 61
409 70 38 40
391 316 59 61
260 15 95 113
58 437 57 69
393 77 56 56
450 47 16 17
347 223 71 71
361 147 48 49
320 101 60 62
417 48 25 26
268 383 23 25
167 456 34 46
104 457 10 15
294 229 95 96
56 292 10 10
473 392 36 36
126 279 88 88
432 340 45 55
491 428 106 113
149 322 32 39
360 260 62 67
110 478 10 11
30 310 6 6
275 149 71 75
137 55 7 7
359 333 74 76
466 297 18 18
374 132 41 46
11 197 28 28
393 403 82 115
160 378 7 7
366 115 7 14
208 338 14 14
384 20 74 104
228 403 21 21
396 419 80 84
337 409 17 18
425 471 106 111
482 407 41 41
249 152 57 66
97 486 69 78
40 89 32 37
90 299 14 19
55 177 83 100
3 345 67 74
471 315 90 92
320 247 51 57
193 165 74 84
348 111 69 102
390 350 41 52
41 0 61 74
302 447 5 8
243 159 47 49
180 437 14 17
63 15 8 10
53 179 37 37
314 419 40 52
164 199 40 53
19 346 7 7
357 34 95 130
92 416 35 35
485 103 78 85
343 410 18 21
188 230 56 57
50 496 69 75
41 248 69 85
156 85 21 26
472 131 68 68
300 473 47 61
354 176 64 66
271 54 21 21
203 467 45 45
422 443 21 31
24 36 17 22
159 245 33 36
23 14 106 106
56 321 6 9
37 194 102 112
447 419 74 80
43 225 43 65
65 114 62 78
257 0 102 122
471 113 69 80
383 314 55 64
89 420 27 32
154 65 74 89
38 332 59 61
178 253 37 37
20 342 46 56
18 310 59 67
26 108 91 100
157 368 20 22
355 85 41 50
408 428 78 87
325 150 81 117
84 281 82 87
314 453 34 36
185 82 75 90
20 232 110 110
165 133 85 90
73 325 73 74
467 455 2 3
391 266 82 116
479 136 28 30
97 173 12 17
459 482 62 62
438 384 10 11
346 264 49 89
91 238 79 81
173 124 20 21
307 379 77 85
453 236 35 36
422 70 98 100
303 344 83 121
305 320 64 66
191 63 47 59
355 492 71 87
135 380 57 61
76 60 14 14
462 489 113 114
340 77 103 105
178 474 86 87
7 298 106 111
170 235 2 3
486 274 28 30
450 472 27 40
447 134 48 51
447 316 72 79
3 337 47 52
491 81 2 6
492 44 64 70
265 158 67 76
417 131 56 71
359 235 37 41
182 85 59 82
355 348 116 117
183 112 59 66
359 468 7 8
105 61 57 65
129 171 19 19
447 94 96 96
438 148 69 69
356 282 37 55
184 214 8 10
322 315 63 68
277 477 50 86
349 52 23 25
186 319 44 49
94 169 1 2
126 38 46 48
385 181 122 123
367 217 22 23
487 404 19 19
122 17 55 77
41 193 97 98
47 427 3 4
155 349 96 107
305 16 25 29
93 344 18 19
260 244 73 85
481 248 32 32
483 465 114 119
423 402 19 23
488 385 66 80
60 114 14 25
466 419 11 16
327 103 62 90
309 249 80 94
256 399 77 109
305 254 105 115
98 329 26 26
473 121 52 63
244 109 86 90
44 314 92 96
442 13 37 38
66 285 17 17
238 263 29 41
18 466 40 59
388 321 12 15
147 389 38 53
62 115 49 71
433 480 86 92
240 346 49 53
142 247 6 7
228 2 76 96
431 440 80 83
161 333 31 31
133 170 24 36
42 246 90 96
403 198 36 37
400 335 97 102
416 190 76 108
109 282 36 38
11 55 16 17
493 394 97 99
23 292 38 46
178 410 83 92
135 118 71 79
369 68 12 20
358 417 38 38
274 397 8 8
332 110 75 87
115 92 22 22
449 173 109 118
400 473 73 73
481 34 27 29
177 60 52 66
168 376 86 90
395 199 45 52
45 41 36 48
76 298 115 128
361 11 100 109
341 305 27 27
165 495 40 57
269 339 36 39
122 334 5 5
447 346 62 62
412 87 20 20
202 336 81 82
205 172 72 76
112 430 47 52
96 311 42 44
47 100 59 59
476 278 19 20
236 360 30 31
199 465 53 68
81 172 52 55
110 71 53 54
401 347 60 68
304 258 13 18
39 452 69 79
68 57 63 92
89 233 61 62
25 104 70 98
57 331 97 116
345 392 23 31
423 251 82 86
16 72 37 39
372 114 45 54
374 358 67 79
354 380 76 83
123 50 14 14
17 221 26 37
356 187 54 62
470 382 11 18
330 139 68 117
76 8 61 63
190 335 90 100
359 162 62 69
433 312 3 3
86 304 56 80
493 9 46 56
159 6 27 35
185 230 31 36
97 156 10 11
318 379 49 50
102 340 3 4
384 66 16 20
318 173 74 76
175 117 65 83
321 123 19 23
282 85 49 57
406 8 64 69
216 374 81 96
89 394 33 37
348 408 39 44
409 446 68 73
203 22 108 126
449 452 96 107
9 167 49 87
59 394 83 88
375 127 5 7
459 409 75 86
305 170 66 98
41 166 57 66
168 83 16 21
82 425 46 48
50 45 26 35
174 184 65 65
400 63 64 75
327 405 80 103
495 165 112 126
54 342 45 49
486 316 0 2
95 494 30 31
316 480 98 105
424 359 55 74
216 284 94 123
102 412 29 46
17 189 47 49
342 189 27 39
489 93 2 4
4 412 14 14
122 34 52 56
351 288 74 76
130 157 33 33
469 359 9 18
210 103 65 79
78 194 32 33
159 457 56 58
41 271 54 58
114 286 34 40
66 202 101 112
73 140 38 44
182 409 98 115
456 369 37 54
188 167 34 41
150 493 81 104
42 130 44 51
356 125 43 60
244 69 50 54
274 328 9 10
342 287 29 42
27 72 88 104
352 166 60 60
40 313 23 37
5 284 18 23
206 429 16 24
210 446 77 82
328 342 35 48
447 294 76 114
42 104 1 1
241 288 89 93
374 50 26 32
16 380 49 62
110 492 24 31
358 159 102 127
183 42 20 20
145 261 83 106
237 494 46 64
162 226 25 26
54 57 85 99
240 483 47 52
310 16 24 24
173 198 6 8
402 386 56 61
340 483 45 46
241 134 45 68
365 189 75 78
323 389 56 57
109 410 36 37
103 141 45 58
208 106 71 87
250 195 45 69
112 339 74 80
401 36 26 29
350 320 107 108
256 135 78 116
456 225 2 2
240 120 39 53
0 300 64 79
96 27 75 89
200 207 83 99
263 244 82 107
196 84 85 100
443 134 65 70
455 112 3 3
342 448 59 61
123 271 45 51
455 482 87 87
287 98 23 24
286 443 65 65
178 233 94 94
345 258 55 69
392 9 7 8
293 79 75 101
335 407 50 68
62 314 36 46
206 459 43 45
105 450 100 115
221 448 21 27
261 20 18 20
88 403 9 12
474 168 9 9
130 318 13 22
302 408 112 113
297 10 78 85
193 338 34 51
114 496 71 73
172 495 41 53
70 412 20 23
407 228 38 72
340 446 32 43
60 457 34 34
195 142 12 12
174 194 35 37
320 360 30 33
383 352 43 61
488 451 52 55
412 10 113 114
486 23 80 92
60 411 37 44
496 477 93 97
183 190 15 16
230 183 14 17
309 31 49 66
210 143 66 93
216 489 4 6
476 455 78 78
164 192 32 38
486 430 19 20
215 46 86 94
202 89 45 45
16 94 73 78
6 399 101 104
92 436 12 12
428 131 55 57
226 36 33 53
375 309 59 62
143 251 62 67
419 450 93 112
215 166 69 86
343 112 79 84
93 163 89 111
482 270 60 60
91 366 74 77
343 421 98 102
271 432 32 44
191 49 59 62
275 416 68 97
401 266 103 104
197 317 86 86
193 489 117 131
131 98 48 56
111 406 33 34
185 199 68 69
117 172 27 29
18 132 90 92
106 446 59 66
280 340 21 21
352 25 15 23
297 425 17 20
204 81 25 27
394 387 31 31
306 208 5 6
