500 5000
0 1 64 145
1 2 50 68
2 3 7 24
3 4 30 90
4 5 15 30
5 6 24 83
6 7 22 52
7 8 53 112
8 9 76 173
9 10 40 68
10 11 66 92
11 12 18 23
12 13 2 6
13 14 167 172
14 15 6 51
15 16 1 2
16 17 58 92
17 18 86 113
18 19 14 78
19 20 15 56
20 21 78 92
21 22 128 132
22 23 30 35
23 24 5 7
24 25 44 50
25 26 130 143
26 27 13 90
27 28 7 29
28 29 36 44
29 30 1 2
30 31 3 17
31 32 46 84
32 33 98 100
33 34 9 10
34 35 1 1
35 36 20 25
36 37 91 122
37 38 123 133
38 39 9 13
39 40 44 53
40 41 81 82
41 42 73 80
42 43 15 31
43 44 122 129
44 45 11 16
45 46 86 131
46 47 14 14
47 48 13 40
48 49 47 59
49 50 11 41
50 51 2 6
51 52 66 94
52 53 2 12
53 54 32 55
54 55 2 4
55 56 10 68
56 57 63 90
57 58 19 102
58 59 15 17
59 60 126 138
60 61 16 68
61 62 61 136
62 63 114 138
63 64 51 86
64 65 14 119
65 66 91 94
66 67 53 56
67 68 23 40
68 69 89 89
69 70 8 14
70 71 110 117
71 72 12 39
72 73 24 123
73 74 102 111
74 75 12 22
75 76 14 51
76 77 56 58
77 78 44 85
78 79 17 21
79 80 16 17
80 81 7 8
81 82 60 82
82 83 88 98
83 84 38 86
84 85 23 42
85 86 29 32
86 87 77 159
87 88 29 29
88 89 111 137
89 90 103 107
90 91 1 8
91 92 83 83
92 93 80 112
93 94 108 177
94 95 33 50
95 96 23 73
96 97 145 157
97 98 104 125
98 99 8 120
99 100 120 130
100 101 34 70
101 102 101 101
102 103 14 16
103 104 24 42
104 105 33 36
105 106 33 42
106 107 0 1
107 108 161 171
108 109 32 40
109 110 17 17
110 111 25 69
111 112 20 91
112 113 178 180
113 114 88 105
114 115 0 1
115 116 32 37
116 117 81 86
117 118 63 63
118 119 70 84
119 120 7 13
120 121 11 72
121 122 8 19
122 123 14 102
123 124 43 54
124 125 127 133
125 126 4 5
126 127 19 35
127 128 148 155
128 129 9 20
129 130 59 70
130 131 39 54
131 132 15 15
132 133 57 72
133 134 5 64
134 135 134 143
135 136 22 65
136 137 11 13
137 138 36 58
138 139 102 114
139 140 104 118
140 141 58 76
141 142 1 5
142 143 10 23
143 144 27 161
144 145 12 131
145 146 11 64
146 147 21 57
147 148 44 44
148 149 13 20
149 150 8 25
150 151 7 26
151 152 46 47
152 153 79 94
153 154 10 12
154 155 14 19
155 156 112 118
156 157 19 80
157 158 111 138
158 159 170 170
159 160 8 10
160 161 21 38
161 162 20 24
162 163 111 174
163 164 70 83
164 165 13 57
165 166 10 112
166 167 0 0
167 168 76 136
168 169 14 21
169 170 64 84
170 171 60 120
171 172 97 97
172 173 24 26
173 174 11 20
174 175 61 71
175 176 89 116
176 177 39 48
177 178 40 52
178 179 15 112
179 180 44 58
180 181 117 121
181 182 3 4
182 183 44 46
183 184 1 6
184 185 30 37
185 186 128 132
186 187 40 164
187 188 41 54
188 189 92 158
189 190 26 28
190 191 25 44
191 192 11 73
192 193 101 119
193 194 37 45
194 195 61 62
195 196 37 39
196 197 11 84
197 198 4 14
198 199 85 123
199 200 174 177
200 201 98 103
201 202 5 6
202 203 80 80
203 204 10 16
204 205 44 62
205 206 72 83
206 207 41 41
207 208 109 146
208 209 69 74
209 210 18 19
210 211 17 31
211 212 101 101
212 213 4 10
213 214 14 20
214 215 15 66
215 216 17 17
216 217 1 10
217 218 87 92
218 219 121 129
219 220 1 14
220 221 1 1
221 222 36 69
222 223 13 73
223 224 3 4
224 225 27 40
225 226 61 62
226 227 44 72
227 228 42 43
228 229 92 92
229 230 47 52
230 231 70 102
231 232 19 24
232 233 118 135
233 234 1 1
234 235 11 23
235 236 16 19
236 237 3 59
237 238 100 114
238 239 34 44
239 240 18 23
240 241 40 57
241 242 24 27
242 243 68 94
243 244 17 28
244 245 144 166
245 246 51 52
246 247 17 19
247 248 34 36
248 249 30 35
249 250 95 100
250 251 1 27
251 252 104 107
252 253 39 54
253 254 180 180
254 255 32 35
255 256 13 13
256 257 104 134
257 258 40 48
258 259 37 94
259 260 69 101
260 261 42 43
261 262 46 46
262 263 109 136
263 264 28 39
264 265 25 25
265 266 21 31
266 267 129 157
267 268 75 105
268 269 59 79
269 270 40 41
270 271 22 39
271 272 30 37
272 273 9 13
273 274 57 68
274 275 50 51
275 276 78 102
276 277 24 45
277 278 50 50
278 279 47 64
279 280 71 71
280 281 45 52
281 282 133 144
282 283 110 137
283 284 48 49
284 285 19 33
285 286 144 157
286 287 8 15
287 288 111 115
288 289 17 18
289 290 111 112
290 291 13 18
291 292 126 126
292 293 80 83
293 294 48 90
294 295 43 89
295 296 18 128
296 297 52 107
297 298 20 54
298 299 150 150
299 300 16 32
300 301 37 45
301 302 13 13
302 303 121 155
303 304 52 59
304 305 23 71
305 306 14 28
306 307 69 123
307 308 15 53
308 309 1 2
309 310 10 13
310 311 73 77
311 312 161 168
312 313 29 44
313 314 22 79
314 315 9 25
315 316 87 114
316 317 19 19
317 318 2 7
318 319 35 95
319 320 62 62
320 321 83 99
321 322 9 13
322 323 1 3
323 324 10 66
324 325 87 147
325 326 55 67
326 327 32 59
327 328 7 11
328 329 69 77
329 330 113 142
330 331 18 99
331 332 49 51
332 333 30 34
333 334 30 54
334 335 115 137
335 336 3 19
336 337 12 21
337 338 12 12
338 339 86 91
339 340 2 2
340 341 83 91
341 342 65 66
342 343 130 146
343 344 10 10
344 345 18 23
345 346 26 36
346 347 120 157
347 348 43 53
348 349 9 11
349 350 15 113
350 351 88 113
351 352 7 8
352 353 18 31
353 354 30 46
354 355 105 143
355 356 34 79
356 357 24 28
357 358 58 99
358 359 86 87
359 360 158 159
360 361 9 29
361 362 14 38
362 363 72 76
363 364 3 4
364 365 57 59
365 366 8 9
366 367 74 75
367 368 74 112
368 369 8 15
369 370 9 30
370 371 31 77
371 372 10 81
372 373 35 117
373 374 47 62
374 375 4 21
375 376 2 7
376 377 160 180
377 378 12 15
378 379 79 96
379 380 8 34
380 381 46 75
381 382 2 2
382 383 96 96
383 384 19 36
384 385 35 55
385 386 31 80
386 387 87 113
387 388 32 39
388 389 16 145
389 390 71 100
390 391 21 68
391 392 83 89
392 393 47 94
393 394 4 16
394 395 37 39
395 396 86 88
396 397 9 16
397 398 137 172
398 399 83 149
399 400 4 5
400 401 44 46
401 402 59 62
402 403 0 9
403 404 40 42
404 405 19 27
405 406 181 181
406 407 27 67
407 408 4 14
408 409 15 62
409 410 15 22
410 411 13 76
411 412 48 49
412 413 88 96
413 414 56 67
414 415 35 43
415 416 18 48
416 417 154 161
417 418 63 125
418 419 143 162
419 420 7 7
420 421 13 59
421 422 9 52
422 423 1 16
423 424 0 1
424 425 81 131
425 426 28 84
426 427 4 57
427 428 3 4
428 429 51 78
429 430 92 117
430 431 7 16
431 432 49 81
432 433 25 43
433 434 17 18
434 435 4 6
435 436 26 54
436 437 95 105
437 438 10 89
438 439 72 72
439 440 0 2
440 441 117 164
441 442 3 46
442 443 61 66
443 444 3 19
444 445 168 175
445 446 171 187
446 447 35 40
447 448 159 169
448 449 1 1
449 450 0 4
450 451 32 124
451 452 37 52
452 453 31 33
453 454 181 183
454 455 63 82
455 456 37 40
456 457 61 67
457 458 16 29
458 459 36 95
459 460 17 48
460 461 13 78
461 462 129 155
462 463 31 149
463 464 26 66
464 465 121 136
465 466 2 3
466 467 169 172
467 468 23 67
468 469 3 5
469 470 23 59
470 471 134 135
471 472 41 100
472 473 58 61
473 474 90 108
474 475 136 144
475 476 6 28
476 477 115 136
477 478 84 91
478 479 13 36
479 480 89 112
480 481 36 96
481 482 1 2
482 483 17 24
483 484 17 19
484 485 40 79
485 486 48 61
486 487 51 87
487 488 9 150
488 489 84 95
489 490 9 26
490 491 19 34
491 492 100 105
492 493 5 6
493 494 19 67
494 495 25 27
495 496 114 121
496 497 36 38
497 498 63 67
498 499 53 56
499 0 43 58
174 447 3 13
118 409 43 87
470 91 28 36
31 117 25 102
43 485 88 93
246 168 79 175
363 459 114 118
105 401 27 70
196 265 86 91
27 55 5 19
192 282 85 113
412 487 2 4
39 274 12 42
326 35 0 0
106 212 22 23
91 446 76 132
135 8 10 11
337 226 33 103
291 74 21 36
392 7 108 108
487 25 67 74
305 86 3 3
370 238 123 124
469 385 35 38
68 385 68 95
304 134 1 15
34 29 9 21
494 62 17 26
373 210 88 174
29 453 45 67
341 375 54 55
260 16 34 161
322 69 150 152
261 158 139 147
496 384 101 104
148 246 62 83
291 319 84 86
252 104 68 90
383 179 3 68
228 207 43 97
237 305 79 94
480 110 106 128
179 209 77 112
359 473 6 11
182 32 4 10
249 266 6 16
205 423 19 21
190 397 27 78
360 426 132 132
125 54 15 35
175 96 46 97
84 276 46 47
394 201 4 4
467 350 19 37
206 15 15 26
333 498 46 47
357 88 91 148
188 135 118 165
40 121 47 52
465 446 17 49
27 33 5 72
24 90 94 168
213 317 51 56
86 464 10 165
349 289 69 92
77 316 85 113
383 128 66 108
489 325 53 53
422 3 117 166
320 83 2 5
433 46 51 68
439 61 143 156
262 389 57 65
308 251 34 42
433 313 94 129
452 455 46 53
404 318 18 35
210 65 96 153
237 35 72 90
52 436 12 17
394 105 59 59
180 89 25 45
348 62 63 68
144 52 41 95
408 485 146 157
251 270 44 72
144 471 132 143
441 24 71 75
346 330 22 80
187 452 68 77
377 7 46 133
107 329 29 29
482 469 60 63
347 73 47 72
328 489 22 59
143 5 30 56
229 488 29 92
486 43 31 65
139 389 1 5
477 76 1 12
331 282 76 99
328 204 45 53
285 386 1 4
285 80 44 126
135 74 34 97
261 362 81 86
228 454 137 164
492 28 99 104
38 384 33 63
383 318 40 44
416 179 54 94
243 155 53 53
234 95 113 114
462 423 8 8
163 328 14 41
2 137 7 8
378 305 17 47
170 431 35 142
236 209 14 24
259 170 21 34
70 177 31 76
100 442 34 38
246 122 38 44
63 92 27 34
278 486 12 16
384 310 39 144
108 76 105 158
191 293 140 184
129 228 70 81
14 30 101 160
334 338 11 12
48 81 95 107
353 68 119 119
110 303 6 16
29 297 42 46
456 450 12 96
65 302 15 17
349 154 24 63
206 74 10 11
57 240 22 31
194 16 2 3
375 289 41 46
309 287 44 94
121 272 51 70
145 31 73 112
367 281 20 39
265 475 17 58
416 428 2 18
145 355 96 144
485 413 34 83
187 11 10 26
100 409 27 165
356 338 120 139
120 480 21 117
134 450 41 42
35 85 40 187
112 71 17 25
430 137 11 110
415 456 117 119
454 430 21 60
447 62 15 23
76 50 109 123
339 210 22 46
486 235 37 50
163 199 7 19
444 229 118 149
178 475 130 169
431 472 2 5
198 13 96 111
293 222 4 68
297 409 10 11
330 442 64 97
121 122 59 110
155 298 6 6
266 455 107 137
485 230 47 48
110 88 17 33
394 399 7 19
7 341 143 145
357 471 41 42
161 92 32 42
137 202 4 6
444 311 9 9
360 451 64 78
434 66 51 84
283 485 105 110
29 431 57 70
275 222 4 6
22 170 45 62
191 270 112 114
116 334 6 95
9 112 27 30
417 406 33 36
287 423 37 88
163 154 16 23
103 162 36 73
356 396 45 126
183 139 136 139
492 70 44 50
59 201 54 77
495 55 11 17
234 273 53 124
491 349 77 120
3 358 53 56
471 268 55 83
368 190 33 35
338 73 119 133
435 150 52 90
310 22 25 40
331 322 63 70
457 432 35 66
198 491 27 54
266 395 16 29
305 135 55 77
16 165 158 170
209 310 50 76
341 356 104 117
186 96 48 53
495 7 90 132
142 281 1 2
490 74 13 15
157 49 42 42
92 114 28 44
347 131 121 156
225 492 62 115
264 395 78 106
386 473 31 34
200 118 12 80
174 410 112 175
495 346 119 126
33 24 47 50
92 200 7 10
410 439 89 101
199 11 5 20
453 415 42 52
242 379 87 153
485 160 49 52
28 100 120 167
168 204 158 163
416 134 10 121
154 274 26 27
438 114 10 14
18 233 53 96
236 413 107 113
130 457 4 4
110 395 79 80
7 233 79 85
211 478 3 6
104 485 23 74
453 15 34 39
91 295 47 72
229 449 29 146
460 244 124 132
368 461 96 99
257 42 5 6
162 233 132 146
185 376 20 36
443 427 32 33
206 235 21 32
389 362 75 112
412 368 32 132
266 206 112 116
437 442 50 72
159 384 27 115
340 406 16 26
327 190 6 75
496 386 108 114
229 97 61 61
85 67 55 55
91 497 79 94
354 236 107 132
465 418 66 67
334 149 25 27
145 483 14 16
138 379 19 26
34 341 27 41
359 337 17 27
437 37 10 51
387 265 76 165
400 203 23 75
226 358 50 85
468 25 119 119
137 405 43 54
68 78 119 120
262 84 125 160
51 467 45 64
30 102 18 19
304 322 25 32
441 29 41 81
407 405 114 135
76 273 44 44
206 10 64 127
480 315 42 44
110 33 119 122
429 454 38 60
190 473 48 55
380 300 21 25
354 329 93 156
405 44 80 85
271 46 13 14
390 190 97 107
422 30 27 118
297 274 15 17
148 384 46 49
432 57 70 114
253 318 67 70
132 231 42 84
72 30 31 49
270 231 62 73
403 50 26 29
488 98 6 32
303 361 6 10
449 176 144 146
360 151 16 31
346 373 15 19
394 181 31 137
456 158 21 50
153 102 3 13
294 172 54 57
447 18 27 32
222 491 29 39
214 257 51 55
446 69 41 50
58 359 26 64
130 448 45 75
25 67 26 32
50 92 72 146
283 40 7 22
356 286 34 37
345 98 136 156
112 58 8 11
481 190 20 21
140 484 36 112
137 143 31 141
20 304 9 10
193 413 52 58
62 337 4 20
146 144 76 152
98 318 9 13
233 321 16 28
319 430 10 38
446 466 9 24
222 160 23 72
399 433 98 107
314 430 153 177
245 9 1 2
296 241 63 63
495 144 4 19
91 357 86 125
244 375 24 33
332 433 143 163
444 61 73 101
116 105 5 7
239 490 11 14
115 15 51 51
487 198 163 166
346 49 5 6
183 467 26 26
115 167 22 67
13 167 17 22
156 370 16 23
202 352 62 121
217 5 0 1
28 125 61 63
34 414 24 25
321 5 30 35
460 105 100 128
324 97 74 76
45 139 9 47
12 484 57 57
436 168 4 8
102 65 9 41
208 474 30 60
59 9 18 28
27 484 37 50
34 88 6 67
5 213 12 30
229 297 2 19
257 267 11 12
111 175 13 13
376 8 52 59
316 458 14 14
231 41 113 148
379 81 45 50
403 303 38 46
21 138 2 4
165 64 19 28
257 85 12 25
406 110 6 6
344 361 68 75
400 171 14 14
190 199 74 160
340 248 27 33
413 348 28 46
374 17 179 181
453 8 15 34
481 162 62 74
147 204 66 112
251 423 78 85
283 299 35 48
131 382 8 18
65 145 76 80
475 25 5 57
78 11 11 11
140 497 99 103
143 271 63 142
42 225 11 12
269 358 12 95
483 347 1 2
172 469 9 96
369 261 11 11
420 467 31 59
264 421 69 81
451 157 47 47
273 53 53 58
315 203 40 77
417 484 56 64
120 124 136 144
21 260 48 70
252 101 87 103
96 156 19 49
412 93 9 20
164 136 4 15
100 190 15 15
467 295 14 19
113 151 3 6
62 70 25 28
214 4 58 101
281 16 60 60
249 290 54 91
409 21 2 16
70 474 44 92
288 456 7 99
407 218 23 44
443 259 66 92
182 164 93 94
278 145 0 1
441 354 4 4
186 225 38 38
424 160 126 152
340 18 14 76
59 301 8 57
61 35 16 20
100 443 139 165
399 109 34 55
173 151 89 98
115 270 29 67
13 33 44 132
447 427 11 78
38 91 15 21
149 273 33 80
93 435 26 30
260 364 5 29
444 2 18 51
186 68 11 70
411 107 12 39
420 304 35 50
483 388 72 155
359 442 58 113
228 422 38 46
290 277 57 57
351 92 109 130
301 489 72 101
407 354 123 129
470 258 5 46
139 309 1 12
270 189 4 6
221 194 29 71
474 255 177 181
65 225 79 139
359 498 31 43
1 434 132 136
154 186 86 95
175 57 166 168
141 285 46 76
159 173 35 67
177 348 61 142
165 285 11 14
403 353 18 46
372 194 47 66
400 243 20 113
325 466 0 0
76 369 88 89
376 201 3 6
261 116 53 80
97 53 2 2
174 35 92 152
308 125 21 80
148 397 161 162
302 273 80 83
429 419 101 109
248 78 46 94
221 498 87 137
492 324 68 130
373 459 70 83
375 34 54 56
111 36 54 98
313 460 96 139
4 207 62 170
212 261 130 131
63 118 30 57
343 204 90 90
460 255 126 143
313 268 115 120
299 483 49 77
159 453 16 49
348 127 16 173
88 17 18 30
310 470 11 75
81 369 125 171
329 427 32 36
86 484 30 54
41 449 116 121
394 49 77 99
242 296 14 133
239 185 11 13
306 20 1 6
154 344 53 124
103 189 10 86
192 43 111 142
421 156 59 96
323 21 67 73
150 422 5 9
178 465 34 40
143 393 55 108
338 51 3 27
189 185 25 26
55 81 50 72
339 308 143 150
143 454 17 17
322 399 18 93
355 75 48 115
322 16 20 30
226 311 84 132
274 460 67 70
324 132 12 55
495 154 78 110
481 132 17 104
497 408 79 91
93 34 6 6
299 2 10 48
234 1 96 129
389 385 44 91
138 396 74 78
30 123 49 52
262 454 91 142
366 157 19 20
266 358 36 37
430 332 36 38
48 50 51 107
347 167 33 109
419 215 152 159
153 461 14 16
89 221 7 41
307 429 147 161
137 207 106 132
442 207 40 52
175 418 96 96
295 412 49 106
138 209 74 86
270 378 144 166
452 146 12 70
272 367 25 124
438 46 123 136
458 385 13 19
167 225 60 101
337 295 29 69
284 124 20 59
55 196 118 123
141 368 47 91
40 277 11 64
276 439 155 156
7 437 2 5
187 395 128 144
147 495 160 174
78 265 14 15
197 258 81 101
256 116 97 101
487 134 123 158
322 436 121 124
247 306 32 85
170 246 29 31
313 443 97 119
133 213 2 12
62 225 32 91
273 389 51 75
328 327 27 94
302 294 23 65
327 232 18 53
347 285 34 39
349 313 110 168
111 139 24 24
271 204 59 121
196 69 62 78
305 129 14 19
336 290 70 93
223 214 17 62
110 186 22 28
269 209 92 95
210 18 96 116
374 139 10 35
30 175 19 23
227 427 1 10
311 253 59 105
209 419 24 24
330 397 105 149
424 26 130 150
284 253 117 120
175 375 28 33
41 170 92 96
416 300 16 45
165 76 27 38
179 220 71 72
72 161 12 20
391 95 28 160
304 337 103 168
52 377 7 27
53 137 18 69
190 185 61 72
201 498 8 99
448 412 13 36
439 303 12 175
138 363 57 57
465 38 109 112
141 202 28 61
408 475 107 108
245 78 24 43
384 191 37 66
376 36 59 95
186 134 9 22
395 149 39 111
295 293 22 53
146 26 36 44
138 317 10 18
39 484 122 128
426 308 5 22
168 234 83 86
193 1 44 50
221 236 141 145
293 26 88 96
193 284 22 93
375 267 95 160
126 156 80 138
418 79 31 35
70 80 89 124
421 118 35 37
103 24 41 50
363 399 63 80
169 265 109 122
89 302 2 18
227 53 40 41
280 240 91 109
300 423 109 116
27 156 19 64
84 289 36 117
52 161 7 15
270 411 34 67
324 176 4 5
349 420 98 117
332 148 9 10
46 462 67 69
473 258 5 19
407 151 4 30
493 191 14 34
118 11 10 46
334 14 53 57
176 391 86 122
458 272 32 41
92 443 34 40
192 144 5 11
450 373 50 90
335 117 52 82
217 439 18 38
183 430 11 82
120 95 60 79
481 422 66 86
293 226 68 134
66 268 65 67
307 227 0 2
403 430 78 88
297 227 63 77
236 493 1 2
486 404 7 17
160 59 4 8
452 228 75 75
417 126 6 13
332 347 136 154
403 419 107 117
111 294 36 86
291 75 99 121
459 171 60 66
5 314 10 47
389 236 167 186
484 205 3 13
156 208 93 100
40 455 122 129
149 436 29 52
46 282 36 48
304 24 104 154
488 458 21 21
38 2 158 186
402 381 74 89
229 184 47 50
97 143 31 48
406 365 38 146
59 25 73 86
106 193 68 171
193 458 114 115
216 86 39 75
173 39 79 80
314 3 64 108
258 191 2 3
328 430 19 77
447 483 29 70
126 170 25 148
400 17 58 73
375 7 6 8
214 127 102 103
7 307 129 139
196 495 2 4
371 33 65 74
128 303 47 51
432 477 45 59
221 2 22 22
104 420 20 31
203 21 14 20
341 71 42 52
340 361 38 41
243 177 5 60
135 132 109 123
348 369 31 74
480 49 28 40
420 259 10 14
158 40 17 18
335 112 0 0
122 58 8 34
292 94 154 158
229 309 78 80
444 318 18 23
260 273 6 16
4 49 26 51
435 307 6 19
416 105 15 50
463 465 128 130
298 460 99 110
371 451 57 63
339 324 38 43
267 1 4 6
373 484 48 71
193 226 70 94
120 256 40 65
484 433 154 166
349 18 68 143
466 353 73 73
267 489 53 54
247 183 98 105
224 187 33 52
316 262 16 23
8 358 73 86
23 165 4 6
228 265 29 56
111 99 103 116
290 264 125 153
238 367 26 30
349 201 49 93
345 294 82 120
194 143 88 125
444 36 25 51
102 364 20 64
113 187 136 154
53 344 81 118
210 336 85 103
486 485 39 123
309 243 79 129
348 415 20 24
149 297 3 3
175 367 9 33
83 336 36 90
54 23 0 0
446 378 14 31
132 257 2 2
131 419 38 44
289 468 48 71
90 447 10 167
323 394 81 116
476 32 25 26
204 322 38 102
48 186 12 15
447 386 31 70
157 81 62 70
1 220 107 107
1 87 125 130
65 414 29 47
199 167 54 60
343 383 5 8
285 353 50 57
457 67 46 62
26 153 83 131
152 353 79 84
351 183 17 23
260 252 78 87
92 306 25 36
451 78 109 147
63 403 64 64
389 415 11 14
271 30 12 29
153 200 21 27
116 209 41 43
302 198 65 121
15 451 100 111
491 180 25 27
474 263 18 44
243 388 40 69
160 102 44 50
436 443 41 109
342 147 156 162
217 426 30 34
2 462 27 34
479 387 95 111
251 125 20 29
77 129 20 23
187 123 34 36
390 374 17 20
198 410 4 15
250 97 21 72
64 11 11 11
173 294 110 111
480 278 8 23
468 470 94 114
397 137 3 22
179 384 19 76
160 412 40 52
294 496 15 99
105 346 32 59
100 53 52 73
423 141 16 16
152 160 69 86
261 277 43 65
38 164 16 32
384 172 95 120
316 371 111 134
137 26 65 69
23 385 58 60
440 470 32 58
413 100 25 35
187 451 144 151
59 170 3 5
373 159 175 177
319 192 6 11
3 232 117 125
409 334 15 42
120 34 31 31
2 399 21 24
469 192 4 90
465 302 36 57
35 376 7 7
307 29 70 84
153 370 6 39
481 223 66 105
31 367 86 95
6 347 17 25
421 230 90 90
422 467 13 89
495 93 21 46
247 422 145 149
178 172 99 126
12 158 84 106
202 198 43 50
479 69 123 132
277 285 7 8
53 221 134 135
72 70 12 29
56 188 0 12
245 260 19 84
160 70 6 18
397 63 168 169
384 50 19 46
64 427 144 154
482 16 98 139
214 181 75 96
279 450 31 46
385 286 15 27
365 312 54 62
54 220 10 11
365 0 138 177
62 446 1 1
495 242 33 34
427 364 21 53
342 349 9 95
153 91 119 132
63 119 93 104
353 82 10 13
345 78 38 47
236 172 16 16
161 202 2 2
180 7 119 127
452 368 30 31
77 130 29 41
334 359 78 79
306 20 127 142
437 395 22 31
58 341 29 43
167 436 71 87
127 77 57 71
102 492 48 70
37 367 96 97
486 444 109 131
475 184 62 127
276 414 5 42
18 297 31 55
14 416 13 23
142 68 25 55
467 42 91 95
241 269 176 184
13 497 30 70
478 240 74 85
55 360 5 6
312 44 80 84
214 1 13 90
43 152 6 23
434 406 6 119
289 88 3 5
406 448 18 87
287 306 36 46
219 90 53 130
173 11 92 95
177 289 74 87
215 349 49 112
12 179 61 86
480 203 45 68
380 87 3 10
487 296 10 12
120 3 67 76
116 244 74 74
94 5 86 94
368 452 56 133
424 172 48 70
474 475 23 150
178 282 7 9
175 345 81 83
208 15 10 20
28 202 156 166
287 408 86 91
66 478 72 76
328 209 24 101
201 249 22 23
381 84 87 104
396 63 45 121
313 382 32 87
389 292 19 55
241 356 86 99
349 489 20 152
274 212 5 10
480 445 27 80
376 214 17 23
217 465 109 141
492 244 6 8
241 414 17 40
323 122 72 92
316 287 5 17
290 104 88 137
253 52 144 146
475 89 55 56
352 105 2 19
469 104 28 46
7 336 44 64
64 337 16 156
297 149 0 2
269 316 90 97
485 171 13 46
84 425 41 74
73 140 122 164
295 220 48 76
174 465 39 70
301 24 35 46
443 103 65 90
250 333 72 86
380 318 33 50
248 255 68 68
104 439 54 84
497 333 9 15
27 311 32 57
457 69 134 136
453 0 110 127
66 63 144 152
348 153 24 95
457 205 28 29
112 100 94 98
232 17 46 87
97 242 14 43
288 228 99 171
472 91 30 106
403 111 16 28
324 434 9 21
133 270 117 119
28 244 33 51
210 45 20 21
312 41 70 107
44 244 34 58
207 245 130 131
322 45 34 60
20 166 107 114
386 25 60 88
438 416 71 147
29 150 14 130
465 170 66 69
158 30 45 50
246 456 113 113
440 79 34 111
436 85 23 56
341 140 37 134
69 463 116 145
455 266 22 22
9 199 8 18
316 491 48 49
233 390 31 85
184 318 10 92
73 460 11 44
71 469 21 22
476 378 69 72
158 463 34 71
476 365 25 26
54 58 10 11
61 343 68 143
231 123 39 74
161 10 36 47
40 8 14 66
8 273 0 0
428 125 56 153
363 408 1 5
398 219 90 107
81 198 91 105
114 492 64 102
462 111 48 48
328 0 20 52
276 388 43 150
46 157 47 47
147 482 18 60
490 18 1 5
460 239 85 89
310 455 8 47
215 38 22 32
370 229 12 21
480 324 3 64
49 486 1 2
367 210 104 109
106 279 17 20
246 496 36 88
94 353 0 4
105 384 140 143
462 20 83 91
220 58 121 135
467 474 96 105
124 255 67 77
49 128 111 115
480 209 67 130
420 154 88 146
349 21 24 28
370 431 39 47
149 234 82 89
281 455 81 84
179 177 59 66
3 328 56 64
275 419 3 3
192 469 56 102
391 27 10 46
8 231 142 144
268 194 31 36
270 104 47 141
478 247 73 76
95 351 164 166
122 276 6 7
360 296 22 94
11 305 115 141
368 283 3 12
452 256 146 153
297 58 83 110
324 435 54 78
159 205 6 40
437 137 5 33
19 163 22 29
225 331 30 70
162 253 20 89
433 390 63 124
55 323 73 92
178 322 25 34
497 21 58 64
347 279 74 75
410 373 115 120
277 372 93 98
418 198 18 34
337 78 43 48
333 359 7 18
139 327 25 36
293 201 88 88
498 163 31 47
52 275 57 65
190 382 31 109
248 472 30 35
135 397 168 176
449 430 9 153
492 328 62 108
247 463 116 125
398 16 103 117
83 143 14 35
418 286 33 38
360 209 36 87
397 190 111 118
163 343 4 48
436 0 23 97
2 72 86 88
140 291 117 165
377 141 81 156
456 363 12 31
6 113 89 97
89 477 11 97
107 0 3 6
45 20 66 172
467 226 96 144
207 490 6 8
458 74 147 148
411 74 94 99
48 228 20 27
318 281 14 22
34 309 48 73
375 158 99 102
269 119 10 27
71 244 120 132
316 179 57 95
12 293 90 120
37 495 9 12
420 440 32 61
62 3 17 67
230 214 7 11
223 497 47 50
206 109 121 170
368 59 4 4
295 172 79 85
350 419 20 25
63 89 109 109
468 92 73 109
493 255 16 113
452 232 37 115
349 100 126 145
471 17 98 110
332 95 84 85
240 463 56 109
143 59 76 129
79 330 68 90
248 196 16 17
104 339 50 95
307 105 52 103
175 58 43 153
185 81 87 103
463 425 145 147
189 164 18 155
320 402 139 162
403 362 22 38
436 206 49 63
479 67 11 12
186 68 89 99
92 362 1 4
32 457 30 70
175 36 49 52
118 260 70 73
449 378 118 158
8 313 17 31
366 53 168 173
417 334 42 42
318 346 29 34
128 156 34 88
232 488 48 57
439 53 45 56
117 490 47 57
161 205 37 41
301 181 128 138
432 460 14 35
8 219 72 81
190 201 19 19
63 260 40 50
63 396 22 113
250 215 4 19
72 116 18 36
390 265 18 68
68 440 1 9
479 12 27 28
305 374 7 56
56 394 19 71
363 380 138 140
463 112 3 4
199 225 6 7
223 484 17 18
133 255 3 12
421 147 101 106
141 497 7 22
63 4 154 167
334 145 17 19
313 399 54 54
208 329 23 23
301 405 44 48
165 132 17 35
145 170 70 75
396 307 114 149
89 227 184 186
389 142 1 13
106 146 111 126
103 393 99 137
333 274 18 35
425 345 6 20
231 169 30 84
493 87 22 57
262 281 13 44
27 231 18 22
253 325 59 72
178 366 1 14
36 126 82 104
89 361 23 33
216 245 38 51
61 8 95 138
358 197 76 100
431 180 124 125
101 157 1 8
193 472 76 79
435 470 123 131
368 458 9 13
257 265 17 57
169 61 3 6
382 61 33 95
199 325 86 106
56 339 36 54
151 235 8 16
267 72 121 125
209 24 52 58
176 145 65 113
220 188 66 73
245 373 67 113
30 140 58 59
0 37 31 49
6 408 62 114
34 195 7 24
116 184 64 65
161 412 86 139
413 305 133 161
452 22 92 111
448 309 15 16
477 292 11 52
204 213 42 46
44 478 71 74
113 435 8 11
406 76 111 113
258 167 42 121
251 454 95 108
32 487 76 127
419 371 17 20
277 50 40 100
112 430 17 21
429 321 22 103
126 477 0 6
441 220 18 107
48 387 30 39
204 183 19 28
375 112 69 72
35 375 7 15
161 242 63 80
454 384 89 97
471 373 43 54
300 364 39 71
350 195 41 99
428 186 12 73
84 353 65 69
489 419 47 47
117 272 70 96
221 58 11 14
379 368 12 23
253 410 146 153
165 435 106 108
331 229 108 156
287 251 66 139
193 492 59 129
343 28 84 165
182 320 39 41
233 210 73 76
183 428 50 60
286 250 88 152
86 411 116 124
111 343 79 82
93 479 83 115
429 256 78 96
266 342 60 63
302 304 34 34
65 273 59 59
105 196 49 53
216 269 91 103
195 201 59 59
458 4 56 64
411 417 1 10
115 205 97 159
471 129 9 9
76 445 111 142
252 194 8 17
271 479 121 123
48 456 11 20
30 173 67 178
173 426 118 119
191 462 65 75
20 35 45 49
55 370 2 21
199 221 8 13
288 155 6 22
36 243 40 65
215 365 134 170
159 475 130 166
209 65 91 151
324 113 4 6
62 413 20 34
372 459 11 13
93 420 91 125
341 211 105 112
205 462 34 43
6 261 110 121
427 170 3 9
341 419 124 147
167 385 110 111
8 122 8 143
337 203 42 57
194 187 12 71
482 468 41 62
431 275 57 70
346 10 44 72
26 451 32 34
369 260 87 123
478 25 13 15
92 270 85 96
322 156 11 49
151 57 82 130
116 434 12 90
322 483 115 133
202 339 33 112
214 10 99 118
347 229 90 98
346 106 45 54
430 0 93 114
115 27 106 108
249 196 111 122
389 147 66 68
89 135 88 142
194 92 68 127
209 406 38 38
162 231 69 69
450 51 2 7
215 251 101 128
307 427 28 29
74 345 24 66
474 322 35 38
204 409 52 58
313 449 74 81
476 94 3 11
148 372 7 12
38 230 18 19
47 214 9 48
212 108 31 36
455 470 59 70
104 3 30 61
155 464 5 5
273 385 36 96
63 388 40 54
272 305 85 126
121 167 3 4
54 399 2 2
368 113 98 117
148 198 52 65
212 297 93 121
268 153 26 50
247 292 18 26
356 262 76 85
353 363 19 26
295 45 46 52
412 166 32 87
326 437 90 97
478 487 60 93
226 424 54 55
80 489 1 6
325 369 30 57
402 57 161 177
477 119 79 118
13 296 46 62
431 488 43 76
375 365 81 105
340 161 119 124
271 54 43 172
333 283 116 126
169 467 22 22
82 362 11 24
253 377 44 141
484 24 9 37
300 427 114 146
485 296 22 119
459 383 1 1
405 445 64 116
104 145 157 167
38 256 23 62
389 431 55 118
22 163 17 20
128 82 24 32
153 343 23 41
310 63 18 22
134 113 38 53
313 106 70 122
365 329 4 13
351 293 4 22
184 493 23 106
299 418 18 170
334 148 26 38
393 264 46 50
259 485 65 143
298 341 14 36
228 442 11 15
441 107 86 103
65 302 13 25
289 209 14 14
262 182 7 8
280 493 13 15
356 11 28 30
31 75 54 63
270 333 5 5
491 244 6 20
312 297 65 67
208 48 6 21
3 13 124 128
274 434 132 139
195 425 129 145
123 180 9 25
286 67 5 19
126 238 72 138
141 456 117 124
62 228 27 38
148 9 88 90
492 202 60 61
239 331 56 63
339 86 129 131
26 141 17 25
477 396 11 33
64 304 45 72
299 257 61 147
86 231 48 61
99 441 6 8
246 170 24 92
397 141 36 49
212 7 22 25
216 431 111 123
436 386 32 76
149 237 98 105
179 494 112 127
431 370 5 6
425 367 43 152
91 463 57 102
222 8 34 35
68 110 103 150
198 20 87 144
484 271 60 100
70 79 13 13
470 90 12 13
256 97 8 9
123 44 84 84
311 333 102 151
134 230 72 74
86 478 9 11
472 497 24 34
278 282 25 67
151 320 120 168
165 135 9 68
220 102 12 72
240 2 18 93
277 32 59 63
30 224 1 1
99 418 43 81
289 75 4 40
369 36 22 68
45 90 60 60
103 5 34 60
196 79 8 31
97 67 48 84
441 467 9 10
313 253 74 86
381 471 43 52
205 436 22 24
338 427 107 124
169 441 43 122
63 370 13 13
77 485 15 57
172 451 74 74
0 236 25 49
139 450 56 77
347 151 98 130
265 171 43 44
406 490 44 78
194 178 20 38
389 236 30 33
39 142 9 99
257 468 123 126
229 190 9 14
24 141 30 33
192 397 60 71
442 210 27 70
152 326 16 34
40 234 44 46
29 218 113 118
62 246 16 67
354 260 51 89
314 354 40 50
101 239 7 10
400 448 32 38
120 179 55 93
17 216 10 16
496 207 11 96
273 109 9 31
85 477 18 27
158 385 48 51
150 470 101 106
300 203 13 30
91 84 95 99
469 189 94 114
49 422 26 35
182 276 13 14
179 95 82 115
89 110 7 7
425 477 83 83
80 42 60 80
338 325 43 70
57 154 12 37
125 444 50 75
292 101 28 32
448 212 30 42
289 77 42 45
111 381 63 113
33 350 29 77
181 16 88 93
41 126 1 1
258 320 3 5
392 212 53 54
258 393 80 124
359 282 83 101
72 461 58 74
417 490 121 122
77 117 12 51
491 336 0 2
1 361 66 163
123 99 11 38
314 294 71 113
442 406 119 138
84 107 108 113
319 329 50 53
211 264 49 164
11 493 20 84
53 1 114 136
175 67 51 171
46 321 58 89
235 41 81 104
317 2 39 66
469 24 5 24
427 439 15 105
292 466 12 18
250 466 152 168
78 198 20 59
76 330 30 106
290 14 1 19
73 7 15 23
134 484 27 43
52 168 62 116
14 360 2 14
295 263 19 28
93 246 14 21
81 177 50 63
46 20 18 28
252 264 7 31
454 452 55 56
487 378 33 41
74 65 44 71
315 357 48 106
131 228 17 25
117 30 93 108
486 434 36 57
74 440 11 12
173 308 2 5
320 360 48 128
13 102 17 19
193 326 30 63
333 396 45 54
427 340 101 103
52 423 43 69
132 216 53 136
28 372 39 45
75 308 58 96
86 321 41 42
455 272 14 32
488 243 2 7
183 47 124 134
423 282 28 42
75 161 17 28
300 242 7 20
273 378 65 113
407 370 75 108
479 265 79 109
261 208 99 115
112 196 120 124
234 262 16 27
370 414 148 148
1 5 113 137
477 362 14 42
338 208 7 16
238 274 98 107
408 371 1 2
90 498 57 87
340 99 24 78
443 273 55 58
453 58 68 166
135 140 138 185
372 434 43 54
408 108 16 25
85 77 126 156
368 44 21 47
326 430 33 104
289 200 71 87
200 183 127 131
170 383 9 30
150 185 84 132
278 231 162 165
119 122 130 135
342 376 126 138
189 330 80 129
80 44 75 79
26 71 3 3
69 150 0 14
439 451 45 62
58 488 5 6
249 480 18 25
27 447 16 60
239 318 8 10
271 326 26 49
220 484 18 20
444 464 61 99
409 307 49 67
494 252 96 107
192 311 118 130
234 83 100 164
181 364 74 100
218 349 7 54
165 455 5 7
462 266 20 44
382 244 11 16
463 286 10 10
130 479 57 72
345 18 45 48
76 141 24 51
435 50 42 53
281 33 15 56
415 167 7 131
336 67 10 14
117 252 73 74
232 226 95 118
8 323 14 66
409 84 15 87
267 60 25 42
494 399 128 145
245 400 17 88
429 156 15 61
82 154 37 51
168 203 58 92
130 86 120 131
357 190 25 59
480 246 93 114
418 457 54 69
317 27 39 55
30 272 3 9
233 302 2 3
211 156 33 153
121 68 5 20
490 370 66 113
61 135 27 95
212 379 105 129
419 485 57 64
344 47 45 48
97 357 37 54
3 213 128 130
433 273 15 29
165 211 7 7
323 71 52 64
242 44 57 80
68 453 50 78
100 310 33 50
105 430 6 31
316 440 76 144
224 327 4 26
107 11 19 31
412 238 8 25
58 300 48 51
6 74 12 110
429 10 78 115
69 327 29 44
248 136 84 92
180 394 41 54
326 79 22 39
157 212 108 111
479 49 26 50
19 119 96 97
163 82 35 67
30 40 174 176
168 146 41 87
384 452 93 113
390 458 127 140
350 137 76 92
117 255 104 139
97 413 66 87
464 372 138 156
440 361 93 101
478 425 82 129
25 214 32 52
341 488 13 18
82 272 42 48
35 223 90 165
363 426 33 36
496 458 13 47
497 109 38 52
234 17 70 121
153 193 1 1
49 373 4 10
412 202 13 69
441 173 38 63
215 350 0 3
143 52 25 28
414 360 147 161
48 159 87 137
266 490 19 25
187 349 19 21
418 316 43 80
289 24 45 70
119 190 114 186
141 61 14 15
400 328 2 4
321 337 32 69
33 240 18 20
145 409 54 78
393 268 15 112
462 108 20 82
169 420 31 31
36 342 80 110
186 40 95 109
334 242 72 77
135 324 146 146
184 69 62 120
357 134 103 127
371 41 7 18
151 96 2 2
229 190 36 42
60 355 20 39
476 321 5 20
416 485 52 57
457 180 28 88
424 173 58 58
175 421 58 83
104 461 111 114
122 192 100 127
72 9 7 15
13 399 112 132
276 251 45 65
71 437 7 22
59 243 45 78
124 132 1 2
180 61 49 100
348 225 2 29
317 334 16 33
158 177 69 78
78 204 97 101
322 357 11 17
259 241 25 128
62 128 142 160
445 123 34 46
418 59 124 124
13 151 72 72
461 342 163 164
261 84 53 75
467 298 64 64
350 180 82 108
484 285 73 87
207 98 112 114
215 319 12 12
463 353 58 61
23 475 57 133
266 416 11 33
380 333 51 58
159 12 84 127
250 148 86 146
422 103 149 151
268 388 14 110
478 201 137 150
393 494 8 94
416 465 125 161
383 198 81 83
145 113 47 73
27 208 57 134
309 267 4 8
444 193 55 76
241 3 166 170
184 449 98 113
490 128 54 68
131 415 32 53
258 6 135 137
356 240 125 147
374 473 55 114
300 317 14 17
273 450 47 84
331 156 54 55
329 111 7 20
434 224 28 80
222 325 0 1
360 159 42 102
258 341 106 110
216 373 46 149
200 201 34 44
295 369 19 19
67 194 67 104
227 468 0 6
286 301 20 21
10 353 19 32
35 451 23 51
118 144 10 20
249 479 120 150
6 488 3 18
315 219 68 109
426 205 1 26
494 95 60 61
150 24 118 130
390 262 49 119
123 171 22 106
153 441 38 49
301 113 91 98
470 25 15 44
404 484 134 141
44 230 16 18
34 181 3 4
482 451 28 40
250 146 49 74
439 340 101 103
304 207 47 148
196 31 36 36
490 489 124 169
397 22 49 51
447 145 68 72
190 8 32 33
483 238 114 142
486 137 16 78
220 70 73 80
108 358 30 86
470 491 56 58
488 467 12 39
249 143 38 107
463 286 4 15
406 329 88 169
121 103 62 96
347 360 97 122
187 0 66 73
408 487 16 37
41 329 75 102
85 410 95 95
23 463 15 21
416 12 69 98
97 220 33 99
296 19 83 128
36 334 95 131
267 268 12 52
355 313 11 32
384 86 23 137
270 358 65 122
63 153 13 139
300 176 27 38
306 80 15 41
230 71 47 95
308 170 42 52
238 192 23 124
347 122 30 93
459 399 1 30
461 372 144 144
192 164 1 1
387 98 6 12
228 87 12 14
13 310 62 70
141 445 85 143
65 439 117 121
380 202 4 6
437 321 49 68
158 314 110 125
67 185 25 101
76 28 84 130
390 224 50 56
74 121 0 5
156 127 101 151
152 157 1 26
36 336 2 14
233 86 13 57
425 11 56 105
442 92 140 143
450 472 68 127
389 443 9 36
370 85 94 96
46 214 34 36
384 205 3 8
422 240 79 81
335 22 11 12
459 386 2 6
344 60 26 29
107 444 21 23
476 246 47 56
191 144 18 38
19 94 19 27
266 103 29 53
315 100 28 30
265 481 107 137
208 263 26 78
122 368 52 161
412 211 36 36
32 437 6 68
232 460 11 103
217 269 50 93
283 426 57 104
162 323 64 137
130 367 106 108
373 433 0 9
202 490 60 103
395 245 120 176
249 231 2 13
396 94 8 8
107 410 114 123
409 76 29 126
281 207 28 78
306 185 103 109
434 398 14 16
201 250 62 114
139 421 68 70
365 383 11 63
343 182 167 172
296 104 2 2
273 404 3 13
309 92 36 36
208 81 26 27
481 243 23 35
224 434 97 103
179 49 2 2
312 397 5 6
321 328 32 57
64 241 13 17
262 316 54 112
397 196 134 149
126 292 13 16
465 332 46 132
168 136 44 89
253 368 39 68
139 487 12 12
353 230 144 147
217 171 17 20
330 271 36 55
61 356 7 7
298 17 109 148
161 145 103 122
202 381 12 26
179 438 18 45
330 82 137 159
361 122 13 52
24 452 150 169
446 12 63 72
234 487 112 140
161 325 96 109
447 474 36 45
315 98 71 149
336 69 55 56
427 440 107 108
485 495 1 2
391 486 62 123
155 70 69 122
362 244 48 54
442 417 39 44
353 338 1 17
90 6 13 14
424 89 29 84
294 146 31 34
150 152 0 2
197 365 47 103
367 346 37 60
398 167 5 24
169 217 10 53
427 0 25 44
273 242 16 23
145 332 18 29
364 297 38 79
358 79 34 105
416 443 29 35
417 178 8 13
386 299 106 129
225 497 42 45
185 21 24 52
349 493 39 74
476 56 62 65
60 292 61 93
39 118 77 107
12 83 0 1
127 496 15 18
99 168 16 19
21 388 31 105
420 308 18 42
132 198 84 128
255 308 29 30
166 371 9 19
97 10 51 166
81 360 104 118
324 201 49 65
214 20 35 70
292 69 80 132
143 119 9 12
392 255 0 1
402 28 19 51
175 50 95 130
398 48 142 159
458 215 38 58
378 421 57 59
453 35 29 143
346 361 101 107
35 280 154 162
445 370 1 6
290 278 17 26
252 329 39 45
130 129 24 47
179 45 55 61
364 213 2 24
86 256 28 133
277 382 107 115
423 280 32 32
65 94 19 20
298 404 117 125
129 124 29 81
226 294 11 50
361 200 12 56
452 352 94 127
221 169 140 142
318 252 70 105
155 145 12 14
218 70 27 37
15 65 93 98
324 339 13 56
461 481 8 52
408 231 44 88
224 203 107 139
81 86 96 99
302 138 22 30
50 315 56 72
294 171 10 10
196 492 1 4
452 405 14 45
470 488 56 90
395 435 4 10
23 265 12 14
286 400 87 97
102 301 144 159
387 111 7 38
55 10 94 110
478 383 31 123
236 198 90 95
393 236 9 103
177 89 13 37
80 261 6 9
357 360 13 22
83 183 28 74
231 149 25 92
439 378 16 35
219 28 11 23
434 10 180 189
393 464 12 48
263 496 131 168
18 143 31 98
470 328 15 101
11 63 12 19
453 179 11 17
175 300 92 143
171 477 128 165
180 454 11 12
336 404 10 16
85 353 92 127
449 287 133 151
261 188 49 51
384 50 24 55
430 275 7 17
50 358 11 28
4 124 83 109
492 397 56 100
197 125 72 127
324 408 32 57
3 164 159 186
488 492 40 43
60 194 40 42
127 366 31 83
109 37 54 76
102 409 4 5
361 19 54 89
214 368 17 24
131 30 52 146
92 5 11 67
189 226 48 65
428 239 11 14
290 373 33 34
199 401 70 73
146 394 113 175
74 321 16 16
208 429 13 36
423 493 12 56
201 335 13 15
402 295 43 57
465 16 34 124
101 266 27 47
428 411 30 46
438 402 30 56
401 411 71 72
179 333 1 2
150 335 58 80
256 479 103 143
432 213 45 45
420 39 12 13
388 348 114 127
218 395 57 61
493 24 9 11
241 400 54 56
312 382 58 73
64 231 35 87
237 458 31 41
225 462 26 59
44 59 50 117
284 384 45 62
173 343 6 36
62 368 13 14
480 26 143 145
401 92 73 105
215 77 1 10
352 210 74 122
369 403 16 18
456 261 157 162
268 369 86 86
180 81 0 3
325 77 49 126
454 23 22 22
450 175 7 30
468 305 72 119
278 302 79 99
27 33 3 10
47 254 97 108
61 320 12 18
469 17 32 136
81 37 150 169
160 98 18 29
400 171 38 55
94 151 72 82
436 116 14 19
216 237 87 116
25 487 1 4
274 436 57 117
101 469 72 114
312 314 65 110
428 110 36 46
17 314 8 10
397 465 23 73
376 360 81 87
376 334 31 34
241 104 149 157
257 479 109 132
174 261 7 10
292 15 26 36
66 108 11 12
342 244 55 134
338 24 18 25
63 200 70 167
461 131 42 148
191 200 6 77
423 105 58 157
487 129 30 85
472 270 74 81
392 60 3 29
419 294 0 1
142 458 65 76
41 462 18 19
87 330 12 16
459 80 8 58
86 270 72 72
96 295 46 53
233 250 46 67
138 493 70 83
178 324 4 8
88 376 15 22
179 464 87 89
93 141 7 10
252 107 120 120
62 141 38 92
246 164 78 84
44 38 83 129
297 37 98 108
6 98 75 79
196 410 76 83
472 479 67 156
450 264 37 58
57 377 124 140
52 434 25 30
369 286 5 5
48 10 63 64
43 207 13 38
54 380 17 48
235 156 18 19
371 354 18 22
431 99 54 66
203 376 29 29
108 193 50 87
488 40 53 120
404 32 48 53
66 53 15 19
156 52 31 39
51 363 18 20
151 71 22 77
209 273 79 109
211 465 32 33
440 342 68 144
55 477 3 28
300 217 48 48
387 166 54 103
334 202 15 49
477 1 31 35
270 90 77 79
149 132 174 176
250 334 46 107
253 327 20 122
337 470 28 45
227 332 29 43
395 252 80 99
256 70 37 71
170 437 53 93
257 403 140 144
72 367 102 184
401 447 13 22
108 294 0 3
333 424 37 51
329 237 11 11
169 429 57 68
110 468 118 142
22 71 102 147
162 402 153 168
276 66 12 45
303 189 49 78
267 271 50 57
0 345 25 29
430 204 62 80
440 302 25 61
205 297 43 43
11 382 126 135
285 123 18 24
44 216 31 87
86 462 35 61
201 410 1 2
274 148 77 85
96 24 25 41
96 88 21 85
22 90 27 49
357 481 26 105
393 416 133 144
71 466 65 81
5 267 29 44
53 372 70 130
382 293 6 25
94 45 13 20
138 44 6 32
372 200 113 125
333 154 15 16
492 369 25 80
419 208 38 114
316 70 17 36
445 434 30 33
185 25 38 90
402 234 1 5
8 230 106 116
483 68 4 31
36 456 10 10
168 193 81 104
251 15 97 101
153 259 52 53
125 308 37 105
29 315 27 100
227 33 15 22
96 340 7 7
12 324 51 178
166 234 89 108
307 180 21 67
405 193 13 145
273 375 58 77
304 398 11 16
424 207 17 103
181 125 28 58
114 175 179 185
33 408 4 10
208 358 23 80
188 212 47 75
225 51 135 140
10 176 16 57
418 14 90 128
353 259 65 79
322 167 21 95
322 364 1 12
8 250 25 29
21 5 5 12
382 236 34 111
134 332 74 78
377 314 10 10
482 107 2 29
287 43 54 85
423 142 37 58
463 138 18 29
75 308 15 15
144 390 16 76
16 283 57 70
327 437 3 3
197 97 48 55
73 41 4 20
240 162 5 10
172 22 10 66
184 323 101 106
373 269 142 157
24 213 117 139
206 467 12 28
307 92 30 119
475 460 91 99
480 34 30 47
414 421 61 118
33 280 33 93
17 293 44 159
321 86 23 34
78 104 75 86
295 87 88 126
324 184 24 24
164 492 24 41
447 386 19 21
428 269 106 111
348 401 102 140
415 387 84 103
88 354 61 64
140 423 62 67
119 422 12 31
300 203 64 65
132 249 5 68
199 302 79 98
205 243 72 106
220 164 127 149
29 74 16 30
2 188 13 66
188 34 92 135
115 436 0 13
166 104 41 42
60 200 137 138
242 150 100 100
144 116 19 36
445 114 106 125
490 292 151 183
106 342 129 129
152 201 2 6
2 109 4 9
16 364 156 187
283 485 22 27
391 480 107 158
142 236 105 125
132 321 6 11
82 79 6 20
115 280 41 46
12 290 55 87
291 297 16 25
148 133 36 57
30 226 26 38
127 306 38 94
4 190 49 51
202 299 20 42
425 356 13 14
407 257 148 151
166 272 26 32
460 206 72 72
225 176 77 108
107 287 48 58
477 397 90 107
2 416 133 147
122 364 138 148
30 450 50 72
90 11 11 45
416 350 47 51
498 109 23 38
426 72 7 33
27 193 18 23
153 385 44 143
416 88 49 49
188 401 59 66
10 379 47 130
230 425 35 64
357 104 16 156
48 281 103 182
133 368 64 75
246 444 16 82
82 108 3 18
464 310 1 1
434 215 59 84
52 293 77 97
219 446 41 63
79 348 15 56
460 72 49 102
122 362 9 10
96 194 8 152
96 242 42 49
456 133 127 134
41 467 28 52
171 246 26 74
192 367 99 111
199 3 49 55
481 149 119 136
457 347 107 115
194 343 29 30
430 46 127 153
459 281 27 98
111 117 37 45
43 254 63 66
188 170 46 50
313 353 0 1
177 253 61 67
384 237 4 83
55 464 47 49
289 375 2 10
183 4 81 124
358 431 124 140
146 225 5 36
427 212 6 21
89 377 52 57
224 427 23 33
463 70 32 45
342 473 166 168
128 130 3 4
29 43 8 9
160 77 6 13
491 156 80 124
129 477 61 90
133 340 11 119
248 133 82 84
20 480 75 172
288 413 89 134
257 93 138 140
168 68 66 66
385 466 13 13
120 97 61 122
91 454 22 119
304 12 7 17
460 155 47 76
127 39 69 97
354 344 81 106
276 474 47 105
61 159 8 55
229 4 11 31
172 297 94 118
39 473 111 114
3 383 49 56
291 394 16 25
370 112 1 1
334 84 26 35
60 497 9 9
145 45 123 141
138 249 91 128
154 229 54 80
8 485 52 60
202 170 59 61
53 167 152 154
131 342 103 127
411 162 24 28
383 466 23 27
138 153 65 171
342 433 68 92
190 301 11 21
400 313 2 4
155 161 67 69
321 215 17 48
19 41 5 17
369 189 22 28
54 434 38 83
420 446 64 109
181 225 30 30
74 478 39 39
424 155 34 34
453 269 30 43
271 163 111 113
49 444 22 62
98 475 94 162
369 372 3 7
178 498 70 73
125 61 138 161
413 239 23 73
114 444 1 3
267 105 36 84
129 211 23 29
388 355 107 111
26 46 2 27
268 74 24 87
491 126 73 73
37 104 48 49
485 246 62 105
362 256 72 99
484 131 51 72
204 99 96 98
474 98 62 86
187 200 123 130
56 390 10 42
419 9 164 172
39 132 127 152
169 446 28 37
28 396 54 71
444 235 30 42
63 117 18 22
366 103 14 24
171 34 104 134
173 12 6 93
85 438 75 80
451 248 7 12
470 48 14 52
436 200 80 102
356 65 16 29
63 369 66 74
323 199 6 12
30 169 136 140
50 37 34 34
285 264 61 142
400 280 153 177
174 251 1 2
16 271 28 36
324 294 62 152
122 142 40 125
8 330 142 143
178 278 28 81
45 196 109 118
405 239 20 25
91 301 39 40
272 355 6 8
467 20 16 64
325 305 65 67
315 91 43 52
84 87 63 136
182 349 7 127
421 226 43 117
262 444 63 73
196 17 10 88
121 59 6 42
103 489 72 77
207 345 3 5
269 266 66 92
112 279 5 12
198 360 46 59
326 172 127 135
284 293 49 100
145 394 139 160
264 330 19 33
131 199 83 151
330 424 21 22
475 9 45 129
222 412 146 149
306 178 99 114
72 136 100 110
454 9 38 113
287 490 43 59
276 392 1 1
77 188 135 147
247 332 11 159
491 381 30 48
173 64 36 49
291 314 65 77
76 23 13 19
29 23 136 153
178 349 5 6
371 354 42 49
90 357 96 111
209 81 13 23
493 231 35 51
405 94 2 11
377 123 22 73
210 171 175 176
441 463 36 41
82 59 31 53
138 196 105 157
138 490 61 120
248 322 14 24
287 393 10 14
357 398 24 51
6 46 0 4
348 356 11 12
284 137 141 141
490 466 45 45
156 426 65 81
68 152 65 92
255 205 39 63
104 324 31 32
347 81 106 159
86 422 15 35
51 371 36 43
84 131 5 5
358 221 7 15
4 276 15 58
245 448 19 60
114 216 30 37
423 416 51 53
208 243 47 54
23 110 52 57
326 94 80 132
460 14 66 108
203 53 9 54
457 108 1 1
14 194 26 31
285 488 42 45
33 178 45 46
293 312 35 102
415 457 70 71
189 21 118 164
398 366 26 89
0 31 57 69
408 435 82 84
445 472 96 148
149 283 107 131
114 43 4 29
84 375 79 79
407 185 11 13
454 50 5 83
257 99 103 108
92 317 81 82
409 448 35 48
460 117 4 55
408 110 11 98
164 21 49 52
252 495 33 34
419 443 152 157
17 65 124 138
137 414 88 88
197 200 118 141
263 408 128 144
152 141 38 94
359 361 22 136
235 439 54 55
455 37 11 27
189 368 38 54
22 276 70 82
69 357 7 7
240 131 66 71
293 179 9 14
331 145 21 98
454 45 26 30
367 184 30 104
428 448 115 146
375 385 126 155
427 291 1 15
465 57 103 104
116 120 108 128
348 284 22 81
337 268 4 18
12 481 74 97
360 159 1 3
159 292 62 100
154 92 26 30
485 47 108 115
139 221 3 30
119 183 73 101
151 130 38 82
305 82 167 169
222 294 5 5
167 20 97 118
492 262 74 81
418 15 28 70
11 255 29 44
146 434 29 137
424 400 34 84
271 460 1 4
263 403 98 113
114 37 21 28
41 330 26 122
100 280 59 87
214 453 2 13
463 317 42 42
375 388 89 105
110 434 31 40
456 98 9 11
209 353 39 45
366 2 54 63
280 345 61 162
334 323 5 36
475 33 34 44
453 469 11 95
125 104 104 108
248 377 19 24
177 98 22 130
340 163 74 74
122 47 44 68
155 124 90 97
226 223 38 73
184 322 50 54
14 305 10 10
401 127 1 3
436 309 50 121
370 97 9 61
331 452 38 56
394 357 105 105
435 478 47 68
157 44 167 182
0 163 36 75
295 397 12 30
296 134 59 166
404 91 66 110
135 432 26 55
49 471 33 95
392 248 23 24
191 306 51 81
72 365 38 58
472 320 6 42
458 98 1 5
311 277 8 55
7 370 86 94
464 117 28 160
364 361 50 76
482 21 25 132
221 388 46 91
206 113 102 109
347 205 104 113
24 11 31 32
64 162 67 92
49 318 10 121
136 222 38 58
374 103 5 27
453 106 10 13
345 479 56 109
347 235 35 43
230 345 17 18
383 331 58 63
302 192 76 90
435 110 23 28
274 344 2 7
98 411 13 69
367 430 86 99
423 296 17 19
273 296 98 110
107 363 110 146
288 420 125 136
94 45 87 90
207 161 49 71
484 318 38 55
141 57 43 49
229 451 62 87
456 430 81 85
153 195 157 165
25 167 61 75
77 166 89 127
3 42 46 70
390 332 12 28
199 99 40 61
360 43 86 93
450 72 114 123
133 177 77 80
354 282 78 129
203 175 38 119
197 375 24 35
342 334 167 168
51 306 8 16
174 229 77 92
161 428 61 72
120 304 81 142
360 239 39 57
316 79 107 148
378 35 3 7
338 204 139 141
431 9 45 74
232 159 4 49
41 273 50 55
302 0 11 57
62 65 12 79
454 155 11 17
398 74 123 123
326 431 13 75
299 109 3 30
360 254 37 41
101 472 83 87
276 334 118 140
276 211 38 58
154 370 9 17
155 218 52 103
406 112 59 65
342 236 43 43
46 87 3 4
164 118 114 128
213 209 35 53
315 275 73 159
415 310 24 59
465 431 61 113
118 374 8 12
314 246 113 137
473 11 95 101
255 287 53 53
471 214 45 79
494 289 43 188
75 96 127 135
453 276 28 29
410 32 2 45
86 373 44 57
347 360 102 115
454 59 71 79
365 173 49 56
282 387 63 95
368 247 73 114
324 53 126 155
439 33 84 88
492 424 79 82
337 298 46 79
47 282 2 4
232 181 22 102
403 74 82 116
277 444 131 151
420 209 123 145
183 186 6 58
242 180 4 6
490 210 27 55
296 350 95 140
221 370 160 164
165 63 15 15
424 290 32 32
28 443 61 72
24 8 169 171
452 315 47 86
239 414 85 104
347 225 153 153
269 51 28 89
370 174 100 132
250 286 22 22
48 53 62 98
456 67 40 45
235 106 120 139
266 395 14 59
387 303 56 104
161 444 61 98
306 142 26 70
451 484 133 155
362 99 93 97
322 233 158 160
136 436 3 3
426 274 12 52
450 368 30 33
203 255 16 16
460 359 76 114
279 46 61 68
465 271 20 23
121 341 62 62
226 210 62 102
140 291 3 4
57 350 86 101
120 5 122 139
407 52 6 27
183 299 54 57
290 433 69 115
346 480 38 51
164 127 0 10
268 211 29 68
220 348 109 151
51 239 148 161
85 157 13 14
487 272 24 116
37 283 17 38
9 318 98 121
143 23 1 1
319 227 25 35
293 14 7 118
187 2 25 44
95 322 2 11
347 172 36 156
270 287 33 71
76 215 1 1
314 431 96 107
31 229 57 60
110 242 78 131
23 272 40 43
62 307 79 142
18 302 17 174
65 121 13 46
392 187 40 87
458 395 179 179
367 81 74 89
419 375 21 57
471 493 28 28
115 342 3 5
176 9 16 21
62 217 50 74
327 262 43 43
13 164 1 4
266 449 153 169
235 110 82 87
147 244 77 80
119 2 6 18
454 396 11 17
447 175 2 3
342 212 158 161
357 335 5 6
156 147 117 128
159 433 1 3
124 150 92 106
46 116 40 52
294 425 18 23
325 408 2 5
209 391 51 54
458 243 34 36
31 68 79 79
383 482 91 93
33 338 52 76
14 86 76 84
289 86 5 6
62 118 32 35
107 432 4 12
429 26 40 82
87 4 0 6
86 24 17 39
50 225 29 59
265 262 106 138
368 216 62 116
31 230 1 1
395 54 9 31
207 169 24 85
237 423 71 110
103 67 87 108
251 44 32 68
471 110 26 28
356 364 33 91
66 248 18 40
167 22 22 64
336 415 69 129
209 411 19 43
406 268 50 58
284 389 42 133
409 366 48 57
263 189 26 34
216 469 63 64
106 179 17 83
416 356 28 79
282 492 21 32
301 258 36 36
358 153 6 16
340 384 54 54
139 51 7 21
3 473 14 16
363 349 60 70
143 476 34 47
429 148 13 68
165 342 8 23
310 353 48 92
231 106 36 49
258 173 108 127
432 82 58 69
332 89 2 5
36 195 116 125
410 17 19 19
456 167 25 33
395 489 77 111
269 323 13 37
404 391 24 55
395 211 66 80
379 70 111 134
11 105 17 36
116 352 79 112
285 169 82 128
447 436 139 139
481 128 2 3
186 101 45 54
276 184 69 70
183 423 42 136
108 10 37 37
109 404 32 36
297 49 154 156
456 71 91 104
142 42 83 87
471 266 30 80
20 202 6 10
303 379 30 148
112 94 31 37
405 181 0 2
344 478 108 121
260 106 4 5
151 222 125 143
469 202 14 22
301 68 56 147
481 50 35 41
349 129 34 67
343 419 45 48
58 110 3 4
76 372 30 30
147 348 34 39
236 194 38 71
471 12 12 26
298 303 91 96
490 478 22 24
77 17 13 21
298 75 49 80
372 215 30 30
167 310 47 52
469 37 42 70
5 465 19 32
280 341 89 154
359 350 5 7
216 154 33 98
245 106 80 84
227 86 13 43
408 188 9 13
341 22 38 65
314 45 13 26
346 306 7 9
438 242 53 138
405 390 86 148
323 174 42 85
218 406 77 99
324 118 65 77
296 47 108 119
462 100 37 52
39 25 22 68
44 323 37 100
249 135 13 34
145 114 42 51
185 370 8 18
132 142 67 89
277 112 107 113
88 235 106 110
406 352 1 1
439 123 12 131
414 56 30 75
144 95 175 177
191 456 18 35
133 396 31 32
145 210 29 40
139 434 35 57
112 482 63 117
103 329 3 6
450 238 177 178
204 475 9 17
459 108 50 71
203 76 8 10
202 358 163 175
421 83 104 132
362 51 53 154
262 233 36 55
428 182 1 1
246 110 123 140
171 324 14 152
277 31 18 19
174 368 77 118
375 38 18 19
108 404 117 166
373 430 6 64
336 129 68 121
413 489 13 66
40 171 118 133
191 46 3 3
264 335 50 50
20 195 54 142
81 17 42 48
269 232 1 11
350 80 58 126
347 226 45 67
407 142 4 5
398 389 6 6
472 282 86 99
57 464 8 42
245 142 29 99
367 463 12 63
67 403 49 53
330 360 122 122
156 209 2 4
195 59 28 56
233 413 7 29
263 495 48 48
460 83 1 4
11 264 134 179
75 438 33 109
9 194 82 98
237 421 45 145
372 278 45 47
167 12 16 44
469 89 3 4
297 178 63 96
315 364 110 123
363 143 10 44
381 465 72 135
315 464 19 22
485 302 43 44
205 158 128 129
204 275 14 43
301 492 118 150
177 402 11 11
449 490 22 22
268 36 154 169
102 230 56 80
296 329 32 42
188 160 77 82
365 280 2 21
236 86 9 128
46 282 7 19
370 61 22 22
55 466 89 89
310 123 58 108
383 416 21 55
194 327 1 4
195 231 76 87
367 212 18 35
474 319 30 33
200 71 64 67
195 379 19 31
361 94 10 25
371 201 25 100
246 85 30 31
225 357 15 31
162 343 41 41
4 483 38 71
121 452 26 30
147 307 8 16
442 203 21 55
319 442 10 30
382 297 58 77
418 180 39 113
465 482 114 115
4 405 76 78
233 4 0 6
221 379 60 69
356 379 18 19
376 416 104 122
58 117 30 48
242 218 23 39
134 416 1 1
248 0 125 136
278 135 6 6
160 139 31 66
180 5 45 48
24 32 165 166
325 225 102 111
74 91 10 10
425 263 37 76
199 67 84 95
230 266 95 134
154 34 49 165
223 428 85 98
433 212 48 96
351 371 6 79
23 69 34 104
0 462 177 177
235 6 112 117
315 68 5 23
21 216 109 151
485 110 1 2
288 11 88 126
400 284 2 14
475 106 36 108
304 182 78 84
411 436 81 93
449 372 21 24
245 158 62 74
407 182 56 63
256 234 75 75
206 231 11 13
30 159 17 91
320 62 32 67
210 414 146 157
287 366 34 88
224 284 7 13
26 450 8 63
248 424 33 33
288 270 2 5
327 229 4 5
181 135 1 1
198 210 75 93
144 429 7 8
197 338 89 121
384 69 11 11
70 444 43 88
245 48 36 46
246 451 31 46
497 346 28 37
40 142 26 42
377 382 21 23
48 28 5 54
3 456 73 92
122 142 4 9
268 427 14 67
421 317 78 120
395 160 104 170
384 345 47 83
17 300 33 116
493 117 15 19
31 408 99 102
419 77 11 15
241 152 17 24
103 116 94 101
208 405 14 67
280 40 30 61
363 61 16 17
466 85 14 33
329 273 16 17
374 131 113 119
137 283 37 38
30 69 22 33
72 236 41 126
487 340 26 29
121 325 110 112
437 232 10 14
157 84 69 76
32 5 40 76
156 234 10 49
145 287 87 151
231 371 35 92
332 464 87 109
180 267 34 38
405 194 45 130
372 88 57 116
217 4 5 33
15 343 36 43
241 147 18 43
285 110 1 1
46 334 30 32
124 52 97 160
269 180 5 35
144 255 116 118
456 371 45 56
168 171 65 163
473 486 15 15
295 40 100 100
474 454 77 149
239 275 23 26
454 498 82 83
491 33 13 127
421 438 4 4
340 436 1 2
493 125 67 73
227 315 18 30
442 240 6 11
349 406 92 95
264 391 80 89
195 348 55 74
155 322 179 185
212 358 132 141
449 120 57 75
18 430 3 8
121 0 19 75
167 110 42 121
189 52 37 111
104 212 65 108
372 71 18 23
353 58 7 9
78 401 9 37
207 492 51 82
295 142 66 66
0 261 29 35
179 326 39 48
144 106 6 9
254 209 27 81
89 132 7 38
173 477 53 82
64 162 29 74
101 381 46 51
130 454 47 47
214 57 115 130
498 329 102 102
310 465 26 79
331 13 69 102
355 251 0 2
361 161 115 142
465 187 1 1
498 346 48 72
437 250 163 166
324 428 5 23
142 104 28 45
160 340 9 10
254 136 80 113
111 17 113 118
299 44 33 39
403 296 65 89
82 388 128 141
124 443 4 4
214 264 22 31
384 181 64 67
451 187 72 80
400 59 20 26
274 195 2 17
338 433 18 21
432 7 60 78
463 293 109 151
121 476 63 67
194 145 77 90
374 187 18 29
229 98 45 62
459 496 9 66
360 19 124 137
205 435 8 26
78 351 28 67
261 106 66 66
104 241 144 159
185 288 75 87
267 196 20 47
486 215 156 161
362 263 22 26
330 58 20 26
82 476 134 137
291 392 19 25
375 105 56 62
148 202 14 27
264 437 37 76
495 207 6 54
32 141 40 87
398 288 1 2
35 106 137 137
319 440 127 135
328 147 54 54
490 150 60 97
35 252 14 14
139 245 100 108
401 138 48 135
265 92 150 163
364 374 2 8
375 81 118 142
42 135 8 38
289 347 10 47
351 458 57 67
102 462 69 111
409 382 58 96
191 332 67 82
316 184 9 21
397 310 150 157
346 200 79 81
89 142 179 179
418 443 24 62
276 364 23 39
156 138 59 68
292 478 18 19
498 136 5 5
176 218 67 78
164 397 49 49
107 69 53 120
128 163 87 114
7 188 7 8
151 263 72 95
25 272 18 19
355 296 83 122
34 227 118 122
304 29 59 75
170 119 42 66
234 1 37 57
167 474 102 111
271 403 9 11
1 368 22 23
442 412 9 9
359 288 2 3
128 196 3 6
309 243 12 17
283 429 2 16
175 184 49 52
362 431 65 74
490 123 13 23
264 370 39 51
28 227 49 53
114 288 67 86
333 259 178 178
169 386 4 5
79 403 4 11
482 429 7 17
153 226 65 66
98 444 1 6
260 363 87 93
345 442 49 68
148 241 54 99
9 310 13 89
288 269 1 2
101 405 43 146
227 226 35 118
235 196 89 90
487 215 80 81
151 419 7 18
61 183 160 174
204 386 114 117
170 83 45 67
278 307 86 87
243 72 136 139
375 265 94 97
410 158 66 118
239 279 84 125
408 281 3 5
484 197 8 8
321 299 50 144
287 439 7 10
106 304 81 85
13 239 67 78
135 196 28 30
37 268 29 32
463 33 31 53
53 203 100 148
73 29 115 124
466 384 47 59
355 244 168 172
122 263 106 106
469 217 31 51
135 404 14 25
234 13 13 13
479 255 7 17
26 43 34 37
167 197 2 9
355 118 8 13
145 155 84 104
298 498 43 60
277 391 108 114
77 162 82 96
455 196 10 13
244 352 82 169
85 253 7 55
201 452 74 156
384 382 19 83
277 74 68 82
107 194 70 99
315 233 3 4
177 497 32 50
160 388 35 103
12 430 122 142
237 240 52 81
252 477 12 48
59 88 4 32
74 381 48 67
440 108 112 137
189 385 52 52
144 37 166 168
45 1 66 76
417 92 61 118
192 25 49 67
241 346 31 47
175 335 129 133
156 388 26 114
381 215 79 90
359 65 67 67
367 67 88 122
7 488 1 16
22 444 88 101
71 236 21 24
13 442 21 77
5 149 4 34
363 66 92 121
182 423 99 148
452 399 5 43
389 332 163 164
110 27 108 147
386 47 78 86
428 448 128 154
138 153 124 133
315 50 13 106
415 485 47 58
488 138 16 30
176 200 55 99
476 471 19 63
0 447 13 109
35 489 36 42
109 287 100 109
244 339 180 185
479 495 127 145
445 170 7 92
327 21 139 152
10 405 7 78
33 254 12 56
485 33 8 50
289 303 30 151
458 398 37 47
10 237 34 34
402 495 9 16
329 325 7 7
234 489 13 14
66 4 18 56
446 443 23 83
94 248 72 167
283 240 10 13
107 450 10 21
99 181 1 1
37 136 18 43
2 467 29 34
151 35 49 53
295 252 95 171
370 189 27 32
193 314 6 16
391 271 12 40
8 189 41 42
63 195 9 27
420 477 110 120
300 468 47 47
49 42 11 36
281 176 84 94
296 368 21 47
295 126 58 73
13 317 67 69
46 335 42 50
112 388 45 128
484 331 10 32
330 474 89 106
398 40 67 82
155 52 17 26
122 139 108 125
141 259 88 120
495 19 13 144
173 239 97 103
359 454 13 26
114 415 48 113
472 345 82 93
18 226 8 15
286 313 68 124
233 386 20 26
14 341 39 99
142 447 9 15
465 278 87 102
394 348 98 142
372 166 14 17
196 435 35 36
272 462 101 102
395 263 87 90
156 113 11 47
146 376 26 54
27 212 8 8
487 351 29 67
46 144 105 124
29 334 1 10
405 238 15 54
154 92 19 24
465 33 75 143
460 83 27 42
60 286 95 135
219 243 151 161
28 276 0 14
185 490 98 106
301 421 123 136
326 349 75 84
255 432 42 49
266 93 69 76
11 7 1 7
431 219 10 97
477 331 14 21
379 437 7 103
477 122 14 21
311 174 13 122
129 59 70 75
473 428 73 95
416 44 64 65
397 275 41 61
48 343 134 153
493 102 31 31
70 19 153 169
213 242 53 55
412 477 19 102
247 252 66 82
138 150 68 112
53 26 24 55
462 260 7 52
55 320 0 4
308 332 39 56
46 324 22 44
175 300 96 135
47 494 77 77
150 68 9 9
244 145 50 58
128 481 57 60
87 8 23 60
479 369 105 108
96 485 65 75
359 141 67 68
354 103 2 4
69 94 4 7
111 92 15 23
287 264 50 69
398 297 24 25
475 134 13 17
459 476 87 89
147 498 65 113
130 167 56 83
121 422 110 129
147 16 13 56
324 270 10 19
78 410 30 37
204 288 120 147
266 298 50 111
165 66 138 187
452 87 19 21
107 445 69 76
48 311 20 27
120 400 38 65
145 397 26 45
126 42 35 52
116 62 68 87
365 447 64 90
177 339 18 19
258 443 26 85
148 418 32 32
466 232 37 39
493 461 1 2
413 301 126 156
390 228 3 3
89 414 115 117
139 429 24 27
304 195 0 5
478 487 20 146
252 27 16 33
282 294 8 15
290 180 43 116
347 213 32 36
495 434 5 46
207 9 108 143
289 150 35 35
42 455 43 99
65 201 30 48
135 63 21 26
146 364 19 48
98 306 18 27
339 432 71 90
396 473 25 43
291 278 29 140
161 228 65 135
475 85 15 58
448 387 19 31
424 474 16 35
450 419 15 52
418 479 105 110
310 472 7 12
344 374 32 34
280 169 81 81
135 213 68 136
103 273 127 137
144 327 66 154
175 469 44 47
56 27 20 100
228 313 67 113
160 100 32 63
86 146 70 124
289 89 14 19
247 12 68 101
19 290 27 82
134 7 13 26
81 154 61 100
285 491 7 40
139 153 2 2
332 275 0 2
390 449 154 168
34 220 98 120
138 124 42 42
111 373 7 7
205 9 87 94
13 281 47 56
371 82 79 114
29 375 19 55
112 472 46 63
257 128 77 85
27 402 2 2
474 264 78 79
107 15 26 43
190 30 11 15
372 474 24 63
18 329 75 153
434 386 118 121
459 472 17 33
331 196 72 156
313 492 58 89
454 214 3 16
47 147 17 39
18 255 76 108
167 312 36 47
26 398 10 12
51 207 17 17
288 122 25 34
26 325 76 111
142 113 2 17
150 94 57 57
314 130 8 26
371 159 39 60
123 29 25 52
202 103 1 1
130 99 91 107
11 333 56 111
91 327 143 145
43 122 41 48
463 387 146 146
389 5 68 123
277 488 76 93
402 308 54 75
179 168 1 1
47 365 3 3
99 445 10 22
124 13 36 142
486 179 43 74
140 295 5 75
493 82 41 68
397 413 153 154
465 126 157 176
229 467 13 102
435 77 20 22
84 78 18 72
114 177 10 37
29 244 45 46
497 225 43 59
461 177 72 125
424 334 9 94
438 373 70 76
143 321 88 173
295 334 120 126
101 78 33 42
117 396 20 124
213 190 103 170
455 183 12 27
474 113 10 112
189 9 5 38
340 24 12 49
486 418 12 129
166 309 38 84
490 76 91 127
350 410 35 52
438 448 132 134
79 343 16 70
444 379 60 63
212 128 11 18
250 38 68 72
350 483 14 40
69 174 8 28
463 313 32 32
240 215 34 36
287 78 14 15
480 185 7 89
324 163 74 80
466 69 102 117
238 161 11 11
271 18 12 17
289 5 7 17
353 21 68 102
183 317 1 3
257 18 25 49
417 460 9 20
108 271 6 8
223 304 83 111
452 331 82 88
252 374 40 140
255 46 29 35
175 375 55 68
363 120 89 100
432 84 47 47
20 1 16 40
265 442 6 14
321 223 58 60
134 215 84 111
356 155 25 79
107 279 59 81
104 315 88 106
123 105 86 88
267 293 139 151
447 8 64 73
178 26 138 138
49 252 52 58
127 100 43 107
337 14 150 167
45 464 24 42
372 393 59 66
449 260 61 162
33 67 32 71
248 363 98 141
147 182 12 18
195 406 140 153
77 82 52 78
429 75 53 58
37 343 38 44
432 314 8 8
209 249 93 168
113 350 55 97
226 239 114 120
176 140 110 132
59 315 26 54
288 17 75 76
19 142 43 44
435 439 25 27
233 40 65 84
318 470 22 23
318 104 3 15
342 415 29 64
414 206 64 113
265 258 123 139
137 54 110 110
80 454 81 94
274 337 29 34
85 363 95 100
235 56 34 56
366 309 30 43
14 67 5 61
204 446 29 87
331 479 43 104
70 21 67 115
438 144 19 35
256 16 37 43
40 165 29 60
327 158 17 35
466 314 52 76
405 226 71 73
238 99 45 77
43 478 52 137
148 101 36 37
85 146 6 9
461 32 3 39
410 103 165 167
467 337 15 25
71 282 14 36
281 257 124 167
265 70 49 76
355 232 11 14
290 463 103 116
384 119 7 40
325 220 62 94
266 495 62 73
462 236 127 127
35 456 8 10
352 39 35 36
404 164 160 160
413 420 1 1
213 44 112 114
339 80 15 40
132 124 139 146
40 265 19 78
341 310 5 9
462 192 30 70
262 391 11 29
452 72 15 27
160 362 89 112
22 154 5 33
403 100 8 9
438 75 106 115
431 87 12 62
34 90 50 173
320 203 38 100
487 226 19 42
277 323 14 16
307 144 56 104
442 485 13 23
82 227 11 24
110 154 43 106
42 214 7 23
494 286 168 168
75 197 10 12
457 371 55 137
308 5 6 6
138 89 24 85
376 207 19 50
485 3 12 49
483 201 0 0
441 202 65 106
38 159 57 61
0 230 62 65
434 199 44 55
495 332 39 48
16 109 130 132
151 305 25 54
344 35 56 56
380 464 68 119
494 348 85 86
372 338 4 8
340 59 9 10
239 304 104 118
230 327 68 87
276 30 4 27
128 430 13 19
222 247 16 32
425 187 117 122
323 89 12 55
462 15 21 25
427 31 7 68
477 262 31 67
104 461 28 30
245 90 83 104
486 404 64 71
413 263 100 104
102 365 26 39
494 406 23 105
78 85 1 24
27 189 126 151
33 215 104 123
493 484 64 99
356 411 6 13
298 51 67 69
246 205 20 48
28 121 21 22
473 3 37 43
179 161 81 127
148 268 16 135
158 367 48 48
80 116 59 60
411 257 70 140
111 65 56 86
276 364 23 24
477 123 20 48
430 110 79 80
324 384 13 129
388 336 53 60
461 254 87 99
322 245 39 94
118 138 31 98
331 34 114 156
474 458 48 82
312 157 113 148
385 403 14 21
407 431 25 53
169 56 15 131
68 100 6 35
64 422 127 140
197 347 9 64
316 0 37 41
324 17 6 19
151 303 136 144
321 10 94 152
203 489 72 73
201 111 13 16
254 365 22 28
494 164 6 14
89 447 17 32
444 418 23 27
211 192 11 41
381 396 10 67
23 174 83 166
198 185 27 97
215 269 112 145
184 256 20 44
404 292 94 159
485 423 22 81
236 432 66 71
355 230 148 171
47 346 12 13
230 21 3 53
279 399 0 0
394 193 59 75
460 385 42 72
261 175 127 127
244 488 23 27
370 288 73 155
40 356 65 113
145 246 11 144
456 213 66 103
40 435 27 101
142 183 2 12
474 233 4 28
366 245 31 65
40 111 17 30
220 171 10 18
87 186 34 35
175 3 61 77
266 270 24 25
111 214 19 172
0 404 7 77
388 58 9 12
6 249 42 94
352 67 4 12
137 376 17 51
215 390 115 155
4 301 51 109
456 467 22 119
340 221 16 38
66 95 1 2
91 111 41 80
53 309 22 24
110 82 23 34
452 58 135 144
357 327 1 1
305 377 54 83
441 102 21 75
94 160 18 29
226 28 28 39
56 478 33 109
162 112 74 124
394 381 59 95
451 182 57 61
34 399 79 113
226 116 18 84
458 91 85 126
486 417 71 151
312 303 37 71
276 3 103 143
412 237 5 10
428 340 39 45
155 245 47 89
293 253 50 72
389 101 53 80
168 195 51 93
428 375 37 71
349 332 71 109
63 136 69 83
270 454 37 39
358 260 64 75
496 128 140 158
117 480 10 43
138 480 5 8
168 443 12 20
101 253 6 53
433 39 86 144
386 360 7 8
208 191 46 103
332 149 10 34
254 430 9 99
406 36 25 31
54 112 122 135
333 246 31 58
72 281 27 35
445 50 41 42
48 83 93 135
477 334 8 9
224 495 6 18
301 379 167 175
421 218 27 28
202 480 17 33
220 309 78 83
345 132 58 105
296 444 12 37
139 181 46 133
401 60 20 37
456 65 18 96
193 436 3 7
67 207 131 145
309 136 30 38
409 383 22 31
19 446 13 52
411 287 7 84
370 155 1 10
396 217 11 37
131 198 23 27
248 169 64 65
485 350 8 70
388 115 18 39
383 422 5 10
301 239 87 132
48 488 3 6
444 103 66 87
318 446 23 104
81 125 16 22
282 308 6 68
181 307 80 80
463 240 40 42
232 236 14 44
310 482 102 168
387 243 31 84
269 389 26 54
5 287 29 46
484 213 100 128
340 237 20 29
184 166 6 11
411 346 13 43
225 395 101 128
376 368 92 99
175 477 27 64
136 227 97 99
220 205 57 64
332 117 32 36
175 331 22 84
257 343 2 11
480 140 74 136
410 397 26 28
42 105 130 133
228 100 34 61
355 271 39 56
325 197 39 50
304 78 40 43
231 179 41 68
224 291 17 56
397 20 46 148
264 211 9 11
278 434 81 87
391 331 32 48
332 219 4 12
191 31 0 0
405 276 31 40
128 426 5 5
279 467 73 76
495 380 145 154
112 168 4 9
219 192 34 53
403 126 40 83
165 106 9 27
353 79 51 52
227 492 29 37
479 104 23 24
119 293 37 37
244 100 11 19
344 199 28 33
303 11 6 11
307 286 32 38
31 58 147 173
340 139 170 173
72 61 49 60
65 489 74 80
32 20 161 171
476 391 95 99
74 450 18 23
461 45 25 25
243 214 57 148
200 117 57 70
432 351 4 26
269 244 111 117
214 372 13 35
246 231 72 72
224 42 18 23
428 7 42 57
486 65 44 49
323 265 60 61
425 84 44 61
168 81 65 97
293 24 8 26
242 81 14 29
440 255 11 18
421 117 133 166
472 7 84 89
121 335 6 24
159 259 12 28
259 461 57 169
377 446 100 165
29 480 36 56
118 37 38 84
299 440 66 72
11 51 45 60
221 483 15 35
235 420 21 22
7 484 44 79
136 448 0 2
377 10 44 45
315 479 81 179
121 494 117 117
33 465 41 63
115 113 45 64
78 419 18 19
129 96 0 0
288 449 34 67
38 39 9 19
276 347 43 43
88 13 35 68
45 66 102 109
327 443 118 124
392 10 12 14
182 232 10 28
191 247 38 62
52 498 148 168
65 259 86 86
107 435 11 28
52 57 12 16
58 158 31 37
107 20 14 45
212 94 34 81
498 231 7 12
368 476 61 86
47 392 5 11
366 45 80 106
72 187 2 4
478 315 32 36
251 17 8 12
280 318 58 90
147 38 116 151
281 374 22 30
473 245 3 4
96 185 47 81
291 246 17 24
223 305 64 177
142 479 43 49
150 188 172 185
428 304 42 68
102 169 72 72
224 173 14 16
466 259 27 28
95 406 40 95
475 73 45 114
471 294 6 7
41 244 6 13
328 322 131 131
400 394 29 34
425 201 6 62
496 320 53 57
249 339 26 30
49 73 24 32
435 158 109 121
11 136 81 85
460 204 26 72
114 351 45 48
90 425 9 21
235 495 64 106
342 86 133 151
331 488 76 78
407 322 18 18
254 401 114 118
423 424 26 27
395 281 140 153
186 227 65 96
24 186 9 13
245 265 11 84
84 93 108 123
288 80 91 112
371 491 54 79
237 21 16 104
173 269 110 131
133 475 145 185
189 48 87 147
309 343 9 11
190 328 81 186
208 327 113 115
19 296 73 98
93 174 5 6
60 446 13 18
74 396 64 65
147 106 40 40
313 419 63 63
196 179 29 104
468 128 79 129
273 192 19 23
132 353 5 61
13 264 26 41
2 382 36 50
83 25 3 12
227 267 129 143
209 202 39 39
289 285 92 111
479 202 135 135
171 333 15 57
406 24 22 22
316 160 49 72
151 13 41 52
286 214 35 50
93 217 90 92
281 136 84 128
419 259 89 90
368 461 153 165
74 154 71 111
203 420 57 96
395 172 4 55
83 338 66 130
246 68 33 115
344 475 70 116
205 231 2 9
199 281 108 133
286 308 27 29
370 310 67 103
51 173 102 112
387 464 128 139
254 142 35 38
186 351 22 22
494 400 66 153
269 356 13 75
110 246 43 68
121 484 72 166
236 49 12 43
265 430 126 144
170 353 112 131
54 321 145 149
303 406 40 76
15 450 10 11
162 190 100 104
5 340 56 145
125 174 9 11
209 233 75 81
317 202 124 139
393 182 19 62
2 291 115 130
120 98 106 113
361 355 54 56
359 485 54 98
195 476 118 152
452 288 66 86
95 173 25 138
169 173 42 43
437 237 34 40
121 48 130 177
474 210 111 111
429 21 56 67
320 325 124 125
419 283 76 87
7 251 22 57
341 201 34 38
484 344 12 18
96 50 2 6
478 161 42 53
476 306 32 38
125 190 141 141
351 362 44 141
391 125 77 96
114 254 71 73
361 369 63 64
57 38 22 24
55 313 64 65
259 0 31 35
298 144 110 143
45 261 75 86
164 284 94 96
475 331 140 153
29 238 143 153
266 358 67 126
407 261 141 158
132 383 48 55
376 79 5 7
362 371 14 34
263 127 17 35
292 459 15 65
108 320 72 75
13 425 29 91
16 413 77 115
107 258 32 77
359 94 77 89
182 240 22 30
462 456 41 77
240 176 79 125
423 1 31 38
119 400 39 41
407 281 47 101
192 493 106 140
493 455 13 59
306 487 10 73
228 294 46 51
242 194 6 8
462 359 33 51
396 319 16 17
93 377 25 77
85 249 0 3
33 232 57 101
1 270 4 18
360 302 103 116
196 421 70 75
362 444 115 118
107 475 2 4
430 370 0 0
332 308 17 61
370 257 46 70
284 32 8 18
324 308 6 7
322 458 15 24
362 62 48 82
93 303 44 55
341 11 35 45
19 8 35 50
54 438 101 126
375 53 10 75
376 381 1 1
183 274 21 63
66 227 72 99
173 484 14 42
26 462 17 25
175 290 4 20
378 83 148 161
294 39 16 30
342 271 145 145
81 366 27 49
342 80 56 117
136 117 12 16
176 169 73 85
149 100 13 29
21 380 85 89
2 382 98 118
255 81 4 23
436 363 64 126
213 337 10 43
248 353 29 32
476 132 8 22
4 0 35 119
479 6 139 142
191 104 66 75
437 19 17 19
469 300 9 9
173 168 3 32
17 147 19 42
167 81 64 68
111 185 36 39
464 381 28 33
353 481 99 149
85 305 84 106
71 63 51 74
64 293 28 41
183 477 18 64
380 411 63 95
92 386 26 66
326 49 35 49
99 371 2 10
401 360 3 5
79 385 48 56
310 497 20 103
364 250 4 7
59 486 53 54
493 47 15 84
105 366 57 108
329 368 29 127
446 271 42 48
356 179 5 20
151 340 22 74
106 423 31 33
333 404 48 53
177 128 45 81
356 250 27 63
377 59 47 86
456 235 57 96
50 495 89 89
302 311 36 74
215 400 69 163
437 200 131 140
254 388 1 2
36 475 63 90
386 43 64 64
136 69 42 61
438 167 138 162
441 90 4 5
153 94 32 136
69 454 41 45
93 127 84 89
240 322 93 94
401 488 70 124
251 156 52 93
471 207 24 93
443 286 25 30
186 25 4 6
192 217 99 102
227 107 7 34
429 114 8 24
28 449 43 84
190 152 10 24
239 401 66 95
341 193 35 52
31 71 67 133
0 377 108 152
0 329 23 32
223 246 44 47
387 354 4 5
87 384 34 59
252 403 56 57
254 297 76 79
145 229 163 164
294 311 137 138
207 390 54 96
66 329 118 125
183 324 44 115
342 3 2 16
89 191 32 56
1 261 57 67
378 155 27 39
80 126 20 36
329 156 72 95
297 428 105 163
185 292 89 93
235 232 33 110
118 491 55 56
12 193 78 94
457 188 8 51
126 50 22 24
143 391 33 66
296 303 62 95
456 442 6 128
115 73 33 82
195 304 124 127
189 11 104 108
309 439 0 0
340 430 13 18
85 493 35 131
15 375 90 100
121 252 73 75
61 497 80 108
233 354 120 166
266 61 154 167
12 319 69 74
353 60 51 74
119 359 12 30
51 447 22 52
169 223 4 25
380 30 96 97
142 494 94 134
23 100 22 24
136 143 11 16
380 113 75 75
436 361 104 117
107 199 20 22
123 53 4 5
149 457 18 20
195 106 11 58
247 145 14 16
326 485 32 40
365 197 30 49
465 36 37 63
138 380 60 71
193 422 11 19
73 372 145 145
102 400 117 125
235 246 84 92
77 301 21 52
213 171 27 31
361 97 18 69
276 271 15 15
477 344 62 63
431 240 9 12
266 149 92 134
330 321 91 100
362 14 39 43
489 226 113 129
437 197 116 119
263 494 106 139
240 81 124 124
83 253 49 137
22 349 54 77
474 309 7 9
39 223 79 79
370 31 25 44
