400 3200
0 1 89 159
1 2 66 83
2 3 21 29
3 4 18 41
4 5 39 55
5 6 27 51
6 7 53 86
7 8 47 79
8 9 39 71
9 10 78 115
10 11 38 48
11 12 9 11
12 13 9 16
13 14 129 132
14 15 30 76
15 16 1 2
16 17 9 13
17 18 82 100
18 19 4 15
19 20 19 45
20 21 124 140
21 22 81 84
22 23 52 57
23 24 70 81
24 25 134 146
25 26 74 80
26 27 32 94
27 28 19 33
28 29 6 6
29 30 38 41
30 31 4 11
31 32 86 132
32 33 40 41
33 34 64 71
34 35 76 83
35 36 41 47
36 37 28 35
37 38 66 70
38 39 13 14
39 40 78 90
40 41 88 89
41 42 97 104
42 43 2 3
43 44 35 36
44 45 37 42
45 46 73 97
46 47 1 1
47 48 29 62
48 49 66 75
49 50 24 50
50 51 5 6
51 52 7 10
52 53 42 101
53 54 25 35
54 55 24 34
55 56 45 111
56 57 78 101
57 58 10 29
58 59 63 70
59 60 39 42
60 61 43 91
61 62 41 73
62 63 38 44
63 64 38 55
64 65 12 39
65 66 17 17
66 67 81 85
67 68 12 19
68 69 124 124
69 70 3 5
70 71 138 144
71 72 4 10
72 73 16 46
73 74 90 96
74 75 9 14
75 76 7 16
76 77 129 132
77 78 26 41
78 79 75 87
79 80 105 108
80 81 121 129
81 82 52 66
82 83 91 99
83 84 17 32
84 85 17 25
85 86 35 38
86 87 38 65
87 88 90 90
88 89 24 28
89 90 11 11
90 91 3 10
91 92 106 106
92 93 46 58
93 94 86 125
94 95 39 52
95 96 62 128
96 97 53 57
97 98 12 14
98 99 5 21
99 100 107 113
100 101 60 96
101 102 4 4
102 103 55 59
103 104 65 94
104 105 4 5
105 106 96 114
106 107 31 56
107 108 72 76
108 109 101 118
109 110 27 27
110 111 40 72
111 112 39 95
112 113 141 142
113 114 74 85
114 115 8 13
115 116 96 108
116 117 49 51
117 118 79 79
118 119 51 59
119 120 27 36
120 121 31 68
121 122 5 7
122 123 40 97
123 124 13 15
124 125 83 86
125 126 33 37
126 127 2 4
127 128 130 135
128 129 21 31
129 130 62 68
130 131 105 133
131 132 82 83
132 133 89 105
133 134 11 41
134 135 136 143
135 136 31 64
136 137 79 88
137 138 11 15
138 139 27 30
139 140 118 130
140 141 57 70
141 142 44 75
142 143 42 58
143 144 39 114
144 145 29 102
145 146 2 9
146 147 19 38
147 148 57 57
148 149 41 56
149 150 37 51
150 151 26 45
151 152 150 151
152 153 85 96
153 154 55 61
154 155 62 74
155 156 11 11
156 157 51 126
157 158 58 68
158 159 97 97
159 160 64 71
160 161 68 96
161 162 71 80
162 163 100 141
163 164 119 135
164 165 44 103
165 166 17 51
166 167 37 40
167 168 95 145
168 169 6 9
169 170 82 100
170 171 34 54
171 172 68 68
172 173 58 62
173 174 48 70
174 175 9 10
175 176 46 57
176 177 92 107
177 178 54 63
178 179 29 84
179 180 23 27
180 181 108 111
181 182 20 23
182 183 20 20
183 184 2 5
184 185 61 68
185 186 24 24
186 187 19 48
187 188 76 93
188 189 26 40
189 190 121 126
190 191 9 13
191 192 14 40
192 193 82 93
193 194 100 116
194 195 128 129
195 196 31 33
196 197 30 68
197 198 7 17
198 199 40 53
199 200 96 97
200 201 34 36
201 202 31 34
202 203 111 111
203 204 41 56
204 205 31 39
205 206 22 24
206 207 20 20
207 208 36 45
208 209 29 31
209 210 30 31
210 211 18 28
211 212 1 1
212 213 46 74
213 214 44 50
214 215 49 113
215 216 41 41
216 217 35 80
217 218 3 4
218 219 85 89
219 220 3 8
220 221 37 43
221 222 50 76
222 223 7 20
223 224 60 66
224 225 79 101
225 226 149 152
226 227 42 61
227 228 100 102
228 229 116 116
229 230 58 63
230 231 43 56
231 232 33 39
232 233 73 81
233 234 29 33
234 235 27 45
235 236 63 72
236 237 16 66
237 238 33 36
238 239 60 71
239 240 55 64
240 241 21 26
241 242 103 111
242 243 26 33
243 244 11 15
244 245 31 35
245 246 85 86
246 247 8 8
247 248 12 12
248 249 43 49
249 250 123 128
250 251 0 2
251 252 96 98
252 253 77 94
253 254 95 95
254 255 58 62
255 256 47 48
256 257 31 38
257 258 26 30
258 259 67 122
259 260 78 103
260 261 26 26
261 262 16 16
262 263 83 99
263 264 19 26
264 265 122 122
265 266 55 70
266 267 67 78
267 268 9 12
268 269 9 11
269 270 8 8
270 271 3 5
271 272 77 87
272 273 8 10
273 274 12 14
274 275 103 104
275 276 87 107
276 277 49 70
277 278 22 22
278 279 29 35
279 280 87 87
280 281 29 33
281 282 15 17
282 283 105 124
283 284 2 2
284 285 47 65
285 286 137 146
286 287 55 83
287 288 78 80
288 289 11 11
289 290 33 33
290 291 18 23
291 292 30 30
292 293 36 37
293 294 75 118
294 295 20 34
295 296 31 91
296 297 60 98
297 298 26 41
298 299 33 33
299 300 59 86
300 301 51 59
301 302 59 59
302 303 87 105
303 304 108 118
304 305 38 74
305 306 11 20
306 307 65 96
307 308 9 21
308 309 34 48
309 310 57 65
310 311 39 41
311 312 118 122
312 313 6 8
313 314 49 93
314 315 37 66
315 316 48 58
316 317 61 61
317 318 61 108
318 319 62 118
319 320 55 55
320 321 79 88
321 322 50 63
322 323 47 68
323 324 40 120
324 325 4 7
325 326 49 56
326 327 31 42
327 328 66 85
328 329 32 34
329 330 71 84
330 331 19 55
331 332 62 64
332 333 48 51
333 334 101 154
334 335 4 5
335 336 29 55
336 337 62 87
337 338 85 85
338 339 17 18
339 340 2 2
340 341 63 68
341 342 114 115
342 343 4 5
343 344 114 119
344 345 12 13
345 346 40 51
346 347 114 140
347 348 69 81
348 349 105 119
349 350 37 96
350 351 46 57
351 352 46 49
352 353 69 96
353 354 62 80
354 355 17 23
355 356 42 75
356 357 53 58
357 358 2 4
358 359 36 36
359 360 32 32
360 361 8 18
361 362 35 59
362 363 65 68
363 364 78 96
364 365 91 93
365 366 74 80
366 367 108 109
367 368 73 100
368 369 55 81
369 370 52 97
370 371 66 123
371 372 41 102
372 373 34 69
373 374 115 141
374 375 16 31
375 376 51 85
376 377 87 96
377 378 88 101
378 379 101 116
379 380 59 139
380 381 19 27
381 382 85 96
382 383 51 51
383 384 8 12
384 385 40 52
385 386 64 117
386 387 112 136
387 388 71 81
388 389 27 89
389 390 17 22
390 391 19 41
391 392 54 57
392 393 7 12
393 394 0 1
394 395 83 86
395 396 78 79
396 397 81 117
397 398 11 14
398 399 28 44
399 0 96 107
66 212 84 86
208 27 16 17
311 362 24 61
61 362 113 117
154 388 95 119
102 367 29 29
75 275 47 81
148 311 6 12
239 156 7 16
237 249 45 58
114 306 5 16
276 73 106 107
389 33 38 41
269 173 87 99
148 252 113 132
39 226 5 12
217 35 17 18
309 83 39 64
103 151 125 138
37 251 4 4
284 287 9 23
120 17 6 15
224 248 41 121
294 80 15 38
246 253 34 48
295 250 52 90
307 265 33 122
267 245 115 141
222 178 33 45
92 122 85 103
54 119 48 82
102 313 46 65
88 336 15 23
286 34 16 17
239 190 34 41
256 363 78 129
9 91 101 109
5 105 0 1
106 152 76 76
5 211 40 96
15 97 12 16
142 328 36 100
40 225 85 90
190 350 5 10
54 229 60 63
66 243 145 156
192 382 127 139
164 313 4 5
302 12 40 45
20 268 33 69
25 363 38 90
398 148 21 28
272 2 19 20
181 199 19 20
358 271 46 57
218 132 106 113
57 214 128 138
209 175 7 11
130 311 64 118
322 90 44 81
62 373 25 72
87 381 54 62
277 255 23 61
298 51 19 36
35 203 55 61
365 303 32 42
306 271 17 18
380 255 41 83
353 146 93 119
339 143 20 39
102 366 26 26
62 89 40 74
53 183 67 69
256 46 68 77
57 360 64 68
333 153 37 68
115 366 10 11
324 339 84 89
121 241 10 14
164 119 65 76
302 149 0 2
20 278 58 65
134 175 75 95
51 201 83 90
212 93 65 108
262 98 93 111
220 190 7 10
0 375 30 114
318 161 73 80
29 9 28 55
273 326 17 27
311 0 117 121
178 75 74 83
7 285 20 48
217 249 26 27
3 323 1 2
168 119 16 17
47 202 121 127
149 294 147 154
31 372 8 9
133 66 47 90
359 166 60 90
289 371 41 48
291 312 56 138
157 16 36 37
376 265 44 80
127 164 12 12
173 228 38 65
2 65 62 65
142 102 45 101
109 264 67 83
22 152 65 90
284 180 9 16
157 59 36 38
154 37 48 50
269 133 13 21
152 279 39 43
77 24 4 9
319 136 3 5
199 21 6 6
87 210 120 129
314 219 78 83
248 205 49 49
189 264 114 122
24 86 55 71
166 294 35 104
294 237 14 20
179 120 24 28
161 324 67 110
12 274 0 0
321 350 101 102
25 185 29 79
183 23 132 133
368 145 99 103
59 350 5 5
167 58 41 52
156 149 44 44
290 19 32 39
244 176 1 9
149 127 38 68
153 74 53 60
86 245 60 69
218 306 7 10
16 59 55 78
379 279 12 20
41 58 3 4
297 367 61 66
203 142 35 74
159 137 67 67
15 246 34 57
221 374 24 41
5 364 68 69
158 143 116 123
373 270 66 107
173 259 8 10
312 249 42 42
374 300 7 11
112 33 64 83
121 397 96 103
154 388 33 59
155 144 11 42
250 316 13 21
58 319 104 112
192 270 17 68
268 97 30 38
364 137 31 40
389 395 51 73
120 381 1 1
338 298 101 131
6 33 9 12
243 373 36 44
60 84 101 108
263 107 43 47
158 30 27 32
87 314 61 78
308 41 89 99
247 176 34 52
310 253 65 92
364 327 120 143
124 353 6 7
220 156 118 118
280 197 32 45
353 130 44 46
4 194 18 32
14 79 7 7
30 397 54 77
398 251 44 47
192 261 31 32
123 250 19 45
380 58 126 138
62 173 2 7
219 284 112 113
34 63 85 88
182 359 35 44
295 217 64 114
283 240 35 50
31 151 11 22
274 284 39 65
35 373 34 52
231 152 5 17
300 272 63 77
58 162 111 126
251 99 13 18
390 265 32 64
41 295 46 88
352 343 31 33
179 286 110 126
367 116 73 75
348 4 13 21
197 92 53 57
85 364 11 17
209 225 80 80
37 236 16 16
14 270 67 70
365 283 7 13
186 41 124 127
365 274 56 97
268 98 42 102
198 17 54 77
186 362 16 23
387 79 7 11
42 44 10 11
365 363 62 66
70 60 64 75
91 340 33 41
244 160 64 150
347 341 99 135
16 226 104 128
248 340 31 35
167 224 34 49
259 66 17 18
147 31 15 17
195 47 137 137
305 328 8 15
209 367 8 9
163 394 6 20
283 79 66 74
382 139 28 49
309 136 47 50
48 81 41 50
70 380 19 22
123 131 122 131
144 354 11 20
310 43 89 111
11 261 99 135
237 48 50 69
354 377 15 33
17 107 7 23
341 374 30 41
48 308 11 20
331 118 32 60
99 318 46 131
274 21 57 64
317 238 14 39
7 269 89 90
64 310 23 61
56 176 107 143
38 236 44 148
55 257 109 110
369 396 39 73
200 44 78 104
148 131 127 139
277 229 16 24
244 386 43 53
150 1 28 50
5 37 53 64
163 125 49 61
143 298 52 75
247 1 125 140
342 168 28 107
10 326 116 121
290 148 99 134
356 386 35 55
173 349 85 89
10 108 118 143
333 105 81 82
213 130 47 71
341 398 19 24
301 310 65 66
106 78 108 111
289 343 116 141
335 127 38 50
102 24 92 92
326 218 92 107
212 203 24 34
27 87 116 120
32 349 43 50
125 257 16 20
207 374 76 93
327 279 112 114
185 128 37 116
124 115 90 97
389 14 72 77
303 376 20 35
346 337 4 5
177 315 7 11
35 341 36 74
271 64 108 110
128 63 105 115
138 75 28 34
100 85 17 21
225 116 18 33
255 110 53 75
134 283 42 43
387 29 72 96
379 327 27 28
310 260 96 105
211 66 45 67
122 110 24 33
208 61 77 84
391 113 23 34
176 23 49 81
183 174 16 23
144 372 72 93
169 240 76 80
127 359 0 1
372 321 16 18
397 111 38 40
177 340 24 33
108 362 27 33
223 331 32 35
58 335 13 13
321 45 37 51
364 181 129 157
387 53 31 49
191 188 9 12
256 242 109 116
194 165 35 93
258 310 5 9
359 111 31 33
190 254 83 87
251 354 51 61
384 325 4 5
63 170 62 142
336 288 104 122
93 309 5 9
342 246 62 65
331 315 9 12
304 337 134 137
64 150 28 83
65 66 94 95
322 304 38 43
104 46 2 3
385 370 12 13
319 47 1 1
274 391 104 105
243 17 115 121
115 318 23 34
155 223 9 20
277 50 130 144
62 131 96 130
236 228 37 97
278 160 86 91
284 301 90 92
153 292 44 51
172 192 14 16
317 139 71 105
26 186 76 77
355 70 31 41
310 137 13 17
338 187 27 67
209 28 131 135
72 242 45 56
343 261 12 28
201 75 30 37
79 78 32 98
140 257 85 88
23 155 102 102
52 386 10 10
74 83 63 71
326 144 124 146
147 11 28 28
344 388 40 42
62 167 75 84
144 255 15 19
303 7 24 30
85 178 73 97
225 125 47 122
289 256 10 20
7 8 49 106
92 314 71 102
396 90 46 46
117 264 7 8
268 328 130 131
108 389 66 80
235 276 66 82
336 322 130 134
284 152 41 49
102 371 36 55
222 337 34 39
187 372 28 28
47 136 66 105
92 347 28 28
102 95 11 11
317 147 57 75
156 69 42 47
378 191 68 74
0 170 79 116
332 97 74 77
73 105 46 48
348 24 130 141
337 195 32 82
352 227 102 113
70 263 21 22
101 346 46 66
247 153 15 16
7 168 37 58
344 60 28 41
254 360 118 133
143 338 15 16
311 395 39 68
355 19 47 63
154 196 73 74
380 130 23 36
398 156 72 84
101 321 37 95
227 59 48 86
43 365 10 23
143 392 80 84
118 363 70 79
303 268 98 121
316 35 0 0
197 243 32 37
54 252 7 14
207 143 76 108
35 67 17 19
268 112 23 37
295 287 18 30
106 56 68 72
127 303 92 102
226 12 57 69
372 308 23 24
258 85 52 101
386 353 51 126
351 180 16 17
376 34 127 138
184 269 43 113
229 90 95 158
35 312 78 98
185 94 40 58
55 381 18 39
209 295 26 49
325 213 31 65
168 69 82 88
109 268 118 133
99 195 60 83
103 153 80 80
353 366 0 2
101 270 70 92
311 155 21 26
320 326 104 116
91 28 42 55
25 51 86 110
16 329 50 56
354 247 1 1
319 58 40 41
389 60 1 2
114 89 88 88
253 271 41 75
283 66 7 9
23 374 21 28
350 352 23 38
341 1 27 41
310 104 39 40
357 251 142 148
300 199 36 40
256 72 35 42
192 13 12 12
276 123 23 51
304 334 80 80
388 169 15 19
156 302 59 145
178 124 53 85
251 98 6 7
157 163 66 82
7 354 27 92
339 327 51 91
132 12 33 88
183 220 89 95
135 248 50 51
77 43 46 50
113 237 16 16
361 214 44 55
10 149 1 1
265 305 120 138
380 316 1 3
73 191 67 86
149 305 39 48
249 358 57 57
388 255 75 79
380 55 3 3
103 102 9 17
158 163 35 39
283 268 4 7
84 159 74 75
190 340 24 41
275 247 53 61
88 158 27 41
322 206 22 24
163 211 80 97
283 60 46 73
263 344 23 24
128 61 29 104
21 114 1 1
154 147 104 107
391 77 58 103
234 247 126 127
167 215 15 47
312 335 25 36
182 142 23 77
279 54 44 44
388 305 9 14
270 38 67 75
216 191 90 90
170 236 56 61
349 31 78 124
26 167 106 117
82 353 80 83
127 268 84 109
239 33 40 45
202 277 16 27
33 392 70 118
26 259 2 5
53 109 108 110
307 293 33 41
83 74 29 43
13 303 25 27
317 287 93 139
209 342 7 7
356 78 56 77
19 346 32 90
25 172 82 139
158 359 7 27
198 338 72 105
263 390 83 105
398 316 32 32
351 33 42 62
42 57 57 59
220 352 85 85
93 290 104 120
177 392 30 84
269 95 43 126
235 397 5 6
167 140 3 4
165 134 54 70
218 284 49 53
27 68 2 4
383 104 15 33
236 322 13 28
204 80 30 37
181 183 68 126
99 146 9 10
53 325 1 6
339 217 26 46
246 230 28 56
57 261 31 58
114 189 97 124
276 7 65 112
78 261 31 49
119 95 79 90
132 232 104 104
385 276 94 108
101 185 39 52
211 213 14 15
131 386 30 89
275 149 7 21
156 85 88 105
87 15 58 108
322 237 3 3
388 285 14 23
314 157 95 119
13 77 6 6
396 74 70 74
239 144 84 85
7 149 2 3
95 369 38 57
275 60 14 25
41 258 16 19
359 353 25 43
361 58 44 58
3 398 10 33
211 298 15 16
16 291 104 105
49 129 22 29
161 232 18 24
274 314 50 53
374 186 70 101
354 95 34 64
29 207 71 71
98 234 60 62
64 59 23 25
359 146 51 81
2 83 90 126
322 136 20 32
151 358 41 46
358 303 126 129
228 157 26 38
293 224 7 10
198 112 49 100
390 195 73 73
155 260 45 68
254 282 41 41
108 125 7 8
157 28 114 118
310 231 14 20
261 258 38 76
85 4 34 121
133 69 73 99
329 8 14 36
249 213 111 141
370 2 33 36
87 151 30 45
16 50 103 106
394 88 85 101
327 78 34 106
292 224 22 23
332 326 37 75
107 282 79 142
296 272 7 23
228 251 73 87
151 122 72 102
247 55 91 97
94 116 77 113
136 380 130 146
206 43 43 71
212 7 40 92
70 82 22 23
276 287 44 58
112 279 118 123
97 76 70 70
337 243 7 16
231 76 66 113
162 17 20 23
341 177 14 19
319 91 133 137
351 4 20 43
308 398 85 108
266 356 21 62
104 214 94 105
260 208 22 22
53 316 22 45
113 391 59 73
311 235 37 58
284 184 86 90
162 297 72 76
177 291 97 136
366 149 14 15
12 272 67 68
171 292 67 69
127 110 32 56
82 353 9 23
233 304 107 111
121 280 40 43
300 346 6 15
167 125 8 10
387 344 103 121
226 374 111 135
397 231 1 1
169 188 24 40
81 193 66 73
117 48 54 60
208 239 37 87
57 295 43 111
72 230 125 135
262 55 110 142
388 61 26 39
332 336 24 42
57 215 40 85
335 18 61 63
17 8 21 35
286 378 46 105
352 252 65 65
65 244 39 57
236 292 65 72
233 177 96 103
148 42 96 100
270 223 72 85
243 3 46 47
298 193 41 50
301 13 143 146
214 396 33 64
142 215 134 140
80 3 75 87
148 295 41 95
388 378 0 1
108 342 107 141
243 163 41 92
257 9 19 34
14 187 12 22
314 16 11 13
129 286 97 135
194 398 35 35
343 385 26 43
388 226 11 13
29 221 45 58
162 219 71 87
232 63 11 20
328 107 83 99
347 363 26 27
260 357 38 44
319 190 58 118
158 45 49 57
180 235 35 81
349 376 19 28
244 353 33 33
328 46 56 73
81 57 141 158
73 376 14 14
268 393 7 9
118 104 142 147
220 10 61 121
123 266 45 52
223 142 14 14
281 340 79 110
240 257 30 87
289 97 18 28
237 141 36 59
85 311 27 63
58 93 23 26
310 140 4 13
266 130 26 53
77 279 28 106
259 162 19 19
3 330 59 60
335 54 2 4
145 262 105 106
308 117 95 145
202 99 34 52
304 71 94 134
391 325 54 88
140 150 60 122
205 9 33 62
201 356 21 23
120 145 67 97
384 130 71 74
33 270 35 71
357 192 139 143
65 361 13 15
114 88 68 69
95 272 62 66
147 397 13 28
387 260 55 81
240 350 48 71
385 112 75 82
112 69 46 58
65 75 52 54
232 27 40 47
366 353 48 57
189 362 52 56
165 152 32 92
212 164 26 27
230 214 16 19
19 189 31 33
270 61 65 138
130 198 42 86
92 229 44 72
396 374 9 15
154 127 67 75
311 123 26 29
148 343 71 79
22 264 35 35
182 180 42 81
135 312 22 67
88 274 11 21
114 84 57 142
255 69 40 42
90 333 53 69
270 337 114 135
308 75 52 58
237 93 26 35
297 241 15 21
236 194 63 87
156 369 14 22
334 303 38 90
5 24 33 41
190 92 18 22
107 380 32 51
181 160 73 75
148 192 9 16
242 14 63 70
267 375 62 72
342 344 87 122
284 14 48 77
0 299 11 18
121 53 63 63
202 203 8 14
279 252 26 29
350 93 36 39
16 96 15 30
255 78 11 13
2 130 148 159
225 118 38 80
320 205 37 41
33 136 41 92
387 75 30 32
254 131 3 3
360 69 6 9
333 302 15 17
237 216 67 90
31 226 105 105
99 72 58 67
158 338 65 75
4 203 113 117
6 198 61 84
296 8 13 34
62 10 1 1
7 236 49 93
161 394 51 52
5 60 76 118
81 237 104 105
168 285 48 71
126 340 21 25
202 32 45 88
246 207 36 66
125 49 8 26
39 256 6 7
69 290 7 9
22 297 48 49
21 261 130 138
170 69 32 43
326 157 21 23
325 267 58 61
252 393 7 9
385 330 16 16
37 124 41 56
138 159 69 87
381 71 12 13
131 258 28 30
188 5 20 59
375 137 66 73
171 219 52 86
190 3 5 7
323 352 48 57
95 78 72 73
206 355 26 40
395 56 28 66
2 29 9 9
140 360 90 92
132 123 74 85
121 59 22 27
118 219 16 24
3 52 4 8
49 194 21 45
398 288 131 132
227 316 7 9
155 167 62 67
169 167 52 56
29 295 113 130
244 102 1 2
193 330 28 34
131 128 19 26
362 247 130 138
32 82 32 55
206 193 21 21
227 303 65 65
334 126 101 106
112 105 5 7
398 377 4 5
169 10 122 137
224 128 19 22
104 232 41 55
373 365 80 88
68 195 35 41
368 353 79 88
178 358 23 34
235 307 67 90
94 339 47 63
213 82 71 112
68 131 41 70
172 340 77 85
370 104 78 101
184 138 105 122
336 308 34 73
103 320 5 9
52 281 40 46
136 322 31 34
285 256 22 44
261 319 30 53
85 393 38 38
108 356 61 100
75 7 74 76
253 332 19 21
137 33 83 111
108 325 37 139
342 100 110 144
314 242 86 89
20 137 32 59
288 133 36 40
116 313 39 62
248 356 10 12
74 242 83 83
150 354 9 9
179 117 5 8
94 283 19 21
2 129 32 43
298 147 56 63
381 5 79 97
233 187 109 154
32 109 133 140
242 222 1 1
394 277 4 4
46 242 4 5
380 231 39 49
180 23 110 111
301 156 60 69
378 208 21 40
17 175 133 158
48 294 9 9
46 170 47 74
18 75 38 41
80 288 16 17
210 52 21 33
312 162 61 90
141 21 70 76
359 24 36 67
136 320 119 123
121 202 110 120
127 153 99 117
147 188 93 105
65 67 8 11
266 240 94 105
55 167 38 40
150 385 49 55
296 295 51 112
372 360 27 61
167 198 25 25
88 45 153 154
115 149 66 126
198 115 101 117
134 395 34 95
83 262 21 55
47 195 16 19
329 119 37 107
261 278 45 69
312 310 83 105
210 128 16 16
279 225 91 106
158 205 78 105
202 253 64 103
262 171 6 8
125 46 61 70
358 128 88 92
60 344 33 33
321 358 66 98
208 314 81 104
124 63 118 123
313 91 62 81
133 340 48 49
27 124 91 132
157 376 122 128
301 85 21 30
109 284 93 93
163 189 62 68
113 77 34 138
193 251 51 67
322 115 27 28
56 50 124 143
47 243 14 34
68 283 30 44
393 98 94 101
174 89 103 133
285 90 135 135
89 55 43 121
189 290 19 32
21 143 84 86
144 93 119 143
88 201 1 1
334 124 7 9
347 126 50 53
378 15 20 21
271 197 35 36
135 28 16 25
117 247 17 57
10 320 7 15
249 159 27 36
82 270 16 16
398 179 6 9
86 133 36 38
262 315 58 76
392 210 90 107
72 263 55 70
206 346 69 101
153 282 15 16
37 107 150 157
222 190 5 7
10 34 1 1
313 238 39 39
77 96 38 70
340 26 10 34
65 300 10 12
354 176 62 68
305 332 1 1
173 0 132 153
219 268 69 71
102 293 72 80
293 28 50 53
373 159 14 15
338 389 64 82
332 311 137 139
188 332 106 115
286 133 14 18
252 242 83 108
48 230 21 25
88 206 53 62
156 263 79 104
218 42 27 28
193 290 36 42
6 195 59 96
252 191 27 89
185 150 51 69
311 356 20 30
156 137 42 73
330 25 99 103
53 168 84 87
140 260 50 80
83 0 80 90
344 130 148 152
165 77 24 25
14 253 16 41
16 366 2 4
191 154 35 135
226 29 26 37
284 159 36 73
377 114 60 70
317 36 27 50
345 372 147 151
311 368 33 37
262 281 3 7
307 73 96 122
257 154 50 68
254 381 17 33
278 184 56 62
154 239 108 120
297 325 6 6
243 169 104 112
27 127 23 44
342 239 73 94
389 213 5 17
303 217 41 46
367 219 157 159
259 43 49 75
126 149 142 149
334 230 53 56
143 23 66 70
124 323 38 92
130 304 139 144
179 270 98 112
224 128 23 44
202 201 44 89
276 298 14 27
278 42 24 26
172 141 39 127
347 285 39 52
386 158 21 41
230 300 58 72
87 363 17 21
76 143 45 50
329 377 19 33
228 177 43 52
356 192 7 11
210 52 39 55
206 382 95 96
105 340 136 138
389 229 7 15
123 369 30 41
97 50 62 76
393 377 12 44
322 299 12 49
269 99 17 18
395 42 2 4
269 320 67 96
272 39 77 96
26 317 34 45
296 393 37 53
87 262 12 15
274 350 65 80
41 257 37 43
39 63 11 16
122 21 69 69
183 59 31 42
370 162 41 55
360 109 8 11
6 211 77 78
69 163 5 6
162 377 95 100
97 230 2 7
107 242 138 141
139 104 99 102
245 39 38 56
349 161 15 33
42 212 2 4
277 318 37 82
8 25 26 38
29 326 34 57
357 194 27 27
331 80 54 74
87 64 148 152
389 267 115 157
36 172 19 29
162 166 126 127
231 126 39 52
358 11 82 86
182 86 4 7
303 252 89 151
221 147 42 139
228 170 98 101
227 331 58 62
184 64 42 42
71 136 64 141
150 5 67 125
100 102 33 81
242 16 109 129
121 59 44 44
344 134 55 84
116 149 125 128
364 242 45 85
316 228 42 143
363 60 38 85
220 235 115 118
324 92 8 8
3 285 22 36
27 86 101 104
31 185 38 40
226 8 32 56
206 63 12 20
175 280 24 29
252 46 14 37
67 194 11 14
84 79 1 3
307 351 26 40
91 175 25 29
377 162 48 53
168 15 72 96
292 45 80 81
344 211 44 72
105 130 19 47
233 376 37 37
37 82 24 50
305 240 29 51
293 382 8 8
59 179 1 4
366 305 35 46
108 114 51 65
102 112 21 82
81 60 66 91
347 9 52 54
168 136 15 17
373 12 21 40
250 71 16 32
122 305 103 104
133 160 72 77
249 375 52 57
309 16 62 66
156 370 131 146
174 360 117 120
269 19 32 52
20 338 21 32
313 267 5 5
174 81 71 81
221 166 30 32
255 14 80 82
170 318 60 65
228 188 86 94
21 103 107 109
117 197 31 45
22 374 29 75
166 325 108 109
159 185 37 41
139 297 1 4
360 130 53 55
75 313 34 34
122 387 38 41
12 322 18 39
193 96 54 63
301 390 55 110
283 99 105 109
60 23 107 132
389 178 98 129
344 100 12 34
203 53 0 3
100 109 83 100
308 374 0 2
11 384 15 34
283 121 11 19
314 333 23 27
200 297 17 20
91 15 13 15
67 237 57 58
301 60 3 4
324 57 13 13
328 301 5 9
16 327 32 35
294 21 62 109
188 215 22 28
241 51 99 99
130 177 15 21
154 3 62 69
266 395 50 115
99 379 96 109
68 387 124 128
325 0 15 56
112 393 51 77
71 339 96 101
21 326 8 10
324 83 52 86
115 2 61 67
213 58 47 86
339 398 91 96
194 244 28 91
214 298 13 28
49 62 131 133
359 55 36 47
281 62 89 140
180 238 38 65
117 163 32 34
78 139 38 108
378 19 74 112
342 229 53 102
385 160 31 43
26 198 14 18
67 159 41 41
32 154 74 77
139 44 21 26
41 167 30 41
370 283 33 44
356 367 154 157
49 359 31 52
46 360 50 54
102 222 52 72
145 92 90 111
344 377 36 43
295 314 35 52
133 131 38 88
71 72 75 101
279 71 15 16
107 238 12 17
241 186 24 24
82 311 46 49
151 92 40 48
242 84 142 142
121 243 80 108
273 238 34 99
61 398 19 39
343 35 48 55
39 117 111 120
243 116 137 138
357 361 76 118
306 361 32 47
394 187 68 84
85 339 13 14
295 339 59 85
180 34 58 94
23 368 53 124
334 308 119 135
187 9 38 39
101 194 37 121
73 262 50 57
351 370 6 9
97 109 68 81
224 44 35 37
41 380 100 108
162 203 33 61
398 1 2 5
2 195 131 138
211 146 136 140
84 36 105 131
285 393 38 53
121 395 110 113
335 395 88 88
231 61 49 55
331 265 44 79
272 57 50 57
335 130 11 12
22 362 4 5
10 321 100 108
356 40 89 94
376 242 85 155
22 54 56 61
352 192 36 37
54 336 45 53
57 102 0 3
348 216 20 43
69 80 31 43
147 61 1 4
299 244 3 9
27 388 17 17
113 246 39 105
218 254 54 126
55 277 33 33
316 281 142 144
236 239 20 23
312 78 52 53
66 41 23 36
193 345 112 116
293 348 58 117
375 52 49 52
21 369 45 49
189 89 75 75
18 227 55 55
283 272 103 109
226 172 36 57
92 7 56 60
189 37 91 111
84 129 17 18
86 393 12 31
373 264 24 26
143 254 70 89
69 245 27 43
93 59 59 126
380 99 20 42
40 153 30 55
329 93 42 89
81 322 41 48
124 79 18 21
303 299 17 52
335 80 40 49
394 4 85 110
339 265 69 86
165 57 40 53
391 197 38 46
13 8 19 19
374 276 21 40
193 69 41 42
344 329 94 100
334 115 16 20
178 247 20 44
74 26 25 36
114 299 3 8
256 93 89 105
91 360 11 14
64 92 23 35
317 331 88 90
335 333 139 151
143 250 70 106
301 393 49 53
374 95 8 12
295 152 126 127
184 336 6 9
220 116 52 77
289 112 40 64
278 340 121 122
58 218 6 10
188 9 97 112
346 311 97 111
62 88 90 95
350 162 31 61
141 74 108 116
44 298 109 112
126 283 51 62
354 49 61 62
82 144 55 112
181 125 60 66
374 54 7 11
193 331 45 50
43 265 23 43
278 26 95 108
58 370 23 50
196 329 8 16
201 326 39 91
100 50 26 29
259 34 52 68
173 348 55 57
242 142 15 21
244 101 75 89
389 35 4 4
171 374 69 80
174 221 46 64
181 40 62 104
324 370 27 61
25 98 116 121
298 179 36 36
314 330 81 101
310 181 7 9
97 2 22 29
311 115 88 92
391 228 102 103
314 89 59 79
193 195 40 68
199 179 14 26
310 88 46 77
128 381 34 35
64 375 6 6
362 328 66 74
214 336 77 116
67 117 67 70
1 108 1 2
128 111 63 80
204 182 104 122
147 209 25 26
1 210 29 29
240 2 84 84
188 341 56 59
165 166 56 62
304 49 11 11
156 190 113 125
210 317 23 67
270 323 90 130
321 222 93 93
391 363 107 130
393 111 55 87
146 1 99 100
238 234 49 70
387 128 30 60
6 325 97 97
162 380 137 152
274 161 71 76
322 216 39 81
330 392 15 20
116 366 44 101
185 390 27 36
161 205 78 94
113 110 7 10
58 135 19 28
12 280 63 79
289 149 18 27
319 322 47 53
87 108 82 103
274 136 49 51
233 135 22 26
98 389 98 106
171 77 14 25
130 213 68 77
95 300 95 95
28 222 10 38
248 293 11 15
330 201 1 8
12 118 20 27
38 22 52 60
172 139 30 40
330 280 9 10
318 160 14 19
309 141 27 29
318 262 54 60
73 333 20 45
144 281 42 60
206 124 42 133
202 275 47 52
300 246 62 140
352 131 63 72
143 277 93 99
365 146 39 44
268 338 56 65
212 58 76 77
277 189 42 45
103 223 89 91
318 287 33 47
311 338 4 8
297 15 3 3
88 193 26 26
126 312 2 5
20 136 16 19
294 350 100 102
20 299 32 55
200 279 129 136
205 291 88 96
306 94 78 83
281 146 37 52
250 32 24 30
89 264 27 28
110 216 9 19
68 324 73 80
139 74 20 23
158 66 1 2
19 326 71 71
167 246 34 59
304 337 56 69
239 206 61 83
281 167 36 41
118 388 90 94
204 156 22 25
322 317 69 82
85 346 70 85
239 9 51 82
297 201 18 24
342 243 59 63
337 145 24 29
197 108 6 7
283 306 38 69
379 385 20 21
119 95 52 74
354 161 36 37
357 100 19 47
308 184 54 85
295 177 18 20
267 156 43 59
380 287 33 42
294 69 40 59
38 307 107 131
97 212 14 15
67 104 11 30
66 201 45 48
389 75 27 27
73 89 21 26
290 157 46 98
170 350 27 58
215 166 70 85
178 253 24 61
131 95 126 126
171 307 58 87
395 288 61 64
130 119 47 84
297 270 56 98
77 319 10 12
92 188 17 22
256 377 1 3
243 222 38 44
303 124 93 118
310 384 45 67
147 3 22 41
172 328 36 78
240 175 13 35
349 164 24 83
8 131 79 102
396 36 79 84
31 201 77 131
312 245 11 16
52 379 66 83
51 184 95 108
282 244 46 69
270 214 114 114
159 100 70 74
120 282 13 14
203 283 63 66
367 109 28 31
128 286 81 87
104 121 19 28
237 281 127 129
244 52 38 73
189 69 33 34
356 220 81 84
139 4 71 78
113 246 33 61
125 54 18 42
323 172 58 93
62 290 132 138
1 286 77 96
153 356 148 151
60 138 54 54
214 166 28 31
215 241 80 81
257 71 10 14
384 333 0 0
84 111 79 109
19 356 39 73
192 188 64 76
325 142 5 6
21 129 53 111
338 203 18 23
52 291 96 104
37 312 125 136
144 106 55 86
234 82 122 129
133 31 110 121
308 393 18 21
385 383 5 15
339 290 24 35
173 336 65 66
32 203 85 111
199 188 74 107
376 317 56 81
193 156 11 11
51 262 119 127
168 82 100 107
141 206 112 112
285 125 15 21
184 386 120 122
175 7 31 36
214 267 57 73
359 78 66 125
49 96 78 101
233 165 42 112
116 82 25 73
68 59 25 66
0 205 60 63
355 120 38 45
306 20 73 112
288 148 25 77
374 49 65 134
81 270 45 45
348 334 69 105
176 363 35 76
29 352 78 116
333 75 16 17
315 255 26 29
270 263 82 93
181 395 58 61
214 206 90 101
18 330 60 116
46 366 12 12
201 100 21 41
132 4 4 4
321 148 47 76
148 195 52 66
292 176 84 105
100 31 3 3
393 387 37 56
29 382 5 8
247 324 124 133
357 153 38 115
389 388 62 63
282 203 59 78
93 276 33 35
81 250 109 122
296 361 58 104
393 158 45 73
310 47 22 23
312 336 134 138
72 249 26 63
319 256 46 69
314 17 20 23
88 217 65 79
33 81 17 20
355 215 41 60
385 70 44 56
357 31 23 76
259 379 56 118
395 49 33 42
321 63 45 47
161 389 37 39
73 119 50 76
265 193 53 55
334 189 78 90
191 293 111 138
360 332 57 58
385 142 13 17
193 300 44 44
27 359 36 36
391 264 70 86
60 8 29 40
41 29 15 26
152 295 36 46
161 291 34 38
200 135 14 19
176 25 37 39
21 270 44 69
367 36 43 79
275 300 82 85
129 108 71 84
142 269 9 10
1 275 78 79
372 18 88 119
312 73 10 11
365 357 98 117
65 123 37 37
39 307 37 74
262 215 47 100
328 51 42 78
281 32 17 40
121 77 51 72
160 280 63 71
375 368 74 77
309 157 40 41
330 99 42 93
362 379 0 4
158 345 104 119
291 135 40 90
227 284 2 3
245 218 130 158
296 339 66 88
117 217 47 122
158 318 13 34
130 16 1 1
335 219 105 114
206 60 46 79
176 303 30 71
89 346 9 37
366 92 33 45
335 213 5 6
280 87 18 29
316 247 34 80
49 346 42 54
112 39 49 65
355 283 21 25
47 41 25 34
365 92 12 27
10 229 3 3
260 339 1 1
318 395 35 49
284 146 35 58
101 398 27 34
310 295 42 47
341 199 39 55
277 51 24 25
275 76 91 131
230 362 25 52
56 295 10 11
27 176 64 98
144 131 21 25
277 317 25 25
282 235 41 58
66 194 12 23
149 32 36 38
236 167 81 115
7 185 145 147
237 29 36 54
219 266 10 20
11 141 67 71
363 95 4 7
320 107 6 9
288 186 2 7
314 162 64 93
212 300 12 16
155 273 3 5
254 59 122 137
304 243 98 100
112 168 44 61
272 167 106 106
151 340 24 28
225 46 12 25
386 54 72 116
155 79 140 150
83 232 34 47
294 348 24 34
139 42 46 101
313 168 8 8
207 391 38 72
159 172 69 87
288 256 9 10
121 375 23 31
240 67 89 105
377 147 54 92
42 143 27 53
153 290 79 92
350 152 30 30
0 380 5 13
153 80 11 16
51 363 107 109
385 210 1 1
320 30 6 7
333 56 31 45
81 100 37 38
1 22 106 108
29 332 18 72
96 127 0 0
28 356 13 15
42 120 119 146
231 339 49 93
244 143 15 18
113 255 62 92
164 246 68 74
322 9 73 104
140 127 118 149
191 356 67 72
26 275 42 45
282 309 45 66
268 132 60 73
232 277 35 74
178 286 15 18
294 192 45 75
115 335 13 15
211 256 16 16
149 0 43 51
55 231 89 94
117 38 61 101
343 11 105 126
329 205 50 108
293 285 29 119
352 175 20 26
200 75 34 34
110 278 53 62
328 345 11 29
235 361 16 40
284 373 28 40
102 292 117 129
275 43 27 69
177 314 54 133
361 12 27 34
268 141 41 58
391 25 112 119
172 306 6 10
166 198 43 50
376 38 35 41
332 248 102 132
155 126 45 73
374 335 52 69
386 251 22 60
21 80 4 7
241 11 15 23
316 392 51 110
158 341 33 39
263 317 55 59
276 49 114 119
242 205 46 59
296 197 70 71
2 373 79 123
176 295 26 26
146 390 92 107
285 284 68 87
19 105 34 46
60 210 85 115
66 22 13 36
375 373 36 57
80 307 29 58
118 13 86 123
341 365 68 136
135 215 100 104
185 291 1 6
127 339 45 61
270 328 11 14
57 300 33 35
16 393 115 141
242 243 63 94
160 137 79 81
85 89 52 76
16 307 35 36
294 346 56 83
36 265 70 71
234 83 34 53
141 206 1 1
272 92 98 106
363 294 29 33
187 99 96 120
309 341 71 86
56 326 10 11
252 271 140 149
269 24 88 121
324 349 19 28
375 111 45 51
198 216 33 36
352 311 0 2
132 270 129 139
180 359 29 57
42 269 39 50
33 321 88 132
249 74 81 96
8 150 0 0
116 370 30 84
308 257 28 38
250 34 39 64
248 396 27 30
150 331 62 67
384 3 22 31
121 192 30 37
390 237 66 71
275 315 67 100
169 368 73 98
320 382 48 70
297 208 92 97
153 244 47 65
75 80 26 45
234 258 28 30
305 353 13 17
253 258 0 3
306 309 56 127
86 280 60 60
151 206 28 36
362 278 45 50
167 5 95 100
130 301 34 34
87 65 21 32
252 126 53 63
287 280 50 86
275 180 52 54
270 140 55 60
271 201 37 59
145 47 15 35
281 395 33 34
385 351 14 26
379 264 76 76
203 222 32 41
231 344 91 93
361 61 67 81
335 107 63 100
37 337 22 26
382 30 6 8
354 33 60 122
80 21 17 27
211 95 11 13
318 27 32 51
318 324 34 106
80 380 57 88
113 239 19 21
358 106 54 56
48 270 29 40
383 62 33 88
259 105 95 104
355 191 88 109
263 368 20 20
234 17 79 79
261 13 14 14
81 350 96 123
326 35 51 51
314 14 106 131
175 45 13 15
25 61 118 120
241 9 30 30
330 218 144 149
342 297 13 26
225 372 21 34
369 96 18 20
41 157 10 15
18 21 81 121
363 191 128 129
283 336 29 76
8 142 142 152
306 42 24 89
68 351 113 137
359 16 76 77
88 279 86 119
190 286 54 98
60 289 72 105
281 7 18 23
56 83 73 74
168 374 69 76
267 186 81 96
56 121 83 118
128 177 19 20
179 265 100 114
234 105 75 124
366 54 100 114
250 36 63 97
148 41 1 1
350 157 48 97
80 72 17 29
242 337 60 80
376 176 8 17
65 118 6 6
98 231 9 21
216 157 86 103
209 348 93 94
280 173 42 57
95 309 23 68
145 353 29 30
306 260 48 67
194 134 54 93
13 5 26 42
344 169 66 78
349 37 48 114
170 174 58 82
64 10 26 98
124 223 57 58
56 62 85 91
350 37 72 136
225 220 41 106
203 204 118 142
282 183 98 104
31 135 41 85
261 124 122 127
51 271 19 20
331 129 132 135
318 64 3 5
169 93 104 141
362 179 62 63
245 197 25 57
239 149 124 124
195 293 75 96
362 374 4 4
149 113 20 21
160 178 10 10
385 371 16 19
93 376 29 77
389 179 46 49
169 215 37 75
150 309 34 35
25 252 42 82
234 24 43 88
391 170 4 7
350 260 50 80
345 185 39 54
230 347 92 109
70 304 30 33
103 278 41 71
124 395 25 31
359 316 94 94
101 374 13 17
64 378 113 148
81 40 70 147
264 158 16 23
174 123 102 129
371 42 3 8
161 37 6 9
385 199 36 102
300 286 97 153
331 48 16 52
267 384 6 8
358 81 50 81
360 229 14 22
313 390 39 45
238 34 45 117
201 106 44 96
361 319 17 56
49 50 99 99
203 57 52 56
266 197 28 45
264 319 17 17
318 300 64 69
78 289 57 83
242 146 19 20
8 200 11 13
140 49 51 65
395 184 88 97
219 259 11 30
390 25 22 31
345 106 75 82
3 101 36 82
169 173 40 55
2 4 31 116
100 49 29 52
259 363 9 19
385 303 88 140
262 232 49 50
148 319 52 81
74 65 46 87
265 288 97 98
165 85 19 20
228 235 29 52
73 181 109 111
324 384 145 152
159 314 68 124
388 168 45 48
263 310 38 41
130 360 55 63
199 318 52 86
123 99 64 81
255 278 24 33
56 28 53 55
179 265 67 81
375 315 30 56
159 144 64 138
149 17 6 6
313 316 8 25
50 164 39 119
287 375 10 16
213 269 72 107
134 20 70 119
40 229 99 100
243 336 5 17
153 91 0 1
387 390 42 56
365 113 44 100
37 61 96 96
2 199 63 66
97 31 39 88
166 197 27 51
288 371 29 30
96 155 13 14
141 360 63 100
166 61 89 91
293 235 19 56
91 171 131 135
39 6 21 23
219 125 35 65
154 159 64 64
309 350 127 131
304 115 28 38
277 347 16 17
239 8 29 30
225 197 23 24
135 13 26 41
33 100 68 82
18 205 90 152
167 244 36 40
56 183 30 34
239 236 65 130
306 234 31 47
306 351 18 27
263 200 55 55
191 240 134 136
100 183 119 133
59 22 41 52
82 224 82 83
385 356 34 43
259 24 88 100
291 190 78 129
217 30 43 65
295 234 50 56
165 10 46 93
287 7 72 80
162 163 1 2
240 220 77 92
104 148 81 88
374 371 40 47
270 172 44 75
150 24 116 118
379 359 72 72
58 114 17 22
375 347 12 19
362 144 37 55
242 270 30 32
368 22 5 5
32 70 18 58
338 370 88 95
233 151 49 94
180 384 67 71
274 383 43 72
185 298 72 122
333 201 36 50
195 10 40 95
85 124 20 47
192 397 72 108
19 280 73 94
358 276 27 33
254 91 50 78
15 99 10 25
37 62 94 108
146 19 41 52
154 204 102 117
320 186 70 73
181 347 28 47
82 21 12 19
322 191 12 13
64 265 86 117
374 66 73 94
307 382 92 120
202 251 90 102
70 168 77 87
162 186 29 58
311 397 10 18
223 217 54 73
295 36 47 47
258 163 59 92
131 296 10 23
157 369 34 38
353 132 63 75
64 369 52 78
160 186 69 97
352 210 11 13
115 70 22 57
365 138 48 83
3 377 107 136
387 379 96 104
10 287 17 24
236 54 103 106
123 201 27 76
348 352 89 93
213 129 36 38
373 7 52 106
307 384 2 3
136 298 3 3
228 179 61 96
28 84 48 52
387 394 9 33
228 350 2 9
238 325 74 78
374 132 30 30
344 153 95 99
181 338 12 13
10 89 23 40
211 36 10 29
311 170 13 28
386 143 30 37
35 90 23 23
221 369 85 113
353 328 88 98
151 375 33 39
157 308 23 24
19 129 49 121
93 59 1 6
354 208 75 123
354 292 43 52
323 52 97 100
163 140 6 7
285 195 2 2
353 239 20 20
189 171 46 86
83 298 66 142
64 257 44 63
78 360 0 1
246 186 100 104
398 231 1 1
189 274 139 151
38 295 18 46
378 47 5 6
396 139 12 31
66 256 131 137
279 186 12 39
22 204 4 7
35 215 63 79
181 113 7 11
336 211 30 57
361 355 11 22
265 5 43 62
229 132 35 54
372 40 25 26
125 81 21 50
313 368 83 101
289 64 11 26
58 130 22 53
100 362 25 28
264 306 19 23
133 369 46 63
389 364 40 49
202 263 109 117
309 339 17 23
25 304 74 93
65 251 69 76
143 338 6 6
89 179 57 99
272 55 1 1
172 137 18 25
284 290 119 147
77 42 13 19
302 72 74 112
358 250 6 9
267 338 128 145
381 134 17 18
45 276 69 72
316 178 60 118
284 72 12 16
297 254 39 41
247 355 56 76
59 21 27 34
328 282 67 134
348 172 42 110
95 66 94 116
132 299 63 74
69 352 115 118
73 23 48 49
346 34 15 22
134 5 34 34
280 73 28 49
38 120 8 23
330 309 75 83
71 176 6 9
182 81 23 55
386 397 78 114
91 24 23 32
306 195 12 16
58 217 3 3
273 226 10 15
240 6 66 84
149 27 64 84
310 240 139 140
13 142 9 9
283 90 20 22
141 147 84 88
297 167 67 76
90 143 137 141
390 38 13 16
229 301 14 27
6 193 57 69
198 381 25 44
148 46 76 134
369 39 59 74
337 240 9 25
130 219 85 89
175 247 57 57
164 266 85 107
172 156 55 140
212 140 82 117
314 63 66 72
2 150 66 68
279 232 15 15
211 5 5 9
40 83 46 86
265 173 131 131
98 384 17 37
315 174 47 68
40 390 105 125
122 370 12 20
292 159 95 103
389 365 81 106
338 241 34 88
392 116 74 82
101 130 14 17
150 368 53 71
12 248 20 23
62 359 9 12
374 339 104 129
288 300 15 22
164 76 17 28
106 371 35 50
275 88 33 48
314 344 69 83
325 188 110 121
284 105 10 22
273 54 23 25
297 324 76 80
372 14 43 45
280 116 10 12
361 233 79 91
51 71 31 39
276 136 5 5
11 183 48 88
205 267 46 54
166 291 31 59
312 73 30 68
2 24 24 89
319 121 4 10
222 136 14 26
145 367 141 151
366 194 36 104
13 44 14 26
263 397 23 26
315 131 91 95
250 54 60 71
201 166 4 11
13 229 135 135
348 316 62 69
27 336 72 91
219 247 52 58
396 226 69 97
211 360 49 63
173 8 129 132
177 138 94 118
152 106 70 70
113 24 43 79
365 366 123 130
357 328 57 78
123 42 34 36
389 84 122 127
332 391 3 3
301 217 58 107
18 300 74 102
360 382 79 87
234 330 24 28
249 86 119 120
213 371 33 34
218 192 6 13
142 264 29 56
330 190 83 88
21 110 26 30
361 368 29 33
224 80 22 22
347 202 39 54
77 173 14 25
181 199 51 54
155 395 45 51
376 370 88 104
151 225 90 96
347 68 32 70
257 26 6 8
46 329 121 122
153 198 40 66
124 369 21 49
5 137 134 135
384 168 67 108
101 170 40 64
44 65 10 12
225 273 38 38
191 305 95 96
363 115 37 68
8 231 48 126
371 112 32 42
175 331 7 10
363 250 70 83
216 52 3 5
245 52 69 103
139 379 124 127
379 0 62 97
101 216 44 55
338 247 1 5
345 119 92 117
331 192 137 138
197 207 14 17
296 148 60 70
303 12 117 154
80 33 5 6
98 153 30 52
22 59 38 50
133 76 93 103
312 323 58 64
381 64 77 93
354 293 41 68
184 16 82 83
112 372 149 157
8 275 0 0
225 395 6 13
217 9 26 37
312 80 42 49
278 361 4 5
215 372 68 98
145 209 35 85
387 139 31 48
378 282 10 25
285 173 24 26
341 75 9 12
200 26 91 122
382 310 9 15
72 64 21 43
344 15 31 41
16 244 37 90
56 41 121 130
65 9 101 108
4 316 58 121
329 215 35 70
283 287 12 20
286 118 28 29
239 183 84 152
139 294 44 78
74 264 108 115
329 284 35 83
88 1 8 8
353 385 52 64
367 271 146 151
346 353 38 38
73 358 64 126
170 71 15 39
250 83 6 7
275 42 19 19
151 41 33 78
117 252 101 117
332 8 23 49
89 124 16 55
308 63 47 59
343 83 43 55
329 60 41 111
121 62 39 63
221 284 3 4
72 132 36 59
374 76 28 51
335 176 53 76
243 95 130 134
245 99 1 4
397 276 3 4
134 26 11 13
100 302 30 79
123 174 11 22
65 13 77 85
51 24 17 22
90 320 40 88
315 208 67 69
265 58 34 34
282 300 8 23
198 101 91 126
270 159 6 8
298 114 48 60
115 206 122 123
195 141 43 118
131 311 83 97
101 279 52 53
275 377 50 56
189 117 6 19
366 388 14 22
112 268 32 65
254 103 118 123
196 199 140 151
340 66 56 64
61 243 12 19
286 281 22 52
67 180 91 96
58 333 10 13
262 86 15 24
368 127 23 43
38 313 47 106
35 346 17 22
144 375 27 30
295 89 52 67
186 128 67 67
64 1 44 57
381 237 21 23
41 128 105 109
354 166 3 4
67 357 89 102
283 354 146 151
251 298 101 107
48 6 23 33
171 20 43 44
285 351 23 65
6 80 94 110
180 260 31 42
290 12 73 83
258 31 64 96
163 267 25 60
82 73 17 24
310 26 7 30
251 145 76 78
1 227 98 99
12 242 23 23
283 388 16 22
262 168 126 143
34 67 136 158
365 194 148 148
207 77 18 28
170 386 66 99
316 233 10 12
34 381 7 8
302 284 79 105
304 284 30 34
115 82 59 86
20 171 25 37
189 303 99 107
167 143 40 53
324 45 84 112
233 128 75 104
93 122 8 12
312 228 13 23
97 109 43 45
384 37 16 27
174 69 29 31
102 389 94 96
220 76 76 87
255 8 59 59
62 229 112 143
253 101 38 43
111 372 24 27
207 210 41 44
205 54 97 102
169 367 75 97
308 374 34 65
266 171 58 61
322 226 62 82
226 160 41 81
225 28 98 115
114 174 39 89
101 70 116 117
74 65 26 28
15 234 42 87
73 142 47 70
59 99 35 111
374 33 64 99
334 265 49 55
73 112 41 99
196 57 51 138
45 153 22 22
182 265 58 76
125 283 18 23
3 194 74 96
23 103 20 33
181 387 38 64
321 4 22 23
235 390 32 129
240 220 23 26
183 28 155 161
61 15 29 45
231 77 41 85
254 102 99 107
224 85 13 15
311 166 80 89
48 381 98 103
213 219 91 94
45 221 117 134
147 272 62 138
339 171 57 64
174 385 105 109
377 79 32 34
339 176 34 67
352 214 66 69
307 3 15 61
256 360 81 84
319 361 5 11
171 107 12 18
32 51 22 24
309 264 16 49
298 296 27 47
340 51 39 42
43 64 86 109
296 94 94 121
81 272 125 126
218 157 51 63
106 179 27 30
246 308 46 61
187 292 83 114
66 273 13 17
202 10 31 97
361 136 4 4
287 128 7 15
281 7 18 25
82 46 110 111
373 20 39 39
165 84 16 16
168 226 63 100
394 19 44 116
274 243 30 44
365 336 13 18
238 348 56 72
254 201 121 148
289 130 14 23
230 17 3 12
299 204 71 138
270 192 8 10
186 196 69 70
204 344 95 105
37 119 8 11
220 39 98 111
363 150 63 74
271 154 24 24
95 387 71 80
27 230 91 117
390 121 58 77
60 181 20 21
306 383 1 1
189 14 76 77
161 359 13 17
96 181 21 24
138 13 40 43
259 102 18 37
360 372 4 5
124 267 53 77
4 369 33 48
37 12 68 69
131 368 12 23
247 85 8 18
201 276 1 1
288 195 60 100
119 374 25 38
314 139 57 57
118 25 52 52
333 165 60 60
231 164 13 17
298 115 11 11
241 264 8 17
143 309 39 59
109 279 81 121
186 229 102 105
386 324 139 157
51 362 10 23
315 92 12 19
113 81 5 8
377 122 22 26
346 364 61 63
313 59 28 95
391 88 52 118
146 83 93 93
88 278 117 119
52 224 59 88
213 306 28 36
139 79 19 23
119 88 119 121
240 236 117 148
305 171 32 33
114 129 19 29
158 129 29 30
31 373 88 101
285 156 64 79
237 243 2 4
110 172 39 45
264 363 101 116
217 55 44 54
97 147 69 84
7 8 23 73
37 176 97 102
2 9 82 109
295 184 9 23
354 221 20 25
220 293 30 43
212 220 9 10
220 94 56 80
0 149 58 59
43 346 63 63
122 240 15 28
186 80 11 13
115 167 29 34
78 64 70 82
126 379 62 117
325 220 30 67
73 194 83 84
317 126 1 4
313 52 84 90
169 260 78 91
180 341 80 81
227 45 6 7
378 72 17 41
122 47 57 58
213 123 100 114
288 67 79 137
371 346 32 114
99 9 10 23
240 68 55 62
5 295 10 34
281 9 38 107
224 78 44 46
59 172 15 20
361 142 81 102
134 258 14 23
6 40 33 40
381 48 78 82
194 392 20 33
297 306 96 107
229 31 70 101
305 131 16 25
256 203 32 33
116 384 1 4
375 9 24 24
281 166 48 54
108 387 77 82
44 194 17 38
37 106 110 138
330 349 13 16
39 333 84 90
373 70 27 97
136 60 54 68
211 275 23 29
249 379 7 8
211 316 15 20
367 327 115 126
49 384 135 138
327 180 35 39
396 56 124 138
120 63 99 141
207 364 84 111
79 76 17 42
374 140 29 54
141 206 14 14
191 51 120 131
57 177 39 55
362 195 66 90
327 332 55 88
355 151 10 13
168 225 25 31
359 382 74 118
249 396 14 52
170 134 65 68
176 27 23 23
287 3 79 79
1 373 33 39
343 275 68 84
211 241 18 24
346 272 16 16
277 156 76 103
127 147 20 33
66 93 21 23
56 281 95 95
148 32 35 54
281 212 8 18
221 91 43 85
232 173 1 2
264 297 49 50
33 322 23 25
356 351 61 66
8 256 23 34
159 287 39 55
101 265 27 74
140 291 95 95
60 59 28 31
361 396 6 6
269 55 106 108
340 320 56 107
300 19 4 4
96 65 95 123
9 31 54 106
247 114 120 139
306 5 42 43
35 186 85 116
61 112 107 124
357 74 7 18
57 349 123 123
302 382 8 8
282 76 13 52
344 326 19 20
227 72 121 122
152 232 113 141
212 247 34 104
145 125 41 130
374 281 19 20
60 9 34 34
320 302 74 76
147 33 46 51
353 342 16 16
199 269 120 137
229 268 37 41
51 356 58 107
141 331 23 66
361 231 106 108
17 101 36 61
230 210 26 33
315 10 102 114
215 28 3 3
105 233 7 7
285 349 59 78
361 110 17 43
53 109 56 61
254 267 7 17
200 346 38 46
391 262 75 88
82 380 37 108
349 331 102 102
226 344 65 75
94 281 66 154
47 296 40 65
118 353 75 90
192 92 64 97
332 379 20 29
249 370 13 15
171 370 75 78
157 361 40 96
344 152 28 36
184 201 57 95
309 98 20 21
25 126 142 150
369 380 104 119
289 388 16 17
296 148 17 30
333 373 5 6
144 311 17 46
77 55 14 28
334 198 5 11
262 96 39 43
128 344 53 65
39 6 4 12
162 255 40 51
0 25 12 31
7 345 71 72
32 249 23 27
188 333 67 80
169 216 22 25
259 148 66 71
118 184 12 14
278 317 67 128
317 256 9 28
335 299 66 77
224 20 15 53
299 293 110 113
354 121 3 4
99 244 9 29
258 285 98 98
297 56 48 64
252 104 79 84
212 81 64 102
350 384 85 90
