600 7200
0 1 87 120
1 2 95 109
2 3 25 27
3 4 71 106
4 5 36 41
5 6 41 53
6 7 70 87
7 8 31 41
8 9 28 40
9 10 72 90
10 11 4 5
11 12 21 23
12 13 5 7
13 14 11 11
14 15 52 76
15 16 58 68
16 17 47 56
17 18 11 13
18 19 29 49
19 20 2 5
20 21 22 24
21 22 118 120
22 23 62 64
23 24 70 76
24 25 116 123
25 26 118 124
26 27 45 74
27 28 38 46
28 29 26 27
29 30 30 32
30 31 44 64
31 32 60 75
32 33 53 54
33 34 45 47
34 35 76 80
35 36 18 19
36 37 68 78
37 38 63 65
38 39 42 43
39 40 31 34
40 41 111 112
41 42 17 18
42 43 43 54
43 44 36 37
44 45 28 29
45 46 18 21
46 47 34 34
47 48 71 104
48 49 26 27
49 50 76 104
50 51 0 0
51 52 33 40
52 53 4 8
53 54 18 21
54 55 52 62
55 56 7 12
56 57 56 65
57 58 47 78
58 59 79 84
59 60 5 5
60 61 4 7
61 62 7 11
62 63 46 50
63 64 42 51
64 65 58 94
65 66 41 41
66 67 83 85
67 68 42 53
68 69 56 56
69 70 12 16
70 71 69 71
71 72 48 63
72 73 51 83
73 74 86 89
74 75 19 24
75 76 74 106
76 77 44 45
77 78 9 12
78 79 115 125
79 80 32 32
80 81 55 58
81 82 73 84
82 83 22 23
83 84 14 20
84 85 69 82
85 86 118 124
86 87 12 17
87 88 55 55
88 89 3 3
89 90 73 74
90 91 2 5
91 92 36 36
92 93 57 64
93 94 17 23
94 95 57 65
95 96 17 26
96 97 101 105
97 98 35 38
98 99 24 41
99 100 7 7
100 101 5 8
101 102 21 21
102 103 17 19
103 104 74 90
104 105 32 34
105 106 34 38
106 107 18 22
107 108 7 8
108 109 8 9
109 110 83 83
110 111 66 86
111 112 23 37
112 113 89 89
113 114 59 64
114 115 67 79
115 116 90 96
116 117 37 38
117 118 57 57
118 119 66 72
119 120 25 28
120 121 29 39
121 122 39 42
122 123 3 5
123 124 7 7
124 125 64 65
125 126 67 71
126 127 68 86
127 128 114 117
128 129 46 54
129 130 82 85
130 131 95 109
131 132 80 81
132 133 75 82
133 134 23 41
134 135 104 107
135 136 33 48
136 137 25 27
137 138 54 64
138 139 52 55
139 140 98 104
140 141 35 39
141 142 23 29
142 143 41 46
143 144 27 48
144 145 23 44
145 146 71 112
146 147 43 59
147 148 71 71
148 149 39 46
149 150 39 43
150 151 19 23
151 152 37 37
152 153 21 22
153 154 39 40
154 155 84 90
155 156 60 61
156 157 2 6
157 158 34 37
158 159 58 58
159 160 37 40
160 161 53 62
161 162 81 86
162 163 8 11
163 164 62 68
164 165 24 37
165 166 25 41
166 167 59 60
167 168 13 18
168 169 54 64
169 170 28 32
170 171 14 18
171 172 35 35
172 173 14 14
173 174 44 54
174 175 91 96
175 176 37 43
176 177 9 10
177 178 48 51
178 179 22 37
179 180 70 76
180 181 95 96
181 182 75 79
182 183 20 20
183 184 24 31
184 185 43 45
185 186 91 92
186 187 57 91
187 188 33 37
188 189 75 94
189 190 31 32
190 191 86 100
191 192 13 22
192 193 109 117
193 194 35 39
194 195 119 120
195 196 18 19
196 197 60 82
197 198 75 106
198 199 52 61
199 200 10 10
200 201 122 125
201 202 100 105
202 203 6 6
203 204 94 113
204 205 68 76
205 206 3 3
206 207 43 43
207 208 103 116
208 209 41 43
209 210 44 45
210 211 89 111
211 212 1 1
212 213 24 30
213 214 77 81
214 215 2 4
215 216 49 49
216 217 13 18
217 218 96 99
218 219 120 124
219 220 40 57
220 221 38 40
221 222 60 75
222 223 27 45
223 224 72 76
224 225 4 5
225 226 49 50
226 227 16 21
227 228 86 87
228 229 65 65
229 230 50 53
230 231 50 58
231 232 98 107
232 233 65 69
233 234 40 42
234 235 54 72
235 236 18 19
236 237 31 58
237 238 9 9
238 239 80 87
239 240 89 97
240 241 86 96
241 242 83 87
242 243 84 96
243 244 7 8
244 245 57 61
245 246 98 99
246 247 66 66
247 248 91 92
248 249 106 113
249 250 5 6
250 251 18 34
251 252 35 36
252 253 70 77
253 254 29 29
254 255 51 53
255 256 75 76
256 257 7 8
257 258 59 63
258 259 69 94
259 260 3 4
260 261 66 66
261 262 18 18
262 263 81 90
263 264 51 60
264 265 90 90
265 266 45 51
266 267 5 6
267 268 26 29
268 269 23 25
269 270 1 1
270 271 19 23
271 272 23 24
272 273 67 75
273 274 48 51
274 275 121 122
275 276 56 64
276 277 33 39
277 278 93 93
278 279 28 31
279 280 89 89
280 281 47 50
281 282 38 40
282 283 59 65
283 284 53 53
284 285 72 83
285 286 42 44
286 287 31 39
287 288 53 54
288 289 52 53
289 290 78 78
290 291 20 23
291 292 26 26
292 293 55 56
293 294 94 119
294 295 67 87
295 296 74 118
296 297 65 84
297 298 16 19
298 299 36 36
299 300 77 91
300 301 113 123
301 302 111 111
302 303 12 14
303 304 52 54
304 305 20 27
305 306 51 68
306 307 9 11
307 308 41 63
308 309 37 45
309 310 87 92
310 311 2 3
311 312 28 29
312 313 68 76
313 314 51 68
314 315 57 74
315 316 23 26
316 317 69 69
317 318 82 107
318 319 64 88
319 320 83 83
320 321 35 37
321 322 1 2
322 323 39 46
323 324 15 27
324 325 73 91
325 326 58 62
326 327 47 53
327 328 23 27
328 329 51 53
329 330 97 107
330 331 2 6
331 332 22 22
332 333 10 10
333 334 1 2
334 335 21 23
335 336 48 61
336 337 32 38
337 338 46 46
338 339 51 53
339 340 69 69
340 341 19 20
341 342 49 49
342 343 44 47
343 344 118 121
344 345 27 28
345 346 68 78
346 347 29 33
347 348 53 58
348 349 2 3
349 350 46 69
350 351 3 4
351 352 78 81
352 353 69 81
353 354 83 93
354 355 104 120
355 356 12 18
356 357 113 119
357 358 3 5
358 359 32 32
359 360 3 3
360 361 27 41
361 362 28 35
362 363 28 29
363 364 90 100
364 365 100 102
365 366 77 80
366 367 61 62
367 368 62 74
368 369 49 61
369 370 58 76
370 371 5 8
371 372 53 77
372 373 59 82
373 374 14 17
374 375 13 17
375 376 53 70
376 377 98 104
377 378 32 35
378 379 17 19
379 380 29 44
380 381 44 53
381 382 51 54
382 383 91 91
383 384 9 11
384 385 11 13
385 386 21 29
386 387 55 63
387 388 78 83
388 389 16 29
389 390 48 55
390 391 25 36
391 392 49 51
392 393 39 49
393 394 69 81
394 395 29 29
395 396 23 23
396 397 60 73
397 398 64 71
398 399 98 126
399 400 89 94
400 401 46 47
401 402 76 78
402 403 33 50
403 404 3 3
404 405 78 88
405 406 28 28
406 407 23 31
407 408 77 106
408 409 24 33
409 410 38 43
410 411 16 27
411 412 56 56
412 413 69 72
413 414 108 117
414 415 17 19
415 416 50 71
416 417 37 38
417 418 60 78
418 419 38 41
419 420 84 84
420 421 70 105
421 422 3 6
422 423 56 90
423 424 57 83
424 425 50 60
425 426 67 84
426 427 56 102
427 428 22 25
428 429 23 27
429 430 85 95
430 431 32 43
431 432 36 44
432 433 25 31
433 434 58 59
434 435 98 108
435 436 77 101
436 437 83 88
437 438 14 23
438 439 59 59
439 440 4 7
440 441 46 53
441 442 48 74
442 443 68 70
443 444 1 1
444 445 1 2
445 446 69 73
446 447 105 111
447 448 43 45
448 449 76 80
449 450 5 9
450 451 16 26
451 452 65 75
452 453 109 112
453 454 50 51
454 455 5 7
455 456 109 113
456 457 41 43
457 458 0 1
458 459 54 74
459 460 64 84
460 461 50 82
461 462 81 88
462 463 29 47
463 464 3 5
464 465 5 6
465 466 76 86
466 467 115 116
467 468 65 92
468 469 51 59
469 470 25 35
470 471 48 48
471 472 88 122
472 473 53 53
473 474 81 86
474 475 18 19
475 476 16 20
476 477 70 75
477 478 96 100
478 479 11 12
479 480 49 53
480 481 74 106
481 482 82 88
482 483 102 116
483 484 80 84
484 485 13 19
485 486 98 108
486 487 61 71
487 488 65 117
488 489 99 104
489 490 44 62
490 491 34 44
491 492 36 37
492 493 86 91
493 494 81 123
494 495 4 4
495 496 56 58
496 497 64 66
497 498 91 94
498 499 126 129
499 500 2 2
500 501 38 50
501 502 21 25
502 503 34 36
503 504 48 75
504 505 94 96
505 506 73 101
506 507 112 114
507 508 12 16
508 509 75 77
509 510 41 62
510 511 31 35
511 512 73 86
512 513 38 47
513 514 50 51
514 515 24 24
515 516 43 55
516 517 32 33
517 518 66 91
518 519 51 63
519 520 10 10
520 521 69 72
521 522 68 70
522 523 86 86
523 524 5 6
524 525 13 16
525 526 38 62
526 527 9 11
527 528 56 59
528 529 23 31
529 530 74 84
530 531 101 102
531 532 31 51
532 533 70 70
533 534 18 18
534 535 82 83
535 536 97 110
536 537 100 101
537 538 93 103
538 539 45 85
539 540 21 30
540 541 46 49
541 542 58 63
542 543 53 61
543 544 2 3
544 545 73 89
545 546 19 21
546 547 60 62
547 548 61 90
548 549 81 81
549 550 4 6
550 551 57 74
551 552 15 15
552 553 51 53
553 554 36 48
554 555 59 65
555 556 64 64
556 557 49 60
557 558 21 25
558 559 29 30
559 560 66 84
560 561 64 112
561 562 13 17
562 563 82 86
563 564 17 33
564 565 78 89
565 566 87 99
566 567 54 65
567 568 27 27
568 569 4 6
569 570 31 34
570 571 8 9
571 572 59 62
572 573 106 112
573 574 44 48
574 575 75 87
575 576 32 34
576 577 86 105
577 578 23 29
578 579 83 92
579 580 60 67
580 581 111 111
581 582 59 68
582 583 87 90
583 584 72 94
584 585 68 70
585 586 18 22
586 587 58 60
587 588 88 89
588 589 53 80
589 590 23 25
590 591 71 106
591 592 48 48
592 593 3 3
593 594 55 61
594 595 26 35
595 596 35 41
596 597 31 42
597 598 82 107
598 599 23 26
599 0 42 71
132 120 60 68
588 301 67 73
478 374 65 73
172 77 39 56
532 366 27 37
586 432 90 93
590 139 8 9
224 76 28 28
98 317 59 73
28 204 17 18
554 166 36 45
260 237 108 108
264 410 29 29
271 429 60 61
592 312 51 65
83 462 68 69
534 408 68 86
152 580 22 36
337 545 56 67
202 109 6 8
576 539 77 94
363 520 76 80
9 320 77 79
151 305 60 66
441 333 102 115
229 231 12 19
543 115 46 56
211 463 113 129
442 454 1 1
224 312 56 68
533 528 67 68
334 406 110 116
155 18 65 65
406 318 23 33
531 490 87 91
259 336 8 15
401 193 35 37
239 19 11 15
411 318 60 62
574 138 0 0
427 203 60 63
401 470 43 46
156 88 45 59
537 230 63 71
420 237 70 83
333 199 73 83
355 561 81 116
508 173 42 71
447 150 60 71
535 595 34 46
63 215 10 16
428 155 58 97
352 356 14 15
274 34 61 97
232 484 39 40
236 431 61 99
572 195 9 11
135 95 21 39
281 354 21 21
220 434 80 106
99 467 5 6
106 533 64 67
87 379 10 12
294 2 80 90
154 549 19 26
411 514 45 50
292 218 112 126
428 69 11 13
510 155 43 47
393 493 37 69
157 491 67 69
483 308 1 2
339 437 80 101
48 197 22 22
184 6 57 64
555 249 24 25
580 340 75 91
543 525 70 75
327 187 28 28
520 99 91 92
120 67 6 8
429 201 84 98
201 345 53 53
44 168 96 105
215 219 31 37
201 267 110 112
490 295 47 52
387 399 33 38
196 260 66 73
449 238 105 106
103 8 31 51
33 423 18 19
409 322 18 20
367 74 18 24
443 121 62 66
254 126 22 27
396 444 71 103
341 400 35 35
242 113 51 54
126 588 81 89
472 392 52 56
91 288 51 68
62 232 4 6
449 587 13 13
467 127 70 81
112 310 19 19
288 472 89 94
148 384 29 36
434 413 19 22
415 123 78 81
168 51 2 2
519 389 69 91
379 75 23 28
423 475 29 34
1 129 99 103
40 329 45 53
159 171 33 35
207 557 46 47
197 260 4 6
167 551 49 53
96 355 40 42
452 556 1 1
195 494 64 77
376 271 24 28
493 224 11 15
123 596 97 109
511 83 114 119
94 527 29 46
419 493 11 15
502 231 24 25
93 123 97 99
196 263 16 17
87 296 1 2
155 26 62 94
424 325 11 13
161 564 14 19
352 365 103 106
434 332 68 79
450 521 121 122
385 126 49 76
47 528 122 123
345 567 20 21
325 287 70 84
182 132 77 80
333 128 49 49
323 470 3 3
492 228 94 97
150 139 4 6
418 160 54 80
472 43 104 111
213 218 4 6
323 402 12 22
282 499 60 62
361 397 26 26
58 429 57 61
215 514 11 12
497 258 33 41
555 347 15 15
246 164 72 83
244 234 13 15
310 329 47 74
459 324 125 128
85 499 57 63
502 586 30 44
195 247 35 38
528 274 59 96
433 121 71 72
99 375 50 50
491 38 24 24
111 95 65 69
498 338 30 34
278 467 52 52
276 17 80 83
411 58 19 20
379 48 86 97
32 491 44 48
268 593 31 35
160 210 29 49
446 26 45 62
235 219 35 52
69 501 49 59
171 248 41 41
461 113 38 40
283 83 54 54
16 365 65 72
360 511 26 29
289 341 109 111
250 333 55 61
241 211 56 68
291 7 112 122
130 263 3 3
472 258 20 26
302 158 13 13
467 596 4 4
122 375 17 20
89 314 98 104
23 33 31 32
28 516 1 2
521 486 86 88
280 338 18 18
278 513 40 43
222 262 48 77
408 482 95 101
558 467 36 37
565 350 29 36
119 425 97 99
415 227 3 4
296 534 59 73
22 200 12 13
397 36 7 7
425 261 27 33
85 324 44 52
293 351 11 11
221 418 63 79
23 248 71 78
260 514 51 82
322 399 31 43
229 474 75 103
566 580 111 114
258 407 60 65
138 436 75 86
280 359 34 34
93 258 11 12
580 438 72 94
496 275 68 82
103 193 75 80
34 290 1 2
343 126 60 71
72 425 58 60
489 387 113 120
415 229 23 26
227 37 76 78
475 107 25 35
301 347 3 7
331 136 58 60
450 380 104 110
557 268 2 4
405 48 87 116
158 469 90 101
135 376 10 13
229 560 47 68
312 173 78 108
431 339 80 117
251 344 31 33
562 74 88 95
151 229 25 30
13 109 39 39
185 294 78 116
195 472 66 76
235 47 15 16
479 364 7 8
216 381 75 87
595 251 35 41
123 310 48 50
445 131 66 66
19 136 119 120
588 456 64 65
533 191 54 54
535 289 73 97
44 506 62 69
363 3 96 110
534 394 90 118
12 213 14 18
243 295 11 11
381 44 100 102
129 135 36 38
6 169 92 101
213 480 45 45
597 138 68 94
533 258 13 13
589 288 60 65
115 468 45 72
106 304 68 88
295 483 9 9
172 460 95 107
454 159 37 66
548 593 47 63
531 70 15 24
181 396 104 108
31 342 15 15
121 255 40 41
519 466 9 9
351 108 93 106
295 3 27 27
282 492 28 31
332 63 38 45
191 418 57 66
55 589 47 50
275 385 6 6
516 506 9 9
315 466 78 78
301 316 0 2
223 358 50 53
473 292 14 18
438 270 24 24
467 439 26 35
545 87 80 87
209 366 70 88
277 183 97 101
322 420 46 51
434 308 13 17
317 488 15 16
331 310 3 7
24 158 92 92
465 367 25 25
294 513 56 77
590 40 14 15
257 168 33 54
506 361 26 31
201 536 18 33
590 277 82 82
72 515 59 68
357 474 95 101
573 24 33 33
161 77 5 6
114 16 51 66
348 368 35 37
18 525 48 49
184 350 70 81
536 572 44 47
376 529 2 3
576 373 4 6
515 546 35 46
73 201 10 10
149 526 27 30
538 574 4 6
57 90 10 11
232 569 13 17
516 312 39 39
534 100 65 75
320 288 21 34
500 148 91 121
286 371 36 65
177 434 79 95
472 3 63 71
300 338 22 22
255 163 1 1
432 103 48 49
205 544 100 100
506 83 92 101
117 132 34 58
14 235 69 114
45 416 43 46
245 27 45 49
241 127 73 81
584 108 41 43
162 184 59 77
252 391 65 91
244 27 56 75
217 133 34 38
323 265 73 102
280 341 31 33
489 479 19 28
369 589 25 32
413 296 37 48
224 52 4 6
345 409 66 76
261 496 30 41
412 499 60 75
131 417 75 81
8 60 130 130
33 340 89 97
153 414 17 21
411 562 59 61
80 529 25 43
236 239 59 94
444 284 25 27
464 596 40 57
416 194 92 93
216 571 80 101
27 186 75 85
123 158 105 106
14 547 15 15
534 312 83 83
264 399 22 25
431 450 74 89
314 448 50 69
482 120 60 65
199 318 80 103
25 115 10 12
85 429 47 79
251 496 63 65
407 515 29 29
452 84 26 29
350 151 67 77
29 344 6 6
494 176 54 68
548 111 63 81
127 20 119 119
174 414 37 38
535 328 112 116
205 207 14 18
483 28 63 76
299 139 66 83
53 155 2 2
207 322 91 93
465 284 76 92
244 505 110 130
543 218 74 107
561 463 30 30
64 334 27 34
522 477 7 7
294 227 14 15
254 70 99 101
570 335 66 79
255 103 53 74
206 141 63 113
430 530 72 83
72 46 52 75
264 462 64 75
116 1 86 90
508 312 85 105
7 539 102 104
320 473 79 87
431 456 50 84
172 65 4 4
134 241 70 97
102 4 64 87
333 422 48 81
561 329 84 93
3 531 15 19
452 44 93 96
584 250 78 96
221 513 78 84
568 333 51 67
410 171 9 12
463 342 62 63
345 195 79 93
199 415 65 67
340 321 32 32
301 400 25 34
217 553 42 55
588 363 59 62
578 349 37 43
387 136 15 15
196 247 22 31
371 512 88 100
358 107 30 51
332 464 7 8
261 191 101 102
334 388 45 58
397 401 48 54
64 389 19 23
240 526 66 68
83 217 10 11
132 253 104 127
321 516 2 3
519 65 66 66
260 145 69 71
66 286 69 93
255 364 10 16
436 361 23 24
419 540 35 37
88 448 18 26
437 416 13 14
278 513 111 122
282 539 100 111
232 579 102 102
4 368 61 77
57 561 103 109
100 490 24 26
247 515 64 92
496 415 26 42
99 6 22 23
282 369 97 113
118 180 97 121
151 173 22 29
57 241 46 68
343 199 77 78
403 283 13 18
27 484 11 17
158 529 111 111
38 54 46 55
516 393 21 23
112 202 54 57
359 141 43 44
214 417 25 28
164 474 8 8
334 157 52 58
149 520 31 31
135 536 61 85
227 189 76 78
209 377 5 5
308 217 19 29
191 128 5 8
196 143 51 61
429 274 18 28
509 36 40 51
287 426 8 11
194 294 118 127
572 228 94 113
477 458 3 3
375 267 7 10
502 126 9 10
424 590 81 93
389 420 19 22
483 399 7 9
124 508 71 79
211 5 66 67
596 148 43 46
364 242 58 81
555 264 115 126
156 161 53 73
289 423 21 26
47 541 101 102
598 492 28 33
343 585 61 66
25 151 100 101
598 112 69 74
161 559 79 80
285 113 74 105
519 560 31 33
5 400 42 42
409 307 80 95
30 464 0 2
338 354 23 29
589 146 7 9
64 318 56 85
40 562 2 3
500 6 24 38
368 334 28 40
568 219 49 89
347 102 18 18
435 570 102 103
327 214 42 54
323 502 47 47
2 230 22 28
464 91 2 4
446 582 29 37
359 459 9 12
83 560 1 3
216 278 18 26
346 249 2 2
148 297 88 110
578 239 109 111
171 517 38 51
197 239 48 49
429 225 37 39
261 315 81 82
79 475 70 73
362 104 39 54
267 467 55 68
37 515 34 42
331 135 63 66
532 530 37 42
223 108 90 92
498 285 47 52
334 17 34 38
110 298 100 104
324 597 8 15
527 296 53 54
216 96 16 18
128 461 21 22
219 96 9 15
482 473 45 62
503 577 39 51
415 537 56 71
502 218 48 51
124 129 84 90
387 138 52 55
130 497 90 90
276 562 56 74
84 122 38 65
505 265 37 52
386 427 11 20
371 502 116 119
400 179 8 10
204 224 62 69
346 550 1 1
341 538 73 82
476 528 67 78
580 27 39 47
368 566 80 97
589 476 54 77
26 306 91 104
166 245 72 82
107 283 69 87
319 585 91 92
400 3 45 58
133 426 11 12
311 242 27 30
66 300 98 119
104 139 21 26
32 158 5 7
108 320 88 88
238 437 42 52
303 381 51 55
302 433 5 6
106 515 76 104
545 9 8 9
70 378 28 30
8 333 62 86
109 215 17 19
316 142 55 81
437 239 45 47
560 33 5 5
587 441 2 3
308 254 44 46
378 66 85 101
510 304 33 33
57 182 36 40
250 19 16 17
110 392 100 103
588 119 33 41
595 80 74 114
402 180 14 15
42 328 41 58
548 71 81 82
58 196 49 63
431 287 120 121
381 176 83 104
136 218 1 1
525 93 15 20
484 440 79 109
263 153 42 71
484 68 34 38
323 154 77 85
473 531 79 80
200 403 79 82
472 205 75 84
486 550 5 5
232 338 76 78
352 51 64 71
469 225 85 86
411 585 77 91
588 72 58 65
579 492 43 45
448 201 98 101
562 68 28 46
93 90 106 112
268 502 51 63
84 259 12 15
498 391 55 60
567 381 23 24
73 504 40 48
213 422 65 98
492 384 38 38
577 312 77 77
449 508 73 78
5 591 18 19
402 255 8 10
194 309 22 29
396 87 2 4
214 516 104 104
38 339 66 70
62 438 43 45
455 335 42 43
521 354 6 7
434 117 57 66
332 318 37 40
214 174 32 37
301 251 80 84
251 317 71 95
226 578 4 4
212 571 43 43
331 160 107 111
70 398 61 71
539 116 10 11
454 84 86 92
41 141 31 33
390 467 4 5
412 129 24 26
123 494 25 28
446 111 89 94
170 191 34 41
201 234 7 10
261 234 87 103
119 73 59 74
498 40 37 46
258 190 28 30
462 117 71 81
339 305 51 56
515 434 28 41
354 263 91 114
360 491 60 64
565 469 37 38
543 567 33 44
478 360 83 109
302 342 34 34
263 33 40 51
322 203 88 89
273 142 25 27
320 45 105 125
6 551 28 51
64 234 13 16
505 414 37 37
567 175 40 54
96 399 48 50
401 589 79 96
196 428 39 42
215 255 23 23
396 276 27 28
66 70 81 95
136 429 67 70
136 507 56 66
19 582 96 103
47 115 53 59
35 516 72 88
236 390 64 66
295 318 56 58
536 395 76 79
355 380 61 68
55 515 92 105
516 446 75 75
513 485 16 17
162 220 47 65
393 20 1 2
331 21 52 53
468 598 28 36
464 274 101 106
371 195 19 19
480 36 42 51
503 347 39 49
381 167 44 45
16 267 69 92
482 379 85 87
283 233 58 61
233 471 33 37
400 441 20 22
145 136 73 85
7 519 62 66
6 32 39 41
114 358 111 118
515 232 74 108
407 55 73 110
483 247 23 23
230 520 23 23
199 475 32 45
146 143 51 56
501 1 75 118
403 430 13 23
477 319 25 28
286 469 9 17
93 384 44 55
132 192 80 91
154 500 79 79
365 188 83 90
547 220 12 15
62 194 76 97
578 333 88 98
373 430 47 51
387 333 93 95
283 169 61 61
575 230 9 12
550 78 43 50
230 75 127 130
193 118 94 109
509 126 104 105
473 46 39 48
265 364 111 114
397 325 55 62
485 3 61 61
90 101 44 46
452 61 57 106
596 140 69 79
244 34 29 30
38 256 76 83
127 438 23 33
594 256 38 47
344 239 9 10
117 184 86 99
432 74 41 41
92 395 16 26
433 494 45 57
17 536 103 104
375 353 83 93
339 75 39 43
22 210 49 53
329 67 43 45
479 359 80 82
216 500 40 41
231 59 6 7
217 192 14 28
163 376 21 28
173 470 22 24
468 250 18 18
348 129 17 20
23 225 73 76
117 554 98 115
412 464 54 59
70 394 43 48
488 165 43 53
33 459 79 82
511 286 77 79
303 589 32 36
261 389 47 47
187 474 77 77
342 143 7 11
443 468 26 43
424 563 122 128
171 397 22 23
271 347 72 78
252 123 81 89
192 186 54 54
329 391 14 15
110 210 91 95
202 25 96 98
197 212 65 75
519 532 94 95
156 283 21 23
301 155 28 32
316 240 14 16
231 275 14 16
571 51 44 47
499 102 59 70
114 253 98 99
101 92 25 28
404 504 56 72
562 14 58 102
24 98 53 60
300 211 10 13
188 70 19 28
233 298 18 18
395 499 9 10
100 352 13 16
563 227 73 79
113 438 24 25
382 417 65 67
172 126 55 79
309 355 21 26
499 563 56 102
389 329 9 11
282 592 46 61
62 458 57 61
521 18 48 67
103 176 88 89
509 589 43 45
231 21 83 108
499 524 40 46
479 420 50 60
417 261 46 60
379 1 114 121
492 430 34 37
129 207 119 119
233 240 5 6
293 333 69 97
78 446 82 93
553 272 50 85
403 261 43 45
459 401 104 105
534 558 12 16
72 594 64 66
468 319 28 29
488 279 47 49
264 79 33 50
489 59 23 24
491 459 73 79
507 224 56 75
283 3 12 19
567 436 21 28
483 544 52 54
568 527 16 29
270 17 60 67
596 540 29 41
211 236 63 73
175 587 12 14
24 466 62 67
149 460 51 65
365 580 62 69
368 52 7 8
507 105 15 18
349 140 50 50
36 52 11 12
227 113 22 28
429 502 65 74
217 139 69 75
533 64 14 27
319 104 7 14
246 358 87 89
110 564 2 3
596 466 6 8
364 355 78 88
199 594 59 67
374 23 14 17
430 572 41 46
462 498 29 32
595 489 2 2
328 134 94 110
423 152 73 73
117 334 20 23
288 113 6 7
523 564 75 83
575 101 124 125
17 170 116 124
277 443 2 3
422 586 59 89
322 242 94 95
73 59 62 63
467 126 35 43
366 109 76 111
27 439 73 93
454 537 27 40
489 537 78 95
249 40 8 11
29 44 1 1
92 238 95 112
472 360 116 118
210 27 89 107
57 363 22 28
373 194 84 84
98 205 41 46
578 588 76 78
268 359 42 51
399 87 2 4
407 518 72 125
548 470 40 40
318 262 43 44
561 45 71 71
337 526 57 87
578 495 79 111
557 62 9 16
469 37 8 9
503 266 55 55
255 52 67 81
547 231 64 65
469 557 62 84
348 182 1 3
234 270 18 27
398 413 34 35
269 519 96 98
595 222 17 22
569 556 125 128
549 76 76 78
293 110 44 59
434 291 78 101
109 88 63 70
68 344 75 117
358 366 53 57
385 198 49 69
513 451 42 49
136 501 96 103
173 246 94 99
392 210 47 54
488 533 9 9
296 459 50 62
189 40 19 32
549 349 30 30
517 163 35 50
288 264 48 60
432 71 61 62
428 592 6 10
386 414 13 16
290 503 70 77
485 511 63 113
496 251 31 38
176 304 80 82
523 124 40 43
369 236 78 108
71 566 46 60
355 16 72 72
106 368 80 84
442 295 95 101
54 507 81 84
92 177 74 79
140 97 124 126
348 199 85 111
90 538 99 122
299 558 25 26
60 355 2 2
411 227 47 49
11 179 24 24
410 97 50 53
424 251 74 77
297 90 49 49
172 562 22 26
330 263 79 127
32 211 70 71
408 209 115 122
208 104 24 36
255 541 87 88
63 186 71 71
252 389 38 39
18 295 48 66
489 598 93 101
271 208 62 87
178 120 90 92
153 390 79 88
460 557 15 19
83 357 76 121
493 241 17 26
159 252 90 100
168 445 66 91
98 129 65 91
177 237 41 53
262 300 94 104
398 54 9 9
571 85 58 62
112 592 81 82
38 512 26 27
388 489 20 20
577 39 78 98
375 66 88 92
457 316 64 85
185 376 30 33
422 39 22 22
504 363 21 26
60 58 58 62
456 212 33 51
173 159 74 80
165 560 15 16
537 448 51 90
328 555 81 101
268 422 8 8
138 359 98 104
163 110 42 53
388 191 73 78
221 473 33 46
363 440 9 10
80 367 6 11
131 476 31 42
74 389 117 119
516 394 72 84
338 434 31 40
10 57 0 1
354 277 78 81
399 314 2 4
519 183 22 28
444 199 89 126
149 398 7 10
500 552 86 96
511 103 79 79
265 303 1 2
384 172 3 4
257 400 35 42
116 339 71 82
18 461 87 88
409 273 3 4
66 418 95 100
67 540 1 2
313 547 42 47
583 340 11 13
594 221 79 94
345 302 78 117
91 120 44 52
507 65 17 18
325 134 75 88
199 182 63 63
591 72 92 95
47 346 76 83
265 37 60 60
493 307 78 92
92 437 4 8
530 216 33 47
179 370 64 69
294 341 23 24
19 566 63 63
188 201 57 72
304 134 65 81
185 385 11 13
41 209 47 48
273 10 48 57
201 92 80 104
19 533 36 58
34 422 2 3
128 229 55 56
574 47 58 101
590 451 108 116
237 414 15 18
119 239 51 57
269 564 1 1
334 326 95 99
339 150 86 118
427 255 49 64
246 443 88 91
341 96 111 113
93 504 89 101
229 68 56 65
460 210 19 19
508 399 85 85
87 478 54 58
109 230 1 2
194 361 103 111
145 476 13 14
101 313 50 55
518 154 32 33
357 422 13 13
466 238 59 84
146 257 47 50
526 308 63 64
501 73 26 28
153 314 35 53
153 108 24 34
123 483 54 61
81 156 55 79
222 480 10 16
543 27 17 17
102 171 68 103
332 340 51 79
9 451 39 39
518 569 59 60
348 43 7 8
557 587 33 34
579 16 38 44
391 242 109 112
488 19 36 53
279 597 75 78
344 257 15 16
563 533 83 83
128 539 35 35
433 162 99 103
213 67 81 100
231 591 87 90
372 365 97 109
525 201 57 58
509 130 6 9
503 357 81 86
7 449 63 72
568 404 70 90
448 142 45 67
292 391 29 43
566 5 76 102
352 232 36 53
291 513 3 4
468 2 12 13
272 482 73 121
155 206 59 67
334 201 75 87
139 168 35 40
484 113 71 82
301 291 11 12
582 399 11 11
264 32 46 58
592 587 107 109
122 161 82 85
158 400 35 39
81 76 71 102
473 276 65 80
248 400 69 91
253 360 88 98
166 589 5 5
478 559 13 16
365 156 25 26
570 177 72 76
56 82 98 123
248 182 98 102
574 248 0 1
225 296 85 86
346 7 58 68
169 114 61 74
135 64 65 76
400 227 130 131
554 84 20 24
226 458 113 123
306 241 89 96
39 489 87 90
239 338 48 63
245 590 48 50
490 372 72 73
213 448 99 110
232 437 74 75
475 258 80 115
187 81 60 63
435 437 44 53
143 276 43 46
522 361 65 89
121 539 10 12
521 269 63 88
442 290 56 71
297 300 3 5
86 576 65 68
564 112 64 73
425 37 67 69
8 507 48 54
337 453 67 74
275 476 33 34
405 204 56 60
306 316 27 31
363 407 40 51
199 322 9 14
260 582 2 2
330 374 55 55
583 38 53 59
68 529 95 105
409 29 47 52
566 118 100 102
232 477 12 12
357 166 104 123
595 383 66 87
204 457 72 99
60 399 4 7
176 385 116 119
494 4 86 88
502 507 13 14
504 282 57 73
280 344 103 106
14 57 26 27
490 454 29 34
568 335 60 67
498 112 61 62
322 115 74 74
554 253 46 46
487 159 63 65
68 390 61 65
229 42 86 86
98 327 3 4
470 96 33 57
79 332 21 27
92 268 117 117
487 111 38 43
494 44 59 76
171 158 28 29
510 511 69 81
536 149 4 7
300 509 1 1
214 547 96 102
404 90 110 115
415 421 10 13
351 541 93 107
452 200 13 21
530 297 25 29
167 270 16 19
143 176 87 98
518 501 25 31
476 5 37 41
322 341 6 8
140 424 59 63
369 53 67 76
414 233 5 5
473 394 43 46
256 378 92 96
575 316 55 71
84 441 98 105
382 420 52 52
486 17 54 96
283 123 33 38
194 415 71 114
522 301 2 3
148 177 71 77
509 390 47 54
267 256 44 46
192 175 49 57
112 554 77 80
533 585 114 121
230 448 57 81
171 344 39 48
31 575 73 126
455 540 85 90
381 352 45 68
554 63 1 1
561 345 79 82
45 532 48 51
353 229 103 112
364 538 61 61
275 44 101 106
145 319 61 61
440 93 92 110
201 167 74 94
416 487 94 94
288 498 110 110
424 498 35 47
450 402 7 8
325 266 101 102
594 466 56 71
39 154 5 5
490 421 110 116
33 23 0 0
471 424 50 56
114 50 46 50
525 153 44 45
586 294 22 30
509 233 42 44
228 5 80 85
249 429 16 19
164 89 98 98
415 201 40 51
210 314 101 113
393 175 62 74
22 71 55 58
113 320 94 96
219 226 46 49
511 37 47 53
560 254 11 13
4 198 82 106
24 16 86 100
333 213 65 67
542 299 45 50
300 502 36 38
226 553 66 86
380 548 98 102
54 526 95 115
424 26 94 95
299 18 55 88
412 475 10 14
84 389 39 42
451 333 74 89
203 114 91 104
593 185 23 29
357 56 57 65
592 368 5 6
269 384 26 41
422 73 26 27
558 191 113 113
575 434 37 39
231 344 75 109
183 211 46 65
561 185 79 89
423 540 16 24
276 239 92 92
218 500 17 22
219 302 55 57
270 345 51 67
94 417 74 101
523 253 97 105
166 247 83 93
144 172 50 63
150 91 34 37
335 312 72 82
24 468 24 30
228 357 8 11
326 370 23 33
32 500 19 31
225 244 37 66
284 137 47 55
475 181 62 64
9 488 46 61
77 448 2 2
212 167 87 98
166 410 70 75
220 306 91 113
351 31 2 2
233 10 81 84
19 459 7 8
144 55 39 40
251 577 51 53
213 14 19 20
537 200 64 72
349 456 26 27
233 359 75 100
439 154 76 77
228 17 38 39
30 396 95 100
500 48 5 8
437 309 21 35
265 554 84 108
287 325 3 3
434 525 62 70
174 266 90 91
258 4 26 26
322 482 17 18
377 178 13 14
319 332 24 28
391 256 19 22
483 251 70 83
508 278 35 48
274 188 80 87
549 457 11 12
226 114 13 19
397 456 20 23
235 280 92 96
291 463 75 79
500 564 36 44
322 172 54 56
85 460 30 32
252 396 103 112
114 572 74 110
84 140 39 46
498 82 13 13
278 450 80 93
564 157 82 101
80 416 27 34
284 422 114 114
151 68 86 90
528 129 113 118
369 53 23 23
32 25 12 15
384 275 70 71
495 330 79 86
174 544 17 20
213 275 30 43
342 547 108 126
23 475 14 23
177 401 38 63
180 516 64 102
559 438 7 7
149 90 56 60
144 442 0 1
339 234 43 71
27 567 36 52
505 372 39 39
245 16 68 86
98 534 31 45
32 194 65 82
352 223 117 121
562 313 63 68
589 404 59 63
126 77 83 85
258 361 16 18
465 130 13 20
347 486 45 45
336 144 71 93
19 282 73 73
420 298 72 94
234 325 38 44
108 311 1 2
115 368 32 32
479 401 39 49
461 203 76 88
124 168 37 39
558 338 29 49
456 83 69 70
257 569 95 111
277 499 93 97
176 545 29 31
399 297 85 113
13 533 29 37
196 414 37 37
326 73 74 76
374 288 33 52
263 17 69 87
243 558 59 63
289 197 96 108
533 90 62 67
544 322 50 61
572 445 54 60
237 89 47 83
105 39 56 81
140 459 26 29
61 238 50 51
147 330 101 103
100 344 43 51
296 255 28 29
61 80 19 21
271 177 79 90
139 473 124 125
200 557 63 71
388 549 70 70
297 14 106 106
24 382 72 80
23 139 47 54
525 184 33 42
310 515 63 70
323 551 48 51
415 327 63 73
107 562 24 25
88 171 74 95
44 421 63 85
495 232 18 18
68 52 15 16
286 10 59 61
94 209 23 23
425 103 22 26
260 589 35 37
201 23 35 40
545 56 108 108
29 239 15 20
388 271 8 13
309 362 14 21
481 252 15 25
41 395 32 39
220 571 73 79
281 395 52 53
36 285 13 13
594 32 41 62
390 543 8 14
527 234 43 47
531 449 27 41
567 187 88 104
545 556 94 106
552 446 33 38
155 227 44 71
200 82 9 14
78 298 52 56
290 598 74 78
490 531 21 27
99 26 27 43
4 126 5 11
533 499 12 15
517 338 62 70
578 568 3 5
132 258 72 108
243 315 21 24
387 72 56 64
22 367 77 84
527 432 68 80
469 398 71 100
29 241 33 33
280 61 54 56
532 78 7 9
149 237 56 72
77 186 40 44
25 584 43 46
451 237 37 45
297 34 5 5
272 103 4 6
202 519 31 46
210 405 35 37
210 32 75 92
40 228 83 90
491 260 16 16
195 482 86 104
5 596 16 22
262 542 7 7
587 507 69 84
504 432 37 38
25 543 56 66
53 548 61 82
365 366 37 38
502 29 29 36
583 312 19 22
153 200 14 23
389 501 53 65
151 209 65 76
218 141 110 127
570 190 1 2
536 28 101 102
523 472 4 5
175 419 122 122
149 340 99 109
466 216 46 68
439 431 10 13
73 490 2 3
74 41 34 38
536 510 96 115
507 179 61 93
120 157 25 25
300 129 17 25
298 502 112 128
322 570 10 10
401 349 47 55
292 491 117 129
253 561 75 100
385 358 50 67
544 244 31 34
290 22 13 13
406 95 24 36
88 238 94 111
282 541 67 68
577 277 14 14
436 61 25 26
2 538 37 47
369 507 8 8
480 325 88 89
244 61 14 28
121 130 2 2
174 571 97 103
124 427 62 71
83 414 40 53
563 26 81 87
338 182 16 20
280 327 26 27
376 151 37 46
452 113 50 58
440 33 33 34
406 259 62 64
370 321 28 36
533 61 31 34
446 311 12 16
1 187 15 16
299 487 64 83
41 403 55 59
581 50 22 22
34 324 25 28
476 311 39 40
148 522 61 79
583 129 62 69
110 445 25 37
41 182 62 115
302 542 10 12
313 412 74 74
205 187 46 51
359 249 3 7
340 528 11 17
184 316 30 36
245 549 80 84
572 38 55 84
536 45 2 6
242 295 92 103
523 435 84 103
198 305 110 114
577 164 3 4
41 61 98 107
247 238 72 78
7 196 101 117
273 51 77 96
132 236 99 116
99 438 29 49
468 27 28 32
31 1 35 44
157 198 32 48
278 492 34 37
186 520 38 40
214 294 12 12
246 438 9 10
362 270 92 93
6 413 93 120
209 543 2 2
442 91 60 66
128 357 11 13
178 137 63 73
576 449 66 78
276 162 41 66
537 421 17 22
239 575 47 61
47 280 5 7
118 226 75 108
566 569 51 52
348 49 65 100
63 476 1 2
434 546 80 90
373 425 85 88
495 585 31 36
69 245 49 61
579 407 7 7
212 52 25 30
356 327 58 59
534 494 42 51
221 234 15 15
210 273 71 86
74 541 12 13
88 521 99 104
272 111 46 50
454 535 50 58
142 17 94 103
57 197 47 50
4 291 7 8
250 518 21 25
237 50 47 58
83 263 4 4
172 28 28 29
151 239 71 91
363 415 95 100
375 297 66 88
453 522 86 99
527 502 78 98
224 108 85 94
454 79 11 12
223 237 64 103
255 67 26 30
31 416 51 60
238 314 24 25
439 125 26 28
27 81 46 56
385 278 76 84
432 160 9 9
255 470 50 61
11 242 15 18
36 27 54 67
292 459 21 22
226 588 66 75
365 134 55 72
256 582 6 6
489 109 89 99
33 307 44 69
197 148 71 105
497 177 67 67
415 124 10 12
367 156 97 102
369 233 89 92
315 227 55 55
529 540 82 102
12 81 1 2
97 551 84 110
557 119 89 91
205 284 11 11
242 453 48 62
167 480 62 93
50 103 5 5
96 33 21 28
18 35 62 62
465 416 54 62
18 33 119 120
394 236 51 58
94 275 80 103
113 390 68 73
41 99 72 84
59 482 71 103
197 137 4 6
334 25 31 34
281 433 33 42
38 27 49 81
149 333 52 64
299 78 66 70
379 207 39 40
88 577 51 62
126 482 68 108
5 352 25 27
186 8 6 7
253 194 31 31
25 321 47 47
217 409 13 13
584 458 59 69
588 111 35 35
476 34 23 27
142 478 34 37
309 444 59 59
336 145 85 85
533 22 44 45
167 515 53 75
550 219 6 7
164 490 85 91
323 488 6 7
103 182 72 91
2 426 1 1
205 290 41 61
553 249 95 99
554 34 62 114
39 373 90 101
195 533 47 47
221 299 73 89
354 484 56 78
379 398 26 31
42 103 82 93
494 586 81 82
376 301 38 40
142 195 60 66
458 448 27 33
432 588 101 102
232 402 113 122
311 332 48 62
149 249 7 8
192 267 28 37
526 65 6 6
504 3 32 47
585 552 9 11
287 337 61 69
329 339 33 47
334 242 61 62
256 494 82 124
480 252 65 72
40 89 38 38
519 174 78 91
51 72 65 104
237 468 3 3
570 592 41 48
443 424 41 56
245 35 25 33
138 336 30 34
85 84 37 55
246 497 62 76
591 350 32 61
322 38 68 69
203 585 37 38
305 237 85 120
6 239 72 113
279 341 34 38
530 13 92 96
571 286 9 14
214 335 65 66
120 555 66 68
465 1 66 67
217 203 6 8
228 225 23 29
55 175 48 48
188 173 28 43
23 48 82 82
303 163 28 33
525 561 110 112
217 495 5 5
505 457 66 67
35 420 36 40
41 547 71 113
573 450 94 97
337 256 0 2
349 313 118 120
34 384 34 47
75 4 49 72
150 15 38 45
583 45 73 94
459 365 22 27
458 257 17 19
375 537 122 128
510 564 21 29
1 234 84 94
492 466 39 39
359 567 28 32
47 509 55 65
219 15 18 28
579 158 21 26
378 461 24 28
403 539 16 25
65 145 64 73
444 102 40 67
473 112 15 21
311 81 36 60
90 318 66 77
257 317 3 4
201 237 5 7
135 141 82 88
33 60 58 90
371 340 84 125
250 77 64 108
17 349 61 61
514 282 40 42
506 107 88 111
353 75 53 53
133 114 76 78
410 449 72 88
262 149 87 88
161 199 41 45
391 567 75 86
45 276 38 40
364 488 34 53
396 190 71 84
311 198 71 75
226 393 0 1
86 22 105 125
227 462 61 112
596 250 4 5
308 185 7 10
155 363 77 100
267 464 68 69
572 452 40 51
409 123 39 50
130 502 92 93
173 588 6 6
482 488 49 66
78 123 23 24
66 96 40 42
115 347 63 86
401 285 40 41
34 262 53 55
309 370 47 51
156 371 72 93
36 557 42 48
60 368 21 24
596 135 53 53
30 361 28 32
509 395 43 56
458 261 65 96
16 165 42 42
148 45 61 93
370 347 5 10
31 371 64 77
35 49 88 107
206 475 53 70
6 159 90 91
226 102 17 29
510 568 73 88
438 281 71 85
32 254 47 69
173 291 100 100
17 325 16 16
214 580 38 56
502 376 74 100
452 553 74 76
118 217 55 57
525 410 17 23
284 86 43 44
192 500 43 74
423 444 125 128
196 511 35 36
45 395 30 39
3 186 62 62
91 138 64 65
594 32 51 59
550 151 108 110
391 594 16 16
91 134 15 15
246 14 64 82
42 373 16 19
373 311 92 124
393 12 96 101
523 538 72 78
212 397 22 33
355 25 5 7
341 191 33 40
358 388 3 3
188 450 66 66
523 300 13 15
222 591 11 12
241 211 71 71
215 31 77 88
422 303 9 10
568 225 69 91
499 54 14 16
415 339 113 121
276 417 3 5
4 31 61 66
377 392 119 128
130 84 23 26
378 446 72 75
125 109 62 68
48 589 44 59
92 188 22 22
357 172 42 42
153 501 39 43
342 405 40 51
302 103 9 12
71 531 67 69
584 413 47 49
358 396 6 11
41 431 42 44
495 12 67 91
312 69 45 46
53 234 33 45
68 147 6 9
218 280 8 10
5 131 61 95
251 485 42 59
531 87 83 106
200 176 98 113
316 580 36 39
280 498 17 21
163 322 31 47
167 568 75 82
572 187 32 35
493 359 5 5
259 135 68 69
508 348 17 22
92 46 56 70
428 189 24 25
139 34 57 68
416 520 26 31
147 437 51 59
311 481 79 84
487 117 73 78
594 42 2 3
593 542 47 63
18 428 90 105
89 147 25 25
172 414 63 79
490 213 35 52
224 78 100 106
533 213 38 41
293 39 78 94
382 522 8 10
382 89 83 91
47 334 66 97
443 110 76 97
487 166 12 15
383 236 85 89
63 325 64 77
387 483 75 76
82 145 20 34
491 383 64 65
41 75 110 113
341 431 77 106
257 559 69 77
15 111 95 100
454 561 18 24
214 96 98 103
447 7 9 17
563 82 35 58
597 357 108 111
63 595 53 53
540 521 76 78
195 196 22 23
506 107 28 35
52 73 66 104
501 580 51 69
128 454 2 2
74 333 25 25
141 198 84 98
486 355 9 10
579 415 43 46
99 314 29 30
268 15 57 89
482 534 2 4
78 113 3 6
138 68 2 2
512 143 83 85
587 527 13 13
253 496 63 67
405 399 4 4
212 81 61 86
408 18 11 19
398 520 38 46
469 477 6 8
193 419 82 84
424 44 60 63
236 227 17 19
524 473 69 105
126 304 77 82
303 11 56 89
493 571 35 36
437 232 4 8
485 270 38 47
232 57 36 40
265 258 34 42
329 392 73 100
112 2 22 30
334 465 10 12
323 579 25 31
202 46 18 19
32 380 6 11
179 140 10 12
583 397 60 88
180 396 61 86
206 490 66 68
91 191 9 10
364 400 21 25
546 38 101 114
488 80 53 55
534 162 14 16
333 354 73 82
591 167 14 15
151 93 67 68
32 543 47 63
25 508 36 38
162 454 30 33
167 204 101 115
551 49 64 76
556 139 72 90
384 443 34 39
408 219 46 50
208 399 69 71
102 363 63 64
336 438 68 96
375 166 91 104
306 353 10 10
285 67 68 78
197 274 83 92
33 243 41 59
139 357 53 82
458 66 26 29
150 470 100 110
127 396 38 39
348 462 26 26
315 517 25 31
65 292 42 42
356 268 21 27
157 445 4 7
380 568 110 117
60 496 55 63
23 560 30 45
572 255 22 28
292 303 83 99
256 65 25 28
244 95 37 37
236 245 90 109
209 509 55 64
278 422 21 25
371 134 126 126
91 279 3 3
431 44 108 114
114 431 10 10
157 311 39 42
320 247 85 87
107 548 46 51
243 367 40 55
547 488 30 34
594 466 73 98
534 200 79 106
131 174 84 95
221 539 39 65
226 390 8 8
473 259 121 122
586 333 30 34
353 589 45 72
1 575 67 81
433 108 26 28
541 540 53 54
146 432 15 15
519 435 5 6
545 584 75 103
232 594 115 115
444 519 43 59
50 481 46 57
87 374 43 49
388 174 3 4
321 115 37 39
593 484 92 106
538 365 56 89
502 496 110 117
27 340 75 82
570 563 27 32
159 208 51 54
595 468 104 116
424 228 101 115
257 416 38 45
27 584 2 3
323 580 11 15
224 462 82 99
362 471 13 15
563 265 85 91
228 404 55 78
333 219 36 38
87 418 22 22
266 209 27 28
367 491 54 59
66 553 108 117
213 478 42 47
194 114 65 67
21 515 75 103
432 115 51 54
74 591 31 45
229 596 11 18
387 273 54 98
341 205 71 99
595 598 62 83
302 407 71 75
466 191 71 117
478 63 42 55
161 595 29 31
282 415 19 20
45 368 43 46
298 410 61 86
83 511 84 84
31 316 65 69
226 138 71 79
597 460 57 60
479 409 64 79
60 472 62 70
523 144 95 96
1 438 78 90
82 467 14 14
225 97 8 12
332 253 102 106
13 89 55 65
354 446 55 57
194 579 104 106
440 585 49 51
27 440 66 93
372 547 10 12
431 512 58 62
535 169 27 30
284 169 53 53
288 130 48 49
533 358 39 52
250 517 0 1
213 269 19 20
205 165 28 31
559 75 3 3
363 319 113 114
582 176 59 69
510 317 26 35
539 405 81 84
556 237 10 10
320 240 81 88
576 12 50 52
236 65 50 74
297 482 59 67
88 532 22 23
430 401 5 7
267 130 33 47
566 102 119 120
101 69 76 99
119 386 68 81
103 423 55 59
363 333 73 73
543 53 5 5
549 40 58 81
257 71 9 16
350 530 81 91
448 224 3 4
195 94 18 20
187 527 29 33
590 9 48 59
376 381 13 13
320 279 32 42
50 407 76 82
177 292 2 4
537 107 77 89
1 359 40 40
449 147 82 89
54 75 2 3
94 113 78 92
493 266 79 82
100 97 21 26
396 160 27 31
249 530 66 70
555 46 68 72
406 562 85 95
507 273 77 96
320 72 5 5
59 467 16 17
160 434 45 47
526 148 70 93
364 232 72 84
528 162 63 69
156 303 11 12
41 92 45 55
95 155 39 62
273 477 91 114
62 94 58 84
185 580 30 32
275 486 55 62
365 418 22 26
439 170 65 83
362 352 57 77
371 313 78 89
353 20 17 28
96 175 25 26
131 471 72 74
242 411 22 33
577 471 72 101
518 520 39 48
287 384 2 2
146 500 31 44
270 295 42 57
381 0 58 60
92 482 20 29
377 250 77 77
204 180 13 16
40 109 91 93
298 462 73 73
282 57 36 51
135 340 66 103
421 469 29 31
121 323 1 1
13 291 81 124
51 112 47 52
32 564 11 16
251 321 44 76
327 501 16 19
515 390 35 41
350 263 57 89
386 463 34 44
348 110 23 24
264 82 48 60
154 581 63 80
336 293 56 68
84 54 3 4
178 504 11 16
585 541 93 107
424 62 82 89
327 122 49 79
344 541 60 77
48 216 25 27
323 115 41 44
71 53 11 19
372 229 107 109
59 25 71 71
423 200 27 40
246 16 57 69
181 527 55 63
343 228 28 31
547 317 27 27
20 363 4 8
264 54 101 111
589 54 69 70
179 54 7 8
371 482 58 92
227 288 55 66
192 487 8 11
344 368 97 100
471 31 122 128
99 293 83 89
315 192 71 83
235 595 65 98
22 184 85 88
325 321 14 16
8 335 39 48
12 157 40 53
310 532 21 31
134 176 11 13
277 415 21 22
561 116 26 30
39 316 3 3
588 138 76 84
388 261 12 13
594 211 56 57
548 299 75 86
465 325 27 29
365 254 122 125
519 146 10 11
493 383 48 54
308 13 65 66
164 228 68 104
293 207 12 13
554 197 73 86
124 523 47 51
319 461 9 12
305 24 43 63
536 172 48 57
271 321 1 3
524 436 63 63
476 501 40 41
201 553 58 58
224 202 52 59
183 469 22 24
545 576 41 46
552 316 106 106
7 371 13 16
127 433 82 102
529 98 6 7
404 277 56 61
359 368 3 4
17 253 29 31
551 231 39 46
367 177 57 65
33 302 56 58
234 59 11 13
295 9 81 93
357 253 39 49
201 372 74 88
350 53 25 32
166 191 104 106
483 502 31 41
70 299 22 23
238 209 37 38
59 210 31 34
129 120 56 56
396 131 107 124
201 318 96 102
301 164 5 5
482 229 89 93
475 394 124 129
12 135 73 84
145 56 16 21
454 512 22 23
7 66 15 17
308 10 18 24
75 181 48 54
240 67 17 27
23 310 96 96
189 7 87 90
470 429 89 129
286 344 26 32
592 596 20 35
337 478 102 130
326 412 41 44
573 343 28 41
160 235 11 19
125 196 98 99
119 132 88 103
559 598 67 75
346 411 29 33
578 39 44 53
488 548 43 57
186 459 79 80
510 299 49 92
479 262 24 26
215 539 62 64
330 163 83 103
501 48 76 111
518 593 41 43
401 187 102 108
266 236 32 34
161 530 3 3
366 313 49 49
36 568 1 1
471 300 72 108
502 472 47 49
166 541 88 90
189 85 90 94
341 94 30 42
16 117 19 19
175 502 12 24
65 52 67 68
177 115 47 69
351 420 13 16
463 146 38 40
505 579 24 42
391 276 15 19
279 97 123 128
94 238 80 90
511 173 5 6
99 233 97 98
399 528 110 124
115 384 51 54
307 439 51 56
226 331 55 66
375 84 9 10
292 342 1 3
538 66 29 29
336 201 33 46
324 532 94 112
195 226 99 99
473 169 24 24
114 502 5 5
356 15 25 32
399 551 58 92
572 117 4 4
61 529 89 103
408 26 90 104
240 224 15 18
392 555 64 80
161 12 57 92
54 351 25 36
566 359 66 72
9 166 74 75
456 148 28 29
95 72 21 24
513 23 25 27
327 127 22 23
85 421 61 61
323 334 85 91
65 513 35 41
226 179 50 59
221 180 62 64
491 316 52 53
14 256 24 25
138 88 113 125
108 142 63 67
273 438 59 60
150 237 76 108
385 136 84 92
279 186 10 12
521 200 49 60
148 378 60 60
579 572 41 57
175 490 23 34
414 525 22 22
339 495 57 74
188 442 38 48
478 13 44 44
197 550 45 45
402 116 68 68
472 574 82 92
154 204 123 124
267 132 26 35
554 333 51 65
99 121 71 89
91 191 82 84
463 157 60 66
520 231 74 104
515 254 31 39
197 50 78 96
528 537 102 111
71 17 118 120
528 458 39 68
446 342 49 73
405 395 23 23
182 308 14 14
79 261 3 4
135 107 88 101
420 194 29 32
209 519 18 18
487 301 99 113
239 390 39 40
61 496 27 31
531 522 100 102
532 414 106 115
250 195 104 118
395 140 97 110
265 477 64 68
486 446 64 70
275 208 15 16
239 366 5 7
296 335 40 65
305 41 103 106
50 393 22 26
532 45 13 22
53 71 50 56
213 98 40 48
57 157 39 42
162 210 13 15
454 364 94 95
134 412 77 77
178 155 25 34
166 86 76 82
431 244 101 110
211 232 39 42
56 376 37 53
80 140 66 100
160 314 97 98
454 427 22 33
151 177 41 43
151 256 29 31
532 394 104 105
466 228 108 115
3 308 60 90
332 380 100 101
212 127 107 116
366 373 57 76
61 528 20 35
391 97 46 67
49 127 69 74
309 126 43 74
260 261 36 59
189 271 55 56
23 262 61 71
36 498 86 98
204 144 7 10
378 394 59 65
322 257 83 85
519 78 81 101
54 316 93 100
140 372 77 94
233 595 82 105
584 486 31 32
94 344 32 46
128 396 9 9
123 201 14 15
96 100 86 89
224 112 84 123
548 97 73 84
99 143 19 20
156 188 30 31
514 436 66 116
421 201 54 59
507 164 48 55
137 565 18 19
252 325 52 60
226 342 27 29
351 519 90 92
553 475 28 29
89 517 41 44
20 509 5 7
72 88 83 98
416 22 5 10
496 27 51 66
521 496 32 32
555 343 13 14
421 481 66 78
592 140 33 40
571 407 43 56
348 550 11 12
390 527 48 54
472 113 24 31
93 564 57 98
490 423 45 46
429 555 69 69
440 380 87 87
104 538 67 73
390 449 70 77
408 61 84 94
509 368 27 27
97 403 56 67
188 10 68 86
420 423 9 9
236 52 56 56
329 11 13 16
558 354 27 38
81 75 37 51
165 434 96 105
101 11 37 37
83 215 4 4
145 51 76 80
45 81 27 34
545 273 81 96
359 571 65 105
75 597 72 72
442 304 52 54
296 582 78 80
12 249 93 94
417 2 58 78
67 247 110 111
208 100 59 69
125 136 70 94
555 344 72 79
43 205 6 7
131 157 29 35
348 304 53 58
380 71 64 88
495 34 71 71
330 484 41 42
505 119 47 87
193 378 57 58
512 240 125 125
313 588 100 115
12 45 35 57
116 1 47 81
315 137 26 26
127 269 36 36
223 119 108 110
513 487 31 34
456 358 39 39
592 260 69 75
372 354 123 131
28 414 87 119
59 51 40 66
343 577 45 45
279 513 18 24
30 43 5 6
586 65 18 19
357 1 29 29
83 282 28 28
333 110 40 46
261 300 38 58
523 89 86 90
31 332 29 44
215 520 90 101
240 35 107 117
47 289 52 85
113 590 15 15
135 100 104 113
542 112 64 99
443 550 40 48
47 221 21 23
579 164 52 65
537 194 10 13
576 56 82 87
590 118 26 27
428 170 0 1
157 6 98 114
300 97 16 21
418 416 88 89
274 86 64 66
361 143 40 43
513 132 7 7
80 394 1 2
237 98 42 46
361 1 53 85
564 221 68 96
270 423 26 33
15 327 42 44
37 313 19 22
221 586 11 18
394 520 77 87
543 435 56 81
216 507 26 26
133 357 87 93
293 266 31 34
33 542 95 101
554 542 2 2
345 489 100 107
7 283 62 88
59 251 30 50
512 391 84 90
261 91 44 78
372 326 86 88
441 397 89 97
16 408 48 78
31 366 43 43
358 387 83 95
291 352 55 58
302 214 42 55
461 56 77 80
398 284 19 19
527 427 74 97
487 496 33 46
122 57 20 35
62 229 78 88
308 369 12 12
372 178 93 106
125 384 9 10
354 402 56 70
65 287 3 6
273 203 33 50
20 581 26 33
596 77 17 21
545 114 8 12
310 237 117 118
284 386 5 6
531 21 14 18
230 128 8 12
221 35 29 35
256 408 32 56
332 409 21 22
517 481 37 59
422 454 5 6
83 253 14 25
473 18 68 83
57 582 89 92
284 361 108 112
414 336 78 79
73 171 41 47
571 307 65 105
58 397 81 94
473 397 23 29
188 563 13 14
561 386 43 58
125 482 98 106
169 594 52 52
301 329 68 70
285 32 54 57
205 331 67 72
417 267 18 23
235 529 44 74
220 346 91 97
60 402 45 46
334 89 87 91
598 82 48 54
159 299 102 107
496 8 16 16
344 38 59 68
589 454 6 6
386 288 43 45
405 592 9 11
512 60 102 104
76 28 11 11
51 595 53 59
236 403 9 11
511 591 70 83
414 318 9 12
159 436 90 108
330 267 60 62
178 148 23 24
465 541 96 98
188 285 92 114
243 311 24 37
186 87 70 78
108 107 88 89
73 346 99 128
409 345 66 73
312 283 77 82
276 499 11 15
567 514 27 30
369 234 72 82
550 379 20 21
373 26 44 44
429 277 93 114
110 496 36 60
485 526 78 81
132 184 10 18
479 453 39 54
56 78 68 80
294 6 112 112
248 290 17 28
321 137 26 45
254 429 55 59
99 372 38 39
539 444 90 98
198 420 56 66
324 291 76 96
2 346 57 74
355 283 74 77
592 14 92 92
486 154 104 112
259 60 86 90
420 440 99 117
388 366 54 75
246 465 84 116
202 179 59 71
382 57 11 12
158 314 97 106
154 497 38 39
502 388 49 49
162 267 21 24
8 241 24 40
297 104 78 80
495 299 58 59
459 580 28 51
50 187 34 36
122 47 10 11
100 505 77 81
42 580 15 15
368 434 50 60
53 422 53 65
60 17 97 107
225 82 88 89
287 225 69 69
597 393 83 98
179 447 1 1
212 261 60 86
170 71 18 22
142 41 107 114
322 167 97 104
558 172 28 39
360 64 68 76
292 196 2 2
542 334 5 6
487 113 83 84
369 179 81 82
181 553 34 34
59 149 60 65
226 591 36 36
1 381 25 30
532 244 62 69
544 372 3 3
466 282 14 18
59 485 89 99
466 324 15 15
173 484 60 70
59 65 88 91
544 547 47 51
162 291 2 3
355 106 68 84
526 564 75 92
503 552 59 80
107 317 79 85
448 202 49 50
262 446 93 93
447 408 46 48
320 23 73 103
187 533 65 68
72 440 99 100
562 295 13 16
507 456 109 115
146 114 15 16
582 389 70 70
265 222 75 93
112 488 91 100
181 570 22 24
336 471 18 19
442 211 24 40
369 482 6 6
436 391 98 122
26 352 81 87
48 505 9 16
25 460 74 94
226 267 55 65
103 544 30 31
561 511 77 80
340 459 48 72
442 340 50 56
249 0 35 39
577 48 81 83
418 491 0 0
86 366 49 85
504 191 40 43
566 223 21 31
263 512 1 3
326 214 65 89
286 573 119 123
261 60 12 13
382 537 121 124
497 498 27 33
122 191 50 51
526 510 94 120
494 540 42 74
162 507 2 2
58 392 51 64
358 441 94 94
511 266 25 27
593 252 56 78
337 170 29 29
147 494 13 15
514 397 36 37
386 74 67 76
597 326 48 48
296 238 26 30
26 8 43 46
24 359 87 90
91 255 41 42
382 595 71 89
513 559 65 76
35 359 106 117
236 408 112 113
300 296 45 46
501 331 48 50
570 380 6 8
507 273 27 28
376 597 55 62
187 209 31 36
198 319 31 40
466 2 90 92
161 3 38 38
508 392 65 65
262 425 13 13
365 478 51 58
374 514 21 23
339 105 97 103
504 239 10 11
449 582 30 40
572 248 44 55
597 179 12 20
338 496 50 66
78 13 28 36
313 286 14 16
395 302 56 73
379 548 12 12
129 220 80 121
260 178 32 46
105 309 56 65
574 579 29 31
300 486 64 86
500 341 103 107
69 577 26 37
384 506 56 73
357 36 33 46
442 544 83 103
118 559 13 19
385 409 68 72
126 90 48 73
180 381 77 80
456 227 20 23
225 233 43 43
150 69 41 63
120 193 24 32
527 162 50 53
22 302 67 67
212 159 66 84
40 490 34 34
146 474 33 44
109 340 97 103
596 552 82 85
361 39 65 75
114 400 6 12
448 416 73 101
419 273 49 60
67 520 26 30
271 480 45 48
379 529 91 99
212 493 24 28
51 366 93 96
335 59 23 23
324 210 47 52
22 71 68 80
538 62 34 41
542 269 23 28
402 271 67 71
72 141 61 67
397 449 18 21
492 76 88 99
132 197 85 101
169 29 98 98
78 434 34 36
566 372 53 58
456 529 27 28
482 236 62 94
533 321 65 65
380 581 27 28
89 38 20 20
517 328 52 54
584 486 23 23
406 293 57 77
389 216 94 111
448 323 11 20
332 213 1 1
492 598 22 30
448 97 39 42
83 544 10 11
183 61 89 94
385 310 45 52
140 421 62 87
552 464 44 48
142 410 9 13
470 485 30 31
346 292 53 60
574 319 108 108
140 466 94 99
301 198 31 40
360 376 28 33
527 459 69 70
99 74 75 78
555 271 34 36
236 294 6 8
577 138 74 74
402 357 56 58
248 3 77 95
281 1 68 72
512 83 82 103
578 357 26 30
580 334 77 101
100 369 31 32
458 102 57 80
349 592 93 105
138 224 68 79
32 334 17 19
376 337 10 10
473 535 47 67
78 538 20 25
40 571 59 72
566 306 58 65
191 119 72 78
190 274 36 38
512 214 16 19
371 293 50 74
438 148 75 100
195 164 5 6
130 351 19 20
353 554 2 2
397 19 47 53
322 233 87 90
497 150 110 111
322 540 19 19
304 115 10 17
485 406 54 77
218 397 68 69
58 6 25 31
47 262 84 85
486 586 44 51
107 376 63 78
582 370 11 14
83 431 14 17
135 181 33 33
346 495 62 66
45 7 24 26
149 588 50 52
411 347 1 2
119 570 73 82
269 233 5 9
384 333 53 57
294 143 84 86
454 219 20 22
208 212 20 37
20 77 66 68
272 572 40 48
392 530 55 56
482 235 63 75
436 235 12 22
419 368 68 82
546 223 10 16
298 72 3 3
519 182 28 29
393 346 60 60
355 152 60 83
41 453 98 104
64 571 8 12
18 247 23 30
36 95 35 43
455 562 104 110
531 525 2 2
63 66 88 94
407 114 47 59
183 274 12 20
44 244 40 52
239 537 12 12
208 296 100 100
405 508 14 14
284 546 18 24
455 325 43 49
221 575 39 39
586 435 40 57
133 316 110 126
195 156 11 16
156 579 34 38
507 71 27 38
273 136 60 61
526 315 10 15
241 492 13 14
160 424 81 95
280 358 51 55
575 209 23 35
395 399 2 4
514 267 108 114
548 571 24 25
103 327 5 5
462 455 78 107
269 223 77 87
244 484 61 61
338 430 97 97
218 63 53 55
4 588 39 45
130 272 31 34
593 292 65 68
306 322 25 36
333 126 34 59
210 53 81 107
14 398 88 88
535 267 75 75
331 244 35 44
541 424 11 16
243 548 41 53
268 291 78 83
430 145 72 89
524 55 15 15
88 247 117 120
51 489 30 37
156 530 89 124
393 267 32 50
583 418 36 36
231 165 16 23
551 467 119 119
509 226 56 67
314 540 4 4
261 557 14 17
281 327 77 100
58 355 60 71
454 239 50 54
29 85 9 15
108 582 76 76
69 53 105 106
527 362 46 70
9 316 12 14
35 216 38 38
184 59 88 94
316 356 102 123
346 141 25 27
449 514 9 9
143 304 18 19
564 387 49 49
502 135 14 19
358 345 25 25
183 423 20 21
594 206 102 106
107 466 7 7
137 360 48 62
65 286 27 29
422 366 10 12
542 37 17 27
300 218 7 8
32 41 68 83
315 56 14 23
132 64 46 66
177 313 13 13
359 29 82 83
163 311 56 89
269 240 104 121
145 507 75 86
94 224 37 44
24 307 12 20
72 545 18 27
166 432 108 111
89 368 25 27
337 469 35 36
290 431 12 12
237 241 48 50
33 449 107 107
293 68 53 55
219 426 12 20
525 178 51 68
468 188 14 15
430 193 57 79
185 318 16 18
477 564 2 5
179 408 7 7
574 6 59 64
134 9 14 15
81 349 76 76
13 432 33 35
252 357 49 51
267 439 92 103
39 471 25 25
237 56 69 84
217 430 81 91
8 372 77 90
21 179 8 10
12 345 42 50
92 569 25 26
201 391 71 123
300 530 38 41
466 554 23 27
289 390 31 50
155 105 96 112
109 97 105 130
253 470 41 50
580 261 51 72
54 254 32 36
354 139 93 95
350 415 54 61
255 493 17 17
355 210 100 103
348 141 51 70
374 566 50 67
290 140 20 21
490 268 24 32
210 435 23 23
131 575 101 103
301 121 36 36
588 570 38 43
467 122 44 63
300 204 16 16
373 459 73 74
99 233 89 102
123 71 13 14
55 364 23 29
98 186 55 75
404 407 40 50
300 442 54 72
62 376 83 90
553 497 14 14
140 302 61 90
231 161 55 69
284 219 57 75
465 510 95 100
106 338 83 110
239 151 60 61
260 232 42 44
227 170 21 27
247 20 17 28
309 380 95 96
12 230 52 58
545 285 57 82
400 421 31 31
393 362 43 43
92 159 78 99
186 184 69 72
235 586 52 52
331 427 41 67
221 247 57 58
133 209 45 51
265 273 40 42
537 418 79 97
539 345 1 1
63 434 90 91
192 484 50 52
180 64 68 77
41 416 100 103
75 403 13 14
159 108 64 73
149 238 8 11
515 39 12 18
319 348 53 74
565 276 60 82
201 582 18 24
101 458 26 29
77 85 14 15
2 185 49 62
236 504 86 100
224 567 67 67
512 568 94 101
376 262 37 39
326 447 28 33
558 57 19 28
58 40 54 80
253 453 38 46
596 586 31 43
319 241 22 23
73 486 20 20
140 552 22 23
224 259 34 34
265 530 53 66
340 573 32 37
468 374 71 96
140 2 33 37
59 206 50 50
463 572 34 39
40 304 52 53
257 64 61 86
164 182 79 88
557 225 17 17
363 381 15 19
571 266 107 109
330 379 44 48
65 559 57 63
343 303 93 98
159 549 5 5
556 41 113 130
238 105 88 90
16 534 11 11
263 406 38 42
387 467 38 53
101 271 28 30
520 422 38 43
595 302 105 120
243 301 52 53
370 294 83 88
63 180 1 1
592 7 42 49
369 470 11 21
134 567 105 110
524 41 19 27
448 374 11 16
39 61 62 62
79 252 110 116
446 285 110 118
82 460 20 27
576 534 87 89
213 387 70 76
340 45 108 119
85 396 15 15
495 42 68 76
35 520 69 71
92 491 50 61
468 211 12 16
478 510 27 45
300 57 0 2
435 128 77 90
281 482 68 68
494 275 40 42
22 442 114 114
122 164 87 101
253 542 60 61
456 446 13 13
483 515 18 26
348 351 39 41
441 515 18 27
454 142 108 118
483 354 41 64
383 221 49 69
230 535 44 47
458 234 96 117
231 59 71 86
525 435 80 88
335 568 40 54
289 6 88 90
459 445 62 63
468 130 66 66
44 517 11 17
114 89 88 105
129 392 4 5
72 211 13 14
264 507 49 49
481 52 41 44
255 582 93 93
89 297 41 56
139 365 60 67
357 67 9 9
246 336 44 50
111 109 2 2
116 134 52 61
572 114 15 16
525 97 74 82
251 427 34 41
364 61 100 120
379 423 102 106
36 37 69 74
548 509 37 38
25 459 73 74
538 227 19 22
145 364 0 0
89 449 7 8
357 487 1 3
329 114 99 102
308 423 48 51
11 345 36 44
206 586 48 50
233 347 43 45
315 75 87 96
566 56 80 80
71 256 59 61
329 477 38 48
126 360 25 29
177 253 33 33
574 238 44 59
396 377 59 61
204 459 77 87
11 131 55 72
248 270 61 89
123 582 33 40
61 339 40 61
75 486 23 35
568 10 39 39
346 512 79 79
437 368 63 67
320 88 62 65
203 492 52 53
154 415 73 85
115 415 61 61
72 267 70 70
360 555 9 9
190 548 26 34
376 0 9 11
450 348 71 83
275 269 107 107
203 479 84 118
537 472 98 110
9 509 46 47
404 273 71 76
541 33 79 82
263 278 93 97
344 490 27 33
237 247 12 16
304 14 39 40
394 75 60 67
56 264 79 80
207 347 45 45
184 505 42 53
478 520 23 29
30 134 79 79
473 354 36 46
566 394 31 32
410 104 34 47
498 233 15 19
296 548 58 63
246 74 45 51
499 172 64 66
113 93 54 57
423 387 18 20
475 458 69 91
403 123 14 25
575 296 46 60
458 181 30 42
440 87 77 83
2 403 82 95
366 17 86 96
269 280 59 72
472 197 24 34
14 63 102 109
450 507 79 95
161 478 48 66
401 400 31 44
64 440 55 60
429 342 78 85
276 387 64 64
146 596 1 1
215 153 66 70
69 175 40 50
515 503 36 42
483 217 25 28
61 55 109 110
203 230 71 110
215 595 3 3
521 465 2 2
587 4 33 38
561 315 22 39
329 264 6 6
36 550 34 36
65 283 53 78
217 304 41 62
97 461 91 104
11 348 73 86
304 36 56 89
83 65 71 71
589 239 49 56
222 21 50 52
161 353 118 129
162 15 118 122
210 21 31 51
126 267 69 73
0 574 82 94
13 458 90 113
473 533 58 73
71 473 70 121
83 156 83 86
202 349 125 130
391 253 63 64
41 15 111 118
427 566 50 79
451 42 23 24
90 132 6 11
440 544 73 115
488 308 4 6
588 150 71 117
187 379 59 65
201 126 60 60
576 374 43 51
110 539 111 113
112 44 81 84
356 35 54 70
152 321 21 27
428 170 79 109
58 48 7 8
113 399 18 22
378 52 58 62
451 21 27 37
270 182 40 43
520 322 61 64
32 460 43 55
134 69 1 1
225 213 35 42
505 375 63 95
310 378 89 90
478 524 15 22
206 79 78 80
509 329 12 12
238 526 7 9
171 181 93 98
229 357 48 54
128 264 90 99
544 439 125 127
234 235 82 89
154 319 85 125
96 491 4 5
13 552 91 98
334 104 41 45
72 176 86 99
279 144 70 74
464 317 66 75
411 202 26 47
568 407 66 68
150 205 20 25
401 459 84 117
410 344 9 10
212 459 56 70
169 237 45 58
235 570 27 31
450 82 8 12
566 303 15 19
508 507 38 41
541 412 68 79
468 207 48 53
441 127 78 79
0 374 11 11
251 287 31 31
0 7 70 99
420 449 56 69
104 538 48 48
57 593 67 84
15 74 5 6
232 116 74 108
18 102 42 60
108 329 20 22
374 320 91 118
482 180 48 54
166 331 59 70
571 385 21 22
515 295 35 58
53 222 4 4
300 511 63 66
201 493 44 47
430 136 66 68
391 126 100 104
176 57 2 5
117 79 36 66
210 452 67 80
425 267 15 28
380 394 26 27
58 480 41 68
241 415 71 72
527 278 66 75
70 375 19 20
479 36 30 33
113 157 36 39
403 320 81 81
74 80 103 108
499 387 74 75
479 236 73 119
120 229 21 24
464 75 26 33
418 303 89 122
77 427 21 33
561 327 35 65
338 7 5 6
97 395 45 55
297 241 10 12
241 285 94 94
409 69 57 57
538 471 43 44
537 488 101 103
215 412 77 108
20 158 64 65
306 301 11 12
7 154 107 107
542 400 86 95
3 98 1 1
421 551 73 87
42 209 36 39
180 474 40 41
578 149 82 87
390 11 25 25
480 316 85 103
334 573 84 97
301 107 3 3
4 7 75 107
2 579 56 71
562 581 51 56
429 395 89 97
534 258 21 28
250 468 30 36
217 550 26 27
318 501 76 79
400 413 58 66
330 541 43 50
586 557 16 20
319 370 3 4
183 453 54 58
444 195 97 109
151 541 21 22
164 282 72 92
288 514 117 117
97 219 13 13
220 202 23 25
89 375 82 91
517 234 30 31
346 281 103 104
190 197 52 53
489 216 40 49
292 157 74 127
521 274 27 32
8 415 36 45
476 567 21 29
163 77 110 116
220 584 52 70
372 107 54 62
201 338 11 11
146 389 14 19
454 155 97 119
433 291 78 86
99 351 77 105
13 175 6 8
272 569 47 52
129 369 10 11
281 225 60 96
24 519 74 96
390 95 34 55
154 437 18 21
408 110 67 79
227 112 47 61
39 408 18 19
568 341 44 52
489 537 21 21
141 462 58 58
99 253 17 24
452 318 59 61
264 579 36 50
596 429 87 90
23 400 38 54
255 146 44 56
353 224 53 66
304 335 39 48
366 460 34 37
484 551 86 102
154 182 78 111
164 513 4 5
221 395 11 13
428 376 16 19
345 411 87 87
113 6 72 94
517 515 43 45
30 584 77 84
281 273 7 7
491 300 13 13
437 299 119 123
183 284 110 118
513 423 26 31
483 35 65 82
594 380 16 18
222 69 75 78
326 499 15 15
32 188 70 71
244 206 60 67
292 363 110 121
72 163 79 107
321 147 95 125
142 489 27 28
434 279 23 29
558 186 62 82
271 194 8 10
280 77 19 25
192 594 39 53
14 69 47 55
267 474 29 32
545 93 44 47
10 183 3 3
172 79 80 91
560 183 26 32
280 74 61 85
202 436 20 20
342 189 57 76
185 249 74 86
477 422 47 59
364 526 80 81
504 268 54 57
298 247 60 76
382 594 78 79
259 527 69 74
259 441 26 26
91 286 97 122
534 484 57 62
471 138 54 61
348 425 15 15
329 22 16 16
151 581 51 62
293 35 2 6
533 209 19 24
495 363 2 4
351 313 91 110
520 126 61 62
520 0 88 93
129 321 39 67
457 391 7 7
573 425 14 24
130 319 70 95
355 432 87 87
507 503 23 27
348 269 21 27
133 419 6 11
269 176 96 99
160 154 66 88
551 149 87 89
275 49 53 55
12 123 45 71
330 192 40 50
26 498 94 126
125 31 65 102
547 244 43 65
9 243 33 45
41 307 67 120
478 66 61 74
301 556 68 78
460 404 90 104
487 538 102 103
428 463 66 87
229 256 3 3
561 62 8 11
360 255 105 108
109 574 39 45
125 575 33 42
379 195 22 22
253 357 55 56
252 145 36 36
459 389 16 26
312 568 7 7
119 230 89 96
218 521 27 27
343 593 22 25
244 83 14 19
150 556 8 9
464 375 35 42
566 492 33 40
532 349 42 57
48 281 93 102
131 240 110 124
104 519 79 82
206 167 74 110
429 189 29 32
359 576 118 130
106 270 76 79
319 566 84 84
294 311 37 46
550 266 9 10
243 58 34 34
124 329 102 115
312 511 79 113
155 177 91 101
98 318 62 66
586 65 52 53
74 579 2 3
318 105 79 85
199 462 53 53
363 338 26 27
3 84 54 69
162 499 85 90
438 42 35 40
258 196 42 45
325 242 67 97
351 228 78 101
529 55 59 69
432 474 19 20
433 18 3 4
239 286 59 67
354 406 42 44
329 206 98 104
59 64 43 44
207 224 75 97
521 331 20 25
359 437 97 99
530 199 84 91
257 97 52 64
499 182 100 100
358 82 73 74
371 574 84 87
470 10 1 2
149 437 111 114
504 248 46 55
364 280 29 36
134 37 21 26
303 175 10 11
253 563 81 81
497 455 61 66
419 257 28 29
376 494 59 61
241 566 66 78
466 582 23 28
47 63 23 34
64 55 28 38
111 448 81 109
334 232 67 81
549 300 96 120
162 155 71 77
27 516 69 86
453 597 23 26
37 47 14 17
464 120 29 30
106 268 33 40
356 19 19 27
113 376 70 71
362 594 9 11
111 5 13 20
219 55 91 92
402 126 77 92
375 221 73 102
458 180 37 43
328 298 49 56
130 548 70 77
468 420 102 107
576 525 37 58
146 7 6 8
20 165 33 35
586 377 36 36
117 438 65 66
596 326 49 50
46 350 124 124
519 351 44 44
428 269 49 49
50 464 65 80
514 39 64 65
38 193 67 99
544 102 38 44
9 158 32 45
246 275 83 113
559 131 4 5
310 129 12 13
129 474 61 89
233 304 43 44
214 94 100 103
8 122 51 79
236 432 78 119
540 67 59 83
440 468 25 28
562 196 81 85
384 426 18 22
545 443 15 20
501 111 60 79
408 184 67 91
470 233 15 21
477 376 72 72
298 583 31 33
544 406 54 73
501 256 43 43
371 97 38 52
100 384 37 53
289 129 67 84
369 192 69 83
425 572 11 14
22 561 52 54
254 181 8 8
313 450 51 57
136 442 75 81
190 437 46 47
57 151 63 76
445 381 108 108
249 217 71 86
327 509 68 69
412 353 28 34
47 221 2 3
122 484 13 15
11 470 45 50
154 554 26 35
371 303 75 82
38 504 35 38
170 57 15 15
251 323 49 67
245 565 7 8
182 91 49 77
122 331 29 37
313 416 62 63
121 422 59 64
568 60 21 22
491 269 118 120
135 474 34 41
463 362 59 93
540 170 15 26
473 577 24 27
75 587 11 12
509 425 24 29
588 171 50 63
343 190 92 93
156 24 83 115
294 360 3 3
337 432 60 63
59 213 45 54
43 216 51 87
96 235 115 115
575 427 119 120
77 439 74 96
477 128 39 47
244 285 36 37
278 245 50 71
399 576 61 61
423 199 34 56
578 330 55 58
549 368 84 89
42 445 41 52
581 589 24 33
361 538 99 113
253 310 65 80
251 183 12 14
583 55 2 2
403 503 17 22
95 141 56 98
72 428 12 19
349 66 58 60
62 111 0 1
404 330 13 13
544 157 7 12
9 318 89 91
387 52 1 2
562 404 88 89
528 151 70 75
432 378 39 43
99 305 24 32
17 558 64 76
404 390 62 65
577 553 15 25
316 356 16 26
177 237 67 88
430 350 10 14
498 26 14 17
148 571 49 64
352 135 60 75
553 312 32 49
254 475 68 70
113 382 104 112
155 390 16 16
91 394 69 119
9 243 12 14
510 484 102 113
588 408 67 80
124 433 5 5
415 592 82 89
256 167 13 18
204 510 35 43
347 398 31 52
275 413 46 56
112 531 71 102
524 562 5 9
121 521 33 47
315 126 2 2
350 289 10 11
139 279 18 19
130 160 2 3
160 415 6 7
569 93 91 92
308 333 46 80
286 273 67 121
109 60 83 92
538 374 26 37
351 66 65 80
536 347 66 87
207 323 72 82
303 337 35 48
96 291 9 17
428 420 76 105
254 238 20 21
475 405 47 57
581 129 75 78
375 452 63 72
378 577 114 117
235 465 48 50
278 338 82 97
580 348 78 108
192 486 15 17
61 377 76 85
195 53 40 55
513 20 19 25
357 350 57 68
165 195 7 8
140 540 6 8
202 331 69 100
569 553 8 11
546 142 31 42
437 47 40 53
530 117 75 87
463 470 68 80
216 443 42 44
269 134 55 71
469 374 40 48
264 474 49 55
465 366 36 46
431 150 18 23
73 348 5 7
23 28 43 45
460 199 3 3
26 152 87 93
537 447 14 15
213 509 2 5
556 8 48 53
109 103 23 28
436 107 7 13
235 179 58 73
274 344 75 79
384 406 22 29
11 508 42 62
590 211 44 65
296 553 104 113
310 167 25 26
360 479 15 19
126 155 44 48
43 218 34 34
202 304 46 55
237 258 11 11
566 420 52 75
475 261 22 23
448 474 42 43
454 525 5 6
149 459 107 110
230 10 56 72
308 210 6 9
593 171 61 89
157 573 72 84
277 58 45 62
163 152 44 55
543 140 97 102
66 445 39 43
40 240 38 44
522 386 18 29
2 383 17 33
133 119 33 56
286 292 74 105
53 299 30 33
166 574 127 128
277 420 51 75
47 256 72 98
583 499 34 43
236 5 41 50
198 304 90 110
15 105 81 89
398 153 47 76
467 300 47 53
588 348 64 105
130 589 34 34
34 151 50 51
239 22 24 30
6 52 72 89
451 58 62 77
563 298 46 53
82 149 64 72
498 152 17 20
159 215 73 86
145 428 80 97
279 449 62 94
9 173 63 69
76 598 111 115
367 232 33 42
489 585 113 114
226 99 98 104
368 239 75 79
560 457 40 61
21 584 0 1
64 228 93 120
217 155 62 62
237 459 51 51
267 15 34 45
585 202 44 48
225 501 23 26
543 34 41 41
145 30 71 89
38 210 14 22
535 132 43 62
470 75 18 19
510 250 43 44
479 227 15 19
452 393 22 27
232 355 10 10
538 303 61 66
578 214 33 33
195 79 31 31
482 232 97 100
559 492 3 3
17 84 59 65
464 490 33 44
303 130 1 2
582 29 98 99
284 113 40 42
338 485 67 68
90 596 24 24
173 554 3 5
89 190 103 110
285 198 94 112
274 195 86 94
212 589 94 101
547 369 92 93
24 234 40 42
244 324 7 7
510 393 72 74
400 339 42 43
170 237 49 54
35 427 73 73
470 40 85 118
3 320 51 55
570 483 54 87
142 293 48 49
447 395 70 100
164 356 51 51
317 142 52 55
400 110 16 17
388 548 92 96
272 338 15 15
547 45 9 11
514 358 61 69
104 332 0 0
146 117 56 71
543 129 20 24
544 512 36 40
401 74 14 14
525 51 49 55
398 54 63 72
424 120 26 39
179 391 26 33
524 211 17 21
126 587 64 89
156 595 10 11
382 406 92 106
75 364 28 34
127 134 51 51
461 466 39 50
591 164 15 21
463 199 85 85
443 389 84 115
179 491 117 117
515 312 28 30
404 10 83 94
158 569 63 65
547 72 65 71
415 91 46 57
11 3 16 20
327 230 116 116
114 482 42 54
212 457 67 69
277 249 23 23
501 338 73 74
259 494 9 15
507 65 22 27
332 447 32 34
21 146 127 127
28 536 49 66
418 388 32 36
303 48 66 71
348 118 52 77
33 30 72 90
498 517 82 98
335 504 7 9
266 494 35 41
495 251 104 118
555 99 57 68
345 347 40 42
435 290 11 11
497 84 35 44
580 399 9 11
114 380 42 46
187 562 101 111
428 346 48 59
28 79 71 79
221 77 76 110
230 347 60 63
356 53 9 10
515 292 8 10
415 313 26 26
173 283 118 126
123 1 32 32
305 351 55 72
505 580 85 120
355 364 51 54
68 515 14 20
35 305 45 45
457 264 79 84
323 350 8 16
407 149 94 96
206 296 35 37
478 546 8 9
361 184 71 74
340 77 120 123
120 569 32 49
564 360 87 90
253 282 48 60
447 585 28 36
438 43 45 48
147 88 86 87
415 109 6 6
393 166 101 103
369 341 86 87
554 40 87 92
175 169 4 6
281 61 79 85
219 253 43 62
465 564 63 67
192 243 57 63
255 207 45 50
500 415 24 41
489 45 94 102
585 29 36 42
191 258 1 2
175 432 93 102
519 96 86 120
197 357 13 13
499 68 92 103
323 106 55 57
426 46 13 16
515 23 63 63
467 33 100 100
464 505 42 42
565 161 37 55
435 411 18 22
26 364 61 66
112 271 64 110
259 75 43 46
295 362 50 56
330 124 49 65
144 79 38 40
33 6 129 130
479 154 93 99
412 38 50 50
518 399 30 42
463 273 59 59
146 163 37 44
330 205 77 86
330 531 22 26
57 1 71 72
137 59 82 96
331 455 64 64
553 524 81 85
203 36 53 62
473 462 25 31
161 539 2 4
334 118 43 57
469 105 79 116
295 60 52 61
350 42 73 104
276 221 56 62
517 314 81 83
12 407 12 16
289 276 24 26
211 556 13 14
13 239 39 40
567 138 76 76
378 458 79 111
1 237 39 57
496 345 87 103
328 274 87 121
569 578 76 108
350 542 85 91
418 283 112 120
492 6 48 49
19 472 76 96
302 575 53 55
175 333 16 16
593 582 55 79
248 137 5 5
547 486 38 40
400 211 36 38
465 423 16 24
527 361 48 51
172 451 26 27
594 234 61 62
20 542 3 4
64 72 9 10
538 470 15 17
241 372 14 24
427 246 48 48
472 416 50 52
350 595 60 70
88 425 94 94
359 6 54 58
547 362 78 78
322 252 91 97
389 50 6 8
135 164 17 18
562 564 81 92
52 315 30 40
471 214 52 59
261 467 84 92
268 163 92 92
117 378 30 44
280 476 52 56
210 167 60 61
239 170 61 61
140 325 25 25
15 497 120 121
39 503 95 101
305 3 32 36
463 438 29 30
83 549 62 62
141 201 26 28
589 291 34 35
538 58 38 49
230 58 25 27
163 172 72 74
456 90 58 66
469 100 63 85
411 326 48 55
520 371 23 36
486 31 95 97
499 352 5 8
418 232 18 23
91 299 78 101
486 441 36 38
279 517 10 10
544 479 16 20
397 260 23 27
582 87 83 90
258 124 9 9
161 96 29 41
208 511 40 46
515 519 18 28
145 343 8 16
220 325 69 71
236 302 78 87
21 294 6 7
452 388 1 1
191 377 53 76
404 206 52 63
459 228 47 61
319 390 8 9
115 476 30 32
71 170 18 18
460 253 42 43
24 246 97 113
314 300 40 41
508 295 74 94
332 255 80 94
162 363 28 32
169 85 42 45
564 19 8 10
249 434 54 61
87 511 9 10
495 78 11 12
19 124 76 89
586 492 52 59
205 3 10 20
525 251 50 53
53 537 65 81
21 265 60 69
335 479 45 67
144 163 96 111
580 108 13 17
260 125 11 12
294 238 70 89
435 99 12 12
534 214 11 13
127 159 5 7
441 146 58 66
340 565 94 101
333 198 58 79
124 570 119 122
113 162 38 41
165 20 30 40
259 310 58 77
230 468 28 45
173 137 31 32
63 260 61 87
372 3 61 88
158 243 103 104
432 362 63 67
71 566 53 55
48 225 36 36
569 345 4 8
393 238 18 23
569 187 12 12
358 81 25 26
105 209 85 91
469 214 94 110
215 389 110 122
418 304 69 79
597 506 73 85
73 441 70 102
382 108 82 97
3 396 38 49
378 419 102 117
146 329 40 56
228 191 71 77
3 266 36 39
407 66 22 32
220 451 3 4
390 571 51 51
494 90 53 83
340 60 85 106
85 359 37 54
127 532 37 40
225 338 57 77
97 373 38 58
137 359 7 7
422 366 77 80
171 592 79 96
76 279 61 77
271 133 30 37
476 63 65 82
194 295 110 110
317 92 12 16
568 348 10 16
438 394 75 77
28 221 74 86
266 206 43 48
547 222 130 130
209 339 32 38
571 430 93 101
107 80 4 4
536 29 23 37
88 551 82 85
258 581 92 94
404 427 83 84
542 375 93 118
285 311 15 19
540 340 38 59
566 297 43 46
357 512 83 92
157 515 61 62
37 213 45 68
466 472 49 54
193 539 16 23
414 478 38 47
319 421 77 91
341 35 104 123
546 196 81 105
327 145 39 47
125 13 24 26
109 302 50 51
263 252 41 42
496 568 12 13
414 543 118 119
73 552 47 48
142 107 119 119
18 468 80 80
37 249 29 37
475 286 44 46
510 445 28 38
41 316 51 70
468 153 22 29
350 67 13 13
536 472 69 80
150 164 55 68
222 232 91 100
448 381 102 122
578 504 45 46
171 264 44 66
422 367 96 97
36 343 12 14
98 590 56 84
534 494 81 83
52 109 74 95
493 46 29 33
486 223 61 115
24 206 8 12
589 559 2 2
549 380 39 39
561 452 4 4
430 503 65 71
12 291 36 51
368 202 67 71
354 482 52 52
405 199 51 59
195 4 12 15
408 98 79 83
323 137 9 10
221 506 77 91
44 553 9 13
243 551 48 68
561 183 12 16
531 299 121 121
573 15 111 131
356 564 105 108
580 504 55 60
154 314 75 75
118 16 88 93
34 445 122 126
433 120 8 8
321 231 86 89
161 452 4 8
294 51 44 46
429 454 31 34
40 560 55 67
587 550 75 93
172 70 73 78
85 163 13 17
347 8 27 27
354 88 15 16
13 562 103 107
138 253 63 86
152 316 99 105
414 428 23 34
262 562 37 37
464 167 21 21
424 491 94 106
239 484 88 102
136 243 62 64
133 336 57 58
278 219 78 83
321 128 71 73
33 574 73 81
359 501 27 27
346 448 36 52
470 43 11 13
53 304 2 2
150 580 58 58
560 513 40 46
58 238 61 65
362 183 73 80
74 77 32 39
323 393 115 116
435 167 15 23
553 472 67 79
185 72 42 57
415 200 33 38
64 63 43 56
71 541 104 106
145 569 26 26
164 210 73 77
327 240 37 47
195 127 52 70
418 569 76 99
476 14 83 83
77 274 48 73
512 572 85 89
583 93 63 91
14 441 75 87
479 177 3 6
534 203 59 63
580 23 54 81
510 86 113 113
125 390 68 78
421 237 80 81
525 514 45 55
537 569 38 41
10 380 74 92
28 472 100 124
316 9 69 72
422 230 38 47
118 171 34 39
395 2 81 91
442 332 53 57
112 487 81 86
479 565 31 32
15 237 66 76
177 109 2 3
271 282 55 85
101 343 54 82
356 480 37 39
9 520 41 43
442 301 0 0
112 143 85 90
268 592 23 31
471 71 15 15
498 140 65 65
177 408 54 54
205 285 70 110
360 422 59 65
55 76 41 69
342 204 1 3
543 170 71 99
58 299 42 43
344 207 48 58
281 502 1 3
193 419 42 49
340 214 31 43
293 403 31 32
39 158 70 76
350 149 73 73
292 214 21 32
251 501 81 88
103 580 43 58
563 341 29 30
537 264 10 14
441 489 33 61
524 569 14 16
102 24 44 46
370 458 33 33
174 301 44 73
160 175 16 17
288 496 23 31
340 333 62 63
331 87 49 81
46 69 33 34
131 440 45 79
556 90 12 12
308 302 46 46
501 421 68 72
254 47 22 32
564 104 22 22
129 358 43 75
71 118 50 57
330 85 13 23
183 243 118 120
579 434 70 87
377 378 60 64
544 550 7 9
13 287 91 96
78 150 92 100
269 21 51 86
271 148 54 58
513 317 8 11
431 521 54 62
233 453 17 18
296 430 3 4
573 466 6 10
271 41 106 111
504 280 100 109
65 141 104 114
285 391 93 101
589 501 9 11
586 39 83 85
242 424 19 22
43 317 39 43
554 485 16 17
208 532 52 54
84 315 64 99
521 115 80 87
31 305 62 64
131 383 95 99
93 79 16 22
444 147 21 31
498 29 7 8
115 346 108 110
27 531 98 103
470 115 40 44
298 587 2 2
163 596 24 24
424 226 9 13
346 100 20 22
174 36 16 17
321 493 40 42
590 274 53 54
258 36 67 70
583 18 29 29
332 517 45 56
165 202 48 50
422 10 107 126
39 204 34 34
424 456 49 81
354 225 62 68
238 321 109 123
464 485 55 59
267 20 22 30
255 416 58 60
163 90 68 71
391 358 7 7
190 230 6 10
193 426 88 105
542 8 9 15
412 469 47 50
240 117 64 75
186 224 32 54
559 577 19 20
374 178 35 57
370 183 24 34
243 329 11 12
440 188 84 99
424 156 57 59
360 409 35 40
378 72 59 67
382 451 73 76
14 104 13 13
318 396 54 68
299 182 56 62
598 313 43 45
466 205 66 67
531 363 67 100
262 563 42 44
542 583 16 24
32 357 32 32
579 519 82 83
565 439 76 89
416 402 84 89
55 306 63 68
297 17 83 86
487 88 0 1
375 270 21 26
267 171 41 41
216 29 116 119
508 373 77 85
592 531 58 82
148 525 52 54
1 461 92 106
158 446 39 40
303 56 60 82
296 357 25 26
484 330 61 62
148 444 16 23
152 5 14 17
126 480 79 80
487 444 33 37
534 78 53 58
230 303 71 79
115 247 53 60
440 113 78 83
92 251 55 65
89 456 83 83
37 337 76 83
477 553 39 39
195 232 85 91
594 101 14 19
460 416 84 88
442 523 91 102
362 587 33 44
182 140 22 22
211 442 38 38
455 442 76 78
10 532 60 75
58 544 10 10
331 490 75 87
34 409 66 79
371 167 27 49
443 415 84 103
159 110 14 19
595 542 22 22
354 294 63 66
308 571 67 75
191 21 29 31
21 376 76 95
325 404 96 123
388 450 23 23
472 427 42 56
286 502 40 43
491 189 37 52
80 223 3 4
470 194 10 11
93 228 21 22
63 261 96 100
215 227 90 93
30 186 7 12
143 342 17 19
524 559 86 112
377 38 34 36
598 593 80 85
461 101 59 73
133 306 3 6
228 374 109 110
65 243 105 107
421 63 72 99
187 42 48 76
100 485 81 97
116 146 57 70
140 261 72 76
66 211 40 40
130 357 83 89
227 396 77 89
26 411 46 46
321 38 22 30
413 377 43 45
502 212 35 49
237 355 35 37
423 117 11 12
250 196 69 71
538 531 117 118
262 399 90 96
149 593 27 40
140 518 100 119
192 341 78 80
15 113 2 3
497 414 68 78
162 595 119 120
172 257 52 58
382 584 37 44
109 95 2 3
87 124 65 71
516 330 58 75
520 162 124 127
332 319 21 24
10 114 64 72
179 39 31 38
88 15 85 89
163 53 73 79
431 256 68 69
448 297 37 54
412 147 57 72
423 96 35 44
385 79 21 27
309 228 41 68
380 41 11 12
69 443 47 50
2 311 77 93
330 506 71 92
128 177 31 38
239 293 58 97
87 247 16 16
71 144 52 77
469 235 5 7
414 243 17 17
417 513 87 110
174 147 105 113
386 252 71 87
428 194 2 2
409 264 0 2
29 543 103 105
228 529 5 5
116 178 25 37
582 598 29 40
5 394 4 4
484 185 29 34
71 242 62 73
151 120 80 85
255 592 27 29
377 402 9 11
433 542 91 91
323 518 83 100
485 292 33 37
20 338 70 84
345 12 33 36
162 411 7 7
451 394 29 34
330 559 60 78
405 35 72 81
203 173 75 87
71 69 79 81
294 120 71 75
56 433 19 19
544 110 21 22
119 250 78 123
430 241 93 93
517 568 3 6
39 180 94 94
490 262 70 96
593 529 72 80
36 500 55 84
43 304 45 55
115 108 65 101
442 439 0 2
408 263 68 69
596 27 33 34
488 452 32 41
84 593 75 78
416 186 96 113
348 220 112 114
345 337 2 2
320 352 48 52
81 363 99 102
399 489 29 30
458 511 29 29
175 265 22 27
544 586 54 55
245 141 57 58
438 15 87 97
508 97 13 16
28 442 59 67
312 292 68 74
510 60 22 25
484 47 56 63
1 126 13 20
468 239 55 64
222 494 107 107
198 499 73 115
297 534 8 8
513 275 13 20
530 65 81 101
2 267 65 76
521 522 68 76
277 183 59 60
65 469 41 47
96 429 10 11
210 400 121 121
202 165 52 75
276 476 52 70
294 595 36 60
476 381 82 83
450 557 18 29
279 270 86 86
221 95 4 6
400 580 80 80
446 113 56 59
304 341 35 56
386 585 47 48
227 463 78 89
302 299 58 63
349 294 3 5
503 293 81 96
515 169 13 14
498 106 108 114
171 6 18 18
366 459 41 49
483 43 9 9
552 488 55 101
454 591 8 8
259 538 25 32
383 273 4 5
487 205 112 120
433 271 71 74
298 479 65 65
240 467 50 63
530 176 37 52
483 513 41 43
462 495 74 83
96 540 4 4
258 46 107 107
593 493 40 46
175 48 35 36
164 156 18 28
201 556 23 27
152 389 20 20
550 36 50 58
74 517 68 71
310 33 94 97
164 239 35 45
371 536 6 6
562 319 42 49
262 353 64 73
350 468 73 74
305 295 11 12
155 357 17 17
343 494 12 16
557 160 50 65
297 209 50 52
472 568 34 42
141 215 98 109
3 354 38 52
517 324 2 3
141 158 52 61
77 401 24 39
358 558 41 44
80 211 5 6
436 566 50 74
29 39 55 63
375 361 100 112
115 171 108 110
537 484 14 21
319 264 34 41
155 458 65 69
67 500 28 32
279 111 47 55
11 448 11 13
287 597 91 92
120 361 67 113
385 159 22 25
161 72 63 81
522 19 48 58
225 161 105 106
386 175 24 24
32 264 9 10
274 316 61 65
146 577 50 68
514 419 1 3
27 124 50 66
543 381 36 40
38 587 60 66
276 22 99 123
462 324 79 84
25 580 24 28
368 581 47 48
279 225 46 50
371 206 82 120
590 13 99 118
295 166 36 38
190 590 13 19
122 541 63 79
369 423 54 65
412 223 79 92
15 475 61 75
416 79 55 57
456 241 2 2
319 36 31 32
491 296 71 78
344 549 14 16
94 88 71 75
161 580 72 78
115 492 44 51
132 418 101 106
183 565 126 129
29 228 68 100
295 210 42 50
522 588 33 36
176 240 4 5
541 411 16 17
580 298 67 68
3 201 45 46
291 336 59 59
208 200 9 9
431 280 99 112
475 89 9 9
593 22 51 51
478 51 99 104
514 543 106 109
507 258 6 7
84 403 27 29
131 411 37 40
376 457 43 43
131 57 67 69
317 417 19 19
391 379 58 68
479 46 39 47
118 514 113 113
215 341 10 17
382 478 75 97
40 379 8 12
329 113 58 64
598 584 70 101
499 197 5 7
475 1 81 83
531 122 24 28
469 562 45 53
107 432 23 23
163 264 107 122
12 58 36 40
82 127 61 73
127 355 66 73
58 391 4 7
337 234 4 5
300 423 47 62
499 425 64 85
309 1 91 92
343 122 84 90
127 416 95 97
258 481 81 92
92 128 40 65
118 404 3 4
26 274 22 23
135 570 53 54
426 140 85 91
511 12 24 27
283 160 20 31
250 291 13 19
381 501 82 88
249 286 56 79
542 325 31 42
37 3 18 18
533 13 47 47
392 524 59 64
470 273 58 89
426 517 19 27
323 502 85 88
226 106 56 65
71 245 76 92
138 81 54 55
255 447 37 43
212 205 31 32
120 571 80 82
287 184 119 119
421 309 72 72
326 405 45 55
395 422 73 79
31 458 16 20
22 29 30 43
526 107 13 17
301 401 53 77
28 157 30 48
570 400 13 21
547 303 89 108
453 253 47 47
4 105 124 124
505 64 1 1
141 597 60 65
115 332 89 112
224 133 64 70
455 264 3 5
99 122 46 46
440 382 87 101
366 513 67 83
74 598 1 1
514 271 38 42
522 592 17 20
66 398 35 53
214 135 36 65
392 481 1 1
315 178 4 8
98 58 83 107
562 434 65 92
472 253 40 40
427 478 0 2
388 58 87 95
133 83 71 88
173 352 72 72
449 57 42 48
441 539 4 6
243 19 92 92
100 291 90 113
248 488 49 68
86 555 23 42
69 3 57 63
44 353 21 31
94 395 11 15
5 469 64 69
98 211 58 66
325 539 9 10
1 213 69 113
273 229 59 63
67 450 101 103
285 497 22 29
49 4 43 56
286 421 80 89
272 48 88 96
104 254 106 117
505 100 13 14
440 319 82 88
331 487 83 100
446 569 14 14
476 450 23 33
67 83 102 107
143 468 101 103
496 267 33 33
257 37 60 61
405 117 39 40
217 228 18 22
552 360 43 52
441 291 34 42
348 169 45 82
537 36 63 80
288 137 3 3
435 521 103 104
276 344 3 3
559 150 67 70
320 518 69 72
40 335 54 78
46 164 86 98
198 312 55 63
533 323 1 2
207 188 68 80
548 324 88 89
314 303 23 35
500 587 21 26
211 383 2 2
18 392 49 81
387 341 45 61
100 280 54 61
179 10 2 2
431 399 48 51
63 281 20 31
539 443 37 43
523 295 45 53
69 247 76 97
62 450 28 37
186 558 79 79
456 56 36 46
142 314 35 37
393 41 89 93
35 159 58 60
439 536 86 91
332 296 7 10
399 567 25 35
28 131 63 70
35 395 54 63
40 111 55 56
40 132 35 43
490 71 20 21
461 471 55 63
597 59 3 6
117 544 92 105
246 486 20 20
8 30 89 101
269 281 66 115
93 467 9 11
525 212 78 93
184 339 30 31
99 490 23 23
165 280 78 79
87 492 85 108
471 403 78 86
239 141 100 104
447 195 2 3
430 368 19 23
497 530 69 69
569 238 14 15
358 132 93 103
202 356 18 18
331 87 3 3
454 488 82 98
173 153 6 7
587 134 29 30
531 188 56 66
488 509 74 79
598 326 20 22
347 158 9 10
373 454 43 44
181 423 61 62
144 365 16 17
573 37 81 83
551 564 57 58
60 413 39 44
293 315 19 28
332 361 40 40
589 148 30 48
388 417 23 24
122 316 1 2
314 8 12 23
83 162 12 14
155 101 39 53
595 441 58 93
44 577 6 10
520 312 55 55
537 507 107 118
470 239 76 84
125 553 7 11
121 422 41 43
11 441 95 98
7 407 34 40
252 531 86 95
305 111 13 14
466 58 92 94
107 325 90 90
150 146 82 100
83 277 63 66
109 197 70 88
39 245 43 45
171 424 74 84
65 361 16 17
312 429 10 10
429 388 83 119
173 560 61 94
506 561 19 22
572 372 62 78
313 553 8 9
346 285 56 64
548 412 114 119
459 271 20 23
520 118 45 59
357 398 33 35
252 178 45 54
410 33 7 7
170 522 75 81
102 318 38 56
205 470 47 68
327 547 62 85
424 472 82 95
490 24 28 35
447 367 52 53
201 139 52 59
495 293 27 30
496 186 14 19
146 393 9 12
385 363 87 93
200 298 75 87
473 160 70 81
527 454 9 9
119 98 61 78
125 480 101 103
341 153 37 50
434 33 23 38
413 590 23 24
312 207 17 31
125 366 73 83
140 43 23 24
74 551 43 49
545 491 96 124
142 68 57 78
166 149 43 50
502 7 29 29
355 258 10 10
504 577 24 30
578 40 110 118
546 218 61 62
455 490 57 81
136 316 107 108
352 337 65 72
81 533 53 53
331 273 74 89
245 582 42 54
344 203 14 19
345 578 30 30
414 413 16 27
77 295 53 54
594 118 32 56
310 35 55 63
286 73 23 28
242 278 72 73
297 282 105 118
463 36 71 72
436 2 31 37
272 26 106 124
218 255 42 43
473 547 4 4
269 180 8 13
521 143 6 6
133 489 53 60
13 304 34 37
181 346 127 131
418 310 74 96
71 505 60 64
55 253 97 106
338 501 20 23
275 502 16 21
335 534 78 82
107 185 34 37
573 123 59 64
370 470 99 105
36 203 15 19
596 254 45 69
19 349 0 0
109 302 9 18
406 330 97 115
126 338 31 45
249 376 45 60
567 18 54 54
564 188 79 81
441 198 9 14
553 260 68 85
457 191 38 40
483 63 21 23
231 38 24 24
116 581 1 1
411 595 82 99
552 566 99 112
37 520 61 81
494 60 65 67
502 222 41 43
512 169 70 77
495 474 3 4
81 295 61 83
376 595 4 7
288 193 108 117
437 374 22 32
288 501 100 102
25 492 2 4
363 119 41 41
451 516 69 70
391 542 64 74
6 409 15 23
554 547 36 48
535 227 26 28
258 301 99 104
339 509 16 18
505 271 84 84
433 368 2 3
582 254 14 14
550 55 127 128
130 5 45 55
286 314 18 19
438 56 87 109
499 434 16 17
234 576 34 37
531 38 61 79
162 189 12 12
334 250 6 9
447 410 35 46
47 245 50 59
18 178 39 44
422 383 26 46
574 252 65 69
292 231 56 78
238 550 77 90
306 533 32 37
270 193 46 48
1 578 22 25
352 363 97 97
595 245 25 30
380 570 72 78
453 498 24 24
420 561 11 11
477 93 63 64
499 491 61 64
460 454 82 85
162 127 14 20
29 488 26 32
580 32 85 104
532 119 75 85
315 151 41 46
506 477 78 124
303 210 24 24
458 252 21 30
74 78 14 15
458 51 97 98
482 548 90 112
522 562 24 26
31 365 89 91
259 540 49 61
143 563 81 90
380 242 83 94
480 570 117 124
387 550 27 31
234 540 104 109
478 593 116 122
245 134 40 48
92 59 130 130
508 45 11 14
376 53 101 104
582 45 20 21
235 250 103 108
434 165 99 122
351 332 31 36
407 221 20 25
566 483 102 109
102 284 36 36
308 168 58 59
278 411 126 126
292 0 54 96
105 521 14 19
357 489 55 59
275 312 7 8
208 518 24 42
5 221 101 101
197 529 13 19
443 532 24 25
269 338 67 73
236 521 74 76
207 299 72 87
12 441 78 85
265 281 61 77
38 189 39 62
23 370 35 38
461 219 98 104
16 431 86 89
425 114 64 70
231 85 62 63
338 576 45 50
199 173 41 61
92 513 59 70
147 108 18 18
8 251 23 36
225 369 78 78
174 501 64 115
236 536 27 31
255 56 9 14
74 496 43 43
579 7 22 24
155 445 103 113
262 558 28 33
262 244 85 93
81 219 8 11
64 521 42 47
304 231 116 116
564 452 109 115
443 90 58 61
193 438 74 86
93 403 24 27
386 329 89 90
335 385 69 81
85 555 111 112
166 133 1 2
515 299 66 76
446 447 105 109
426 85 72 92
482 473 41 55
556 6 8 9
262 195 61 77
359 522 48 48
299 464 2 4
94 137 49 66
119 133 95 110
577 184 74 94
122 595 46 46
552 329 105 105
85 56 18 18
263 519 45 66
153 509 55 64
535 314 62 66
518 424 101 111
505 68 59 68
587 530 8 8
253 145 1 2
85 552 105 106
9 68 77 79
450 161 77 108
263 3 54 60
493 300 6 6
521 180 43 71
366 542 33 40
261 137 61 78
416 86 88 95
275 574 54 85
575 102 27 28
279 398 69 95
450 5 79 80
491 493 62 93
449 311 94 96
274 535 102 104
169 381 12 13
107 62 128 131
249 527 105 115
479 488 36 36
341 30 87 92
73 83 5 5
406 335 92 111
126 418 107 110
141 73 58 99
265 545 92 109
148 205 46 48
380 197 12 13
232 397 45 48
510 519 12 13
259 43 74 87
377 296 69 74
240 242 96 110
428 340 36 44
18 316 66 113
475 141 74 97
268 582 9 10
509 256 24 28
216 296 22 32
419 152 13 19
470 198 104 110
240 291 80 80
72 549 88 93
8 453 75 92
70 79 108 108
268 34 33 49
474 436 92 94
334 74 53 64
449 171 7 8
379 175 14 14
484 478 36 37
428 315 58 58
577 2 48 51
250 33 83 84
22 224 86 106
210 15 21 33
408 150 2 4
570 364 40 40
3 15 4 4
141 596 114 115
351 593 15 15
583 81 3 4
23 230 88 89
248 132 57 57
547 466 50 56
566 72 69 72
61 484 14 15
154 545 36 38
35 202 43 60
577 266 11 11
477 206 31 35
363 537 90 94
187 383 1 2
242 275 31 40
137 153 32 35
532 171 72 78
473 100 9 10
553 71 56 77
38 509 81 81
18 117 52 60
32 311 43 56
3 5 0 0
214 337 29 40
547 264 24 36
596 421 64 70
134 94 77 80
512 373 72 81
510 23 7 10
555 467 71 113
153 3 33 40
317 65 48 56
405 247 102 121
103 207 49 54
159 577 2 4
550 308 80 107
340 426 25 28
584 91 92 109
115 87 19 23
538 128 9 11
210 292 28 33
393 411 122 129
317 35 6 8
381 6 70 93
499 220 38 61
151 93 47 51
133 255 38 55
269 529 32 51
356 357 94 96
436 587 76 104
172 168 14 16
395 347 65 65
488 249 71 71
134 66 62 62
345 22 31 35
516 348 96 105
43 561 57 60
422 199 127 128
496 144 47 56
91 543 98 111
44 165 23 28
368 474 58 62
567 520 97 104
238 570 36 46
526 313 73 94
49 286 41 65
183 464 15 16
378 27 63 69
52 591 6 7
240 60 28 30
129 337 72 73
365 217 14 21
353 106 40 43
24 23 64 112
407 549 34 42
113 309 86 87
461 568 62 73
159 339 77 97
329 12 89 111
149 143 24 36
286 38 21 22
270 32 35 47
384 76 97 103
140 321 39 56
457 187 76 110
554 27 37 45
432 544 88 90
582 231 25 34
236 579 15 15
26 450 66 96
41 284 74 85
571 520 65 67
430 361 126 126
371 431 21 23
70 544 17 25
172 509 63 92
501 179 79 79
304 466 74 77
148 19 44 46
186 102 24 33
284 369 78 82
252 142 124 125
436 217 10 10
357 196 79 89
591 142 49 54
10 286 66 69
564 538 61 64
416 172 67 70
458 580 35 37
59 515 50 79
184 249 22 36
194 437 82 127
442 223 9 17
23 187 106 121
233 38 105 107
104 329 7 8
568 227 32 39
571 296 97 117
545 542 81 83
471 159 69 79
140 551 86 93
183 86 120 129
221 466 69 84
550 576 36 41
185 209 62 63
183 419 67 68
120 568 45 50
493 122 84 106
591 487 46 74
228 525 87 109
448 67 58 66
232 35 104 109
326 522 5 7
180 38 14 14
120 342 25 32
78 282 35 54
188 529 77 80
329 474 95 101
122 50 53 62
452 148 27 33
220 353 50 74
115 486 16 25
320 426 19 23
516 215 75 83
412 514 26 40
354 570 23 26
219 28 45 80
217 357 20 20
285 77 31 35
281 23 20 24
495 302 63 75
144 485 14 15
304 29 58 73
299 96 25 34
87 547 57 65
34 213 52 54
424 159 50 57
588 401 43 51
275 30 28 48
449 53 53 61
524 224 80 92
176 134 39 63
478 223 83 88
521 516 11 15
448 122 18 25
398 47 89 93
493 411 95 99
577 105 55 56
80 454 31 47
523 379 64 65
50 268 60 106
495 26 60 61
358 264 86 100
288 128 6 6
576 177 111 117
80 440 68 77
176 570 36 39
86 179 58 102
521 301 7 9
302 228 57 59
492 299 98 109
543 96 88 88
393 167 10 11
208 188 34 38
505 293 23 27
416 355 31 31
372 156 93 120
308 589 60 65
380 186 76 101
333 148 61 73
59 354 1 1
259 125 49 50
34 449 41 63
539 420 38 49
264 259 25 33
137 213 91 92
8 33 12 14
305 95 21 23
358 325 43 47
436 271 50 75
354 587 108 120
334 115 6 7
404 147 44 53
483 248 40 50
137 35 61 68
244 532 118 119
109 82 68 69
242 279 44 51
581 404 43 62
12 401 20 21
336 271 28 33
22 325 41 42
401 338 69 70
360 4 29 40
297 155 112 125
152 63 81 89
306 506 27 28
182 331 16 16
12 189 43 54
266 440 51 58
124 160 1 2
240 222 88 104
22 179 94 95
415 148 64 71
173 276 79 80
448 153 33 42
229 386 80 91
501 139 27 39
57 594 26 29
557 120 0 1
344 393 70 72
94 275 29 29
585 463 31 33
309 240 11 19
419 63 27 40
409 416 35 50
48 107 99 101
77 271 49 56
301 34 38 40
108 574 33 41
388 141 54 68
391 157 8 11
167 506 4 8
373 314 61 77
172 353 64 69
67 250 51 51
545 439 10 10
82 439 24 35
72 216 28 47
197 107 14 21
96 526 49 70
568 466 70 109
294 113 69 81
247 415 44 44
180 137 60 65
577 358 38 45
584 95 105 126
339 314 11 13
291 467 7 11
4 10 76 76
275 99 43 43
331 13 79 84
134 598 44 48
85 530 93 97
32 408 71 72
585 374 33 51
21 492 107 114
163 283 5 5
199 500 39 42
564 518 40 59
244 555 48 59
472 359 66 81
60 413 84 106
513 28 87 87
436 52 71 94
128 32 9 13
238 244 106 116
151 125 59 67
374 307 35 39
549 43 60 87
48 397 52 58
330 504 46 49
258 572 48 63
62 20 27 30
49 400 12 23
167 460 35 52
47 423 105 105
465 300 70 87
525 49 93 95
15 305 45 65
97 546 96 97
351 390 54 77
392 65 22 25
395 329 45 45
573 146 92 94
365 149 24 26
88 206 29 39
243 533 67 67
385 509 36 50
22 226 84 98
512 177 82 93
535 430 3 5
403 504 96 124
157 196 30 48
323 408 20 30
326 409 10 18
41 471 89 89
418 176 91 105
345 71 15 24
493 441 42 72
222 388 65 84
478 177 1 1
489 56 87 87
409 528 73 101
96 210 8 9
42 470 26 36
408 564 13 14
574 580 15 15
238 127 61 68
345 333 36 39
56 349 62 64
550 139 54 55
393 301 3 3
90 409 13 15
134 508 48 65
12 147 15 16
470 272 62 74
141 42 40 60
2 520 8 9
229 378 1 1
527 309 92 93
578 2 83 105
329 502 34 36
363 190 73 86
78 135 56 57
353 358 51 61
288 159 18 18
541 271 13 14
233 406 45 49
74 370 35 36
94 83 81 92
29 430 30 35
513 355 81 113
393 456 82 83
460 360 7 8
280 512 107 119
230 585 50 58
155 259 74 81
419 486 3 4
203 121 34 36
272 141 6 7
520 379 1 2
184 443 55 67
498 261 64 98
127 417 11 12
457 78 61 72
74 218 75 82
261 489 72 75
67 134 78 80
587 569 46 51
246 458 57 71
252 560 21 22
127 546 75 87
331 595 92 108
427 197 37 37
181 303 60 63
29 550 13 18
151 442 69 93
521 486 39 51
16 120 72 82
43 465 8 8
296 16 44 48
399 327 6 8
424 188 81 81
530 495 36 36
134 458 97 105
85 140 31 34
440 172 88 94
592 510 17 20
361 226 73 90
527 244 81 87
75 221 29 30
343 34 15 15
410 101 79 83
174 27 15 15
137 166 40 45
80 485 62 67
187 577 56 85
391 212 92 110
583 113 101 109
405 168 30 32
273 309 77 84
355 284 58 58
456 185 86 107
182 302 52 88
506 144 69 83
242 389 55 59
19 160 63 65
110 107 9 16
75 414 33 36
282 583 67 68
596 178 67 77
32 431 8 9
94 126 72 81
454 466 69 91
591 294 50 81
370 556 51 97
78 121 38 65
259 114 39 43
244 577 55 55
153 487 24 30
530 36 16 25
551 462 51 76
549 360 117 128
494 305 26 29
230 518 20 32
410 104 112 116
19 33 39 46
444 17 43 46
259 140 97 97
540 205 70 81
548 445 41 73
378 317 92 92
70 171 48 56
214 275 69 88
56 586 105 112
305 268 90 114
337 145 73 115
508 566 50 55
63 58 54 81
268 407 12 18
408 92 67 75
317 448 67 105
246 369 83 107
580 190 112 123
453 147 60 86
401 390 91 93
7 381 89 89
582 61 105 119
455 68 0 2
427 277 31 34
276 427 83 87
479 557 20 27
93 81 84 98
79 160 98 99
291 151 5 9
158 404 47 50
470 458 42 43
23 492 8 8
368 561 127 131
130 188 86 103
3 509 16 19
431 70 47 57
234 484 1 2
455 338 20 23
174 239 16 26
14 530 15 19
150 403 13 17
448 358 20 21
181 361 34 34
496 420 22 31
435 73 84 93
135 254 89 130
322 61 40 47
415 365 62 69
227 317 57 78
113 176 83 83
459 564 34 34
121 421 27 27
64 263 50 73
95 97 90 99
559 72 16 16
411 29 27 29
502 430 40 52
530 368 3 6
136 466 18 19
60 491 104 111
163 402 0 1
489 324 0 2
368 434 58 61
69 382 10 19
163 426 60 77
195 297 68 78
134 589 86 96
119 288 10 17
447 266 12 14
503 371 70 76
9 156 57 77
60 523 59 87
507 571 40 43
466 133 43 45
496 391 63 65
69 390 48 63
498 4 62 69
204 377 89 101
193 423 96 111
122 430 78 86
577 542 45 62
453 156 85 110
366 489 120 122
122 520 26 35
443 28 4 5
220 575 61 81
254 450 21 21
299 444 65 81
189 205 97 108
86 264 75 90
144 84 14 15
216 595 80 95
35 432 13 14
490 369 53 60
176 164 19 21
281 129 102 110
88 334 73 118
33 354 5 11
154 75 30 36
396 206 43 70
347 276 14 22
88 585 21 25
436 28 82 91
443 199 40 57
521 23 21 25
509 256 68 73
250 143 118 121
543 301 80 85
75 368 30 32
387 343 58 71
524 383 68 70
212 129 86 90
39 86 28 30
119 511 84 95
211 433 9 16
342 290 80 105
104 288 4 4
350 163 53 78
180 397 104 106
199 307 5 7
196 280 90 98
406 402 50 50
192 572 44 44
62 526 3 4
528 51 23 28
101 287 89 108
34 525 98 112
166 103 34 40
350 493 22 30
71 179 21 38
283 463 42 42
108 87 52 55
303 435 83 85
53 502 8 9
459 82 74 77
574 222 10 11
138 94 70 85
454 165 40 52
187 374 5 6
165 300 74 104
199 256 68 68
161 220 63 79
462 468 29 52
119 350 27 41
466 125 89 94
142 68 32 51
576 65 23 25
465 370 71 80
498 189 11 12
333 84 111 115
60 446 13 17
450 270 49 64
436 210 62 65
332 282 11 13
179 153 22 22
523 491 72 75
64 190 68 71
94 185 115 117
226 339 0 2
266 188 53 56
581 491 56 57
220 434 18 26
149 462 31 41
360 352 94 95
364 436 51 66
594 378 7 8
424 241 68 120
367 171 53 59
157 243 27 40
171 369 59 61
137 333 2 4
385 495 53 53
381 449 2 2
289 425 46 68
104 179 18 29
334 61 22 22
114 410 87 113
234 20 69 87
100 554 11 18
536 434 7 8
208 375 76 114
533 401 5 8
491 72 7 11
486 176 62 69
318 597 10 10
417 506 91 92
310 159 94 104
182 582 26 35
445 407 14 15
539 203 62 82
450 588 0 0
585 517 41 43
1 385 80 87
49 175 33 35
218 166 19 21
53 432 53 72
365 239 46 52
16 471 69 85
314 246 95 116
91 76 67 71
101 81 72 81
18 364 3 5
571 272 50 50
155 480 58 62
203 396 10 14
144 345 80 98
15 79 49 54
151 214 79 104
380 507 41 45
282 202 43 54
527 96 2 2
98 381 103 113
201 120 27 43
181 157 32 54
451 23 18 18
571 322 21 24
349 23 90 95
89 156 5 8
428 245 8 14
513 409 11 15
562 431 90 93
262 175 102 110
468 478 22 27
368 464 20 28
248 591 76 92
97 515 66 71
576 229 20 22
110 200 27 30
436 135 99 101
161 570 22 25
349 301 90 106
80 508 37 39
261 500 2 5
375 573 88 96
8 452 54 64
423 561 90 94
419 445 93 100
194 520 66 68
325 515 20 21
377 515 63 67
235 447 48 50
572 267 39 40
121 22 19 20
22 527 74 82
515 15 37 43
597 195 31 32
82 388 77 103
383 69 54 54
113 88 40 54
456 592 25 25
594 280 107 109
349 416 52 60
407 385 25 32
279 447 75 86
365 321 43 72
436 74 56 67
104 4 43 53
121 29 23 35
52 217 12 23
225 414 6 6
151 356 39 56
540 404 15 19
273 466 108 121
298 15 106 109
112 332 61 79
217 507 50 72
257 229 14 15
248 488 1 1
5 340 105 108
91 10 11 11
43 578 73 79
209 430 70 85
517 190 71 71
159 388 108 115
2 497 73 74
469 187 51 51
354 11 74 94
114 254 2 2
381 407 74 85
458 397 21 28
427 569 38 53
137 80 56 57
504 529 3 6
533 115 37 49
425 254 31 35
423 277 78 80
398 461 57 64
294 347 84 103
63 95 24 24
277 453 54 55
490 344 61 93
118 350 26 27
482 257 82 83
337 317 82 114
345 568 41 44
368 94 52 62
298 493 71 81
106 350 9 15
326 222 47 57
112 467 27 30
498 575 65 67
134 318 68 75
145 289 54 80
253 235 94 99
97 290 49 81
556 290 63 67
51 199 81 87
342 60 23 27
415 29 103 121
470 527 46 51
395 594 81 113
507 214 42 44
61 274 27 28
330 226 19 28
164 113 84 89
202 395 10 18
378 423 0 2
551 402 40 51
447 434 60 67
185 571 51 65
588 54 63 81
433 537 31 33
577 596 39 40
495 431 64 65
194 47 41 52
498 417 83 83
421 66 21 30
55 329 11 11
394 53 32 49
36 558 32 32
555 371 83 90
454 285 2 3
288 5 29 29
117 306 65 72
279 26 21 24
324 322 83 91
123 182 22 32
380 191 64 74
553 577 43 45
51 8 5 9
234 123 65 104
97 499 1 1
295 25 118 126
571 205 7 10
232 9 30 51
522 251 4 6
6 358 79 88
265 348 86 95
134 266 43 58
338 181 48 57
259 159 8 8
309 489 85 104
46 313 42 44
20 197 67 93
200 236 78 81
124 259 4 6
442 288 83 84
509 596 30 46
141 226 6 7
217 461 94 96
235 410 73 76
497 95 11 11
218 478 77 98
208 119 36 45
405 517 46 63
366 64 1 1
458 183 13 15
384 550 56 59
126 65 31 42
105 76 28 40
585 310 101 101
394 34 80 94
152 208 12 13
82 452 72 73
161 125 41 49
254 425 100 102
76 465 33 34
419 76 67 67
454 427 81 89
293 574 40 42
577 201 10 11
47 102 125 127
488 161 39 53
201 128 17 18
88 96 62 62
213 589 96 106
363 92 10 12
415 437 81 115
206 346 92 122
59 228 74 86
200 257 43 58
5 407 92 95
21 175 92 92
188 469 69 71
549 229 12 13
144 54 7 10
251 168 47 88
158 558 68 69
547 468 59 62
458 237 101 102
408 405 11 18
170 286 7 14
353 330 77 123
548 254 48 53
104 536 19 20
25 242 69 78
458 27 52 59
204 55 18 24
479 401 103 107
321 229 67 68
337 238 19 24
228 397 84 105
440 0 9 10
496 74 38 64
340 241 79 113
70 262 63 93
533 368 38 42
56 127 14 24
451 435 54 69
112 392 43 53
535 9 43 44
173 524 87 98
534 560 1 2
531 35 28 37
387 559 84 99
545 18 50 55
37 501 3 3
230 84 19 26
36 567 74 79
120 256 86 97
554 27 59 59
93 3 21 22
497 239 82 86
213 437 8 8
276 244 24 41
557 466 34 34
30 550 35 38
575 156 21 38
14 233 36 45
459 481 75 92
98 543 33 39
531 378 3 6
140 458 96 104
286 369 46 59
459 556 89 118
403 75 33 34
202 162 59 69
491 537 32 34
506 201 78 99
306 190 115 121
34 441 48 51
492 593 96 100
226 52 64 64
258 578 107 114
184 524 52 94
592 470 73 75
57 287 38 48
326 586 73 94
548 559 29 32
593 26 21 39
343 336 102 127
220 114 95 99
511 207 15 25
389 60 26 26
271 296 4 6
43 246 55 70
418 533 1 2
542 522 59 78
110 281 54 65
50 228 66 87
482 229 16 21
449 344 87 96
331 590 4 5
393 87 31 31
515 198 47 48
284 474 90 90
445 123 40 41
111 185 59 63
278 585 31 40
470 25 28 29
446 341 21 28
28 180 72 89
419 428 26 48
82 170 54 80
312 579 21 23
0 273 65 96
69 450 74 111
50 366 28 34
57 395 55 62
12 253 86 96
317 131 6 7
101 514 50 54
23 409 83 87
538 140 62 73
558 354 60 74
188 350 106 107
158 121 61 68
539 498 66 80
265 341 11 18
218 285 81 101
217 106 3 4
139 435 4 4
520 227 25 30
62 518 94 104
86 134 48 55
566 584 49 61
234 175 110 112
164 33 28 30
91 594 41 51
306 583 104 104
20 35 67 67
447 236 63 72
194 196 95 131
309 489 30 32
558 286 85 85
468 118 58 71
580 111 11 12
172 453 9 9
253 411 20 26
76 310 98 115
105 363 23 37
451 259 24 28
157 367 35 39
339 306 14 20
191 210 54 65
25 135 7 11
22 449 79 80
208 126 42 46
409 10 16 24
295 517 40 40
50 442 48 60
510 397 21 26
394 81 10 13
297 565 16 21
47 442 85 107
560 444 102 106
92 480 72 77
139 369 85 112
183 567 30 38
535 490 97 100
480 460 51 68
515 325 63 69
151 490 32 33
80 378 9 10
350 222 55 76
121 184 80 102
490 93 91 95
435 117 42 44
112 234 10 12
511 389 51 59
106 247 22 25
255 375 31 31
379 541 53 62
537 366 41 45
144 90 9 11
10 74 62 83
568 276 85 87
432 396 108 110
286 364 41 47
159 580 13 21
39 560 59 62
586 574 17 25
23 597 98 102
99 230 62 67
555 10 76 98
18 356 72 97
205 304 39 40
570 213 61 62
10 188 64 67
570 221 55 55
212 154 30 31
224 324 0 0
336 209 67 74
386 275 12 15
94 27 5 7
375 458 26 42
305 124 50 64
503 222 46 77
339 508 11 13
596 331 99 113
37 215 89 92
87 292 63 76
166 97 20 21
344 427 58 58
245 89 42 46
519 41 70 112
530 523 72 80
133 99 21 38
130 547 81 81
453 595 21 23
69 570 58 97
200 328 8 8
240 420 5 8
82 203 10 11
73 291 28 31
53 248 50 55
0 294 1 2
589 498 51 51
223 6 81 107
318 585 80 91
296 511 61 106
266 248 46 50
223 338 51 60
430 26 7 10
185 401 25 27
159 34 63 65
385 77 48 58
582 233 89 114
134 67 53 64
297 183 26 30
254 554 39 40
547 415 19 23
119 169 44 44
150 513 19 36
298 258 55 77
95 177 65 74
564 26 64 64
148 53 22 22
312 505 65 78
258 260 23 25
277 317 82 94
418 436 19 21
488 73 32 41
165 522 74 76
273 55 72 117
285 249 37 63
287 456 42 49
386 351 5 8
362 525 9 9
341 326 108 113
169 181 72 73
331 372 75 80
445 355 13 15
196 343 90 95
114 250 83 94
490 391 21 21
36 192 38 59
313 216 37 46
496 337 5 6
46 5 18 25
374 92 73 75
192 528 41 43
97 583 62 69
518 510 44 44
557 188 77 82
469 412 36 44
141 386 50 58
132 168 3 5
576 587 35 61
54 299 37 43
41 190 57 57
90 524 83 105
336 431 55 61
196 270 55 79
130 573 27 32
143 433 32 37
220 121 36 36
108 238 42 48
71 182 13 19
520 230 67 117
570 52 27 28
168 565 60 67
0 322 15 15
597 148 14 14
207 538 76 99
139 474 97 105
363 342 93 94
263 108 65 89
192 519 19 28
404 516 1 1
447 501 72 73
217 268 74 98
269 147 74 76
129 174 88 96
82 226 50 51
345 47 9 10
16 232 85 89
550 495 90 92
65 428 47 47
293 128 104 104
143 99 60 62
364 450 8 14
484 28 28 29
514 127 32 34
377 561 54 80
468 497 50 55
505 81 16 17
22 259 45 57
418 449 7 7
580 60 13 25
597 405 30 33
55 507 68 81
37 487 60 64
142 363 47 47
317 129 33 39
187 319 47 58
166 564 57 58
562 189 18 22
262 65 44 45
107 435 33 39
382 551 64 79
90 139 2 5
216 431 63 64
227 199 42 45
481 123 48 52
225 191 106 111
553 325 78 107
540 334 81 81
61 175 45 71
339 28 47 52
219 290 26 27
230 56 45 47
169 148 58 69
149 416 75 77
135 437 17 17
444 252 82 110
553 528 88 97
194 329 41 53
318 544 29 30
389 393 57 68
561 234 52 53
502 579 85 105
422 187 13 18
445 481 24 32
461 597 4 6
411 578 85 125
8 192 61 62
327 141 53 58
504 507 47 66
543 340 18 23
395 421 62 95
280 185 23 28
206 587 73 88
523 594 7 12
548 562 70 101
416 393 10 15
84 502 27 29
433 430 65 85
321 455 12 12
85 151 8 12
440 13 82 125
409 316 11 18
70 32 73 73
463 457 33 41
3 272 95 114
107 40 19 24
558 353 5 7
265 13 30 31
562 285 75 80
456 132 20 23
113 127 47 70
593 137 120 123
272 39 25 25
413 173 70 71
429 573 72 76
398 267 33 52
265 334 34 38
377 161 12 12
386 210 6 7
145 77 16 19
333 199 60 78
112 440 2 2
369 21 90 90
343 194 62 85
310 26 16 17
153 85 41 68
359 145 15 17
27 252 29 29
418 14 14 16
142 462 29 44
129 427 62 67
514 533 13 15
169 231 31 38
438 463 81 104
248 11 74 79
306 533 7 10
194 155 10 17
82 400 61 70
400 69 32 35
499 121 19 19
429 362 55 56
291 132 127 129
534 112 21 23
563 55 51 58
549 204 16 17
