400 3200
0 1 416 417
1 2 673 721
2 3 0 0
3 4 302 302
4 5 34 146
5 6 36 92
6 7 72 186
7 8 231 345
8 9 372 397
9 10 457 539
10 11 131 419
11 12 359 685
12 13 90 204
13 14 201 878
14 15 14 27
15 16 614 671
16 17 191 417
17 18 241 559
18 19 132 140
19 20 154 198
20 21 574 801
21 22 778 969
22 23 29 313
23 24 359 693
24 25 759 877
25 26 742 895
26 27 71 85
27 28 10 39
28 29 10 170
29 30 590 879
30 31 58 98
31 32 283 421
32 33 394 958
33 34 105 533
34 35 200 692
35 36 44 315
36 37 538 687
37 38 344 835
38 39 0 18
39 40 468 750
40 41 654 989
41 42 223 748
42 43 125 280
43 44 175 790
44 45 7 103
45 46 210 448
46 47 87 909
47 48 265 293
48 49 34 288
49 50 68 130
50 51 1 19
51 52 623 679
52 53 193 211
53 54 79 265
54 55 288 492
55 56 30 53
56 57 353 574
57 58 140 146
58 59 153 589
59 60 161 700
60 61 54 102
61 62 394 414
62 63 343 695
63 64 224 414
64 65 39 50
65 66 24 536
66 67 93 664
67 68 408 515
68 69 28 945
69 70 519 587
70 71 489 904
71 72 61 137
72 73 124 139
73 74 305 808
74 75 214 398
75 76 108 165
76 77 335 928
77 78 199 348
78 79 479 751
79 80 91 726
80 81 610 884
81 82 404 624
82 83 266 751
83 84 267 349
84 85 96 270
85 86 675 896
86 87 378 428
87 88 11 965
88 89 331 664
89 90 45 622
90 91 90 114
91 92 60 950
92 93 160 450
93 94 545 578
94 95 155 408
95 96 181 237
96 97 698 904
97 98 173 574
98 99 2 2
99 100 94 617
100 101 189 326
101 102 4 527
102 103 628 886
103 104 168 357
104 105 695 909
105 106 291 623
106 107 4 15
107 108 774 930
108 109 381 691
109 110 70 998
110 111 81 172
111 112 102 137
112 113 179 933
113 114 324 697
114 115 15 66
115 116 384 756
116 117 157 754
117 118 45 923
118 119 369 712
119 120 21 124
120 121 7 19
121 122 2 26
122 123 14 28
123 124 25 246
124 125 248 860
125 126 125 539
126 127 536 553
127 128 234 842
128 129 29 124
129 130 25 279
130 131 334 586
131 132 405 970
132 133 206 561
133 134 15 18
134 135 232 801
135 136 167 233
136 137 495 807
137 138 166 388
138 139 650 864
139 140 320 747
140 141 238 556
141 142 49 136
142 143 9 59
143 144 114 121
144 145 41 44
145 146 84 107
146 147 139 225
147 148 25 713
148 149 367 560
149 150 1 12
150 151 21 72
151 152 349 968
152 153 156 568
153 154 15 203
154 155 38 252
155 156 120 744
156 157 183 195
157 158 215 581
158 159 48 970
159 160 628 847
160 161 71 240
161 162 101 494
162 163 609 620
163 164 741 829
164 165 119 156
165 166 12 18
166 167 2 70
167 168 396 486
168 169 462 606
169 170 259 569
170 171 169 317
171 172 108 989
172 173 84 580
173 174 193 380
174 175 119 551
175 176 684 746
176 177 309 669
177 178 35 265
178 179 51 66
179 180 78 370
180 181 46 630
181 182 20 210
182 183 122 753
183 184 23 66
184 185 24 260
185 186 115 805
186 187 180 193
187 188 369 640
188 189 441 525
189 190 577 925
190 191 85 263
191 192 48 66
192 193 384 735
193 194 569 772
194 195 150 908
195 196 641 932
196 197 5 13
197 198 171 234
198 199 467 617
199 200 377 949
200 201 880 951
201 202 113 557
202 203 7 916
203 204 595 642
204 205 115 390
205 206 81 486
206 207 14 604
207 208 249 550
208 209 750 927
209 210 338 919
210 211 241 395
211 212 33 964
212 213 62 174
213 214 9 126
214 215 94 135
215 216 6 506
216 217 10 21
217 218 912 948
218 219 276 827
219 220 7 15
220 221 18 176
221 222 167 332
222 223 116 131
223 224 433 810
224 225 97 345
225 226 334 941
226 227 522 582
227 228 212 879
228 229 20 845
229 230 875 906
230 231 198 460
231 232 189 546
232 233 461 799
233 234 36 286
234 235 466 490
235 236 188 599
236 237 15 15
237 238 129 594
238 239 108 434
239 240 698 808
240 241 74 315
241 242 728 893
242 243 314 578
243 244 35 184
244 245 464 788
245 246 29 612
246 247 0 53
247 248 20 420
248 249 271 679
249 250 530 919
250 251 0 0
251 252 768 977
252 253 96 376
253 254 80 974
254 255 95 605
255 256 173 829
256 257 240 575
257 258 218 628
258 259 200 285
259 260 410 587
260 261 56 750
261 262 31 859
262 263 596 755
263 264 629 698
264 265 4 865
265 266 85 323
266 267 314 671
267 268 162 451
268 269 92 382
269 270 9 411
270 271 213 401
271 272 41 317
272 273 349 622
273 274 72 430
274 275 410 974
275 276 464 678
276 277 54 198
277 278 4 427
278 279 75 343
279 280 25 798
280 281 823 880
281 282 707 904
282 283 343 663
283 284 4 270
284 285 75 252
285 286 462 855
286 287 454 528
287 288 148 802
288 289 47 573
289 290 32 733
290 291 230 519
291 292 14 771
292 293 38 569
293 294 379 466
294 295 218 343
295 296 53 68
296 297 267 378
297 298 19 79
298 299 43 983
299 300 51 181
300 301 703 812
301 302 64 875
302 303 455 689
303 304 106 570
304 305 84 161
305 306 423 467
306 307 164 345
307 308 191 225
308 309 498 593
309 310 43 312
310 311 495 917
311 312 425 910
312 313 56 257
313 314 49 111
314 315 93 193
315 316 166 500
316 317 6 729
317 318 105 208
318 319 167 248
319 320 47 852
320 321 65 416
321 322 373 617
322 323 74 233
323 324 91 102
324 325 408 516
325 326 103 477
326 327 30 152
327 328 423 622
328 329 85 544
329 330 334 654
330 331 143 144
331 332 108 752
332 333 10 222
333 334 467 519
334 335 562 786
335 336 7 22
336 337 127 324
337 338 70 873
338 339 297 845
339 340 0 538
340 341 542 867
341 342 190 950
342 343 517 827
343 344 274 854
344 345 4 98
345 346 471 651
346 347 535 704
347 348 248 610
348 349 564 800
349 350 20 34
350 351 748 771
351 352 222 732
352 353 81 259
353 354 58 257
354 355 425 632
355 356 269 345
356 357 409 797
357 358 275 446
358 359 35 783
359 360 442 991
360 361 291 300
361 362 51 143
362 363 500 902
363 364 223 542
364 365 942 975
365 366 129 637
366 367 987 994
367 368 360 546
368 369 426 526
369 370 62 135
370 371 316 356
371 372 14 26
372 373 92 160
373 374 685 746
374 375 9 30
375 376 266 366
376 377 695 863
377 378 333 693
378 379 337 691
379 380 159 188
380 381 246 442
381 382 157 582
382 383 482 990
383 384 56 204
384 385 55 247
385 386 170 262
386 387 691 750
387 388 91 457
388 389 50 56
389 390 237 509
390 391 154 212
391 392 242 799
392 393 145 297
393 394 5 27
394 395 52 594
395 396 140 844
396 397 192 381
397 398 591 750
398 399 462 511
399 0 118 541
381 214 709 960
100 202 207 804
59 323 18 32
243 145 94 710
209 39 173 465
113 31 78 948
293 324 112 221
153 71 186 267
236 387 37 81
50 55 155 429
69 90 89 109
99 230 29 634
335 30 311 803
115 99 320 697
223 273 564 766
2 79 312 342
258 179 234 846
26 255 351 429
270 196 541 824
271 302 7 627
65 139 105 143
112 13 47 78
213 181 12 18
149 261 39 66
226 321 263 459
224 290 41 113
69 279 26 27
303 363 746 755
55 198 153 395
11 345 625 747
123 261 444 452
239 236 263 450
274 27 321 478
331 42 40 474
45 12 797 803
104 24 314 402
132 303 900 905
354 353 24 37
6 42 29 774
44 306 90 125
76 268 426 619
182 56 6 10
162 221 57 539
358 44 1 3
197 305 739 952
338 82 807 906
364 72 406 796
216 245 656 916
383 147 11 145
290 195 97 157
210 387 157 187
104 57 434 623
385 113 503 906
47 127 853 990
91 263 530 711
210 49 193 732
328 42 910 910
282 324 230 401
238 164 160 250
139 119 85 173
265 8 106 119
178 369 711 813
380 72 124 146
217 16 171 264
303 387 480 819
149 265 87 310
322 334 975 983
287 333 213 266
41 174 268 534
392 149 243 314
181 125 113 911
194 203 338 366
214 140 19 434
84 194 117 512
35 382 791 939
265 347 9 30
178 292 347 717
162 153 579 891
282 50 4 27
365 198 159 522
193 260 290 326
96 323 763 860
37 60 288 559
164 392 184 690
325 110 399 453
353 378 313 628
178 160 97 290
279 153 8 9
110 67 118 577
311 366 255 311
150 258 434 517
360 21 479 917
371 68 69 426
218 372 235 247
236 326 22 371
159 217 827 932
56 43 538 937
388 244 320 845
35 356 590 921
241 6 29 228
37 23 35 87
202 122 81 227
309 210 47 314
389 230 149 174
139 299 62 607
25 95 395 414
56 376 136 817
157 334 81 185
60 238 112 702
119 121 211 240
60 396 275 574
339 71 139 349
43 91 15 57
208 43 11 229
89 281 92 664
37 361 387 497
77 200 92 519
22 21 102 174
315 210 530 571
82 88 107 997
220 118 370 817
36 239 92 594
297 109 297 976
269 179 690 902
374 96 374 596
267 62 23 32
133 16 18 93
68 48 4 65
83 110 398 452
349 59 120 375
87 224 590 976
177 193 161 168
56 158 404 973
184 22 150 768
358 195 137 825
258 146 396 633
67 350 37 669
222 312 157 477
43 286 13 13
270 123 273 353
86 318 103 492
14 119 427 730
29 382 206 469
330 89 281 457
54 232 44 137
8 288 1 10
168 238 237 759
178 292 319 320
26 314 163 985
158 37 102 220
144 286 216 339
5 248 19 524
14 119 191 755
8 230 404 464
61 379 17 124
133 260 5 312
200 353 348 505
310 369 587 674
193 260 274 770
103 70 51 130
72 65 19 22
168 313 484 519
386 174 365 810
36 169 12 12
236 92 470 673
233 276 518 687
170 328 259 449
236 140 123 915
232 93 521 645
249 377 0 5
193 93 162 484
326 178 485 860
140 290 517 831
87 383 297 649
200 80 548 674
392 379 143 579
311 81 116 274
200 136 452 561
248 306 368 672
66 155 87 352
82 47 9 856
37 242 48 195
65 124 187 748
269 271 178 289
200 294 202 774
41 250 224 428
368 331 307 808
93 201 12 353
154 107 180 213
189 146 346 768
309 340 301 308
70 225 42 733
159 100 121 745
173 154 40 221
151 113 116 214
164 13 54 199
205 253 70 142
8 153 277 377
363 190 4 26
266 280 103 111
262 241 446 675
61 106 552 800
124 123 13 80
157 390 159 231
220 284 125 207
147 164 601 918
89 139 369 712
176 181 38 554
357 278 144 304
359 230 405 835
42 289 269 435
128 322 93 924
120 43 19 706
27 277 32 478
50 268 47 126
106 72 755 977
99 158 65 159
343 25 189 202
212 232 230 431
376 184 180 404
133 388 48 146
67 305 251 730
51 56 8 188
1 123 289 644
157 336 682 755
149 378 185 210
341 378 489 601
250 175 720 749
217 298 195 638
372 38 555 597
38 27 13 295
168 301 263 732
397 390 71 946
212 160 394 425
48 323 264 782
93 367 45 56
149 173 627 836
176 353 89 192
227 381 32 395
312 249 60 300
93 1 6 80
39 137 808 905
308 381 267 370
26 202 238 531
171 43 285 494
109 121 26 132
371 150 149 206
242 254 65 76
380 177 289 508
220 252 158 261
43 372 322 357
228 202 97 108
106 366 473 788
370 27 83 106
159 70 778 986
11 355 174 177
175 270 393 572
258 311 41 44
67 180 54 787
346 281 100 189
396 201 308 528
162 200 286 740
247 195 39 150
42 120 248 551
394 4 118 216
246 313 642 759
89 378 590 723
349 27 46 176
298 249 847 862
26 40 18 19
53 168 289 861
297 190 394 559
55 306 262 403
384 355 158 759
142 258 534 717
226 30 966 988
56 263 115 278
330 28 0 3
23 346 244 934
61 327 196 858
312 140 606 729
318 340 272 517
199 38 23 707
289 85 594 781
187 321 159 375
329 183 136 771
15 294 527 751
81 109 366 613
169 361 111 402
304 297 43 698
322 343 2 3
232 234 277 775
294 343 649 897
302 94 126 239
322 236 11 120
255 147 78 220
153 356 275 302
305 156 157 883
154 39 104 543
350 290 57 286
223 378 16 138
192 4 183 290
306 296 584 614
311 86 13 324
29 344 212 457
76 59 31 444
86 261 492 828
48 141 255 426
175 338 121 346
320 34 177 675
170 388 69 221
59 198 423 467
92 243 127 315
237 45 443 627
163 224 483 878
74 73 202 448
77 89 363 785
381 75 47 457
349 65 624 656
167 284 16 131
242 40 56 433
252 281 146 910
24 255 528 606
339 130 758 767
306 264 475 505
151 86 190 498
242 1 407 843
299 30 45 67
324 6 466 573
76 329 866 943
281 170 45 518
230 153 25 194
390 237 624 848
231 137 242 251
50 316 398 701
37 243 512 540
171 313 814 949
317 179 439 624
240 136 151 838
168 112 4 7
158 226 553 990
251 189 4 77
306 308 141 322
87 215 815 947
180 337 0 8
388 119 70 823
226 192 370 862
323 113 259 440
6 125 220 256
341 253 494 803
245 358 255 478
59 205 112 134
327 165 691 928
276 290 294 896
276 221 120 492
178 238 561 857
370 29 255 418
365 106 46 684
0 35 154 398
232 269 271 506
179 351 169 189
319 397 907 965
314 338 64 294
339 152 58 103
182 237 19 144
22 267 10 14
185 310 109 716
326 111 1 565
164 44 11 795
9 135 110 507
49 204 717 792
176 243 44 696
231 138 227 778
336 162 59 406
346 94 422 648
89 261 25 179
236 171 100 322
263 104 165 172
69 171 376 409
155 56 205 241
365 216 214 407
49 185 94 976
114 207 46 320
62 208 408 983
258 74 334 636
305 289 106 375
82 383 225 858
196 305 283 620
157 293 100 252
292 1 579 793
302 244 2 433
294 179 219 357
218 314 10 330
122 9 43 698
354 300 69 268
304 107 479 809
252 267 26 295
177 43 469 544
252 286 35 488
276 184 281 856
202 97 721 889
1 143 172 184
226 46 144 585
184 343 499 899
135 322 250 446
120 41 440 922
377 135 125 279
355 143 570 609
8 347 266 683
5 391 10 228
129 374 3 13
122 219 180 417
26 24 276 939
109 43 186 343
263 144 594 780
230 65 158 174
316 7 264 342
275 202 81 144
309 55 123 717
215 392 298 700
185 148 516 689
189 107 8 253
396 108 334 693
378 140 118 227
169 84 228 425
300 0 60 372
395 9 227 355
364 315 13 57
308 47 99 632
379 55 275 708
378 135 309 614
396 260 107 648
194 27 95 170
380 285 121 149
286 300 70 514
79 60 679 876
34 293 181 184
366 325 437 463
25 392 145 429
360 124 345 497
211 133 107 161
215 384 283 342
184 73 222 262
387 74 469 845
263 237 539 801
278 101 213 427
113 285 4 607
342 39 103 145
30 75 259 510
85 252 56 297
198 300 741 860
119 180 547 672
134 346 457 634
194 21 7 124
168 89 5 471
6 150 971 987
189 336 577 949
294 206 0 645
286 318 71 151
74 137 344 639
288 339 318 566
48 158 433 469
37 114 279 428
297 152 38 599
260 85 259 850
319 362 369 751
385 156 238 579
290 103 294 925
381 63 31 64
26 9 62 992
344 223 6 53
142 48 189 199
376 186 318 423
252 309 10 107
251 274 365 624
150 378 44 48
207 100 183 284
85 267 41 61
361 273 158 704
26 141 54 669
227 112 34 378
187 156 0 188
98 299 716 747
41 377 22 340
56 338 609 796
136 360 266 488
263 312 263 526
167 293 2 28
294 0 8 644
33 167 22 351
97 0 2 229
372 280 422 434
266 69 57 382
266 38 282 470
318 10 404 980
19 155 269 364
396 12 493 775
212 72 510 553
66 249 600 890
378 321 81 355
222 111 107 245
216 380 466 911
66 343 42 43
193 35 2 951
13 199 36 556
225 134 319 376
143 286 942 996
323 260 45 58
352 117 337 517
14 78 26 31
203 140 1 571
241 283 45 180
85 253 208 631
146 38 98 981
230 160 565 875
288 351 373 452
224 47 252 709
59 319 168 778
146 75 235 495
123 268 118 529
274 49 55 150
332 258 273 369
319 157 65 142
80 152 51 727
309 49 160 477
278 202 274 449
51 284 623 886
374 218 460 528
225 4 2 409
64 263 80 269
197 160 54 72
161 189 361 418
272 45 23 25
358 314 116 291
358 325 221 504
143 274 374 966
13 105 24 109
203 200 99 673
4 102 1 500
361 266 596 777
2 65 141 143
280 367 69 83
28 139 74 399
120 316 608 797
385 99 36 191
260 7 261 768
320 211 177 290
222 382 150 217
200 71 6 16
2 5 107 399
1 385 360 381
374 387 201 660
285 263 41 70
355 171 64 152
166 312 5 16
145 366 47 113
212 333 496 652
267 275 348 403
220 360 166 321
390 371 162 558
212 246 214 994
121 302 801 835
296 130 699 700
101 360 505 919
109 188 29 39
192 342 52 70
64 146 142 474
147 134 300 349
59 249 321 938
344 156 389 490
231 187 256 540
126 131 230 896
326 144 42 447
194 104 92 877
347 182 66 253
5 277 109 274
317 378 243 328
109 51 174 548
146 389 109 220
248 71 575 672
134 225 141 142
97 259 4 94
302 103 87 871
288 194 53 237
66 233 138 386
9 117 81 572
181 379 413 526
86 245 28 76
187 150 54 875
16 346 690 952
260 63 284 813
102 291 139 284
272 73 374 528
151 74 184 339
26 271 138 555
378 227 734 975
325 357 133 312
94 307 630 669
66 168 316 326
301 212 24 775
176 386 156 326
397 286 72 890
15 266 317 752
170 97 114 763
235 149 261 469
203 223 140 210
243 306 39 41
322 367 108 322
102 121 19 37
109 341 608 694
147 263 168 671
285 250 279 430
230 274 126 768
75 4 189 536
344 343 31 39
20 389 5 134
187 182 122 193
327 200 256 335
291 199 43 52
122 189 274 605
341 281 365 512
322 23 99 618
395 253 267 432
147 46 739 848
217 332 401 454
21 125 6 15
162 137 239 873
194 241 557 656
48 108 208 823
214 98 80 952
94 325 22 50
289 186 121 235
371 123 4 63
181 129 193 422
187 51 250 864
128 395 41 81
9 46 192 473
177 315 121 125
363 62 407 773
6 122 146 842
115 53 16 43
373 122 172 486
187 49 96 239
134 290 914 953
228 126 923 944
123 165 579 614
318 281 687 974
242 350 9 345
336 178 367 898
198 165 405 435
254 395 196 236
173 351 621 941
173 293 177 684
60 190 32 64
356 322 590 871
314 92 428 702
231 283 301 605
219 14 8 733
100 387 119 253
195 23 160 601
355 139 566 815
330 242 29 54
234 208 103 130
346 84 485 843
346 0 432 618
86 214 445 531
304 260 131 248
382 283 281 295
86 212 273 873
236 288 317 422
338 335 33 64
232 179 71 897
89 279 61 203
179 117 517 827
107 102 571 882
367 99 35 487
183 32 238 599
8 82 30 527
220 128 320 625
17 332 157 855
83 20 210 282
364 163 367 884
6 162 179 568
27 204 74 115
318 44 147 227
200 370 432 596
306 269 214 239
324 358 50 131
285 308 76 162
152 170 716 845
373 41 521 602
239 170 210 964
72 382 217 346
83 383 245 596
252 130 354 599
168 238 338 616
168 96 17 59
306 259 596 751
208 378 489 949
79 153 141 535
145 347 124 192
228 395 498 753
163 55 3 7
100 370 142 328
309 250 164 918
377 328 383 588
354 232 782 856
32 187 31 605
87 160 604 823
69 346 289 880
137 111 292 321
286 126 10 123
239 384 40 722
70 180 231 440
213 377 119 126
196 207 573 590
366 177 8 36
162 39 171 200
82 219 518 789
207 340 8 12
103 118 260 303
65 212 20 21
390 43 437 998
49 385 30 582
212 70 160 293
132 307 187 929
242 225 433 507
2 56 328 455
108 332 548 588
291 28 128 264
171 130 282 305
217 161 331 372
234 152 22 244
352 37 566 585
288 315 93 696
289 12 31 72
159 191 835 972
236 271 342 753
219 137 104 806
39 42 232 752
138 149 38 80
347 221 334 482
239 291 285 446
353 133 199 673
171 65 156 449
332 121 92 705
238 55 351 682
247 382 424 697
313 7 127 619
99 291 150 151
336 165 108 761
243 186 562 781
89 25 586 905
201 117 187 234
168 375 108 176
331 303 284 391
279 171 172 320
250 329 529 816
160 377 198 614
310 387 362 760
31 42 11 428
42 37 42 99
73 298 111 115
222 154 314 373
365 200 181 194
108 103 254 821
18 343 407 600
302 397 420 689
25 31 100 491
309 80 14 88
70 178 70 235
237 12 248 462
75 251 67 198
241 395 12 25
74 3 634 730
146 36 581 725
267 84 180 330
249 147 153 844
305 120 300 428
218 198 678 865
86 365 289 657
312 280 480 581
384 350 78 200
97 5 493 530
13 110 45 895
390 251 150 305
78 291 761 871
397 217 776 909
30 233 263 330
345 234 345 683
285 179 739 900
33 309 36 75
342 26 745 879
25 128 144 191
362 68 363 850
6 105 83 667
164 183 163 344
372 87 12 151
206 86 565 636
86 316 44 848
155 202 690 822
143 62 230 628
5 81 883 957
157 288 479 590
360 44 174 198
293 312 64 429
374 130 290 337
256 284 793 992
363 295 232 380
333 74 841 993
271 122 421 519
313 155 19 172
318 251 30 74
198 388 327 370
362 270 118 123
334 170 301 635
247 64 111 414
66 255 830 991
193 86 882 930
246 128 28 149
283 381 41 395
15 374 44 462
169 121 245 561
208 300 85 781
90 295 278 487
127 291 137 420
38 100 27 262
296 254 580 911
166 144 15 22
218 339 484 821
274 235 76 188
31 147 664 686
81 323 71 355
7 313 492 975
102 369 34 122
247 202 155 187
25 336 216 890
113 37 27 583
167 215 43 309
163 376 0 0
121 60 76 227
81 220 61 145
209 277 143 203
80 281 116 897
378 40 682 873
327 179 183 700
90 316 57 470
308 241 811 827
359 113 248 496
315 384 81 363
50 391 77 275
339 283 909 925
392 114 303 387
229 126 3 493
104 16 2 254
196 240 455 885
224 288 152 383
39 142 59 297
29 144 323 718
64 156 22 191
383 284 21 118
51 292 561 837
318 85 513 744
162 190 143 591
185 163 83 243
265 383 505 623
281 132 515 638
385 220 180 327
366 245 19 67
28 296 865 881
387 392 195 460
241 358 535 764
169 207 221 254
167 122 575 591
388 37 85 429
268 335 42 382
63 94 61 126
48 285 137 244
232 44 0 79
41 74 171 303
269 220 99 742
362 105 178 615
6 211 661 673
258 35 7 8
374 269 641 679
351 101 29 503
288 252 139 231
66 203 12 175
11 371 66 185
269 260 611 845
384 368 75 983
210 237 393 914
118 158 131 347
286 233 325 781
332 17 339 547
98 380 525 817
234 90 175 484
368 208 525 590
169 316 208 788
75 254 6 100
103 260 76 537
61 262 101 366
6 162 346 604
339 322 239 959
391 272 72 393
82 288 373 393
276 394 754 791
171 111 69 645
136 339 248 394
231 265 184 689
183 275 30 404
74 354 43 136
349 374 298 451
80 347 29 334
210 84 124 218
233 192 477 926
92 186 196 690
87 106 251 599
107 277 375 747
379 62 300 542
205 222 277 701
190 182 659 931
73 40 752 863
359 249 115 167
234 44 247 263
357 231 0 71
138 215 356 979
202 225 155 236
64 194 300 661
285 280 69 89
169 158 205 210
316 269 170 503
387 86 96 105
250 301 229 389
252 384 263 538
157 309 7 339
185 225 184 556
386 232 340 537
128 324 263 391
41 251 437 696
130 35 315 679
342 13 107 687
237 233 26 562
110 129 179 358
93 359 406 613
134 220 666 936
379 369 411 597
363 95 562 980
291 31 275 441
353 78 155 740
308 313 5 37
144 295 21 765
179 89 91 518
312 249 5 5
176 315 73 277
309 244 58 535
287 100 546 768
48 231 28 53
15 18 431 549
306 132 336 801
17 101 503 650
358 298 97 932
141 339 57 74
370 5 140 277
73 68 288 920
290 71 699 765
156 119 255 600
182 229 635 833
256 271 563 896
7 338 720 973
393 141 823 999
197 368 39 139
206 111 69 70
239 319 31 73
84 103 1 14
28 145 213 972
134 202 20 94
158 172 324 842
377 280 639 685
316 174 141 488
298 316 99 347
302 350 174 354
99 305 17 254
153 7 544 911
205 140 579 726
395 114 0 25
104 382 15 461
184 39 192 281
108 101 20 28
362 93 759 885
44 296 324 771
26 160 58 330
348 257 668 797
1 255 9 324
88 79 30 308
190 195 792 929
35 199 687 977
110 382 252 524
184 280 375 952
31 170 788 888
388 332 232 518
157 3 124 373
132 203 410 711
10 70 106 456
265 102 448 605
311 200 539 991
392 232 566 774
86 392 201 334
23 100 89 89
159 15 41 185
4 34 409 527
300 39 376 417
375 199 172 801
55 99 556 934
332 101 64 178
106 143 788 860
96 285 777 958
186 299 897 960
6 115 19 37
50 398 16 57
245 154 5 5
326 390 115 312
151 66 22 55
245 159 42 294
373 304 316 356
14 389 635 954
42 152 87 477
145 103 162 278
157 305 227 503
177 10 604 644
389 134 47 111
150 333 332 758
361 23 683 852
97 20 13 845
25 140 726 891
356 88 362 382
313 50 177 444
339 166 92 101
319 151 21 226
301 262 531 972
155 237 128 284
358 201 552 908
385 142 484 891
130 53 639 923
321 154 120 156
372 328 327 880
11 56 227 632
309 326 118 210
202 86 338 345
388 19 75 160
189 75 59 444
225 323 81 83
60 397 31 165
115 369 117 197
59 126 532 691
190 132 241 574
182 129 752 874
141 392 120 244
364 246 303 630
16 156 7 34
163 216 332 516
339 261 108 864
266 226 773 985
113 158 3 9
23 284 68 253
313 27 37 224
2 213 42 47
380 321 10 10
94 195 42 490
298 263 11 45
109 237 100 278
211 95 412 640
266 73 82 294
258 365 90 269
181 225 292 591
365 30 102 380
342 239 342 703
69 221 269 496
97 77 3 633
361 86 121 353
362 341 83 287
267 49 21 133
349 34 188 938
265 35 536 805
282 80 809 938
119 260 155 185
349 141 333 934
84 391 473 936
104 396 114 283
254 270 234 274
50 242 533 551
84 89 135 185
307 311 272 442
394 109 73 185
308 133 255 948
295 259 276 494
119 327 697 964
343 207 631 645
269 7 335 484
105 379 299 968
364 48 25 143
276 60 78 632
7 2 610 662
218 153 398 434
76 321 55 59
141 304 31 493
184 166 53 465
333 225 10 807
172 329 240 256
337 43 388 391
221 298 236 240
14 97 402 687
18 357 90 990
278 258 56 177
202 31 120 822
232 78 144 231
22 20 56 58
331 344 91 138
223 335 468 936
177 329 306 889
330 167 146 289
369 65 599 948
230 231 337 850
289 193 403 435
331 56 396 468
386 265 334 630
76 253 133 158
124 374 1 14
285 230 197 265
19 53 3 15
147 51 271 675
153 231 113 552
237 35 102 321
343 194 53 780
277 209 51 145
115 189 237 245
82 0 1 292
203 234 138 196
336 386 30 88
237 242 287 870
45 343 57 88
23 203 605 684
304 176 17 120
215 233 9 10
271 99 405 557
137 197 399 908
318 364 803 861
240 122 276 338
227 51 10 27
80 379 74 801
376 240 334 806
169 188 665 869
298 389 133 670
292 28 506 808
98 59 300 898
276 72 388 454
261 110 495 558
245 227 91 506
369 27 331 692
117 113 142 683
187 40 27 520
145 169 461 829
310 376 83 506
128 161 136 825
170 138 107 282
333 277 168 178
326 30 393 970
390 19 312 742
127 172 216 260
116 288 44 581
345 64 300 956
131 238 2 80
332 45 40 83
215 71 247 619
284 31 153 224
343 15 133 765
311 22 268 568
309 336 593 666
376 107 87 107
290 273 57 84
17 242 321 625
74 180 394 410
172 50 45 87
196 241 239 371
220 82 371 672
96 53 21 189
22 4 762 896
319 103 251 950
274 25 917 962
345 265 111 730
308 182 275 406
97 108 250 744
219 136 182 288
219 354 73 314
38 0 3 606
91 39 448 595
220 303 812 879
368 349 247 254
135 24 458 766
315 308 650 941
107 359 1 1
222 79 354 476
312 70 109 657
196 40 626 844
233 28 74 183
183 147 625 857
344 209 316 364
8 271 483 893
192 184 22 27
141 370 40 85
9 159 932 982
378 92 420 610
252 305 305 418
0 158 70 169
331 230 125 650
219 182 25 37
379 385 149 311
233 361 283 323
278 189 511 608
328 4 379 651
13 314 62 846
201 383 605 928
116 222 423 661
395 387 415 578
165 91 153 399
364 323 599 967
266 140 58 154
309 281 734 895
351 240 109 311
115 301 246 549
395 156 377 682
13 361 81 236
42 48 129 167
358 313 290 508
161 247 211 792
284 164 656 693
315 277 0 119
233 396 559 901
58 283 137 480
239 4 36 947
364 241 360 553
214 168 70 84
259 33 132 202
90 109 767 855
374 376 212 706
34 210 82 895
313 142 178 329
174 311 443 528
179 108 415 651
78 252 83 594
186 317 75 231
139 111 335 427
159 113 248 248
93 216 841 846
10 331 921 987
26 335 63 66
203 2 319 714
308 291 130 330
55 366 305 626
94 133 14 258
392 194 151 651
358 39 317 371
153 38 183 295
109 114 591 912
303 60 510 943
312 66 356 614
274 217 58 214
346 247 464 940
323 21 8 751
332 234 348 751
278 154 112 211
60 199 686 830
323 293 22 240
186 344 243 632
362 319 193 711
264 173 178 743
387 57 379 390
172 83 322 760
107 64 282 903
139 340 214 588
343 345 57 90
96 228 72 129
147 216 18 105
157 201 119 172
14 196 107 126
301 259 128 779
127 251 24 39
269 137 231 241
306 152 133 879
212 260 649 974
77 317 217 606
47 113 837 977
306 168 9 43
16 163 773 949
209 200 287 311
338 196 293 799
221 170 418 811
107 241 38 860
112 57 5 459
376 12 831 931
165 289 113 258
58 340 886 935
330 52 331 619
12 82 545 986
390 328 17 32
137 2 268 725
350 167 302 566
35 357 421 492
14 177 229 259
223 319 316 327
96 108 151 249
386 72 164 219
173 83 627 800
195 158 125 502
290 66 71 83
356 142 735 777
85 106 289 534
294 97 688 740
226 376 267 515
222 132 96 400
83 379 381 987
75 108 9 28
109 13 455 933
172 206 811 931
153 312 113 391
115 91 158 214
42 173 617 619
248 2 91 178
105 162 767 804
288 241 50 254
47 377 121 291
32 149 343 916
379 230 869 903
262 159 483 535
379 125 521 863
239 54 152 352
70 139 629 998
312 143 208 434
143 259 121 295
278 202 9 41
398 337 716 990
49 294 277 465
254 72 447 735
2 264 246 641
252 279 170 723
97 219 20 51
152 127 894 920
2 177 448 927
271 44 227 552
146 300 542 964
259 380 237 281
329 60 130 602
226 40 196 396
56 239 187 628
85 354 219 300
150 225 661 820
65 248 33 69
91 239 14 41
281 243 25 49
114 394 11 150
51 186 141 395
180 89 681 956
317 42 20 110
129 196 334 648
211 61 57 528
378 231 58 353
291 262 49 198
18 147 105 220
177 137 20 43
364 148 120 713
139 225 7 654
380 286 148 444
71 53 475 719
357 19 17 110
59 367 638 939
171 387 90 848
269 284 601 659
361 249 286 379
190 207 387 416
359 227 472 482
377 197 604 936
237 341 281 864
105 343 95 478
25 142 540 555
310 314 418 876
128 359 544 950
275 318 451 639
212 280 543 749
227 23 14 351
363 131 208 918
218 97 25 837
83 8 59 552
72 201 717 868
175 168 15 850
330 378 464 809
276 362 125 130
49 368 426 536
95 71 69 901
12 311 746 771
24 166 300 421
316 191 638 978
340 297 83 251
27 210 318 333
311 102 156 955
233 44 512 809
357 314 751 901
100 109 4 11
148 154 143 380
298 254 214 235
385 335 89 296
114 176 592 738
281 244 548 724
24 229 291 462
65 393 102 365
355 329 514 585
35 72 130 534
328 30 272 551
324 148 74 616
16 137 75 396
392 372 282 772
365 253 134 251
374 301 249 656
286 335 203 961
8 194 3 3
245 134 654 724
236 321 89 109
269 133 352 544
130 3 254 627
271 65 59 243
215 91 624 914
147 337 440 622
29 368 15 231
162 367 369 770
373 122 59 105
354 199 434 555
382 10 91 95
237 376 138 581
386 336 243 253
103 209 244 650
78 11 181 716
23 296 124 524
289 80 298 658
213 154 94 814
107 301 349 808
196 34 34 620
286 302 253 451
27 373 273 408
391 366 102 875
114 46 16 703
57 108 98 185
231 5 213 566
235 59 257 909
9 374 59 150
92 168 333 846
101 210 434 821
275 285 56 499
174 374 5 37
309 111 22 147
282 327 338 923
159 322 18 44
90 161 40 372
89 224 195 619
185 146 62 197
213 85 3 982
22 382 63 156
239 334 229 540
231 298 515 618
313 29 23 231
35 202 36 466
99 386 102 491
373 341 644 767
39 159 350 634
241 122 398 468
49 51 570 667
215 262 51 453
290 111 196 526
368 314 179 659
123 48 89 181
276 133 244 788
42 231 540 603
360 352 517 981
379 90 218 222
140 273 376 466
160 208 759 896
84 292 478 602
379 375 662 726
9 257 240 414
182 226 473 684
381 293 634 947
62 287 185 200
293 352 310 808
118 15 188 970
135 270 1 14
15 307 163 215
57 344 66 117
260 281 742 768
300 350 52 81
175 358 438 999
211 7 223 390
301 18 564 906
388 210 93 188
248 281 441 441
149 78 790 845
188 263 303 595
302 294 330 462
195 74 138 513
314 319 317 574
103 10 280 440
273 118 104 193
4 180 65 114
283 67 124 151
253 237 48 52
115 6 324 559
233 294 409 848
0 74 270 359
280 178 16 75
108 314 141 426
71 332 191 602
229 118 269 425
164 136 13 811
339 239 940 942
203 36 479 870
208 228 121 704
6 362 77 470
318 38 156 683
132 229 2 13
172 187 861 983
6 128 89 172
241 226 292 907
133 195 200 807
91 26 417 800
275 233 176 269
254 194 196 219
95 167 330 429
328 69 313 850
208 375 157 450
94 358 400 936
46 294 5 353
186 349 137 620
47 68 502 981
221 246 508 644
109 116 8 45
253 107 253 464
63 192 268 335
92 226 173 532
189 221 50 285
250 30 66 122
116 87 480 668
236 370 172 682
62 205 612 868
141 333 39 132
225 169 249 799
104 375 538 827
71 86 268 647
237 47 169 205
194 220 88 261
70 122 10 418
363 385 315 542
266 251 315 477
230 362 300 467
34 8 3 840
297 52 521 870
362 179 354 817
289 181 38 878
270 341 397 571
34 287 508 965
290 155 214 607
81 197 386 604
12 382 264 319
35 180 611 681
377 336 34 52
340 43 126 134
343 190 107 130
307 392 101 655
46 390 19 175
266 161 181 341
70 29 34 44
138 369 180 233
61 139 158 965
161 56 428 509
299 347 95 151
267 21 447 523
251 87 808 944
306 62 833 866
74 295 60 392
122 331 13 284
40 77 397 762
343 18 167 240
362 313 6 254
137 198 35 84
7 108 55 865
95 282 371 448
43 230 293 562
65 115 689 737
55 214 98 797
143 393 303 447
160 172 46 184
228 388 374 829
89 221 23 31
169 109 360 947
177 281 381 577
392 26 518 876
154 282 176 609
274 236 154 251
208 159 155 296
386 309 39 533
296 177 854 963
115 170 159 184
210 108 421 510
267 260 54 344
35 127 758 770
34 128 559 803
330 361 238 424
48 275 37 204
229 160 63 67
254 124 143 198
169 372 57 272
76 249 68 599
198 246 313 873
127 162 34 128
33 293 871 959
324 282 340 683
205 240 720 742
150 252 965 983
202 254 133 416
231 9 18 532
38 212 2 679
219 199 198 513
192 398 95 299
150 311 36 105
205 353 66 285
318 175 356 769
155 361 470 641
94 21 289 802
101 386 467 517
258 376 140 232
299 277 69 628
316 36 51 304
212 198 1 29
392 324 166 904
3 250 187 420
99 177 76 426
156 144 587 741
361 338 122 949
328 394 30 72
319 98 116 172
185 1 256 322
369 105 229 248
177 202 314 495
251 197 651 825
76 322 263 854
202 98 58 596
82 101 212 240
49 84 169 186
242 324 440 744
110 355 206 237
186 153 355 540
323 77 662 750
269 293 54 228
253 61 162 174
206 59 22 39
353 24 17 147
261 317 529 852
136 130 35 104
309 395 199 223
68 306 30 32
268 294 629 677
319 241 50 231
150 121 283 414
120 140 101 139
117 303 115 377
257 6 168 424
238 39 124 473
39 220 190 423
278 22 55 102
278 247 65 773
153 295 7 137
379 106 208 424
69 396 144 272
65 235 69 301
215 205 240 673
283 127 341 518
102 14 7 190
343 216 301 469
377 258 330 339
113 314 233 705
196 190 86 226
165 327 831 845
196 53 14 526
148 8 336 501
129 28 159 253
152 101 8 186
173 389 296 472
151 296 644 982
124 35 34 133
228 63 185 283
372 357 285 801
25 146 629 665
395 268 77 279
67 239 284 314
204 12 245 420
249 332 420 603
162 324 720 720
42 342 832 858
27 230 54 681
323 292 64 237
97 236 14 926
174 253 627 781
141 137 287 307
237 280 165 305
264 362 604 882
274 141 23 126
25 91 602 634
251 230 275 277
141 185 199 828
236 132 340 364
77 40 729 734
130 217 15 192
353 372 252 481
266 364 799 804
395 134 323 397
345 384 86 161
227 351 283 649
75 6 83 754
275 269 259 280
396 391 235 451
171 269 180 901
389 174 233 872
63 5 180 707
82 238 554 591
220 246 196 818
108 396 209 908
212 71 2 2
76 250 112 397
26 132 126 561
10 361 645 734
35 379 35 87
170 212 81 400
198 175 113 279
97 288 47 423
64 137 334 498
53 87 493 660
151 226 61 496
27 42 112 621
295 167 560 583
207 309 125 428
337 381 1 4
117 152 24 194
195 299 201 320
164 63 17 147
96 281 14 599
156 23 263 612
162 87 45 500
342 366 194 321
98 388 353 653
168 310 137 190
129 7 5 5
176 1 706 735
362 323 8 443
352 13 404 698
118 129 180 185
398 154 34 62
263 25 172 378
123 103 228 696
161 221 69 102
80 268 178 196
394 106 162 454
268 28 615 621
361 326 220 750
345 369 26 109
194 119 255 625
225 295 77 387
8 123 569 670
274 20 81 203
262 122 303 528
372 235 168 172
23 317 3 18
115 283 353 487
46 256 132 184
80 325 279 638
288 62 82 537
73 80 176 775
167 374 128 393
160 390 956 990
378 18 490 515
120 300 9 479
174 380 518 750
352 268 331 573
333 294 133 362
202 76 264 489
329 294 182 189
2 272 254 393
249 397 10 29
108 325 283 462
132 56 224 274
257 277 41 527
359 232 18 29
344 230 358 555
12 213 73 293
157 54 85 578
327 265 625 733
97 305 293 440
116 117 49 663
87 362 81 239
164 163 852 999
177 292 85 243
298 338 203 941
55 18 81 217
228 207 117 498
229 340 422 821
100 322 396 717
266 1 591 706
60 312 123 440
213 148 325 754
332 132 895 920
347 198 223 441
25 342 394 528
72 353 3 66
321 1 43 391
295 347 377 467
311 184 709 896
253 43 49 110
163 64 700 731
34 140 509 546
378 134 264 607
266 183 2 29
219 196 132 146
180 317 88 284
268 299 1 4
95 186 196 669
279 147 591 871
14 266 415 547
260 297 211 543
183 202 129 616
179 257 130 302
180 151 133 367
353 201 536 575
269 232 264 810
19 335 49 201
315 343 210 327
74 332 230 743
344 114 91 341
84 244 32 47
164 322 113 156
33 367 0 194
313 302 202 495
45 172 174 635
101 255 425 881
14 324 36 903
372 288 146 307
298 198 555 754
205 160 165 282
189 353 19 368
215 321 26 293
145 308 293 414
361 64 180 214
25 172 16 319
373 395 51 122
154 117 135 963
117 109 238 504
96 134 307 924
101 259 611 746
366 24 369 458
49 344 437 755
207 22 466 628
109 159 272 304
247 357 437 522
374 212 375 713
174 235 158 305
233 311 9 12
203 196 116 268
103 238 421 797
229 329 424 930
371 107 537 625
198 139 111 132
314 378 317 758
94 143 220 527
2 236 1 754
344 216 17 859
94 105 165 948
51 267 516 655
238 371 43 855
53 141 702 743
290 377 388 727
19 26 114 859
250 240 61 923
76 114 368 902
358 322 382 396
212 176 23 84
103 305 581 830
44 333 341 539
186 74 484 542
7 298 58 826
191 398 18 32
80 240 593 878
256 106 33 34
107 48 477 693
348 13 31 588
150 107 641 642
257 117 333 374
21 175 101 275
182 210 216 509
97 384 171 886
342 279 123 565
18 83 357 663
362 254 249 441
25 391 558 973
183 14 404 743
307 216 237 355
16 386 249 654
245 387 531 543
186 150 221 884
247 137 223 275
393 8 36 108
197 111 41 191
127 393 376 387
81 360 215 854
246 281 265 271
274 148 300 626
10 316 16 624
277 52 173 408
303 160 37 50
212 24 131 745
327 197 101 296
229 365 336 398
63 58 251 377
107 386 344 664
76 327 52 86
88 278 427 550
122 376 15 15
19 152 892 984
196 140 97 599
348 391 375 384
117 160 125 146
360 274 465 697
386 198 629 906
2 134 317 318
194 224 142 767
138 133 17 287
287 187 611 958
316 59 666 703
395 14 552 625
318 34 236 931
342 362 257 269
338 172 17 924
56 269 552 678
87 273 139 772
250 304 57 572
87 38 152 834
211 277 422 698
260 252 126 146
319 30 106 613
78 342 232 279
143 227 305 916
254 318 121 198
26 252 247 286
219 75 11 47
398 389 365 448
332 131 398 558
316 1 214 574
354 81 835 906
313 374 256 347
71 288 145 447
108 176 41 852
8 39 302 577
55 84 555 654
84 236 249 278
39 261 277 487
225 156 408 621
200 282 87 133
333 283 5 32
205 0 102 113
228 81 418 477
84 277 18 24
172 320 452 626
61 85 27 97
79 269 102 251
17 182 85 426
90 380 91 115
284 93 247 270
340 8 17 21
188 107 179 986
166 194 114 612
254 333 238 378
166 190 0 26
361 216 36 390
24 2 281 453
355 9 398 931
261 349 50 278
313 182 392 615
284 344 192 665
215 334 161 186
150 71 307 506
47 163 363 787
91 54 55 96
169 297 490 606
141 136 25 26
79 380 2 7
191 123 24 59
280 205 426 481
217 269 249 926
263 281 273 405
21 305 28 75
14 19 114 862
350 71 40 519
201 267 225 319
18 104 484 963
380 266 787 939
364 202 170 260
301 168 8 201
3 70 92 589
336 42 779 843
94 398 214 337
77 221 341 587
149 88 34 162
303 176 5 194
66 81 714 762
293 255 69 150
243 341 242 266
49 398 2 690
342 180 9 15
348 394 24 32
44 265 118 287
142 90 161 336
261 320 264 362
209 118 87 807
65 38 27 36
375 289 165 358
314 169 561 638
284 319 97 143
259 39 49 858
88 55 101 646
115 234 72 115
299 38 119 208
294 359 135 746
162 12 46 403
66 194 419 484
165 325 249 888
57 369 132 137
46 2 782 965
29 235 1 42
62 263 40 99
3 313 0 223
65 140 145 807
217 359 211 456
0 142 83 653
182 152 3 174
45 300 7 166
190 331 470 521
33 3 578 741
191 280 453 462
181 32 646 870
69 169 275 661
336 66 184 249
293 212 89 235
220 324 188 374
297 379 33 757
317 299 290 938
44 55 844 862
95 312 56 261
330 178 6 412
171 24 367 612
270 78 137 547
144 152 288 389
367 240 24 101
294 194 303 712
231 112 40 88
358 24 730 866
192 91 784 864
290 347 452 709
184 229 68 486
372 100 384 699
213 345 315 395
26 223 80 798
30 109 34 787
132 208 25 155
355 215 167 318
138 125 158 344
365 216 32 364
209 202 113 567
333 391 34 41
140 255 150 660
12 261 119 201
258 227 36 416
66 186 419 451
119 6 245 349
287 266 158 383
42 187 150 180
359 295 35 68
349 196 532 551
46 164 376 596
41 299 19 145
124 372 90 231
303 37 271 286
95 209 831 831
262 27 23 153
23 105 160 552
292 357 54 568
221 197 222 343
266 377 191 350
19 87 854 960
23 263 387 553
27 74 509 653
27 88 230 491
326 47 227 647
307 314 182 605
398 39 79 145
78 362 245 335
164 323 228 460
5 20 1 127
179 187 215 363
62 311 187 228
349 141 637 848
122 225 65 341
65 326 80 227
110 186 205 408
58 328 376 683
313 268 40 65
159 93 78 180
298 130 610 695
286 245 278 753
331 353 539 618
379 158 225 880
238 88 168 168
135 237 109 704
221 58 493 918
302 325 85 150
115 102 52 244
391 89 108 547
354 125 196 344
325 339 201 691
398 217 55 57
231 105 149 160
248 302 145 716
120 281 445 971
96 243 555 930
381 25 570 901
367 375 45 127
40 275 122 146
195 210 34 72
221 240 240 543
392 99 104 883
258 278 317 532
81 210 429 782
209 5 21 188
55 107 303 863
103 67 168 187
396 293 31 54
29 384 334 421
346 208 221 555
358 338 964 971
313 159 5 91
83 368 36 274
81 281 0 105
7 294 376 390
4 271 276 289
168 353 353 513
203 74 204 348
310 38 628 929
71 217 371 790
100 97 584 861
55 185 95 129
72 131 146 575
26 163 210 214
113 283 366 869
43 240 10 15
208 286 32 105
285 259 104 376
115 373 208 402
337 373 192 277
381 248 42 96
208 368 26 118
230 190 156 318
365 274 941 951
306 180 187 207
346 79 652 748
238 265 227 258
168 118 18 37
273 22 0 16
113 347 20 152
68 211 244 462
136 313 684 756
217 364 217 729
282 314 120 352
326 16 187 479
298 244 491 814
134 93 203 839
329 195 218 320
330 124 0 4
97 262 7 46
256 241 682 738
133 198 94 272
315 106 373 481
351 302 44 192
79 65 810 847
83 320 46 503
227 102 40 527
289 22 230 288
275 393 244 512
208 138 0 1
83 244 83 277
93 29 91 349
49 367 234 284
363 327 61 86
94 45 217 522
110 99 676 789
334 4 418 943
236 172 27 497
336 385 511 594
385 26 5 291
364 145 59 149
303 326 95 132
91 210 303 733
234 225 661 735
54 355 134 179
220 182 233 413
163 388 472 594
229 135 22 125
230 385 73 786
276 275 563 620
51 197 400 615
396 78 668 701
206 23 390 988
191 49 66 562
161 185 598 865
198 188 25 419
308 24 241 655
290 1 408 926
181 17 349 664
145 170 220 303
315 364 318 620
179 119 268 351
347 95 232 322
88 325 366 610
8 203 151 160
120 230 42 487
278 206 236 946
47 336 117 384
37 168 179 189
225 333 290 469
183 334 501 841
223 356 156 843
71 123 25 828
381 82 2 11
246 313 183 267
24 135 490 1000
397 169 65 119
13 232 334 490
72 201 786 790
270 220 42 122
84 225 158 663
165 250 234 488
378 12 188 194
375 125 810 879
293 132 29 181
368 173 541 639
304 127 321 741
322 42 251 563
153 25 383 629
77 387 29 119
273 396 167 308
367 377 515 587
25 346 201 395
329 40 375 664
334 148 669 852
341 112 122 190
330 316 611 904
54 196 26 383
251 396 842 944
192 128 223 617
291 249 594 790
192 334 220 515
16 328 64 531
242 79 262 327
300 343 11 129
260 361 372 384
4 272 178 215
369 365 32 32
356 151 208 275
172 200 94 180
226 339 595 876
336 180 68 81
288 245 92 184
387 169 279 704
366 37 563 920
86 3 36 251
190 209 10 21
292 37 64 961
332 289 245 682
156 384 74 310
354 25 85 472
108 125 529 599
223 166 117 374
297 273 198 875
31 163 682 726
12 118 107 955
281 255 301 351
382 168 872 938
194 154 266 479
158 366 130 642
204 355 117 737
180 129 311 810
0 385 387 396
234 242 225 448
396 163 484 818
253 380 365 718
302 332 257 941
279 374 642 980
318 62 92 179
332 327 142 228
306 302 166 716
108 84 443 748
19 325 208 603
386 21 113 878
354 79 76 252
210 100 254 339
337 317 57 495
202 140 44 315
305 168 182 545
49 52 145 683
305 34 176 220
321 365 187 485
348 375 763 993
21 243 201 324
172 360 17 35
95 375 66 818
253 161 494 503
319 379 12 52
257 366 875 891
156 360 9 404
318 395 184 930
163 89 389 402
61 39 53 76
338 30 58 245
250 35 99 350
388 30 560 751
156 166 48 184
289 110 272 431
234 233 204 874
149 271 523 534
82 377 12 103
334 68 12 24
118 205 644 706
293 185 253 980
386 194 548 785
299 70 522 765
61 238 634 676
189 183 314 796
23 138 11 40
126 3 66 264
317 131 233 696
65 295 696 867
92 179 424 675
276 157 70 176
250 138 188 937
369 8 590 904
382 176 4 86
233 25 106 193
190 15 91 275
114 307 444 739
374 10 541 860
272 283 518 578
222 154 179 199
247 225 263 415
156 132 88 137
225 61 805 918
217 98 618 765
52 5 290 510
120 150 351 454
319 116 44 97
357 157 93 318
91 170 86 120
55 49 307 783
177 385 73 545
110 103 173 227
345 175 156 224
100 174 116 260
311 53 17 309
28 42 358 388
197 202 200 297
390 376 145 680
353 295 17 35
241 129 1 328
281 62 651 746
89 257 658 943
312 223 59 803
261 57 167 241
373 110 229 233
2 343 27 190
251 297 83 883
340 283 223 238
351 321 522 758
172 370 221 261
28 174 29 33
320 239 668 734
171 199 712 726
8 62 68 89
214 79 188 327
389 384 535 949
319 81 60 163
215 367 31 86
333 57 549 595
63 175 482 931
196 102 69 133
272 356 252 513
323 345 323 684
339 336 162 172
208 391 3 11
45 168 850 888
7 56 3 35
333 6 234 257
247 300 74 652
354 175 4 286
286 328 5 9
19 347 458 576
243 244 90 308
117 174 21 151
309 277 335 972
314 183 162 165
268 383 459 727
117 186 229 891
359 299 715 859
359 327 170 184
320 299 86 237
383 182 6 18
371 113 618 932
49 71 703 888
397 166 179 596
359 319 26 109
140 227 134 173
331 48 76 577
20 270 55 251
363 84 140 300
369 94 84 171
329 176 148 189
375 98 208 463
145 253 88 510
36 154 246 512
217 340 151 998
39 173 19 129
279 251 303 756
269 160 156 794
348 285 324 585
131 12 99 463
360 316 357 894
308 178 314 829
47 339 8 50
87 144 424 963
101 279 4 7
52 313 204 573
346 160 393 573
271 48 750 835
287 5 216 385
302 46 55 91
340 178 408 582
187 316 23 24
290 222 10 362
234 299 529 986
20 253 5 869
41 322 31 152
112 285 592 799
206 384 763 811
174 167 59 929
258 14 87 224
347 140 386 499
112 271 825 828
15 379 294 668
129 2 441 594
24 94 244 652
357 233 78 238
58 388 4 25
11 15 234 736
278 165 106 327
183 364 140 377
213 377 567 613
255 41 596 657
55 103 92 203
117 23 219 826
234 384 276 380
39 318 117 632
131 242 505 967
294 124 171 565
2 161 1 359
146 91 430 619
163 355 116 502
277 315 80 452
27 368 220 733
243 25 781 925
250 12 218 479
204 21 36 88
213 2 71 570
3 143 60 245
132 364 14 39
137 397 695 788
240 89 272 273
271 341 45 777
261 339 63 488
29 370 302 318
373 102 138 314
116 211 35 42
265 269 509 534
371 68 607 824
161 106 50 83
10 366 89 108
350 226 18 529
92 389 558 660
335 76 437 695
91 359 88 313
35 140 9 37
106 262 342 414
391 211 9 226
20 254 1 1
303 332 258 686
186 100 864 953
171 88 236 391
176 179 274 300
175 237 91 554
311 291 569 852
364 114 458 795
60 263 120 685
213 325 20 432
375 89 331 691
189 229 181 216
123 343 30 284
345 29 145 778
196 281 917 930
394 330 111 190
181 60 14 296
347 29 6 6
82 245 22 431
212 378 156 210
328 158 641 642
158 351 242 710
294 32 114 118
225 122 26 82
46 251 767 907
243 34 121 389
22 160 272 533
130 86 345 964
227 243 721 759
83 235 37 325
211 16 12 85
349 271 361 536
156 75 92 336
345 307 15 21
253 106 85 771
357 219 345 385
346 99 411 571
115 191 43 756
92 180 88 941
176 256 62 612
351 93 169 315
208 304 87 110
335 369 14 73
145 288 106 320
340 388 532 661
107 157 516 695
54 17 83 207
332 27 63 82
259 380 256 305
207 286 183 548
384 247 74 755
66 46 98 530
76 114 76 287
350 333 200 624
242 203 39 265
285 99 28 653
168 124 689 842
127 189 486 639
248 167 369 566
383 290 24 307
29 238 230 877
280 393 755 989
209 6 641 778
207 376 140 574
196 277 5 141
220 305 273 315
134 39 87 367
273 122 111 292
127 129 264 446
394 294 34 611
54 15 127 213
368 155 192 250
343 69 5 112
26 378 184 307
119 380 373 497
391 363 10 490
252 314 421 996
257 93 251 982
317 121 150 436
393 147 414 972
298 366 126 214
197 123 491 541
212 122 319 453
222 80 791 968
175 328 734 837
340 394 150 214
245 151 289 439
393 298 59 168
284 154 159 529
361 217 134 794
30 120 30 35
50 79 148 191
103 52 72 978
196 125 464 961
271 219 506 557
322 81 466 646
231 301 49 272
110 146 356 953
274 77 521 670
76 213 79 667
67 344 2 11
385 274 255 853
126 236 556 779
77 146 492 685
245 145 658 741
70 190 15 156
115 187 386 719
72 329 10 96
282 96 514 707
54 203 2 2
313 199 196 776
114 58 258 492
282 23 169 204
206 282 542 729
180 391 126 315
157 183 792 884
145 299 48 180
263 349 405 939
318 117 318 971
222 318 203 304
289 347 863 863
42 299 762 843
91 265 97 425
279 328 339 364
370 384 271 282
168 53 574 994
175 348 198 256
215 33 881 921
324 330 91 428
184 238 286 936
376 192 664 839
22 383 112 155
391 53 28 574
238 117 291 674
130 57 353 406
330 347 4 4
34 201 302 325
194 327 700 839
331 362 55 62
296 262 90 105
56 138 132 702
191 336 273 514
124 277 207 498
103 248 236 373
375 205 270 604
210 253 301 852
366 222 130 277
220 39 696 845
7 172 235 417
149 22 455 501
191 359 122 730
199 176 198 258
98 91 242 922
324 5 272 702
64 203 110 619
79 238 237 273
147 290 588 696
260 235 37 257
371 223 352 817
21 269 10 11
249 322 25 166
151 91 270 558
206 162 330 712
362 72 222 492
209 161 795 878
185 387 823 976
238 8 78 464
61 223 399 768
136 14 337 495
125 267 615 665
214 240 202 225
127 198 44 109
383 101 287 979
295 203 455 815
89 121 95 285
50 8 443 586
208 177 247 380
216 82 34 176
1 160 128 419
334 14 156 297
293 276 13 16
267 115 25 387
291 298 51 921
179 153 43 829
386 334 198 574
141 38 71 318
89 371 52 231
3 229 419 956
223 63 397 565
95 390 96 217
111 206 18 249
61 279 97 960
127 272 92 239
182 32 51 106
350 51 109 184
270 200 553 766
120 72 84 709
125 258 61 438
283 261 334 794
34 111 389 518
25 248 204 414
256 114 100 117
223 44 21 884
179 363 24 275
47 54 86 616
107 48 953 985
152 131 106 189
73 64 339 966
267 378 510 653
377 196 63 128
299 164 562 772
144 120 498 952
265 384 418 563
148 389 354 689
389 226 11 26
41 194 325 990
38 2 27 318
282 183 22 23
169 221 177 809
272 89 261 974
156 56 738 738
377 21 2 2
221 389 56 63
153 14 64 584
375 109 6 336
25 132 230 882
143 376 680 874
187 162 280 988
232 314 371 716
286 40 797 877
332 342 246 319
312 290 99 111
317 85 148 866
36 159 185 303
366 100 141 419
259 249 209 646
192 365 0 605
333 32 27 421
270 219 142 386
187 172 86 122
204 41 94 534
98 33 207 233
65 111 643 755
177 31 338 675
325 309 57 71
291 349 372 990
293 10 543 781
218 65 210 228
292 234 7 30
278 261 146 478
75 263 187 353
136 382 422 547
369 243 225 660
96 59 207 798
144 162 6 13
249 256 711 715
167 14 170 295
297 341 588 987
332 356 354 847
18 269 164 560
391 105 100 598
173 215 83 192
109 217 40 226
55 27 136 154
382 279 359 378
321 230 42 112
87 329 87 511
235 148 353 639
333 318 91 122
0 326 97 344
282 272 41 70
309 64 13 526
37 28 237 650
112 272 285 616
39 382 496 814
54 159 13 235
251 230 187 618
152 37 250 303
199 367 73 88
165 262 48 305
10 60 68 71
43 89 693 959
219 8 404 727
44 313 83 101
253 94 32 787
202 1 118 352
31 152 688 912
3 351 457 495
381 385 455 873
