400 3200
0 1 416 417
1 2 673 721
2 3 0 0
3 4 302 302
4 5 34 146
5 6 36 92
6 7 72 186
7 8 231 345
8 9 372 397
9 10 457 539
10 11 131 419
11 12 359 685
12 13 90 204
13 14 201 878
14 15 14 27
15 16 614 671
16 17 191 417
17 18 241 559
18 19 132 140
19 20 154 198
20 21 574 801
21 22 778 969
22 23 29 313
23 24 359 693
24 25 759 877
25 26 742 895
26 27 71 85
27 28 10 39
28 29 10 170
29 30 590 879
30 31 58 98
31 32 283 421
32 33 394 958
33 34 105 533
34 35 200 692
35 36 44 315
36 37 538 687
37 38 344 835
38 39 0 18
39 40 468 750
40 41 654 989
41 42 223 748
42 43 125 280
43 44 175 790
44 45 7 103
45 46 210 448
46 47 87 909
47 48 265 293
48 49 34 288
49 50 68 130
50 51 1 19
51 52 623 679
52 53 193 211
53 54 79 265
54 55 288 492
55 56 30 53
56 57 353 574
57 58 140 146
58 59 153 589
59 60 161 700
60 61 54 102
61 62 394 414
62 63 343 695
63 64 224 414
64 65 39 50
65 66 24 536
66 67 93 664
67 68 408 515
68 69 28 945
69 70 519 587
70 71 489 904
71 72 61 137
72 73 124 139
73 74 305 808
74 75 214 398
75 76 108 165
76 77 335 928
77 78 199 348
78 79 479 751
79 80 91 726
80 81 610 884
81 82 404 624
82 83 266 751
83 84 267 349
84 85 96 270
85 86 675 896
86 87 378 428
87 88 11 965
88 89 331 664
89 90 45 622
90 91 90 114
91 92 60 950
92 93 160 450
93 94 545 578
94 95 155 408
95 96 181 237
96 97 698 904
97 98 173 574
98 99 2 2
99 100 94 617
100 101 189 326
101 102 4 527
102 103 628 886
103 104 168 357
104 105 695 909
105 106 291 623
106 107 4 15
107 108 774 930
108 109 381 691
109 110 70 998
110 111 81 172
111 112 102 137
112 113 179 933
113 114 324 697
114 115 15 66
115 116 384 756
116 117 157 754
117 118 45 923
118 119 369 712
119 120 21 124
120 121 7 19
121 122 2 26
122 123 14 28
123 124 25 246
124 125 248 860
125 126 125 539
126 127 536 553
127 128 234 842
128 129 29 124
129 130 25 279
130 131 334 586
131 132 405 970
132 133 206 561
133 134 15 18
134 135 232 801
135 136 167 233
136 137 495 807
137 138 166 388
138 139 650 864
139 140 320 747
140 141 238 556
141 142 49 136
142 143 9 59
143 144 114 121
144 145 41 44
145 146 84 107
146 147 139 225
147 148 25 713
148 149 367 560
149 150 1 12
150 151 21 72
151 152 349 968
152 153 156 568
153 154 15 203
154 155 38 252
155 156 120 744
156 157 183 195
157 158 215 581
158 159 48 970
159 160 628 847
160 161 71 240
161 162 101 494
162 163 609 620
163 164 741 829
164 165 119 156
165 166 12 18
166 167 2 70
167 168 396 486
168 169 462 606
169 170 259 569
170 171 169 317
171 172 108 989
172 173 84 580
173 174 193 380
174 175 119 551
175 176 684 746
176 177 309 669
177 178 35 265
178 179 51 66
179 180 78 370
180 181 46 630
181 182 20 210
182 183 122 753
183 184 23 66
184 185 24 260
185 186 115 805
186 187 180 193
187 188 369 640
188 189 441 525
189 190 577 925
190 191 85 263
191 192 48 66
192 193 384 735
193 194 569 772
194 195 150 908
195 196 641 932
196 197 5 13
197 198 171 234
198 199 467 617
199 200 377 949
200 201 880 951
201 202 113 557
202 203 7 916
203 204 595 642
204 205 115 390
205 206 81 486
206 207 14 604
207 208 249 550
208 209 750 927
209 210 338 919
210 211 241 395
211 212 33 964
212 213 62 174
213 214 9 126
214 215 94 135
215 216 6 506
216 217 10 21
217 218 912 948
218 219 276 827
219 220 7 15
220 221 18 176
221 222 167 332
222 223 116 131
223 224 433 810
224 225 97 345
225 226 334 941
226 227 522 582
227 228 212 879
228 229 20 845
229 230 875 906
230 231 198 460
231 232 189 546
232 233 461 799
233 234 36 286
234 235 466 490
235 236 188 599
236 237 15 15
237 238 129 594
238 239 108 434
239 240 698 808
240 241 74 315
241 242 728 893
242 243 314 578
243 244 35 184
244 245 464 788
245 246 29 612
246 247 0 53
247 248 20 420
248 249 271 679
249 250 530 919
250 251 0 0
251 252 768 977
252 253 96 376
253 254 80 974
254 255 95 605
255 256 173 829
256 257 240 575
257 258 218 628
258 259 200 285
259 260 410 587
260 261 56 750
261 262 31 859
262 263 596 755
263 264 629 698
264 265 4 865
265 266 85 323
266 267 314 671
267 268 162 451
268 269 92 382
269 270 9 411
270 271 213 401
271 272 41 317
272 273 349 622
273 274 72 430
274 275 410 974
275 276 464 678
276 277 54 198
277 278 4 427
278 279 75 343
279 280 25 798
280 281 823 880
281 282 707 904
282 283 343 663
283 284 4 270
284 285 75 252
285 286 462 855
286 287 454 528
287 288 148 802
288 289 47 573
289 290 32 733
290 291 230 519
291 292 14 771
292 293 38 569
293 294 379 466
294 295 218 343
295 296 53 68
296 297 267 378
297 298 19 79
298 299 43 983
299 300 51 181
300 301 703 812
301 302 64 875
302 303 455 689
303 304 106 570
304 305 84 161
305 306 423 467
306 307 164 345
307 308 191 225
308 309 498 593
309 310 43 312
310 311 495 917
311 312 425 910
312 313 56 257
313 314 49 111
314 315 93 193
315 316 166 500
316 317 6 729
317 318 105 208
318 319 167 248
319 320 47 852
320 321 65 416
321 322 373 617
322 323 74 233
323 324 91 102
324 325 408 516
325 326 103 477
326 327 30 152
327 328 423 622
328 329 85 544
329 330 334 654
330 331 143 144
331 332 108 752
332 333 10 222
333 334 467 519
334 335 562 786
335 336 7 22
336 337 127 324
337 338 70 873
338 339 297 845
339 340 0 538
340 341 542 867
341 342 190 950
342 343 517 827
343 344 274 854
344 345 4 98
345 346 471 651
346 347 535 704
347 348 248 610
348 349 564 800
349 350 20 34
350 351 748 771
351 352 222 732
352 353 81 259
353 354 58 257
354 355 425 632
355 356 269 345
356 357 409 797
357 358 275 446
358 359 35 783
359 360 442 991
360 361 291 300
361 362 51 143
362 363 500 902
363 364 223 542
364 365 942 975
365 366 129 637
366 367 987 994
367 368 360 546
368 369 426 526
369 370 62 135
370 371 316 356
371 372 14 26
372 373 92 160
373 374 685 746
374 375 9 30
375 376 266 366
376 377 695 863
377 378 333 693
378 379 337 691
379 380 159 188
380 381 246 442
381 382 157 582
382 383 482 990
383 384 56 204
384 385 55 247
385 386 170 262
386 387 691 750
387 388 91 457
388 389 50 56
389 390 237 509
390 391 154 212
391 392 242 799
392 393 145 297
393 394 5 27
394 395 52 594
395 396 140 844
396 397 192 381
397 398 591 750
398 399 462 511
399 0 118 541
31 344 709 960
192 273 207 804
91 172 18 32
116 159 94 710
119 43 173 465
142 130 78 948
97 295 112 221
389 53 186 267
218 358 37 81
74 118 155 429
97 62 89 109
347 323 29 634
282 22 311 803
291 395 320 697
108 277 564 766
2 36 312 342
281 390 234 846
123 320 351 429
273 151 541 824
32 94 7 627
96 207 105 143
55 160 47 78
185 187 12 18
158 357 39 66
75 254 263 459
164 9 41 113
390 173 26 27
191 343 746 755
78 274 153 395
234 256 625 747
149 136 444 452
250 69 263 450
99 180 321 478
164 343 40 474
308 272 797 803
338 320 314 402
239 41 900 905
122 185 24 37
143 71 29 774
10 359 90 125
252 321 426 619
105 287 6 10
116 69 57 539
313 325 1 3
390 53 739 952
291 93 807 906
127 368 406 796
331 392 656 916
215 328 11 145
267 183 97 157
171 230 157 187
232 382 434 623
87 306 503 906
263 198 853 990
318 149 530 711
169 227 193 732
115 169 910 910
81 198 230 401
260 194 160 250
283 139 85 173
335 109 106 119
348 12 711 813
75 12 124 146
28 94 171 264
328 205 480 819
304 361 87 310
217 300 975 983
74 53 213 266
143 237 268 534
384 136 243 314
29 45 113 911
265 291 338 366
288 346 19 434
216 201 117 512
313 240 791 939
195 388 9 30
53 69 347 717
44 379 579 891
102 352 4 27
330 266 159 522
388 222 290 326
200 106 763 860
186 42 288 559
359 223 184 690
277 225 399 453
88 57 313 628
287 359 97 290
32 146 8 9
258 248 118 577
304 361 255 311
294 381 434 517
308 19 479 917
200 113 69 426
13 166 235 247
158 46 22 371
354 383 827 932
173 52 538 937
192 28 320 845
83 185 590 921
282 339 29 228
392 90 35 87
314 222 81 227
253 198 47 314
10 5 149 174
38 390 62 607
172 108 395 414
358 182 136 817
211 311 81 185
334 120 112 702
217 384 211 240
62 129 275 574
33 8 139 349
13 156 15 57
334 222 11 229
38 353 92 664
237 158 387 497
317 35 92 519
119 355 102 174
190 191 530 571
298 202 107 997
166 241 370 817
11 357 92 594
94 383 297 976
80 68 690 902
152 381 374 596
387 72 23 32
3 232 18 93
60 359 4 65
323 11 398 452
388 137 120 375
259 37 590 976
285 62 161 168
278 135 404 973
230 116 150 768
164 140 137 825
270 352 396 633
276 382 37 669
12 117 157 477
9 24 13 13
225 397 273 353
334 357 103 492
10 276 427 730
131 143 206 469
187 250 281 457
385 6 44 137
29 163 1 10
186 254 237 759
121 112 319 320
109 275 163 985
225 50 102 220
73 24 216 339
106 77 19 524
121 188 191 755
222 157 404 464
113 103 17 124
292 297 5 312
160 347 348 505
83 291 587 674
227 38 274 770
122 76 51 130
61 394 19 22
94 116 484 519
328 140 365 810
155 67 12 12
155 385 470 673
137 284 518 687
213 294 259 449
242 1 123 915
72 203 521 645
371 289 0 5
110 241 162 484
310 253 485 860
238 178 517 831
93 16 297 649
69 322 548 674
146 387 143 579
60 294 116 274
13 156 452 561
330 272 368 672
78 158 87 352
21 89 9 856
136 208 48 195
395 191 187 748
13 119 178 289
188 393 202 774
186 15 224 428
98 344 307 808
168 244 12 353
313 164 180 213
15 270 346 768
301 10 301 308
97 343 42 733
55 86 121 745
141 103 40 221
341 190 116 214
85 37 54 199
131 7 70 142
322 397 277 377
18 11 4 26
361 260 103 111
79 258 446 675
329 292 552 800
287 124 13 80
87 182 159 231
117 44 125 207
385 153 601 918
7 156 369 712
233 146 38 554
272 231 144 304
139 299 405 835
3 318 269 435
350 94 93 924
249 238 19 706
240 55 32 478
291 59 47 126
309 125 755 977
236 384 65 159
96 196 189 202
241 93 230 431
291 368 180 404
395 362 48 146
287 67 251 730
392 111 8 188
228 367 289 644
222 263 682 755
116 392 185 210
172 143 489 601
336 166 720 749
313 270 195 638
173 396 555 597
237 212 13 295
59 25 263 732
285 221 71 946
390 200 394 425
148 67 264 782
44 391 45 56
93 380 627 836
250 287 89 192
394 287 32 395
199 279 60 300
235 133 6 80
79 372 808 905
72 59 267 370
297 222 238 531
151 204 285 494
224 66 26 132
49 35 149 206
16 228 65 76
11 54 289 508
132 263 158 261
230 19 322 357
222 64 97 108
31 199 473 788
321 132 83 106
10 391 778 986
39 83 174 177
243 114 393 572
16 234 41 44
176 316 54 787
182 50 100 189
215 394 308 528
31 216 286 740
242 165 39 150
202 6 248 551
216 367 118 216
194 60 642 759
391 91 590 723
43 5 46 176
251 366 847 862
333 373 18 19
355 56 289 861
144 355 394 559
276 217 262 403
139 217 158 759
353 124 534 717
312 140 966 988
320 162 115 278
339 120 0 3
183 113 244 934
160 294 196 858
68 174 606 729
242 315 272 517
217 221 23 707
82 274 594 781
174 275 159 375
195 358 136 771
266 382 527 751
202 7 366 613
327 122 111 402
31 382 43 698
348 301 2 3
207 373 277 775
109 267 649 897
69 168 126 239
5 394 11 120
206 284 78 220
392 283 275 302
162 207 157 883
224 200 104 543
202 274 57 286
318 193 16 138
33 98 183 290
43 158 584 614
339 63 13 324
36 188 212 457
210 269 31 444
129 146 492 828
338 331 255 426
226 242 121 346
100 306 177 675
328 144 69 221
135 224 423 467
361 303 127 315
250 182 443 627
80 194 483 878
139 307 202 448
364 246 363 785
31 369 47 457
139 34 624 656
98 183 16 131
248 141 56 433
62 212 146 910
397 324 528 606
14 208 758 767
344 38 475 505
213 373 190 498
181 117 407 843
239 368 45 67
249 155 466 573
267 343 866 943
278 168 45 518
162 11 25 194
287 12 624 848
186 300 242 251
212 46 398 701
320 8 512 540
124 398 814 949
53 247 439 624
367 29 151 838
143 166 4 7
205 276 553 990
15 390 4 77
326 239 141 322
339 356 815 947
88 66 0 8
296 179 70 823
200 231 370 862
356 68 259 440
134 8 220 256
209 278 494 803
336 167 255 478
244 249 112 134
219 244 691 928
169 185 294 896
321 227 120 492
92 311 561 857
221 206 255 418
281 60 46 684
12 11 154 398
98 144 271 506
106 247 169 189
345 164 907 965
242 353 64 294
332 7 58 103
4 364 19 144
211 57 10 14
183 52 109 716
57 33 1 565
32 192 11 795
109 396 110 507
51 44 717 792
191 308 44 696
213 12 227 778
346 334 59 406
329 110 422 648
297 381 25 179
383 216 100 322
7 216 165 172
143 258 376 409
333 86 205 241
168 358 214 407
7 296 94 976
376 79 46 320
19 193 408 983
39 363 334 636
350 70 106 375
286 85 225 858
283 44 283 620
15 184 100 252
367 305 579 793
219 320 2 433
370 150 219 357
394 156 10 330
327 347 43 698
392 350 69 268
319 78 479 809
110 86 26 295
55 217 469 544
228 251 35 488
17 230 281 856
299 227 721 889
48 92 172 184
215 166 144 585
294 329 499 899
129 221 250 446
105 272 440 922
296 127 125 279
259 364 570 609
286 269 266 683
66 207 10 228
95 364 3 13
159 381 180 417
356 287 276 939
397 155 186 343
258 85 594 780
231 123 158 174
301 276 264 342
122 28 81 144
50 251 123 717
278 117 298 700
139 25 516 689
246 324 8 253
284 145 334 693
346 146 118 227
240 149 228 425
298 229 60 372
270 364 227 355
303 363 13 57
99 118 99 632
199 17 275 708
51 106 309 614
269 364 107 648
387 296 95 170
193 222 121 149
236 88 70 514
323 34 679 876
285 183 181 184
345 77 437 463
125 94 145 429
270 398 345 497
9 275 107 161
376 115 283 342
354 226 222 262
197 334 469 845
144 97 539 801
45 245 213 427
245 267 4 607
181 301 103 145
129 86 259 510
22 150 56 297
235 332 741 860
324 268 547 672
120 189 457 634
339 215 7 124
103 219 5 471
196 333 971 987
47 1 577 949
246 247 0 645
246 13 71 151
72 350 344 639
282 44 318 566
39 342 433 469
106 168 279 428
227 275 38 599
65 199 259 850
360 12 369 751
152 246 238 579
134 338 294 925
260 171 31 64
393 364 62 992
331 194 6 53
391 212 189 199
125 280 318 423
59 111 10 107
369 45 365 624
71 69 44 48
63 244 183 284
361 307 41 61
16 214 158 704
348 353 54 669
164 361 34 378
365 291 0 188
219 281 716 747
57 118 22 340
64 264 609 796
279 297 266 488
229 360 263 526
47 179 2 28
100 1 8 644
102 309 22 351
184 273 2 229
141 0 422 434
225 143 57 382
100 308 282 470
181 9 404 980
121 142 269 364
29 116 493 775
126 135 510 553
97 138 600 890
188 120 81 355
225 378 107 245
296 275 466 911
21 329 42 43
292 387 2 951
179 59 36 556
18 111 319 376
346 187 942 996
74 44 45 58
44 110 337 517
375 258 26 31
102 347 1 571
313 381 45 180
130 295 208 631
313 314 98 981
190 140 565 875
50 178 373 452
284 134 252 709
369 238 168 778
398 14 235 495
225 274 118 529
287 209 55 150
272 373 273 369
130 117 65 142
93 58 51 727
258 175 160 477
30 55 274 449
128 185 623 886
157 361 460 528
279 101 2 409
114 97 80 269
394 170 54 72
329 264 361 418
108 282 23 25
176 8 116 291
312 266 221 504
248 23 374 966
82 84 24 109
38 157 99 673
160 378 1 500
385 357 596 777
84 61 141 143
102 89 69 83
43 326 74 399
31 382 608 797
296 198 36 191
190 68 261 768
117 47 177 290
117 378 150 217
41 112 6 16
355 288 107 399
382 265 360 381
233 29 201 660
20 175 41 70
24 91 64 152
77 326 5 16
8 119 47 113
369 388 496 652
186 392 348 403
3 394 166 321
75 95 162 558
272 253 214 994
230 206 801 835
195 364 699 700
264 33 505 919
398 145 29 39
61 256 52 70
292 8 142 474
2 220 300 349
262 213 321 938
36 373 389 490
369 168 256 540
339 387 230 896
198 189 42 447
96 6 92 877
359 46 66 253
29 346 109 274
198 96 243 328
252 92 174 548
151 91 109 220
256 268 575 672
190 230 141 142
110 301 4 94
80 270 87 871
53 244 53 237
170 321 138 386
208 103 81 572
2 389 413 526
330 31 28 76
199 213 54 875
310 146 690 952
109 161 284 813
7 177 139 284
338 122 374 528
397 118 184 339
199 342 138 555
12 333 734 975
141 350 133 312
192 121 630 669
64 389 316 326
16 371 24 775
7 369 156 326
61 201 72 890
273 58 317 752
302 173 114 763
260 348 261 469
253 365 140 210
75 204 39 41
319 177 108 322
145 150 19 37
398 200 608 694
262 226 168 671
10 352 279 430
316 228 126 768
176 332 189 536
134 221 31 39
356 124 5 134
0 130 122 193
349 222 256 335
133 51 43 52
356 235 274 605
120 252 365 512
255 70 99 618
183 273 267 432
38 255 739 848
273 321 401 454
249 57 6 15
202 170 239 873
360 121 557 656
202 256 208 823
0 197 80 952
337 234 22 50
36 86 121 235
364 33 4 63
254 125 193 422
191 76 250 864
155 316 41 81
118 303 192 473
270 184 121 125
148 19 407 773
16 243 146 842
299 70 16 43
50 344 172 486
307 239 96 239
215 154 914 953
346 253 923 944
166 24 579 614
289 87 687 974
22 306 9 345
260 339 367 898
72 90 405 435
247 322 196 236
114 243 621 941
191 382 177 684
379 150 32 64
94 181 590 871
73 158 428 702
310 349 301 605
184 325 8 733
279 51 119 253
129 323 160 601
228 142 566 815
129 49 29 54
146 63 103 130
165 338 485 843
51 135 432 618
362 266 445 531
376 219 131 248
383 25 281 295
390 384 273 873
163 228 317 422
57 100 33 64
46 172 71 897
145 338 61 203
172 159 517 827
122 178 571 882
377 211 35 487
242 269 238 599
214 360 30 527
265 96 320 625
155 337 157 855
83 340 210 282
101 317 367 884
1 344 179 568
57 38 74 115
202 366 147 227
384 290 432 596
89 152 214 239
12 301 50 131
81 217 76 162
170 285 716 845
398 81 521 602
237 109 210 964
79 268 217 346
322 58 245 596
289 363 354 599
37 257 338 616
317 165 17 59
11 268 596 751
168 342 489 949
173 79 141 535
354 248 124 192
37 288 498 753
299 83 3 7
190 262 142 328
331 39 164 918
263 390 383 588
53 28 782 856
38 6 31 605
178 165 604 823
292 219 289 880
376 186 292 321
223 169 10 123
43 385 40 722
9 110 231 440
291 111 119 126
164 11 573 590
392 158 8 36
222 370 171 200
163 175 518 789
231 316 8 12
349 279 260 303
311 33 20 21
62 60 437 998
180 276 30 582
144 243 160 293
359 64 187 929
120 10 433 507
94 339 328 455
11 80 548 588
133 62 128 264
158 308 282 305
110 335 331 372
99 141 22 244
313 235 566 585
31 217 93 696
5 333 31 72
105 94 835 972
300 206 342 753
315 255 104 806
150 221 232 752
395 171 38 80
176 91 334 482
276 3 285 446
284 92 199 673
208 200 156 449
319 169 92 705
50 241 351 682
45 228 424 697
50 328 127 619
247 97 150 151
163 32 108 761
370 316 562 781
333 73 586 905
365 339 187 234
384 155 108 176
108 178 284 391
140 291 172 320
52 373 529 816
46 45 198 614
183 96 362 760
16 215 11 428
351 305 42 99
206 390 111 115
289 158 314 373
172 277 181 194
20 53 254 821
233 107 407 600
70 6 420 689
316 305 100 491
30 381 14 88
386 397 70 235
73 134 248 462
344 388 67 198
65 188 12 25
228 256 634 730
131 296 581 725
369 2 180 330
176 79 153 844
62 19 300 428
46 229 678 865
1 189 289 657
229 224 480 581
218 110 78 200
22 395 493 530
201 164 45 895
222 89 150 305
197 26 761 871
115 180 776 909
390 34 263 330
297 363 345 683
179 15 739 900
243 133 36 75
271 13 745 879
318 111 144 191
79 339 363 850
230 179 83 667
304 310 163 344
325 58 12 151
15 210 565 636
331 10 44 848
11 205 690 822
28 371 230 628
24 117 883 957
149 131 479 590
298 216 174 198
267 131 64 429
120 237 290 337
139 69 793 992
53 322 232 380
155 171 841 993
226 76 421 519
175 153 19 172
170 24 30 74
26 368 327 370
309 191 118 123
133 347 301 635
354 202 111 414
133 386 830 991
186 1 882 930
335 45 28 149
385 369 41 395
387 252 44 462
304 60 245 561
312 261 85 781
171 345 278 487
213 54 137 420
315 294 27 262
194 198 580 911
15 128 15 22
144 99 484 821
39 98 76 188
353 135 664 686
199 109 71 355
108 66 492 975
322 305 34 122
312 169 155 187
260 90 216 890
335 215 27 583
198 287 43 309
220 214 0 0
305 247 76 227
240 274 61 145
239 142 143 203
19 3 116 897
227 228 682 873
304 191 183 700
163 176 57 470
315 32 811 827
292 371 248 496
302 150 81 363
263 311 77 275
240 54 909 925
220 67 303 387
369 65 3 493
384 364 2 254
228 32 455 885
350 252 152 383
397 61 59 297
136 362 323 718
313 7 22 191
294 332 21 118
181 131 561 837
288 262 513 744
280 195 143 591
15 375 83 243
289 217 505 623
397 245 515 638
285 152 180 327
139 321 19 67
57 265 865 881
338 22 195 460
84 314 535 764
77 43 221 254
157 140 575 591
114 245 85 429
74 233 42 382
117 154 61 126
127 370 137 244
276 378 0 79
47 357 171 303
249 260 99 742
231 385 178 615
165 386 661 673
342 51 7 8
123 258 641 679
71 168 29 503
394 358 139 231
249 117 12 175
248 78 66 185
220 175 611 845
369 47 75 983
322 343 393 914
378 48 131 347
249 182 325 781
157 289 339 547
96 38 525 817
41 77 175 484
317 362 525 590
101 35 208 788
191 249 6 100
18 251 76 537
304 62 101 366
246 314 346 604
0 17 239 959
369 207 72 393
57 356 373 393
124 170 754 791
87 78 69 645
64 259 248 394
185 155 184 689
84 175 30 404
200 110 43 136
27 329 298 451
220 343 29 334
81 197 124 218
315 29 477 926
53 45 196 690
372 198 251 599
292 84 375 747
167 106 300 542
250 223 277 701
383 213 659 931
219 330 752 863
298 386 115 167
392 19 247 263
232 91 0 71
74 182 356 979
0 181 155 236
33 270 300 661
147 212 69 89
366 256 205 210
367 340 170 503
94 104 96 105
140 158 229 389
190 237 263 538
75 350 7 339
172 119 184 556
362 136 340 537
190 374 263 391
389 1 437 696
65 365 315 679
97 294 107 687
38 201 26 562
58 193 179 358
195 389 406 613
224 353 666 936
121 61 411 597
305 239 562 980
190 0 275 441
346 358 155 740
112 103 5 37
135 342 21 765
19 294 91 518
67 289 5 5
261 22 73 277
8 168 58 535
283 222 546 768
306 233 28 53
261 38 431 549
283 279 336 801
211 277 503 650
176 133 97 932
391 114 57 74
389 197 140 277
306 347 288 920
179 266 699 765
265 153 255 600
33 278 635 833
181 289 563 896
366 388 720 973
286 356 823 999
254 280 39 139
56 21 69 70
154 153 31 73
38 115 1 14
251 122 213 972
82 282 20 94
67 144 324 842
210 100 639 685
260 34 141 488
298 391 99 347
242 306 174 354
194 377 17 254
2 192 544 911
196 265 579 726
3 236 0 25
67 354 15 461
52 330 192 281
230 383 20 28
20 25 759 885
219 90 324 771
310 222 58 330
141 170 668 797
36 300 9 324
44 17 30 308
97 383 792 929
44 164 687 977
203 42 252 524
188 169 375 952
293 79 788 888
299 232 232 518
387 80 124 373
284 83 410 711
43 130 106 456
370 171 448 605
331 206 539 991
178 310 566 774
389 331 201 334
142 372 89 89
213 240 41 185
9 160 409 527
60 241 376 417
374 98 172 801
333 18 556 934
347 100 64 178
347 336 788 860
298 41 777 958
310 294 897 960
65 239 19 37
32 8 16 57
139 199 5 5
226 207 115 312
145 299 22 55
211 263 42 294
390 265 316 356
342 146 635 954
303 226 87 477
231 306 162 278
330 222 227 503
239 232 604 644
20 340 47 111
370 357 332 758
111 326 683 852
280 257 13 845
27 75 726 891
372 141 362 382
69 134 177 444
150 317 92 101
232 391 21 226
210 324 531 972
304 241 128 284
292 45 552 908
71 181 484 891
53 273 639 923
176 236 120 156
17 235 327 880
341 70 227 632
30 304 118 210
383 231 338 345
287 290 75 160
26 177 59 444
110 34 81 83
215 66 31 165
279 115 117 197
282 306 532 691
78 186 241 574
172 21 752 874
196 73 120 244
135 355 303 630
272 178 7 34
97 160 332 516
286 219 108 864
228 239 773 985
166 292 3 9
345 94 68 253
310 175 37 224
34 144 42 47
280 69 10 10
353 281 42 490
195 193 11 45
271 395 100 278
221 246 412 640
306 385 82 294
182 197 90 269
234 226 292 591
2 358 102 380
32 96 342 703
377 95 269 496
126 47 3 633
233 28 121 353
100 127 83 287
157 92 21 133
189 28 188 938
378 294 536 805
220 316 809 938
78 325 155 185
201 132 333 934
262 289 473 936
161 342 114 283
49 256 234 274
191 127 533 551
289 125 135 185
132 368 272 442
304 331 73 185
273 272 255 948
174 307 276 494
119 78 697 964
370 288 631 645
37 389 335 484
396 335 299 968
264 28 25 143
89 25 78 632
7 382 610 662
262 296 398 434
3 133 55 59
48 21 31 493
40 166 53 465
31 114 10 807
134 183 240 256
197 334 388 391
187 240 236 240
229 237 402 687
325 87 90 990
367 147 56 177
207 231 120 822
40 398 144 231
205 159 56 58
167 286 91 138
12 44 468 936
392 217 306 889
105 90 146 289
315 135 599 948
148 183 337 850
391 17 403 435
311 87 396 468
52 151 334 630
126 354 133 158
194 380 1 14
357 138 197 265
366 131 3 15
146 51 271 675
326 76 113 552
258 327 102 321
129 106 53 780
69 370 51 145
361 362 237 245
64 147 1 292
134 44 138 196
374 220 30 88
385 244 287 870
308 356 57 88
228 86 605 684
34 168 17 120
34 81 9 10
174 326 405 557
55 102 399 908
337 90 803 861
383 90 276 338
332 327 10 27
302 127 74 801
306 374 334 806
281 11 665 869
2 105 133 670
166 244 506 808
157 0 300 898
36 48 388 454
200 226 495 558
391 287 91 506
344 76 331 692
380 97 142 683
133 348 27 520
275 120 461 829
215 145 83 506
111 125 136 825
269 144 107 282
235 18 168 178
14 309 393 970
19 246 312 742
80 321 216 260
136 364 44 581
347 393 300 956
38 270 2 80
333 117 40 83
226 11 247 619
4 382 153 224
111 197 133 765
128 256 268 568
86 48 593 666
350 382 87 107
123 174 57 84
36 64 321 625
362 33 394 410
268 349 45 87
254 67 239 371
78 368 371 672
63 200 21 189
62 251 762 896
341 10 251 950
42 40 917 962
271 145 111 730
81 180 275 406
121 395 250 744
261 236 182 288
256 53 73 314
256 231 3 606
237 28 448 595
15 172 812 879
151 280 247 254
19 327 458 766
165 49 650 941
369 230 1 1
397 276 354 476
324 233 109 657
270 360 626 844
174 391 74 183
130 52 625 857
155 7 316 364
346 155 483 893
387 280 22 27
295 68 40 85
115 84 932 982
251 288 420 610
164 325 305 418
39 301 70 169
81 351 125 650
255 283 25 37
129 147 149 311
22 6 283 323
111 396 511 608
5 149 379 651
154 184 62 846
245 334 605 928
275 139 423 661
112 45 415 578
177 398 153 399
294 114 599 967
334 389 58 154
8 325 734 895
370 397 109 311
5 22 246 549
268 52 377 682
9 156 81 236
144 282 129 167
30 70 290 508
40 307 211 792
67 355 656 693
354 300 0 119
26 155 559 901
42 209 137 480
228 179 36 947
353 39 360 553
111 262 70 84
137 211 132 202
1 85 767 855
129 391 212 706
256 124 82 895
275 15 178 329
283 324 443 528
288 253 415 651
146 22 83 594
62 350 75 231
319 304 335 427
219 143 248 248
247 335 841 846
190 254 921 987
306 373 63 66
208 331 319 714
355 366 130 330
362 128 305 626
110 75 14 258
87 70 151 651
245 153 317 371
185 219 183 295
96 247 591 912
108 128 510 943
189 367 356 614
149 227 58 214
227 374 464 940
181 303 8 751
30 194 348 751
95 359 112 211
34 106 686 830
131 327 22 240
298 144 243 632
241 374 193 711
41 369 178 743
339 371 379 390
201 79 322 760
84 372 282 903
261 266 214 588
28 47 57 90
65 148 72 129
379 43 18 105
160 317 119 172
203 97 107 126
382 73 128 779
65 15 24 39
293 253 231 241
87 185 133 879
30 25 649 974
288 234 217 606
221 309 837 977
133 87 9 43
198 257 773 949
267 260 287 311
350 6 293 799
334 15 418 811
209 264 38 860
392 199 5 459
277 249 831 931
185 31 113 258
343 260 886 935
126 285 331 619
364 203 545 986
175 266 17 32
161 7 268 725
312 280 302 566
313 162 421 492
376 31 229 259
162 309 316 327
311 213 151 249
204 80 164 219
247 234 627 800
379 370 125 502
193 291 71 83
353 215 735 777
262 62 289 534
104 260 688 740
158 300 267 515
271 308 96 400
204 287 381 987
387 144 9 28
315 278 455 933
98 50 811 931
33 189 113 391
219 260 158 214
101 197 617 619
77 92 91 178
217 323 767 804
311 365 50 254
298 18 121 291
308 190 343 916
218 87 869 903
332 333 483 535
278 372 521 863
133 67 152 352
0 297 629 998
206 301 208 434
73 356 121 295
284 206 9 41
171 79 716 990
394 59 277 465
287 34 447 735
254 296 246 641
189 181 170 723
128 316 20 51
389 305 894 920
389 12 448 927
63 334 227 552
103 36 542 964
347 43 237 281
367 13 130 602
193 20 196 396
305 7 187 628
363 239 219 300
4 248 661 820
363 185 33 69
266 25 14 41
57 53 25 49
211 311 11 150
148 58 141 395
31 251 681 956
69 66 20 110
368 322 334 648
184 114 57 528
226 91 58 353
273 175 49 198
209 103 105 220
17 336 20 43
322 33 120 713
39 175 7 654
148 354 148 444
17 331 475 719
386 331 17 110
102 296 638 939
158 266 90 848
88 178 601 659
362 36 286 379
92 381 387 416
299 390 472 482
324 174 604 936
7 333 281 864
13 183 95 478
5 162 540 555
227 249 418 876
290 139 544 950
314 329 451 639
94 14 543 749
86 35 14 351
66 80 208 918
262 359 25 837
235 157 59 552
135 286 717 868
347 383 15 850
51 322 464 809
212 314 125 130
199 318 426 536
211 38 69 901
128 324 746 771
318 395 300 421
107 286 638 978
258 198 83 251
55 288 318 333
193 39 156 955
215 313 512 809
137 81 751 901
124 395 4 11
211 393 143 380
349 260 214 235
234 20 89 296
116 218 592 738
78 266 548 724
195 360 291 462
276 185 102 365
197 138 514 585
137 325 130 534
258 113 272 551
215 359 74 616
244 237 75 396
358 322 282 772
300 384 134 251
96 276 249 656
61 177 203 961
142 131 3 3
147 329 654 724
33 110 89 109
172 115 352 544
276 356 254 627
41 3 59 243
376 192 624 914
154 250 440 622
149 397 15 231
93 323 369 770
247 18 59 105
265 42 434 555
215 104 91 95
328 56 138 581
340 284 243 253
326 104 244 650
346 152 181 716
392 222 124 524
46 28 298 658
33 340 94 814
29 298 349 808
393 305 34 620
350 91 253 451
373 160 273 408
87 127 102 875
164 157 16 703
61 262 98 185
162 11 213 566
7 42 257 909
362 336 59 150
379 332 333 846
218 92 434 821
256 66 56 499
202 45 5 37
41 33 22 147
228 0 338 923
149 396 18 44
194 122 40 372
4 189 195 619
221 3 62 197
116 151 3 982
177 94 63 156
378 149 229 540
139 369 515 618
396 311 23 231
181 172 36 466
276 93 102 491
263 284 644 767
57 390 350 634
3 189 398 468
59 223 570 667
75 314 51 453
72 383 196 526
359 355 179 659
282 108 89 181
284 341 244 788
57 345 540 603
269 54 517 981
318 0 218 222
70 333 376 466
26 331 759 896
231 349 478 602
191 255 662 726
278 108 240 414
158 270 473 684
353 365 634 947
18 168 185 200
152 139 310 808
366 250 188 970
351 273 1 14
40 39 163 215
140 41 66 117
4 328 742 768
205 325 52 81
68 159 438 999
58 13 223 390
363 337 564 906
355 306 93 188
374 63 441 441
46 207 790 845
300 212 303 595
70 332 330 462
276 175 138 513
165 102 317 574
197 48 280 440
242 179 104 193
21 15 65 114
177 105 124 151
274 389 48 52
266 270 324 559
234 27 409 848
342 0 270 359
18 381 16 75
90 185 141 426
0 250 191 602
174 288 269 425
336 341 13 811
309 343 940 942
366 0 479 870
92 208 121 704
206 162 77 470
92 341 156 683
287 62 2 13
121 34 861 983
65 181 89 172
226 145 292 907
26 17 200 807
141 236 417 800
159 6 176 269
47 384 196 219
360 4 330 429
164 345 313 850
52 271 157 450
179 210 400 936
136 76 5 353
24 261 137 620
301 157 502 981
302 366 508 644
219 394 8 45
164 132 253 464
384 172 268 335
177 310 173 532
312 122 50 285
242 108 66 122
335 83 480 668
244 189 172 682
164 79 612 868
183 106 39 132
215 195 249 799
218 238 538 827
334 314 268 647
112 6 169 205
217 301 88 261
201 375 10 418
227 7 315 542
214 398 315 477
63 65 300 467
163 126 3 840
385 311 521 870
146 81 354 817
361 353 38 878
57 252 397 571
245 249 508 965
259 324 214 607
228 387 386 604
120 140 264 319
61 325 611 681
12 352 34 52
350 281 126 134
106 193 107 130
301 14 101 655
358 230 19 175
397 398 181 341
372 392 34 44
58 42 180 233
175 34 158 965
357 141 428 509
17 127 95 151
232 33 447 523
196 352 808 944
172 345 833 866
240 387 60 392
110 128 13 284
44 192 397 762
330 2 167 240
133 313 6 254
137 101 35 84
61 365 55 865
31 319 371 448
54 43 293 562
323 124 689 737
137 197 98 797
236 168 303 447
140 16 46 184
110 59 374 829
322 19 23 31
210 354 360 947
51 101 381 577
65 390 518 876
276 140 176 609
25 188 154 251
208 28 155 296
351 43 39 533
382 110 854 963
37 150 159 184
100 146 421 510
220 209 54 344
170 239 758 770
287 171 559 803
229 319 238 424
384 219 37 204
371 252 63 67
352 304 143 198
296 344 57 272
133 73 68 599
130 153 313 873
48 96 34 128
122 95 871 959
347 240 340 683
351 63 720 742
398 149 965 983
263 312 133 416
314 346 18 532
162 31 2 679
179 226 198 513
6 176 95 299
215 382 36 105
206 75 66 285
343 146 356 769
14 114 470 641
391 116 289 802
310 323 467 517
56 27 140 232
102 139 69 628
330 34 51 304
172 186 1 29
256 69 166 904
362 189 187 420
56 270 76 426
154 16 587 741
27 87 122 949
132 162 30 72
11 200 116 172
96 0 256 322
262 2 229 248
357 301 314 495
51 236 651 825
87 207 263 854
317 363 58 596
352 150 212 240
227 151 169 186
386 240 440 744
308 121 206 237
32 308 355 540
211 68 662 750
136 323 54 228
29 43 162 174
378 339 22 39
246 181 17 147
238 264 529 852
24 339 35 104
8 109 199 223
175 292 30 32
105 4 629 677
34 32 50 231
11 275 283 414
231 48 101 139
97 20 115 377
147 353 168 424
359 190 124 473
31 300 190 423
39 153 55 102
339 5 65 773
390 31 7 137
221 187 208 424
54 329 144 272
341 204 69 301
96 1 240 673
96 59 341 518
160 127 7 190
287 86 301 469
388 274 330 339
101 93 233 705
147 25 86 226
110 252 831 845
0 365 14 526
359 6 336 501
328 155 159 253
69 323 8 186
115 107 296 472
86 295 644 982
141 74 34 133
163 334 185 283
219 71 285 801
138 86 629 665
117 82 77 279
309 132 284 314
146 28 245 420
357 151 420 603
381 387 720 720
24 357 832 858
276 209 54 681
344 269 64 237
14 149 14 926
286 248 627 781
133 160 287 307
285 198 165 305
203 319 604 882
324 341 23 126
295 313 602 634
101 287 275 277
200 8 199 828
139 100 340 364
56 75 729 734
94 132 15 192
73 303 252 481
36 122 799 804
272 261 323 397
145 199 86 161
63 110 283 649
306 327 83 754
175 152 259 280
122 83 235 451
262 317 180 901
38 386 233 872
207 65 180 707
121 116 554 591
44 184 196 818
360 255 209 908
219 368 2 2
140 53 112 397
238 178 126 561
291 198 645 734
33 119 35 87
99 164 81 400
246 342 113 279
148 264 47 423
47 111 334 498
4 362 493 660
53 222 61 496
371 138 112 621
12 313 560 583
143 186 125 428
331 260 1 4
2 368 24 194
181 212 201 320
313 363 17 147
141 339 14 599
262 175 263 612
52 178 45 500
366 361 194 321
211 384 353 653
35 131 137 190
52 269 5 5
280 0 706 735
307 190 8 443
112 238 404 698
244 147 180 185
243 395 34 62
398 320 172 378
58 150 228 696
10 384 69 102
279 112 178 196
294 128 162 454
92 364 615 621
395 309 220 750
282 359 26 109
381 176 255 625
228 42 77 387
338 12 569 670
11 387 81 203
48 130 303 528
191 255 168 172
297 225 3 18
18 3 353 487
39 329 132 184
155 246 279 638
389 10 82 537
360 85 176 775
256 19 128 393
343 240 956 990
20 148 490 515
250 80 9 479
308 210 518 750
75 203 331 573
254 17 133 362
198 148 264 489
375 143 182 189
51 364 254 393
15 153 10 29
91 323 283 462
95 77 224 274
197 311 41 527
187 375 18 29
223 91 358 555
342 180 73 293
136 143 85 578
35 75 625 733
203 261 293 440
60 203 49 663
335 35 81 239
343 386 852 999
8 184 85 243
71 288 203 941
332 41 81 217
250 284 117 498
289 330 422 821
160 261 396 717
261 40 591 706
255 148 123 440
339 341 325 754
129 344 895 920
52 113 223 441
378 384 394 528
83 27 3 66
225 129 43 391
280 210 377 467
326 161 709 896
375 208 49 110
200 225 700 731
223 391 509 546
170 266 264 607
336 61 2 29
135 177 132 146
9 236 88 284
146 178 1 4
73 142 196 669
82 313 591 871
35 386 415 547
75 341 211 543
385 40 129 616
207 266 130 302
0 240 133 367
167 364 536 575
37 3 264 810
336 27 49 201
43 321 210 327
84 287 230 743
80 68 91 341
371 366 32 47
195 25 113 156
374 4 0 194
204 340 202 495
269 300 174 635
176 380 425 881
60 69 36 903
152 268 146 307
165 136 555 754
358 199 165 282
109 311 19 368
327 331 26 293
96 121 293 414
305 79 180 214
85 51 16 319
16 215 51 122
126 25 135 963
22 38 238 504
73 123 307 924
326 157 611 746
8 91 369 458
193 361 437 755
88 89 466 628
310 312 272 304
268 382 437 522
326 131 375 713
72 219 158 305
343 110 9 12
36 311 116 268
349 182 421 797
305 265 424 930
329 393 537 625
387 144 111 132
277 118 317 758
394 325 220 527
36 78 1 754
391 168 17 859
148 284 165 948
250 62 516 655
101 327 43 855
288 200 702 743
176 327 388 727
226 305 114 859
264 114 61 923
357 174 368 902
154 1 382 396
66 154 23 84
343 237 581 830
160 303 341 539
101 377 484 542
244 19 58 826
286 109 18 32
332 54 593 878
381 156 33 34
74 323 477 693
396 319 31 588
42 109 641 642
156 21 333 374
78 346 101 275
313 299 216 509
389 210 171 886
9 155 123 565
111 342 357 663
135 113 249 441
116 314 558 973
56 103 404 743
336 252 237 355
263 210 249 654
137 58 531 543
29 198 221 884
323 395 223 275
316 180 36 108
280 103 41 191
106 10 376 387
1 53 215 854
114 384 265 271
46 291 300 626
21 185 16 624
71 360 173 408
93 265 37 50
107 93 131 745
395 204 101 296
89 391 336 398
43 158 251 377
220 323 344 664
204 19 52 86
86 309 427 550
348 227 15 15
177 186 892 984
84 68 97 599
140 197 375 384
238 268 125 146
350 232 465 697
312 105 629 906
11 72 317 318
134 367 142 767
365 140 17 287
307 166 611 958
252 325 666 703
386 356 552 625
364 228 236 931
81 67 257 269
95 286 17 924
345 107 552 678
319 357 139 772
177 122 57 572
397 243 152 834
73 179 422 698
23 7 126 146
179 284 106 613
374 116 232 279
118 114 305 916
134 328 121 198
110 303 247 286
326 252 11 47
378 161 365 448
155 31 398 558
277 393 214 574
7 292 835 906
218 70 256 347
74 320 145 447
124 263 41 852
139 326 302 577
322 233 555 654
252 257 249 278
304 0 277 487
82 251 408 621
372 159 87 133
293 330 5 32
0 41 102 113
85 280 418 477
105 385 18 24
91 393 452 626
106 70 27 97
297 73 102 251
321 292 85 426
21 188 91 115
128 20 247 270
224 258 17 21
194 169 179 986
1 126 114 612
168 266 238 378
228 172 0 26
394 324 36 390
292 22 281 453
386 342 398 931
358 273 50 278
111 196 392 615
199 63 192 665
138 35 161 186
259 113 307 506
350 120 363 787
123 257 55 96
39 152 490 606
36 300 25 26
339 169 2 7
300 174 24 59
208 131 426 481
122 240 249 926
87 80 273 405
339 153 28 75
273 337 114 862
268 279 40 519
109 289 225 319
12 87 484 963
231 319 787 939
230 396 170 260
127 41 8 201
379 338 92 589
328 34 779 843
132 233 214 337
255 78 341 587
377 196 34 162
240 372 5 194
327 362 714 762
329 307 69 150
215 347 242 266
96 221 2 690
140 280 9 15
225 269 24 32
171 159 118 287
341 212 161 336
155 164 264 362
49 391 87 807
333 303 27 36
307 72 165 358
310 64 561 638
395 309 97 143
88 89 49 858
93 166 101 646
263 44 72 115
58 155 119 208
56 328 135 746
266 53 46 403
75 382 419 484
65 122 249 888
297 260 132 137
246 308 782 965
173 312 1 42
188 5 40 99
172 350 0 223
197 214 145 807
97 82 211 456
100 171 83 653
298 363 3 174
363 268 7 166
218 241 470 521
233 375 578 741
71 241 453 462
236 147 646 870
208 182 275 661
66 103 184 249
203 386 89 235
326 222 188 374
159 71 33 757
229 3 290 938
197 264 844 862
102 21 56 261
271 24 6 412
11 88 367 612
83 201 137 547
280 171 288 389
68 158 24 101
180 318 303 712
361 63 40 88
274 75 730 866
44 281 784 864
138 330 452 709
348 267 68 486
94 55 384 699
376 280 315 395
348 306 80 798
137 106 34 787
125 77 25 155
248 73 167 318
250 54 158 344
12 37 32 364
344 123 113 567
153 275 34 41
181 322 150 660
64 272 119 201
164 80 36 416
220 335 419 451
237 394 245 349
3 297 158 383
60 220 150 180
390 75 35 68
346 112 532 551
258 190 376 596
176 318 19 145
269 394 90 231
187 322 271 286
338 220 831 831
34 42 23 153
111 372 160 552
65 171 54 568
343 320 222 343
136 54 191 350
133 313 854 960
248 165 387 553
327 173 509 653
246 239 230 491
370 318 227 647
320 337 182 605
233 254 79 145
288 396 245 335
383 134 228 460
159 347 1 127
385 21 215 363
379 148 187 228
338 15 637 848
367 19 65 341
153 61 80 227
339 54 205 408
166 370 376 683
30 11 40 65
96 145 78 180
235 72 610 695
152 366 278 753
58 374 539 618
214 290 225 880
269 199 168 168
109 50 109 704
99 14 493 918
52 377 85 150
212 322 52 244
377 80 108 547
186 272 196 344
53 26 201 691
237 239 55 57
286 272 149 160
373 286 145 716
145 43 445 971
155 131 555 930
49 30 570 901
29 341 45 127
338 186 122 146
88 101 34 72
365 119 240 543
187 319 104 883
394 357 317 532
354 331 429 782
69 171 21 188
219 259 303 863
254 395 168 187
8 355 31 54
232 286 334 421
168 307 221 555
12 135 964 971
364 313 5 91
220 290 36 274
198 218 0 105
43 6 376 390
216 255 276 289
355 28 353 513
379 193 204 348
326 279 628 929
26 235 371 790
134 148 584 861
140 14 95 129
122 289 146 575
309 324 210 214
395 4 366 869
112 310 10 15
131 2 32 105
281 195 104 376
125 0 208 402
23 323 192 277
133 10 42 96
132 234 26 118
34 326 156 318
189 336 941 951
395 275 187 207
227 237 652 748
12 9 227 258
122 129 18 37
237 275 0 16
68 130 20 152
131 262 244 462
88 200 684 756
354 13 217 729
100 270 120 352
98 222 187 479
43 267 491 814
103 289 203 839
7 196 218 320
333 392 0 4
24 142 7 46
252 344 682 738
51 83 94 272
385 4 373 481
306 185 44 192
91 211 810 847
345 361 46 503
225 106 40 527
102 134 230 288
397 32 244 512
377 117 0 1
283 273 83 277
284 293 91 349
373 338 234 284
265 360 61 86
67 182 217 522
203 106 676 789
359 252 418 943
264 66 27 497
227 20 511 594
31 303 5 291
87 127 59 149
338 14 95 132
252 349 303 733
291 371 661 735
175 334 134 179
25 169 233 413
151 315 472 594
265 170 22 125
335 67 73 786
48 369 563 620
18 303 400 615
134 163 668 701
155 131 390 988
149 137 66 562
192 90 598 865
218 341 25 419
146 237 241 655
379 116 408 926
355 105 349 664
306 215 220 303
14 173 318 620
62 183 268 351
227 155 232 322
221 333 366 610
278 151 151 160
47 135 42 487
389 173 236 946
179 394 117 384
17 146 179 189
322 388 290 469
198 308 501 841
337 75 156 843
380 218 25 828
370 173 2 11
177 215 183 267
380 275 490 1000
334 166 65 119
106 262 334 490
76 319 786 790
346 33 42 122
87 49 158 663
366 118 234 488
105 29 188 194
304 114 810 879
40 68 29 181
321 205 541 639
211 371 321 741
135 89 251 563
132 223 383 629
133 1 29 119
69 370 167 308
386 295 515 587
360 335 201 395
137 346 375 664
156 248 669 852
72 0 122 190
384 357 611 904
71 261 26 383
111 129 842 944
16 180 223 617
186 329 594 790
91 149 220 515
86 231 64 531
352 310 262 327
44 175 11 129
113 333 372 384
124 241 178 215
388 363 32 32
258 0 208 275
96 27 94 180
387 61 595 876
170 381 68 81
209 249 92 184
262 325 279 704
17 112 563 920
105 169 36 251
4 196 10 21
134 278 64 961
271 104 245 682
227 316 74 310
254 210 85 472
103 392 529 599
152 200 117 374
196 142 198 875
273 112 682 726
282 171 107 955
267 368 301 351
108 255 872 938
95 271 266 479
159 26 130 642
187 270 117 737
291 23 311 810
83 234 387 396
292 157 225 448
28 87 484 818
388 344 365 718
191 8 257 941
39 185 642 980
126 385 92 179
224 349 142 228
60 272 166 716
296 253 443 748
144 170 208 603
239 268 113 878
248 17 76 252
24 146 254 339
233 88 57 495
77 219 44 315
241 310 182 545
292 263 145 683
182 53 176 220
158 346 187 485
251 296 763 993
120 128 201 324
245 54 17 35
373 326 66 818
162 201 494 503
291 53 12 52
106 100 875 891
54 331 9 404
298 192 184 930
396 213 389 402
26 206 53 76
121 85 58 245
212 297 99 350
36 57 560 751
252 67 48 184
250 1 272 431
41 240 204 874
322 167 523 534
134 394 12 103
20 305 12 24
56 290 644 706
279 13 253 980
102 276 548 785
91 293 522 765
301 159 634 676
296 309 314 796
160 364 11 40
232 295 66 264
222 316 233 696
372 394 696 867
170 378 424 675
285 227 70 176
260 26 188 937
151 181 590 904
309 343 4 86
243 237 106 193
309 237 91 275
68 134 444 739
126 16 541 860
305 327 518 578
277 85 179 199
233 208 263 415
15 289 88 137
101 370 805 918
38 116 618 765
325 381 290 510
37 66 351 454
131 338 44 97
121 343 93 318
281 241 86 120
258 172 307 783
181 183 73 545
55 360 173 227
357 99 156 224
102 252 116 260
121 170 17 309
369 385 358 388
307 211 200 297
320 58 145 680
56 28 17 35
255 383 1 328
312 324 651 746
145 162 658 943
54 143 59 803
157 74 167 241
170 123 229 233
236 384 27 190
222 119 83 883
155 221 223 238
379 84 522 758
296 348 221 261
153 329 29 33
95 378 668 734
32 71 712 726
384 131 68 89
371 394 188 327
35 12 535 949
131 86 60 163
290 340 31 86
316 345 549 595
345 285 482 931
63 235 69 133
339 306 252 513
351 174 323 684
33 327 162 172
216 164 3 11
288 114 850 888
14 13 3 35
381 53 234 257
148 380 74 652
88 377 4 286
21 334 5 9
231 111 458 576
55 101 90 308
207 204 21 151
5 172 335 972
176 248 162 165
274 162 459 727
374 295 229 891
335 342 715 859
162 363 170 184
365 175 86 237
134 324 6 18
219 75 618 932
61 56 703 888
284 3 179 596
2 267 26 109
180 297 134 173
128 391 76 577
206 360 55 251
170 234 140 300
98 346 84 171
185 375 148 189
193 181 208 463
46 352 88 510
78 294 246 512
187 118 151 998
303 323 19 129
154 180 303 756
178 163 156 794
103 211 324 585
314 335 99 463
141 378 357 894
202 145 314 829
346 299 8 50
150 219 424 963
371 268 4 7
191 360 204 573
17 187 393 573
261 365 750 835
208 265 216 385
31 312 55 91
259 133 408 582
203 27 23 24
168 149 10 362
296 336 529 986
81 64 5 869
74 382 31 152
293 183 592 799
151 171 763 811
103 130 59 929
274 327 87 224
129 144 386 499
279 152 825 828
102 219 294 668
189 222 441 594
308 72 244 652
381 6 78 238
370 289 4 25
369 50 234 736
223 287 106 327
187 341 140 377
127 168 567 613
94 213 596 657
55 260 92 203
10 146 219 826
211 124 276 380
113 360 117 632
334 384 505 967
191 340 171 565
28 368 1 359
265 313 430 619
364 212 116 502
199 111 80 452
106 320 220 733
242 280 781 925
47 302 218 479
41 92 36 88
20 376 71 570
395 295 60 245
296 117 14 39
32 213 695 788
340 303 272 273
220 51 45 777
361 187 63 488
335 112 302 318
385 254 138 314
107 134 35 42
25 52 509 534
265 68 607 824
191 176 50 83
341 293 89 108
62 316 18 529
136 167 558 660
144 287 437 695
183 321 88 313
229 354 9 37
371 129 342 414
122 178 9 226
9 148 1 1
213 177 258 686
66 202 864 953
227 273 236 391
36 178 274 300
119 195 91 554
303 5 569 852
228 388 458 795
123 394 120 685
360 238 20 432
326 304 331 691
231 11 181 216
33 179 30 284
292 223 145 778
20 106 917 930
364 145 111 190
37 14 14 296
354 197 6 6
241 364 22 431
367 75 156 210
269 252 641 642
324 396 242 710
8 147 114 118
119 304 26 82
384 19 767 907
244 390 121 389
15 381 272 533
50 288 345 964
44 77 721 759
111 271 37 325
12 87 12 85
178 151 361 536
152 390 92 336
54 328 15 21
96 175 85 771
175 357 345 385
67 225 411 571
243 204 43 756
57 358 88 941
79 335 62 612
255 209 169 315
311 59 87 110
317 195 14 73
216 239 106 320
282 313 532 661
215 146 516 695
27 23 83 207
366 259 63 82
84 215 256 305
113 379 183 548
328 114 74 755
64 361 98 530
77 83 76 287
344 361 200 624
254 84 39 265
292 7 28 653
278 212 689 842
271 113 486 639
77 107 369 566
354 246 24 307
199 301 230 877
120 350 755 989
261 297 641 778
120 52 140 574
60 138 5 141
323 324 273 315
191 55 87 367
327 311 111 292
105 276 264 446
121 388 34 611
247 64 127 213
344 175 192 250
393 113 5 112
204 41 184 307
242 197 373 497
131 167 10 490
291 229 421 996
324 167 251 982
355 19 150 436
129 208 414 972
199 105 126 214
349 178 491 541
35 383 319 453
353 253 791 968
75 352 734 837
179 23 150 214
262 109 289 439
222 368 59 168
258 25 159 529
123 379 134 794
128 296 30 35
275 299 148 191
16 373 72 978
395 38 464 961
194 25 506 557
124 225 466 646
346 86 49 272
284 120 356 953
259 319 521 670
336 111 79 667
383 288 2 11
251 199 255 853
82 364 556 779
296 160 492 685
216 346 658 741
299 315 15 156
279 40 386 719
308 137 10 96
316 249 514 707
93 269 2 2
217 279 196 776
57 188 258 492
47 278 169 204
357 26 542 729
388 398 126 315
384 194 792 884
201 119 48 180
265 63 405 939
97 343 318 971
97 318 203 304
389 380 863 863
7 245 762 843
297 108 97 425
60 346 339 364
360 226 271 282
77 361 574 994
75 95 198 256
117 133 881 921
313 275 91 428
27 398 286 936
17 62 664 839
332 202 112 155
331 290 28 574
43 73 291 674
272 356 353 406
75 269 4 4
160 226 302 325
332 275 700 839
328 205 55 62
100 190 90 105
54 206 132 702
374 22 273 514
51 52 207 498
392 128 236 373
107 306 270 604
323 275 301 852
136 111 130 277
368 328 696 845
386 310 235 417
362 103 455 501
39 29 122 730
169 380 198 258
347 56 242 922
320 28 272 702
172 140 110 619
184 231 237 273
324 364 588 696
347 161 37 257
94 61 352 817
195 215 10 11
372 73 25 166
109 94 270 558
193 194 330 712
172 121 222 492
67 137 795 878
172 205 823 976
164 131 78 464
179 31 399 768
341 73 337 495
99 364 615 665
321 346 202 225
19 158 44 109
349 172 287 979
320 145 455 815
81 36 95 285
229 120 443 586
139 261 247 380
92 302 34 176
205 271 128 419
280 325 156 297
336 281 13 16
277 117 25 387
21 0 51 921
147 362 43 829
80 64 198 574
253 377 71 318
75 226 52 231
250 344 419 956
118 294 397 565
232 388 96 217
143 18 18 249
42 291 97 960
352 257 92 239
61 86 51 106
57 206 109 184
184 127 553 766
261 259 84 709
289 6 61 438
85 387 334 794
165 274 389 518
358 250 204 414
289 246 100 117
258 250 21 884
395 192 24 275
291 384 86 616
254 160 953 985
300 227 106 189
334 176 339 966
325 361 510 653
398 198 63 128
111 69 562 772
58 242 498 952
95 169 418 563
360 119 354 689
298 21 11 26
198 172 325 990
143 343 27 318
255 141 22 23
67 181 177 809
398 273 261 974
162 159 738 738
348 101 2 2
211 276 56 63
156 80 64 584
86 10 6 336
129 278 230 882
81 71 680 874
234 280 280 988
1 229 371 716
92 227 797 877
129 93 246 319
149 12 99 111
371 109 148 866
377 148 185 303
382 172 141 419
144 117 209 646
82 387 0 605
103 116 27 421
292 22 142 386
183 125 86 122
302 311 94 534
145 234 207 233
271 317 643 755
122 9 338 675
183 257 57 71
146 142 372 990
148 179 543 781
352 169 210 228
128 353 7 30
353 201 146 478
281 304 187 353
17 264 422 547
342 376 225 660
216 130 207 798
222 93 6 13
84 259 711 715
275 8 170 295
292 66 588 987
136 117 354 847
287 150 164 560
215 322 100 598
140 183 83 192
176 203 40 226
316 59 136 154
266 31 359 378
376 199 42 112
273 110 87 511
19 20 353 639
93 174 91 122
182 398 97 344
75 172 41 70
389 29 13 526
64 354 237 650
142 122 285 616
276 206 496 814
189 350 13 235
132 148 187 618
354 90 250 303
202 330 73 88
316 247 48 305
364 378 68 71
332 98 693 959
193 42 404 727
158 335 83 101
264 89 32 787
322 30 118 352
98 260 688 912
58 56 457 495
44 38 455 873
