500 5000
0 1 416 417
1 2 673 721
2 3 0 0
3 4 302 302
4 5 34 146
5 6 36 92
6 7 72 186
7 8 231 345
8 9 372 397
9 10 457 539
10 11 131 419
11 12 359 685
12 13 90 204
13 14 201 878
14 15 14 27
15 16 614 671
16 17 191 417
17 18 241 559
18 19 132 140
19 20 154 198
20 21 574 801
21 22 778 969
22 23 29 313
23 24 359 693
24 25 759 877
25 26 742 895
26 27 71 85
27 28 10 39
28 29 10 170
29 30 590 879
30 31 58 98
31 32 283 421
32 33 394 958
33 34 105 533
34 35 200 692
35 36 44 315
36 37 538 687
37 38 344 835
38 39 0 18
39 40 468 750
40 41 654 989
41 42 223 748
42 43 125 280
43 44 175 790
44 45 7 103
45 46 210 448
46 47 87 909
47 48 265 293
48 49 34 288
49 50 68 130
50 51 1 19
51 52 623 679
52 53 193 211
53 54 79 265
54 55 288 492
55 56 30 53
56 57 353 574
57 58 140 146
58 59 153 589
59 60 161 700
60 61 54 102
61 62 394 414
62 63 343 695
63 64 224 414
64 65 39 50
65 66 24 536
66 67 93 664
67 68 408 515
68 69 28 945
69 70 519 587
70 71 489 904
71 72 61 137
72 73 124 139
73 74 305 808
74 75 214 398
75 76 108 165
76 77 335 928
77 78 199 348
78 79 479 751
79 80 91 726
80 81 610 884
81 82 404 624
82 83 266 751
83 84 267 349
84 85 96 270
85 86 675 896
86 87 378 428
87 88 11 965
88 89 331 664
89 90 45 622
90 91 90 114
91 92 60 950
92 93 160 450
93 94 545 578
94 95 155 408
95 96 181 237
96 97 698 904
97 98 173 574
98 99 2 2
99 100 94 617
100 101 189 326
101 102 4 527
102 103 628 886
103 104 168 357
104 105 695 909
105 106 291 623
106 107 4 15
107 108 774 930
108 109 381 691
109 110 70 998
110 111 81 172
111 112 102 137
112 113 179 933
113 114 324 697
114 115 15 66
115 116 384 756
116 117 157 754
117 118 45 923
118 119 369 712
119 120 21 124
120 121 7 19
121 122 2 26
122 123 14 28
123 124 25 246
124 125 248 860
125 126 125 539
126 127 536 553
127 128 234 842
128 129 29 124
129 130 25 279
130 131 334 586
131 132 405 970
132 133 206 561
133 134 15 18
134 135 232 801
135 136 167 233
136 137 495 807
137 138 166 388
138 139 650 864
139 140 320 747
140 141 238 556
141 142 49 136
142 143 9 59
143 144 114 121
144 145 41 44
145 146 84 107
146 147 139 225
147 148 25 713
148 149 367 560
149 150 1 12
150 151 21 72
151 152 349 968
152 153 156 568
153 154 15 203
154 155 38 252
155 156 120 744
156 157 183 195
157 158 215 581
158 159 48 970
159 160 628 847
160 161 71 240
161 162 101 494
162 163 609 620
163 164 741 829
164 165 119 156
165 166 12 18
166 167 2 70
167 168 396 486
168 169 462 606
169 170 259 569
170 171 169 317
171 172 108 989
172 173 84 580
173 174 193 380
174 175 119 551
175 176 684 746
176 177 309 669
177 178 35 265
178 179 51 66
179 180 78 370
180 181 46 630
181 182 20 210
182 183 122 753
183 184 23 66
184 185 24 260
185 186 115 805
186 187 180 193
187 188 369 640
188 189 441 525
189 190 577 925
190 191 85 263
191 192 48 66
192 193 384 735
193 194 569 772
194 195 150 908
195 196 641 932
196 197 5 13
197 198 171 234
198 199 467 617
199 200 377 949
200 201 880 951
201 202 113 557
202 203 7 916
203 204 595 642
204 205 115 390
205 206 81 486
206 207 14 604
207 208 249 550
208 209 750 927
209 210 338 919
210 211 241 395
211 212 33 964
212 213 62 174
213 214 9 126
214 215 94 135
215 216 6 506
216 217 10 21
217 218 912 948
218 219 276 827
219 220 7 15
220 221 18 176
221 222 167 332
222 223 116 131
223 224 433 810
224 225 97 345
225 226 334 941
226 227 522 582
227 228 212 879
228 229 20 845
229 230 875 906
230 231 198 460
231 232 189 546
232 233 461 799
233 234 36 286
234 235 466 490
235 236 188 599
236 237 15 15
237 238 129 594
238 239 108 434
239 240 698 808
240 241 74 315
241 242 728 893
242 243 314 578
243 244 35 184
244 245 464 788
245 246 29 612
246 247 0 53
247 248 20 420
248 249 271 679
249 250 530 919
250 251 0 0
251 252 768 977
252 253 96 376
253 254 80 974
254 255 95 605
255 256 173 829
256 257 240 575
257 258 218 628
258 259 200 285
259 260 410 587
260 261 56 750
261 262 31 859
262 263 596 755
263 264 629 698
264 265 4 865
265 266 85 323
266 267 314 671
267 268 162 451
268 269 92 382
269 270 9 411
270 271 213 401
271 272 41 317
272 273 349 622
273 274 72 430
274 275 410 974
275 276 464 678
276 277 54 198
277 278 4 427
278 279 75 343
279 280 25 798
280 281 823 880
281 282 707 904
282 283 343 663
283 284 4 270
284 285 75 252
285 286 462 855
286 287 454 528
287 288 148 802
288 289 47 573
289 290 32 733
290 291 230 519
291 292 14 771
292 293 38 569
293 294 379 466
294 295 218 343
295 296 53 68
296 297 267 378
297 298 19 79
298 299 43 983
299 300 51 181
300 301 703 812
301 302 64 875
302 303 455 689
303 304 106 570
304 305 84 161
305 306 423 467
306 307 164 345
307 308 191 225
308 309 498 593
309 310 43 312
310 311 495 917
311 312 425 910
312 313 56 257
313 314 49 111
314 315 93 193
315 316 166 500
316 317 6 729
317 318 105 208
318 319 167 248
319 320 47 852
320 321 65 416
321 322 373 617
322 323 74 233
323 324 91 102
324 325 408 516
325 326 103 477
326 327 30 152
327 328 423 622
328 329 85 544
329 330 334 654
330 331 143 144
331 332 108 752
332 333 10 222
333 334 467 519
334 335 562 786
335 336 7 22
336 337 127 324
337 338 70 873
338 339 297 845
339 340 0 538
340 341 542 867
341 342 190 950
342 343 517 827
343 344 274 854
344 345 4 98
345 346 471 651
346 347 535 704
347 348 248 610
348 349 564 800
349 350 20 34
350 351 748 771
351 352 222 732
352 353 81 259
353 354 58 257
354 355 425 632
355 356 269 345
356 357 409 797
357 358 275 446
358 359 35 783
359 360 442 991
360 361 291 300
361 362 51 143
362 363 500 902
363 364 223 542
364 365 942 975
365 366 129 637
366 367 987 994
367 368 360 546
368 369 426 526
369 370 62 135
370 371 316 356
371 372 14 26
372 373 92 160
373 374 685 746
374 375 9 30
375 376 266 366
376 377 695 863
377 378 333 693
378 379 337 691
379 380 159 188
380 381 246 442
381 382 157 582
382 383 482 990
383 384 56 204
384 385 55 247
385 386 170 262
386 387 691 750
387 388 91 457
388 389 50 56
389 390 237 509
390 391 154 212
391 392 242 799
392 393 145 297
393 394 5 27
394 395 52 594
395 396 140 844
396 397 192 381
397 398 591 750
398 399 462 511
399 400 118 541
400 401 709 960
401 402 207 804
402 403 18 32
403 404 94 710
404 405 173 465
405 406 78 948
406 407 112 221
407 408 186 267
408 409 37 81
409 410 155 429
410 411 89 109
411 412 29 634
412 413 311 803
413 414 320 697
414 415 564 766
415 416 312 342
416 417 234 846
417 418 351 429
418 419 541 824
419 420 7 627
420 421 105 143
421 422 47 78
422 423 12 18
423 424 39 66
424 425 263 459
425 426 41 113
426 427 26 27
427 428 746 755
428 429 153 395
429 430 625 747
430 431 444 452
431 432 263 450
432 433 321 478
433 434 40 474
434 435 797 803
435 436 314 402
436 437 900 905
437 438 24 37
438 439 29 774
439 440 90 125
440 441 426 619
441 442 6 10
442 443 57 539
443 444 1 3
444 445 739 952
445 446 807 906
446 447 406 796
447 448 656 916
448 449 11 145
449 450 97 157
450 451 157 187
451 452 434 623
452 453 503 906
453 454 853 990
454 455 530 711
455 456 193 732
456 457 910 910
457 458 230 401
458 459 160 250
459 460 85 173
460 461 106 119
461 462 711 813
462 463 124 146
463 464 171 264
464 465 480 819
465 466 87 310
466 467 975 983
467 468 213 266
468 469 268 534
469 470 243 314
470 471 113 911
471 472 338 366
472 473 19 434
473 474 117 512
474 475 791 939
475 476 9 30
476 477 347 717
477 478 579 891
478 479 4 27
479 480 159 522
480 481 290 326
481 482 763 860
482 483 288 559
483 484 184 690
484 485 399 453
485 486 313 628
486 487 97 290
487 488 8 9
488 489 118 577
489 490 255 311
490 491 434 517
491 492 479 917
492 493 69 426
493 494 235 247
494 495 22 371
495 496 827 932
496 497 538 937
497 498 320 845
498 499 590 921
499 0 29 228
368 102 35 87
423 11 81 227
79 444 47 314
334 220 149 174
133 359 62 607
426 261 395 414
284 402 136 817
291 166 81 185
481 20 112 702
44 71 211 240
299 209 275 574
420 339 139 349
115 376 15 57
159 292 11 229
359 24 92 664
29 412 387 497
268 457 92 519
427 106 102 174
480 145 530 571
143 446 107 997
467 170 370 817
81 402 92 594
309 249 297 976
367 44 690 902
5 172 374 596
353 387 23 32
431 203 18 93
497 453 4 65
413 467 398 452
128 53 120 375
150 435 590 976
29 244 161 168
58 212 404 973
424 475 150 768
338 213 137 825
322 171 396 633
438 358 37 669
404 60 157 477
367 220 13 13
284 96 273 353
388 423 103 492
439 6 427 730
436 267 206 469
384 359 281 457
352 143 44 137
34 111 1 10
426 85 237 759
358 277 319 320
331 467 163 985
392 2 102 220
70 376 216 339
430 487 19 524
405 184 191 755
324 473 404 464
259 342 17 124
64 385 5 312
244 287 348 505
362 166 587 674
271 283 274 770
123 250 51 130
172 181 19 22
252 489 484 519
394 482 365 810
191 322 12 12
64 163 470 673
148 309 518 687
446 298 259 449
191 276 123 915
26 217 521 645
415 278 0 5
309 331 162 484
243 53 485 860
114 200 517 831
256 69 297 649
38 110 548 674
485 267 143 579
7 432 116 274
362 217 452 561
274 55 368 672
355 212 87 352
63 363 9 856
86 349 48 195
158 73 187 748
124 364 178 289
47 231 202 774
493 235 224 428
466 193 307 808
445 3 12 353
355 47 180 213
482 83 346 768
95 205 301 308
442 413 42 733
173 83 121 745
88 235 40 221
452 99 116 214
474 126 54 199
133 48 70 142
264 285 277 377
310 335 4 26
65 22 103 111
83 132 446 675
448 31 552 800
280 429 13 80
87 93 159 231
217 299 125 207
215 178 601 918
115 137 369 712
36 278 38 554
243 124 144 304
128 113 405 835
353 189 269 435
306 174 93 924
19 256 19 706
129 159 32 478
32 163 47 126
239 357 755 977
108 424 65 159
255 239 189 202
46 162 230 431
487 477 180 404
440 397 48 146
11 313 251 730
36 418 8 188
42 353 289 644
381 324 682 755
89 402 185 210
54 103 489 601
306 176 720 749
254 497 195 638
209 303 555 597
358 462 13 295
494 130 263 732
374 240 71 946
114 39 394 425
399 498 264 782
132 286 45 56
248 21 627 836
464 498 89 192
289 134 32 395
315 237 60 300
410 432 6 80
199 4 808 905
180 340 267 370
411 25 238 531
4 281 285 494
108 490 26 132
52 54 149 206
339 34 65 76
9 416 289 508
174 306 158 261
157 473 322 357
348 289 97 108
67 363 473 788
487 272 83 106
243 269 778 986
181 2 174 177
108 386 393 572
13 371 41 44
136 299 54 787
51 69 100 189
5 180 308 528
96 288 286 740
14 123 39 150
416 481 248 551
484 142 118 216
257 164 642 759
182 357 590 723
158 217 46 176
339 66 847 862
301 302 18 19
267 222 289 861
276 30 394 559
176 275 262 403
283 443 158 759
191 185 534 717
398 415 966 988
213 278 115 278
145 91 0 3
467 270 244 934
50 439 196 858
226 180 606 729
65 107 272 517
83 182 23 707
59 401 594 781
276 419 159 375
205 346 136 771
318 418 527 751
198 103 366 613
392 322 111 402
221 108 43 698
469 229 2 3
370 70 277 775
248 420 649 897
201 321 126 239
73 309 11 120
483 333 78 220
39 170 275 302
277 288 157 883
9 284 104 543
487 397 57 286
395 483 16 138
198 306 183 290
492 490 584 614
380 21 13 324
398 138 212 457
317 89 31 444
387 266 492 828
377 333 255 426
238 110 121 346
44 259 177 675
124 55 69 221
464 87 423 467
127 27 127 315
23 90 443 627
354 198 483 878
238 252 202 448
207 251 363 785
16 88 47 457
419 454 624 656
32 59 16 131
111 6 56 433
423 91 146 910
67 263 528 606
337 364 758 767
184 466 475 505
20 489 190 498
13 256 407 843
283 314 45 67
393 425 466 573
133 48 866 943
146 208 45 518
73 91 25 194
390 490 624 848
159 496 242 251
452 335 398 701
70 35 512 540
225 456 814 949
310 48 439 624
268 359 151 838
460 317 4 7
411 113 553 990
6 437 4 77
103 403 141 322
424 219 815 947
273 403 0 8
157 269 70 823
408 394 370 862
304 167 259 440
314 393 220 256
478 404 494 803
29 194 255 478
385 293 112 134
305 390 691 928
359 343 294 896
387 490 120 492
309 482 561 857
251 373 255 418
389 468 46 684
202 77 154 398
439 223 271 506
310 70 169 189
51 415 907 965
297 473 64 294
88 61 58 103
260 177 19 144
396 410 10 14
152 481 109 716
366 374 1 565
409 4 11 795
126 335 110 507
47 162 717 792
143 330 44 696
12 178 227 778
415 32 59 406
265 52 422 648
192 379 25 179
211 434 100 322
20 361 165 172
287 276 376 409
198 178 205 241
187 251 214 407
318 209 94 976
380 189 46 320
20 176 408 983
252 276 334 636
433 59 106 375
324 449 225 858
59 378 283 620
377 34 100 252
191 325 579 793
30 343 2 433
96 102 219 357
105 371 10 330
423 142 43 698
203 168 69 268
34 217 479 809
402 99 26 295
325 415 469 544
252 215 35 488
111 385 281 856
363 282 721 889
216 429 172 184
164 295 144 585
431 300 499 899
314 470 250 446
197 452 440 922
211 398 125 279
491 252 570 609
230 219 266 683
225 268 10 228
381 227 3 13
116 267 180 417
476 5 276 939
201 53 186 343
59 420 594 780
181 472 158 174
239 80 264 342
294 334 81 144
488 164 123 717
163 179 298 700
87 330 516 689
107 55 8 253
448 113 334 693
280 113 118 227
273 16 228 425
401 39 60 372
266 29 227 355
341 196 13 57
271 246 99 632
373 446 275 708
373 296 309 614
330 46 107 648
431 430 95 170
289 427 121 149
87 135 70 514
245 328 679 876
0 276 181 184
239 390 437 463
154 387 145 429
453 309 345 497
100 400 107 161
272 419 283 342
201 317 222 262
241 13 469 845
414 401 539 801
336 236 213 427
258 194 4 607
159 333 103 145
88 120 259 510
354 6 56 297
274 5 741 860
151 95 547 672
450 429 457 634
465 339 7 124
427 402 5 471
158 192 971 987
87 166 577 949
192 121 0 645
232 418 71 151
497 335 344 639
82 397 318 566
123 238 433 469
60 77 279 428
235 110 38 599
391 128 259 850
438 304 369 751
398 455 238 579
58 52 294 925
408 481 31 64
393 311 62 992
211 322 6 53
418 236 189 199
290 479 318 423
53 458 10 107
196 192 365 624
498 160 44 48
442 424 183 284
400 394 41 61
203 221 158 704
480 331 54 669
388 404 34 378
261 75 0 188
216 377 716 747
405 496 22 340
402 203 609 796
143 31 266 488
329 106 263 526
157 495 2 28
179 286 8 644
37 97 22 351
391 360 2 229
162 77 422 434
107 361 57 382
262 14 282 470
409 313 404 980
358 282 269 364
183 18 493 775
204 274 510 553
172 399 600 890
310 180 81 355
150 193 107 245
40 181 466 911
104 136 42 43
142 144 2 951
156 390 36 556
65 290 319 376
112 19 942 996
303 97 45 58
439 343 337 517
273 58 26 31
237 407 1 571
236 27 45 180
467 426 208 631
308 252 98 981
138 217 565 875
327 156 373 452
390 285 252 709
43 369 168 778
185 353 235 495
490 143 118 529
93 226 55 150
396 210 273 369
340 160 65 142
303 274 51 727
84 92 160 477
362 168 274 449
370 164 623 886
319 432 460 528
366 130 2 409
83 251 80 269
137 264 54 72
78 192 361 418
61 475 23 25
225 416 116 291
275 95 221 504
376 84 374 966
109 336 24 109
311 468 99 673
385 20 1 500
324 250 596 777
49 156 141 143
103 194 69 83
72 329 74 399
33 83 608 797
82 469 36 191
298 94 261 768
90 318 177 290
254 143 150 217
389 257 6 16
140 416 107 399
404 324 360 381
49 235 201 660
315 51 41 70
328 434 64 152
259 86 5 16
343 424 47 113
216 193 496 652
476 416 348 403
197 399 166 321
225 347 162 558
297 316 214 994
489 410 801 835
139 107 699 700
490 194 505 919
19 244 29 39
370 65 52 70
421 461 142 474
329 336 300 349
259 382 321 938
404 445 389 490
74 60 256 540
254 390 230 896
110 406 42 447
182 220 92 877
207 407 66 253
93 409 109 274
337 422 243 328
341 236 174 548
69 472 109 220
139 402 575 672
265 473 141 142
105 225 4 94
377 497 87 871
181 175 53 237
283 146 138 386
57 20 81 572
250 124 413 526
298 304 28 76
285 306 54 875
51 422 690 952
73 291 284 813
200 30 139 284
41 189 374 528
156 358 184 339
379 181 138 555
418 444 734 975
103 265 133 312
48 205 630 669
434 92 316 326
18 496 24 775
39 303 156 326
356 165 72 890
334 311 317 752
84 358 114 763
190 385 261 469
155 496 140 210
5 273 39 41
470 352 108 322
337 97 19 37
110 240 608 694
37 435 168 671
485 479 279 430
486 14 126 768
484 231 189 536
8 351 31 39
359 268 5 134
370 61 122 193
239 389 256 335
200 305 43 52
441 23 274 605
349 378 365 512
165 407 99 618
399 208 267 432
53 24 739 848
1 76 401 454
476 393 6 15
452 175 239 873
405 48 557 656
109 310 208 823
328 81 80 952
260 481 22 50
489 351 121 235
299 191 4 63
73 14 193 422
431 493 250 864
392 200 41 81
218 215 192 473
38 295 121 125
438 336 407 773
412 422 146 842
52 57 16 43
31 34 172 486
222 210 96 239
43 417 914 953
192 268 923 944
464 371 579 614
151 9 687 974
224 117 9 345
344 130 367 898
432 389 405 435
185 95 196 236
463 492 621 941
63 310 177 684
91 228 32 64
242 398 590 871
73 292 428 702
286 471 301 605
305 379 8 733
165 288 119 253
376 298 160 601
418 430 566 815
205 456 29 54
175 261 103 130
444 36 485 843
383 320 432 618
33 118 445 531
291 173 131 248
136 212 281 295
220 320 273 873
59 246 317 422
493 41 33 64
345 58 71 897
419 454 61 203
426 451 517 827
209 147 571 882
253 318 35 487
104 159 238 599
197 430 30 527
471 323 320 625
13 300 157 855
307 335 210 282
246 385 367 884
422 365 179 568
148 312 74 115
80 495 147 227
166 436 432 596
448 475 214 239
465 124 50 131
296 5 76 162
189 209 716 845
149 118 521 602
80 205 210 964
209 367 217 346
75 200 245 596
468 129 354 599
219 489 338 616
175 272 17 59
174 494 596 751
87 142 489 949
450 411 141 535
154 274 124 192
324 254 498 753
246 323 3 7
498 432 142 328
174 372 164 918
100 386 383 588
325 374 782 856
464 64 31 605
297 495 604 823
201 111 289 880
209 417 292 321
370 348 10 123
107 437 40 722
198 219 231 440
250 424 119 126
45 58 573 590
71 233 8 36
493 316 171 200
427 96 518 789
407 85 8 12
32 411 260 303
55 380 20 21
263 367 437 998
313 172 30 582
32 101 160 293
302 97 187 929
48 234 433 507
176 193 328 455
132 316 548 588
466 58 128 264
373 363 282 305
462 411 331 372
351 39 22 244
299 404 566 585
92 260 93 696
159 298 31 72
394 178 835 972
367 33 342 753
305 41 104 806
396 209 232 752
324 453 38 80
329 334 334 482
362 163 285 446
48 0 199 673
230 356 156 449
261 12 92 705
152 127 351 682
166 498 424 697
332 32 127 619
460 391 150 151
86 326 108 761
252 4 562 781
143 14 586 905
333 167 187 234
282 378 108 176
384 336 284 391
228 20 172 320
348 380 529 816
450 8 198 614
455 203 362 760
283 45 11 428
184 469 42 99
252 486 111 115
100 214 314 373
54 74 181 194
111 330 254 821
152 412 407 600
60 366 420 689
288 382 100 491
30 231 14 88
255 376 70 235
364 28 248 462
180 201 67 198
308 263 12 25
284 100 634 730
471 253 581 725
167 317 180 330
112 314 153 844
321 49 300 428
174 220 678 865
8 288 289 657
76 416 480 581
444 217 78 200
351 6 493 530
190 211 45 895
39 391 150 305
376 478 761 871
344 86 776 909
199 238 263 330
470 5 345 683
272 432 739 900
125 465 36 75
213 276 745 879
369 345 144 191
80 434 363 850
420 418 83 667
56 338 163 344
175 70 12 151
332 368 565 636
398 233 44 848
191 5 690 822
301 428 230 628
397 84 883 957
260 234 479 590
128 141 174 198
352 58 64 429
198 317 290 337
214 202 793 992
256 251 232 380
60 120 841 993
261 234 421 519
90 158 19 172
402 356 30 74
130 341 327 370
400 64 118 123
23 70 301 635
142 473 111 414
283 303 830 991
375 155 882 930
474 226 28 149
36 34 41 395
489 126 44 462
13 262 245 561
201 425 85 781
16 201 278 487
497 315 137 420
214 60 27 262
444 335 580 911
449 176 15 22
135 390 484 821
55 478 76 188
493 341 664 686
304 450 71 355
168 219 492 975
108 41 34 122
298 358 155 187
374 302 216 890
336 349 27 583
118 260 43 309
326 164 0 0
4 451 76 227
193 217 61 145
428 11 143 203
2 57 116 897
402 491 682 873
172 250 183 700
168 364 57 470
140 145 811 827
94 346 248 496
243 54 81 363
332 43 77 275
27 322 909 925
489 423 303 387
134 324 3 493
333 185 2 254
63 424 455 885
230 303 152 383
333 428 59 297
300 373 323 718
491 29 22 191
465 75 21 118
130 98 561 837
147 288 513 744
68 475 143 591
152 394 83 243
207 3 505 623
246 326 515 638
6 295 180 327
95 353 19 67
53 446 865 881
189 495 195 460
70 98 535 764
381 490 221 254
201 404 575 591
407 380 85 429
282 332 42 382
492 187 61 126
310 282 137 244
373 474 0 79
364 288 171 303
215 462 99 742
67 280 178 615
364 235 661 673
230 196 7 8
301 372 641 679
449 43 29 503
224 433 139 231
242 387 12 175
250 23 66 185
480 417 611 845
93 340 75 983
31 260 393 914
422 318 131 347
377 309 325 781
397 162 339 547
170 306 525 817
264 168 175 484
339 242 525 590
268 69 208 788
485 9 6 100
312 250 76 537
31 269 101 366
440 418 346 604
24 308 239 959
98 393 72 393
398 49 373 393
138 472 754 791
319 355 69 645
381 383 248 394
333 24 184 689
320 456 30 404
4 349 43 136
422 65 298 451
235 277 29 334
287 418 124 218
47 95 477 926
378 134 196 690
279 262 251 599
93 336 375 747
95 294 300 542
211 186 277 701
132 309 659 931
324 248 752 863
35 352 115 167
272 14 247 263
80 219 0 71
277 104 356 979
223 468 155 236
92 161 300 661
36 312 69 89
132 108 205 210
426 407 170 503
124 23 96 105
424 4 229 389
456 402 263 538
75 440 7 339
351 70 184 556
450 496 340 537
166 76 263 391
247 143 437 696
225 68 315 679
147 381 107 687
417 125 26 562
4 195 179 358
284 25 406 613
353 288 666 936
44 320 411 597
194 19 562 980
328 225 275 441
315 393 155 740
263 320 5 37
367 444 21 765
350 194 91 518
14 385 5 5
103 144 73 277
345 467 58 535
250 6 546 768
147 328 28 53
325 280 431 549
213 174 336 801
146 227 503 650
462 444 97 932
486 192 57 74
379 143 140 277
184 26 288 920
488 379 699 765
399 318 255 600
260 461 635 833
4 467 563 896
344 37 720 973
234 294 823 999
469 304 39 139
250 229 69 70
427 120 31 73
283 367 1 14
473 167 213 972
389 347 20 94
382 240 324 842
485 353 639 685
215 375 141 488
32 270 99 347
402 494 174 354
356 33 17 254
15 408 544 911
461 27 579 726
4 393 0 25
344 95 15 461
294 437 192 281
173 488 20 28
159 424 759 885
227 190 324 771
374 208 58 330
96 137 668 797
378 346 9 324
256 175 30 308
490 327 792 929
286 19 687 977
326 94 252 524
478 183 375 952
233 426 788 888
202 466 232 518
48 3 124 373
416 20 410 711
386 277 106 456
331 452 448 605
223 250 539 991
161 188 566 774
408 317 201 334
415 45 89 89
444 353 41 185
363 249 409 527
334 343 376 417
47 70 172 801
158 375 556 934
345 169 64 178
395 494 788 860
120 298 777 958
259 493 897 960
15 224 19 37
156 351 16 57
106 464 5 5
435 479 115 312
261 192 22 55
452 153 42 294
300 467 316 356
336 352 635 954
105 230 87 477
354 181 162 278
93 182 227 503
217 225 604 644
316 78 47 111
380 436 332 758
396 138 683 852
393 120 13 845
255 125 726 891
166 279 362 382
343 20 177 444
123 190 92 101
47 271 21 226
148 26 531 972
123 187 128 284
257 237 552 908
225 396 484 891
253 7 639 923
244 64 120 156
10 177 327 880
457 138 227 632
324 183 118 210
477 293 338 345
7 194 75 160
315 16 59 444
28 120 81 83
169 209 31 165
256 178 117 197
82 447 532 691
458 291 241 574
98 194 752 874
469 365 120 244
303 190 303 630
156 25 7 34
397 417 332 516
32 364 108 864
130 221 773 985
434 239 3 9
10 361 68 253
318 145 37 224
352 215 42 47
143 268 10 10
78 314 42 490
47 265 11 45
109 326 100 278
135 402 412 640
355 423 82 294
193 228 90 269
392 457 292 591
63 188 102 380
84 331 342 703
88 195 269 496
410 243 3 633
306 416 121 353
235 269 83 287
229 70 21 133
123 210 188 938
471 95 536 805
446 70 809 938
227 415 155 185
66 231 333 934
384 470 473 936
417 67 114 283
135 236 234 274
473 126 533 551
347 440 135 185
469 307 272 442
91 27 73 185
56 320 255 948
272 412 276 494
372 145 697 964
78 177 631 645
164 285 335 484
486 19 299 968
100 148 25 143
241 150 78 632
418 465 610 662
34 124 398 434
344 120 55 59
4 282 31 493
296 22 53 465
211 421 10 807
148 204 240 256
334 82 388 391
198 27 236 240
323 293 402 687
461 468 90 990
256 490 56 177
319 105 120 822
478 215 144 231
66 388 56 58
83 289 91 138
267 280 468 936
474 16 306 889
297 349 146 289
371 194 599 948
180 89 337 850
3 95 403 435
133 399 396 468
194 384 334 630
472 103 133 158
150 465 1 14
208 380 197 265
268 214 3 15
449 231 271 675
375 146 113 552
139 332 102 321
498 11 53 780
167 163 51 145
181 272 237 245
284 312 1 292
208 219 138 196
343 202 30 88
325 241 287 870
413 444 57 88
260 453 605 684
261 476 17 120
331 197 9 10
323 88 405 557
343 117 399 908
151 51 803 861
237 123 276 338
410 83 10 27
279 246 74 801
104 50 334 806
81 226 665 869
342 116 133 670
474 167 506 808
333 323 300 898
340 247 388 454
475 20 495 558
354 19 91 506
269 438 331 692
220 258 142 683
362 269 27 520
205 346 461 829
286 89 83 506
95 73 136 825
365 36 107 282
376 412 168 178
79 56 393 970
85 238 312 742
415 78 216 260
91 354 44 581
118 216 300 956
184 167 2 80
152 454 40 83
423 24 247 619
102 323 153 224
51 257 133 765
80 401 268 568
92 34 593 666
162 184 87 107
300 234 57 84
213 30 321 625
64 494 394 410
241 325 45 87
49 439 239 371
185 442 371 672
162 473 21 189
425 454 762 896
406 460 251 950
199 129 917 962
274 167 111 730
62 65 275 406
333 241 250 744
301 408 182 288
142 82 73 314
166 3 3 606
38 444 448 595
52 430 812 879
370 482 247 254
15 110 458 766
461 203 650 941
112 323 1 1
291 18 354 476
389 439 109 657
359 390 626 844
471 24 74 183
141 233 625 857
348 443 316 364
39 124 483 893
327 64 22 27
226 20 40 85
191 376 932 982
180 247 420 610
31 226 305 418
20 168 70 169
170 175 125 650
154 175 25 37
450 33 149 311
342 409 283 323
75 162 511 608
424 4 379 651
92 218 62 846
42 489 605 928
353 420 423 661
143 21 415 578
363 44 153 399
352 304 599 967
153 418 58 154
133 485 734 895
113 127 109 311
81 324 246 549
276 125 377 682
307 182 81 236
481 475 129 167
3 446 290 508
451 436 211 792
26 146 656 693
480 124 0 119
422 388 559 901
261 366 137 480
57 61 36 947
7 61 360 553
222 446 70 84
443 422 132 202
351 100 767 855
101 250 212 706
93 248 82 895
486 268 178 329
65 334 443 528
238 243 415 651
490 211 83 594
395 321 75 231
309 453 335 427
143 242 248 248
51 338 841 846
135 73 921 987
481 235 63 66
268 480 319 714
57 363 130 330
114 1 305 626
175 307 14 258
31 400 151 651
346 203 317 371
103 101 183 295
14 145 591 912
468 103 510 943
271 69 356 614
272 469 58 214
429 282 464 940
92 233 8 751
135 313 348 751
187 376 112 211
227 367 686 830
167 338 22 240
285 308 243 632
134 444 193 711
164 371 178 743
87 1 379 390
90 249 322 760
357 34 282 903
354 484 214 588
103 29 57 90
119 397 72 129
190 123 18 105
342 486 119 172
282 91 107 126
158 34 128 779
440 251 24 39
41 260 231 241
383 171 133 879
201 299 649 974
23 283 217 606
77 153 837 977
163 204 9 43
357 476 773 949
365 447 287 311
19 201 293 799
471 436 418 811
391 165 38 860
475 481 5 459
20 34 831 931
456 206 113 258
387 5 886 935
455 227 331 619
472 110 545 986
487 82 17 32
184 389 268 725
195 25 302 566
179 131 421 492
199 232 229 259
156 155 316 327
189 178 151 249
47 205 164 219
48 302 627 800
352 5 125 502
460 174 71 83
13 368 735 777
259 106 289 534
52 149 688 740
340 479 267 515
331 230 96 400
252 447 381 987
92 199 9 28
327 39 455 933
29 98 811 931
434 471 113 391
245 290 158 214
455 52 617 619
0 362 91 178
458 310 767 804
408 413 50 254
132 57 121 291
251 482 343 916
33 177 869 903
147 296 483 535
222 445 521 863
253 184 152 352
54 175 629 998
428 62 208 434
64 73 121 295
411 226 9 41
202 378 716 990
224 118 277 465
486 47 447 735
203 3 246 641
27 208 170 723
105 197 20 51
233 69 894 920
26 143 448 927
150 126 227 552
361 303 542 964
383 312 237 281
438 377 130 602
374 439 196 396
375 186 187 628
397 378 219 300
83 186 661 820
406 213 33 69
152 26 14 41
366 198 25 49
106 365 11 150
103 22 141 395
224 321 681 956
372 360 20 110
41 212 334 648
285 9 57 528
84 30 58 353
258 243 49 198
85 188 105 220
401 304 20 43
308 213 120 713
28 407 7 654
491 28 148 444
305 164 475 719
447 414 17 110
410 346 638 939
48 306 90 848
447 308 601 659
359 262 286 379
216 440 387 416
466 10 472 482
0 81 604 936
484 464 281 864
481 170 95 478
60 201 540 555
250 139 418 876
376 41 544 950
31 80 451 639
139 15 543 749
239 388 14 351
267 15 208 918
471 328 25 837
223 78 59 552
413 94 717 868
293 34 15 850
333 49 464 809
399 164 125 130
18 278 426 536
135 234 69 901
185 32 746 771
352 124 300 421
302 249 638 978
274 316 83 251
152 73 318 333
238 105 156 955
435 4 512 809
108 155 751 901
28 211 4 11
130 21 143 380
192 180 214 235
46 486 89 296
267 490 592 738
141 396 548 724
95 118 291 462
146 258 102 365
242 280 514 585
337 444 130 534
176 139 272 551
280 458 74 616
42 137 75 396
350 269 282 772
25 86 134 251
353 1 249 656
4 170 203 961
288 461 3 3
382 462 654 724
437 32 89 109
402 163 352 544
220 184 254 627
338 295 59 243
302 316 624 914
151 35 440 622
406 411 15 231
326 313 369 770
180 118 59 105
269 381 434 555
143 359 91 95
391 193 138 581
492 259 243 253
261 124 244 650
31 160 181 716
136 438 124 524
23 420 298 658
187 487 94 814
64 239 349 808
376 274 34 620
174 279 253 451
247 214 273 408
477 399 102 875
303 33 16 703
175 432 98 185
409 43 213 566
447 197 257 909
11 475 59 150
236 369 333 846
218 204 434 821
135 115 56 499
139 71 5 37
244 204 22 147
302 493 338 923
231 268 18 44
260 169 40 372
171 254 195 619
457 5 62 197
457 232 3 982
146 441 63 156
367 476 229 540
46 178 515 618
277 100 23 231
381 387 36 466
257 180 102 491
27 190 644 767
105 45 350 634
185 156 398 468
159 19 570 667
328 253 51 453
128 437 196 526
472 181 179 659
21 421 89 181
270 29 244 788
159 34 540 603
452 477 517 981
438 281 218 222
2 290 376 466
467 28 759 896
207 62 478 602
281 125 662 726
263 486 240 414
378 382 473 684
106 381 634 947
84 312 185 200
485 425 310 808
116 1 188 970
432 410 1 14
159 299 163 215
130 39 66 117
249 182 742 768
107 482 52 81
106 314 438 999
111 336 223 390
104 54 564 906
445 370 93 188
260 394 441 441
76 259 790 845
258 75 303 595
308 214 330 462
22 168 138 513
31 113 317 574
425 28 280 440
377 309 104 193
486 208 65 114
449 14 124 151
230 428 48 52
187 421 324 559
478 294 409 848
370 110 270 359
404 342 16 75
370 218 141 426
342 134 191 602
234 325 269 425
345 37 13 811
173 303 940 942
212 330 479 870
352 259 121 704
295 188 77 470
4 72 156 683
491 189 2 13
431 497 861 983
27 256 89 172
54 129 292 907
388 222 200 807
264 476 417 800
211 341 176 269
261 108 196 219
378 144 330 429
25 402 313 850
274 65 157 450
89 54 400 936
158 96 5 353
372 334 137 620
241 29 502 981
253 257 508 644
193 130 8 45
398 30 253 464
195 50 268 335
137 496 173 532
328 25 50 285
115 424 66 122
269 382 480 668
376 13 172 682
185 124 612 868
435 308 39 132
36 26 249 799
365 29 538 827
485 172 268 647
286 5 169 205
375 188 88 261
119 425 10 418
402 365 315 542
324 27 315 477
296 144 300 467
413 14 3 840
72 179 521 870
248 418 354 817
449 376 38 878
324 98 397 571
290 437 508 965
85 237 214 607
170 160 386 604
279 352 264 319
484 163 611 681
242 38 34 52
199 2 126 134
369 75 107 130
265 495 101 655
264 458 19 175
490 326 181 341
97 75 34 44
90 205 180 233
316 35 158 965
69 311 428 509
470 327 95 151
390 435 447 523
326 177 808 944
130 295 833 866
34 284 60 392
176 298 13 284
14 156 397 762
255 436 167 240
52 185 6 254
62 200 35 84
374 179 55 865
364 351 371 448
41 473 293 562
370 415 689 737
91 346 98 797
497 230 303 447
23 4 46 184
245 314 374 829
485 108 23 31
96 315 360 947
360 104 381 577
276 40 518 876
235 76 176 609
89 297 154 251
178 127 155 296
251 285 39 533
228 251 854 963
51 59 159 184
363 487 421 510
226 298 54 344
40 34 758 770
191 413 559 803
407 260 238 424
234 44 37 204
169 56 63 67
32 182 143 198
44 4 57 272
383 209 68 599
284 442 313 873
404 166 34 128
463 263 871 959
226 233 340 683
103 136 720 742
176 139 965 983
310 476 133 416
207 411 18 532
23 215 2 679
328 423 198 513
91 77 95 299
306 357 36 105
92 116 66 285
274 346 356 769
115 122 470 641
259 401 289 802
405 97 467 517
494 35 140 232
494 451 69 628
15 356 51 304
74 122 1 29
143 345 166 904
408 177 187 420
186 65 76 426
444 177 587 741
244 33 122 949
318 435 30 72
318 74 116 172
39 279 256 322
369 91 229 248
405 138 314 495
319 196 651 825
52 270 263 854
323 402 58 596
68 120 212 240
409 319 169 186
34 62 440 744
284 359 206 237
214 465 355 540
12 92 662 750
378 467 54 228
178 80 162 174
372 6 22 39
469 68 17 147
497 298 529 852
52 495 35 104
450 434 199 223
163 89 30 32
89 180 629 677
61 419 50 231
483 342 283 414
378 8 101 139
278 99 115 377
165 412 168 424
296 36 124 473
346 261 190 423
262 118 55 102
13 347 65 773
445 16 7 137
94 16 208 424
57 8 144 272
119 324 69 301
439 85 240 673
413 364 341 518
332 28 7 190
67 328 301 469
15 67 330 339
433 185 233 705
397 31 86 226
349 319 831 845
37 250 14 526
189 66 336 501
394 448 159 253
253 366 8 186
9 336 296 472
475 144 644 982
193 30 34 133
225 253 185 283
48 191 285 801
215 182 629 665
327 419 77 279
1 150 284 314
387 66 245 420
482 140 420 603
38 68 720 720
316 37 832 858
117 40 54 681
330 344 64 237
330 425 14 926
408 473 627 781
159 55 287 307
333 106 165 305
31 436 604 882
66 230 23 126
135 77 602 634
295 366 275 277
139 57 199 828
77 279 340 364
452 267 729 734
423 255 15 192
378 208 252 481
170 442 799 804
41 370 323 397
116 363 86 161
369 213 283 649
182 184 83 754
332 340 259 280
302 305 235 451
365 392 180 901
138 450 233 872
294 73 180 707
56 391 554 591
229 455 196 818
203 238 209 908
298 357 2 2
55 128 112 397
391 419 126 561
329 148 645 734
385 134 35 87
431 118 81 400
243 242 113 279
223 137 47 423
370 26 334 498
473 479 493 660
413 236 61 496
466 187 112 621
212 119 560 583
253 391 125 428
54 162 1 4
79 158 24 194
204 416 201 320
424 256 17 147
351 92 14 599
112 482 263 612
233 10 45 500
37 442 194 321
359 53 353 653
259 174 137 190
206 335 5 5
456 206 706 735
305 229 8 443
407 139 404 698
388 399 180 185
167 441 34 62
145 390 172 378
449 249 228 696
325 41 69 102
216 477 178 196
277 160 162 454
491 278 615 621
479 340 220 750
90 105 26 109
450 216 255 625
360 62 77 387
362 36 569 670
486 439 81 203
495 439 303 528
432 277 168 172
401 231 3 18
312 180 353 487
144 21 132 184
96 167 279 638
403 463 82 537
304 339 176 775
413 446 128 393
283 460 956 990
469 121 490 515
174 224 9 479
389 496 518 750
190 465 331 573
346 254 133 362
486 13 264 489
483 51 182 189
385 435 254 393
392 56 10 29
220 345 283 462
337 341 224 274
182 143 41 527
348 114 18 29
174 103 358 555
409 252 73 293
461 455 85 578
398 205 625 733
95 314 293 440
429 416 49 663
96 330 81 239
492 165 852 999
496 68 85 243
227 377 203 941
170 413 81 217
498 384 117 498
339 288 422 821
159 476 396 717
52 261 591 706
496 128 123 440
346 73 325 754
307 251 895 920
342 430 223 441
426 326 394 528
263 291 3 66
115 396 43 391
383 284 377 467
340 299 709 896
393 337 49 110
120 387 700 731
365 343 509 546
389 51 264 607
80 43 2 29
210 401 132 146
74 277 88 284
371 252 1 4
482 450 196 669
487 204 591 871
367 350 415 547
455 48 211 543
426 243 129 616
141 119 130 302
141 205 133 367
108 181 536 575
298 241 264 810
431 4 49 201
224 80 210 327
137 124 230 743
62 12 91 341
266 456 32 47
146 344 113 156
264 144 0 194
338 404 202 495
197 57 174 635
200 391 425 881
10 222 36 903
54 304 146 307
401 298 555 754
443 84 165 282
334 26 19 368
108 231 26 293
85 497 293 414
57 375 180 214
99 321 16 319
86 353 51 122
303 277 135 963
452 44 238 504
457 34 307 924
214 59 611 746
291 442 369 458
373 186 437 755
162 78 466 628
156 439 272 304
492 7 437 522
313 318 375 713
267 233 158 305
41 339 9 12
148 243 116 268
448 89 421 797
1 299 424 930
374 123 537 625
45 62 111 132
78 94 317 758
411 222 220 527
83 81 1 754
330 133 17 859
208 442 165 948
462 38 516 655
338 468 43 855
422 227 702 743
266 60 388 727
49 389 114 859
133 362 61 923
438 123 368 902
304 194 382 396
440 135 23 84
130 252 581 830
34 76 341 539
79 129 484 542
227 397 58 826
52 78 18 32
154 483 593 878
229 405 33 34
304 348 477 693
366 141 31 588
302 293 641 642
309 261 333 374
294 17 101 275
80 145 216 509
109 392 171 886
201 342 123 565
480 393 357 663
431 433 249 441
239 319 558 973
122 417 404 743
225 245 237 355
317 0 249 654
76 402 531 543
314 208 221 884
170 150 223 275
33 91 36 108
248 385 41 191
235 48 376 387
112 283 215 854
351 390 265 271
101 269 300 626
11 242 16 624
43 93 173 408
26 470 37 50
209 268 131 745
272 417 101 296
429 324 336 398
292 219 251 377
322 386 344 664
289 92 52 86
220 68 427 550
128 484 15 15
280 244 892 984
70 45 97 599
148 420 375 384
487 450 125 146
354 52 465 697
273 102 629 906
286 451 317 318
40 180 142 767
269 96 17 287
59 44 611 958
310 191 666 703
49 21 552 625
352 167 236 931
205 14 257 269
151 439 17 924
286 190 552 678
456 264 139 772
17 302 57 572
219 45 152 834
491 45 422 698
149 45 126 146
309 402 106 613
189 240 232 279
160 405 305 916
287 307 121 198
392 25 247 286
82 244 11 47
263 160 365 448
196 496 398 558
18 153 214 574
271 267 835 906
7 279 256 347
10 131 145 447
258 443 41 852
111 146 302 577
231 346 555 654
467 97 249 278
33 263 277 487
490 115 408 621
323 218 87 133
495 175 5 32
456 249 102 113
387 271 418 477
304 212 18 24
432 122 452 626
410 319 27 97
256 10 102 251
136 190 85 426
244 172 91 115
461 164 247 270
103 436 17 21
266 384 179 986
254 20 114 612
447 143 238 378
226 267 0 26
436 363 36 390
396 417 281 453
167 460 398 931
187 168 50 278
152 390 392 615
454 480 192 665
460 264 161 186
5 309 307 506
106 361 363 787
441 81 55 96
336 231 490 606
299 306 25 26
14 210 2 7
459 192 24 59
305 147 426 481
28 251 249 926
195 49 273 405
245 7 28 75
297 211 114 862
167 310 40 519
292 44 225 319
138 159 484 963
402 418 787 939
58 249 170 260
199 174 8 201
49 175 92 589
107 100 779 843
329 109 214 337
168 264 341 587
251 136 34 162
401 191 5 194
396 328 714 762
10 112 69 150
121 46 242 266
378 427 2 690
6 55 9 15
256 8 24 32
62 150 118 287
200 56 161 336
19 259 264 362
157 6 87 807
392 358 27 36
238 287 165 358
493 496 561 638
280 398 97 143
272 343 49 858
477 286 101 646
133 196 72 115
104 163 119 208
99 110 135 746
466 498 46 403
288 343 419 484
481 32 249 888
406 457 132 137
155 382 782 965
425 249 1 42
399 218 40 99
179 449 0 223
275 135 145 807
417 40 211 456
431 494 83 653
334 156 3 174
221 196 7 166
134 442 470 521
305 261 578 741
30 473 453 462
392 250 646 870
418 393 275 661
138 451 184 249
158 71 89 235
284 78 188 374
13 97 33 757
146 418 290 938
54 43 844 862
147 96 56 261
292 350 6 412
385 121 367 612
421 482 137 547
325 229 288 389
232 80 24 101
78 198 303 712
425 144 40 88
82 194 730 866
332 440 784 864
96 320 452 709
256 366 68 486
188 275 384 699
313 70 315 395
243 285 80 798
448 55 34 787
280 167 25 155
270 443 167 318
162 188 158 344
394 140 32 364
95 418 113 567
297 13 34 41
332 459 150 660
477 97 119 201
50 441 36 416
340 22 419 451
200 187 245 349
327 462 158 383
134 10 150 180
45 293 35 68
471 299 532 551
7 139 376 596
380 123 19 145
79 60 90 231
427 19 271 286
273 105 831 831
70 351 23 153
269 278 160 552
54 427 54 568
189 149 222 343
184 150 191 350
409 263 854 960
12 213 387 553
115 73 509 653
90 118 230 491
228 365 227 647
125 197 182 605
321 113 79 145
232 155 245 335
434 167 228 460
123 314 1 127
482 477 215 363
146 408 187 228
345 437 637 848
283 412 65 341
157 368 80 227
398 11 205 408
164 458 376 683
335 97 40 65
393 478 78 180
128 170 610 695
223 110 278 753
462 277 539 618
83 101 225 880
76 159 168 168
385 131 109 704
433 192 493 918
429 212 85 150
164 42 52 244
440 448 108 547
59 14 196 344
440 382 201 691
372 285 55 57
337 329 149 160
152 256 145 716
66 217 445 971
113 89 555 930
350 161 570 901
174 432 45 127
405 251 122 146
199 325 34 72
50 413 240 543
442 435 104 883
443 344 317 532
208 162 429 782
329 116 21 188
221 397 303 863
404 372 168 187
229 173 31 54
199 305 334 421
246 279 221 555
254 34 964 971
41 328 5 91
443 37 36 274
44 59 0 105
177 81 376 390
48 130 276 289
135 175 353 513
378 303 204 348
112 343 628 929
148 129 371 790
138 71 584 861
359 203 95 129
175 194 146 575
46 313 210 214
67 117 366 869
134 262 10 15
378 355 32 105
126 147 104 376
125 214 208 402
444 328 192 277
388 190 42 96
2 256 26 118
276 316 156 318
176 106 941 951
305 311 187 207
51 440 652 748
326 81 227 258
41 105 18 37
257 105 0 16
216 218 20 152
157 225 244 462
19 218 684 756
30 415 217 729
169 120 120 352
314 328 187 479
268 214 491 814
433 65 203 839
45 263 218 320
117 310 0 4
194 496 7 46
486 405 682 738
78 286 94 272
106 330 373 481
102 167 44 192
80 83 810 847
187 93 46 503
456 81 40 527
82 119 230 288
130 156 244 512
428 363 0 1
351 168 83 277
422 136 91 349
114 471 234 284
210 271 61 86
188 284 217 522
292 432 676 789
461 396 418 943
74 430 27 497
17 424 511 594
60 74 5 291
347 18 59 149
413 22 95 132
434 413 303 733
462 286 661 735
351 401 134 179
493 117 233 413
476 339 472 594
290 458 22 125
324 439 73 786
393 94 563 620
77 470 400 615
408 352 668 701
357 462 390 988
367 317 66 562
87 448 598 865
325 374 25 419
340 51 241 655
424 306 408 926
81 335 349 664
156 8 220 303
350 353 318 620
197 43 268 351
274 9 232 322
465 295 366 610
68 63 151 160
138 362 42 487
84 9 236 946
69 179 117 384
121 43 179 189
38 67 290 469
454 227 501 841
299 475 156 843
63 497 25 828
368 254 2 11
246 485 183 267
10 207 490 1000
347 2 65 119
56 205 334 490
173 84 786 790
104 113 42 122
462 287 158 663
36 171 234 488
109 131 188 194
290 253 810 879
316 59 29 181
412 28 541 639
275 403 321 741
420 99 251 563
161 315 383 629
427 200 29 119
260 490 167 308
10 38 515 587
97 1 201 395
262 114 375 664
106 224 669 852
185 99 122 190
427 405 611 904
380 298 26 383
493 217 842 944
310 295 223 617
24 345 594 790
49 42 220 515
286 481 64 531
232 427 262 327
25 36 11 129
488 54 372 384
298 1 178 215
69 235 32 32
277 91 208 275
218 250 94 180
436 74 595 876
26 276 68 81
179 433 92 184
200 29 279 704
39 241 563 920
94 492 36 251
112 84 10 21
452 93 64 961
369 458 245 682
39 184 74 310
482 136 85 472
447 161 529 599
480 47 117 374
492 98 198 875
356 141 682 726
131 5 107 955
250 81 301 351
348 347 872 938
228 72 266 479
301 119 130 642
427 110 117 737
67 328 311 810
197 82 387 396
301 1 225 448
470 184 484 818
225 352 365 718
13 273 257 941
31 260 642 980
184 488 92 179
328 433 142 228
452 362 166 716
180 422 443 748
110 298 208 603
244 222 113 878
27 451 76 252
461 451 254 339
287 407 57 495
6 235 44 315
49 209 182 545
426 326 145 683
218 75 176 220
309 272 187 485
367 330 763 993
13 340 201 324
26 304 17 35
298 322 66 818
243 293 494 503
252 178 12 52
384 46 875 891
332 237 9 404
439 356 184 930
406 413 389 402
102 47 53 76
52 191 58 245
257 307 99 350
310 149 560 751
104 320 48 184
295 335 272 431
54 239 204 874
228 169 523 534
17 484 12 103
496 64 12 24
454 95 644 706
258 197 253 980
236 321 548 785
443 18 522 765
192 106 634 676
184 29 314 796
213 340 11 40
276 341 66 264
431 401 233 696
351 378 696 867
69 210 424 675
394 15 70 176
47 484 188 937
237 301 590 904
345 280 4 86
61 142 106 193
476 255 91 275
48 331 444 739
394 330 541 860
157 469 518 578
467 322 179 199
104 401 263 415
141 495 88 137
251 274 805 918
237 26 618 765
170 276 290 510
348 222 351 454
195 441 44 97
183 288 93 318
50 335 86 120
279 74 307 783
498 68 73 545
133 249 173 227
413 7 156 224
286 32 116 260
491 378 17 309
321 240 358 388
338 493 200 297
426 50 145 680
63 23 17 35
43 495 1 328
196 335 651 746
426 493 658 943
345 265 59 803
132 363 167 241
275 222 229 233
148 123 27 190
387 450 83 883
156 237 223 238
202 259 522 758
155 73 221 261
90 89 29 33
60 288 668 734
341 287 712 726
260 236 68 89
230 416 188 327
472 428 535 949
307 194 60 163
458 316 31 86
310 21 549 595
357 231 482 931
91 413 69 133
404 438 252 513
110 153 323 684
399 377 162 172
46 65 3 11
245 5 850 888
206 241 3 35
267 114 234 257
212 357 74 652
82 309 4 286
449 370 5 9
165 350 458 576
270 243 90 308
2 288 21 151
295 235 335 972
493 12 162 165
405 128 459 727
216 50 229 891
349 366 715 859
323 305 170 184
204 387 86 237
168 149 6 18
318 47 618 932
132 262 703 888
128 414 179 596
418 323 26 109
134 223 134 173
7 201 76 577
247 86 55 251
413 249 140 300
382 483 84 171
41 156 148 189
101 39 208 463
84 421 88 510
35 483 246 512
307 362 151 998
44 352 19 129
50 14 303 756
188 68 156 794
239 187 324 585
497 328 99 463
149 372 357 894
177 218 314 829
142 59 8 50
119 34 424 963
268 139 4 7
464 143 204 573
300 53 393 573
244 163 750 835
451 278 216 385
406 94 55 91
307 149 408 582
151 460 23 24
49 124 10 362
188 492 529 986
0 317 5 869
443 203 31 152
453 310 592 799
388 234 763 811
49 404 59 929
388 270 87 224
144 403 386 499
49 54 825 828
453 455 294 668
135 242 441 594
296 89 244 652
439 470 78 238
419 460 4 25
89 264 234 736
373 168 106 327
218 372 140 377
372 340 567 613
267 19 596 657
156 444 92 203
60 367 219 826
468 246 276 380
422 380 117 632
122 95 505 967
485 324 171 565
221 185 1 359
93 406 430 619
150 475 116 502
280 392 80 452
368 176 220 733
308 401 781 925
363 326 218 479
22 293 36 88
40 421 71 570
21 383 60 245
188 223 14 39
85 453 695 788
467 425 272 273
283 382 45 777
368 283 63 488
208 0 302 318
480 40 138 314
348 409 35 42
72 304 509 534
420 159 607 824
471 186 50 83
219 426 89 108
271 178 18 529
238 477 558 660
218 50 437 695
319 447 88 313
414 415 9 37
101 159 342 414
438 425 9 226
412 450 1 1
135 422 258 686
49 327 864 953
298 368 236 391
426 222 274 300
494 210 91 554
281 142 569 852
123 412 458 795
428 330 120 685
321 61 20 432
497 271 331 691
246 198 181 216
22 7 30 284
20 299 145 778
76 212 917 930
318 496 111 190
427 466 14 296
29 299 6 6
197 339 22 431
250 247 156 210
417 276 641 642
475 316 242 710
423 227 114 118
313 498 26 82
156 174 767 907
165 265 121 389
388 1 272 533
134 3 345 964
423 327 721 759
218 354 37 325
304 398 12 85
311 428 361 536
283 87 92 336
419 199 15 21
374 484 85 771
476 206 345 385
498 149 411 571
281 413 43 756
65 10 88 941
261 238 62 612
329 251 169 315
315 456 87 110
107 183 14 73
216 148 106 320
88 257 532 661
478 482 516 695
250 405 83 207
416 284 63 82
57 481 256 305
320 421 183 548
297 30 74 755
368 453 98 530
98 466 76 287
321 341 200 624
104 75 39 265
150 318 28 653
380 189 689 842
188 194 486 639
125 57 369 566
100 161 24 307
439 135 230 877
18 252 755 989
177 132 641 778
33 408 140 574
121 395 5 141
91 283 273 315
496 460 87 367
301 33 111 292
95 334 264 446
373 346 34 611
349 227 127 213
55 433 192 250
226 400 5 112
316 440 184 307
176 410 373 497
42 304 10 490
279 49 421 996
270 175 251 982
18 59 150 436
448 51 414 972
451 224 126 214
335 225 491 541
60 117 319 453
331 374 791 968
410 64 734 837
110 164 150 214
141 24 289 439
65 362 59 168
471 310 159 529
380 441 134 794
402 196 30 35
444 267 148 191
317 484 72 978
74 31 464 961
431 273 506 557
487 405 466 646
338 244 49 272
324 180 356 953
373 269 521 670
276 178 79 667
410 498 2 11
373 80 255 853
69 453 556 779
152 50 492 685
321 258 658 741
116 351 15 156
460 386 386 719
118 342 10 96
392 404 514 707
288 243 2 2
478 266 196 776
117 388 258 492
250 165 169 204
300 313 542 729
439 382 126 315
83 62 792 884
462 225 48 180
197 245 405 939
481 115 318 971
335 297 203 304
206 3 863 863
234 1 762 843
426 69 97 425
482 297 339 364
483 278 271 282
83 307 574 994
382 85 198 256
290 493 881 921
114 186 91 428
27 278 286 936
313 281 664 839
394 445 112 155
65 448 28 574
33 476 291 674
471 255 353 406
159 99 4 4
158 228 302 325
426 178 700 839
309 244 55 62
365 123 90 105
163 137 132 702
109 292 273 514
294 461 207 498
330 16 236 373
268 194 270 604
414 125 301 852
268 450 130 277
253 96 696 845
404 338 235 417
182 331 455 501
49 5 122 730
39 218 198 258
405 488 242 922
89 313 272 702
485 308 110 619
69 359 237 273
113 150 588 696
288 412 37 257
37 6 352 817
124 489 10 11
342 289 25 166
99 475 270 558
224 194 330 712
320 277 222 492
245 119 795 878
378 182 823 976
174 177 78 464
16 64 399 768
227 476 337 495
327 441 615 665
401 195 202 225
363 195 44 109
349 307 287 979
455 185 455 815
248 60 95 285
432 151 443 586
327 288 247 380
295 126 34 176
34 378 128 419
53 476 156 297
15 206 13 16
30 79 25 387
379 468 51 921
442 437 43 829
52 53 198 574
383 339 71 318
335 152 52 231
70 36 419 956
276 199 397 565
56 173 96 217
382 337 18 249
103 236 97 960
90 379 92 239
307 184 51 106
183 488 109 184
244 111 553 766
484 162 84 709
71 130 61 438
142 422 334 794
160 227 389 518
328 438 204 414
61 201 100 117
52 133 21 884
405 233 24 275
205 479 86 616
149 329 953 985
10 428 106 189
462 456 339 966
91 85 510 653
21 385 63 128
484 224 562 772
332 203 498 952
418 282 418 563
417 181 354 689
217 3 11 26
186 108 325 990
157 494 27 318
254 255 22 23
175 277 177 809
242 175 261 974
477 12 738 738
434 446 2 2
365 276 56 63
192 450 64 584
63 202 6 336
248 223 230 882
325 358 680 874
404 437 280 988
75 73 371 716
490 42 797 877
137 130 246 319
472 328 99 111
200 485 148 866
192 193 185 303
84 459 141 419
458 424 209 646
322 262 0 605
26 217 27 421
85 234 142 386
465 48 86 122
407 378 94 534
271 24 207 233
54 90 643 755
305 58 338 675
445 439 57 71
301 7 372 990
47 29 543 781
253 153 210 228
386 263 7 30
487 288 146 478
173 374 187 353
31 119 422 547
70 470 225 660
196 418 207 798
75 298 6 13
149 152 711 715
76 495 170 295
424 89 588 987
54 114 354 847
260 54 164 560
112 351 100 598
46 451 83 192
96 250 40 226
27 26 136 154
394 262 359 378
103 110 42 112
276 147 87 511
45 299 353 639
372 136 91 122
337 224 97 344
468 120 41 70
334 78 13 526
166 20 237 650
85 60 285 616
105 138 496 814
437 74 13 235
108 281 187 618
221 242 250 303
70 197 73 88
231 28 48 305
448 244 68 71
323 183 693 959
83 437 404 727
278 390 83 101
53 358 32 787
337 154 118 352
107 397 688 912
18 149 457 495
36 478 455 873
413 111 1 220
68 67 265 367
344 10 339 367
166 210 82 97
209 223 91 331
454 32 6 660
111 197 199 467
418 180 596 880
350 6 125 269
380 17 297 355
30 10 314 320
217 77 480 552
124 167 62 188
489 250 88 173
191 388 342 940
148 241 149 377
196 129 456 587
495 91 30 55
498 210 44 140
226 483 87 96
322 45 329 812
137 295 84 103
361 292 300 516
233 212 155 155
110 296 123 279
411 290 445 883
348 311 110 632
260 242 504 964
78 408 361 600
142 175 6 9
153 109 177 416
430 251 6 22
144 490 43 314
214 389 458 482
264 250 185 576
101 311 5 238
283 83 73 558
427 102 55 395
49 46 128 507
129 81 89 196
374 337 149 156
206 250 376 755
333 51 23 330
409 461 154 644
68 117 260 566
350 193 717 900
312 237 248 881
402 387 178 443
494 88 30 204
464 199 171 632
278 216 459 637
173 189 90 693
108 206 447 908
114 257 665 783
375 10 469 625
216 454 493 601
312 333 92 212
170 327 643 652
168 77 307 815
421 155 797 923
315 196 380 917
198 276 510 561
289 184 229 260
321 111 89 334
273 221 789 998
159 447 514 526
383 449 725 816
8 52 181 597
387 160 427 507
221 150 99 348
309 34 261 538
392 62 0 6
51 132 115 877
279 124 480 562
49 429 18 24
78 266 348 818
320 470 111 135
362 167 13 30
88 84 239 462
115 64 28 961
69 1 69 93
336 196 52 65
468 187 728 880
263 427 212 822
417 313 725 820
198 272 232 468
125 465 286 427
111 48 292 401
367 211 95 582
188 496 16 729
176 266 506 785
111 60 164 655
77 116 394 563
99 187 379 412
144 221 250 320
349 283 114 286
160 390 68 296
375 117 329 683
152 49 155 763
286 385 10 598
180 33 60 223
199 214 192 194
400 136 170 766
488 464 774 979
103 302 14 15
67 476 30 249
473 275 408 793
186 54 231 719
305 286 15 246
379 133 373 555
24 463 488 586
494 198 452 722
365 14 24 464
46 219 13 405
202 323 116 308
266 84 59 238
132 433 52 92
181 495 525 646
493 202 227 670
293 309 292 688
397 52 1 3
5 493 137 438
190 307 24 122
81 111 307 527
426 436 930 980
119 373 27 499
67 32 5 375
248 66 598 814
448 372 278 969
458 68 111 287
114 480 738 803
347 178 488 997
294 283 44 111
490 71 209 531
58 413 135 814
288 29 147 376
361 77 52 446
277 390 381 751
63 398 53 98
185 250 195 360
2 362 476 564
423 234 148 238
277 412 727 840
164 18 131 766
441 101 309 966
488 211 104 523
268 380 61 106
58 402 789 937
105 290 105 835
154 367 355 544
109 378 496 837
469 403 877 882
267 319 0 776
322 192 520 571
189 382 268 615
471 192 819 845
368 437 155 622
339 279 206 206
219 240 102 692
361 383 426 532
243 389 39 263
252 37 0 0
66 95 111 235
461 108 579 674
16 60 578 879
48 219 405 831
218 401 73 108
176 212 11 71
377 74 581 762
224 116 18 285
289 297 46 272
42 205 2 2
201 93 12 98
6 96 84 135
241 477 130 159
54 437 441 445
320 209 273 814
182 303 409 813
477 315 479 910
401 30 259 444
319 457 132 709
162 21 410 488
330 448 45 49
108 121 26 80
1 74 111 246
38 297 168 982
7 274 330 692
411 257 194 268
213 9 37 706
191 171 383 662
297 194 1 43
171 263 112 361
396 471 17 774
304 59 17 78
392 274 737 885
224 105 736 931
170 147 224 853
141 478 40 117
283 330 362 565
237 170 440 708
385 9 160 888
269 207 4 95
422 102 349 816
149 51 106 278
240 63 142 592
142 473 530 720
156 288 653 777
316 364 163 294
448 267 59 607
256 169 10 287
207 128 47 999
363 96 115 815
277 60 150 414
297 300 659 880
37 158 313 733
133 313 864 929
44 374 82 171
337 229 146 295
440 169 65 93
497 447 197 318
423 8 258 381
191 337 345 633
297 450 392 471
334 219 40 718
388 286 267 269
139 197 115 173
55 253 143 379
169 328 92 438
255 47 364 422
304 172 652 914
173 153 201 269
203 398 235 352
117 25 136 215
327 394 216 372
214 472 315 390
130 342 135 576
214 415 274 278
70 247 21 259
270 205 530 719
232 415 186 911
259 94 88 122
260 352 90 182
92 396 14 133
361 335 20 684
103 479 99 214
245 382 5 605
196 367 115 201
365 2 485 818
378 305 30 316
367 224 527 670
273 393 130 148
153 12 245 306
443 375 135 297
380 134 409 635
315 334 265 681
222 53 786 846
316 357 48 183
346 230 204 761
253 122 33 712
2 179 227 558
282 58 555 650
230 429 23 90
169 402 42 147
150 51 73 415
471 169 391 712
444 179 49 167
11 434 119 389
7 489 298 498
162 468 39 935
153 274 4 55
33 30 771 829
136 54 498 985
329 181 252 267
288 81 91 890
396 9 18 290
344 253 50 799
386 69 63 460
270 491 51 598
232 185 142 236
237 134 661 688
496 135 136 148
473 175 161 560
211 105 466 494
376 0 540 838
495 11 114 481
455 394 424 785
385 59 152 400
474 69 254 308
473 168 524 788
495 325 314 418
243 34 41 497
476 356 276 577
357 376 48 820
99 75 137 581
42 366 260 406
458 406 43 160
32 490 104 702
451 156 546 884
264 167 10 108
268 480 278 466
230 92 225 935
484 93 93 564
330 296 462 545
347 127 5 63
141 357 486 535
428 49 446 655
38 94 68 146
107 315 846 957
247 376 126 196
149 225 469 674
167 433 84 274
243 26 17 108
210 111 27 261
8 187 302 334
236 420 322 465
367 258 88 234
358 398 567 728
92 171 626 807
361 424 320 791
60 198 705 716
46 143 234 269
371 190 116 210
326 107 30 109
399 453 67 397
482 195 15 87
363 128 425 656
476 80 831 950
32 11 91 756
431 279 3 117
177 60 14 20
470 232 291 335
315 386 939 993
315 343 144 313
187 473 100 738
259 125 697 717
106 334 523 573
451 341 209 368
33 177 57 208
284 141 267 980
234 196 6 65
123 374 36 236
51 471 34 309
71 423 649 910
170 450 505 714
329 390 216 265
209 367 22 164
367 0 311 881
41 209 444 794
122 0 35 38
465 350 401 880
333 87 472 588
333 47 25 457
398 12 623 674
24 194 32 39
495 15 145 330
265 90 52 88
82 311 204 684
473 401 53 398
278 138 6 479
270 475 219 290
83 429 382 789
242 44 25 46
17 249 151 281
281 168 433 591
179 358 406 790
404 326 19 602
440 147 319 731
18 98 6 23
254 175 248 255
301 354 16 42
106 316 47 500
182 48 219 990
287 201 0 13
360 439 375 441
280 58 0 4
73 399 2 613
183 94 115 183
154 336 621 713
343 62 88 159
415 322 764 829
399 196 144 206
100 191 13 352
386 62 144 230
348 253 418 808
64 356 268 490
467 272 709 874
282 6 91 130
81 329 470 499
247 201 378 777
201 237 536 982
340 57 21 674
448 392 105 183
447 406 676 760
179 343 0 74
16 131 47 763
254 251 412 828
6 128 320 559
451 333 155 493
2 82 826 937
351 459 0 0
35 174 8 9
150 395 146 252
481 124 0 506
325 9 1 540
400 263 214 371
278 477 217 293
251 89 94 202
3 6 501 801
2 482 150 316
468 484 65 492
357 329 188 812
445 215 599 612
208 390 409 409
181 458 142 177
265 417 13 398
333 344 476 485
275 450 402 991
488 464 113 284
265 308 7 165
152 377 61 220
370 162 107 211
126 450 19 76
137 235 77 365
240 428 255 285
80 183 70 888
184 168 77 781
74 312 78 109
430 195 685 851
288 234 1 109
158 164 331 720
407 180 465 573
243 131 9 86
434 228 87 906
6 346 536 875
397 473 128 844
136 64 276 369
183 486 5 223
310 89 876 998
168 282 345 818
121 324 0 42
378 129 254 373
361 242 484 812
82 292 266 528
11 146 230 247
227 474 463 793
107 307 110 262
234 188 0 0
20 433 172 231
325 79 246 994
128 364 63 656
340 91 218 220
189 93 611 686
32 339 521 687
473 284 522 641
407 447 44 70
118 385 187 243
82 211 417 871
376 265 320 735
220 483 7 167
497 357 29 298
19 333 108 563
213 121 25 827
294 186 13 200
253 279 74 101
304 383 289 382
403 459 709 913
128 152 174 260
136 427 16 108
184 329 39 55
356 313 4 352
288 342 4 37
94 5 148 583
431 429 21 673
25 486 105 460
234 227 214 741
409 250 198 501
364 249 16 703
153 236 87 230
427 352 625 745
402 29 268 502
494 317 531 706
185 58 232 447
271 415 60 506
26 157 37 41
203 171 134 489
243 302 38 142
60 135 118 142
267 123 199 433
118 407 536 576
362 233 158 343
465 155 97 160
226 161 507 742
233 64 728 964
160 495 576 734
11 57 4 77
222 394 370 841
454 77 30 67
8 153 376 436
143 66 510 929
466 152 149 263
233 61 2 128
168 363 137 763
285 158 238 929
154 207 91 326
397 352 174 232
303 438 6 182
420 223 367 964
248 206 317 577
318 494 539 860
216 439 144 308
216 367 26 56
76 238 310 454
445 403 107 207
392 115 153 519
290 354 77 538
274 18 264 294
125 484 163 307
244 29 9 24
444 174 65 420
413 302 220 324
292 260 81 620
433 105 369 860
433 0 337 493
108 268 70 82
381 326 233 934
477 354 787 809
108 265 359 365
295 360 7 331
422 419 59 938
290 224 236 375
111 349 153 636
224 147 352 986
133 128 26 36
459 124 14 314
229 40 53 231
10 102 872 923
275 160 437 551
22 415 4 53
104 25 91 756
456 204 178 684
7 203 466 662
34 255 722 956
398 55 424 875
250 463 718 754
383 337 111 222
406 448 88 138
357 386 143 221
190 213 131 205
467 52 525 568
299 213 338 663
90 478 156 527
104 479 18 56
316 163 141 363
211 297 168 968
210 120 312 696
382 324 59 370
260 473 491 672
99 192 211 265
181 434 47 77
285 494 350 528
203 69 208 290
125 463 58 482
386 312 134 902
472 410 176 652
443 290 1 724
40 234 34 102
109 200 236 480
86 433 349 404
172 139 299 647
357 158 7 288
299 480 134 383
88 225 928 981
266 471 64 114
245 259 38 200
458 221 15 239
203 49 687 697
103 274 84 714
259 425 490 785
129 147 98 381
82 265 520 853
488 54 120 698
61 482 661 713
265 87 231 822
166 384 124 629
302 281 100 422
2 70 14 30
135 415 150 596
364 35 241 564
215 163 371 601
271 202 13 323
292 190 133 555
440 46 27 171
360 395 459 650
361 15 57 71
199 239 633 875
295 338 130 216
274 172 191 294
49 53 86 885
173 187 709 884
434 276 630 837
299 364 230 327
441 166 313 903
214 81 466 772
416 152 358 658
298 68 194 900
309 478 731 783
392 9 39 425
124 364 154 324
420 207 300 394
304 233 48 61
111 31 271 363
252 146 141 353
211 469 18 866
414 379 464 889
349 214 42 964
313 412 113 328
201 471 60 694
388 485 95 633
39 52 170 242
53 46 518 870
92 373 149 214
278 193 471 748
457 250 108 144
135 129 60 106
22 429 339 721
378 497 390 526
31 39 256 443
386 100 605 778
88 223 269 359
296 15 258 854
94 314 494 963
301 494 171 980
93 4 193 277
183 45 219 415
335 105 327 725
312 184 472 895
382 150 70 712
273 248 393 758
108 457 65 884
390 350 301 367
480 438 220 543
122 6 67 535
17 137 394 648
488 314 429 896
97 365 460 601
496 272 807 970
38 292 548 732
432 292 188 415
357 224 452 581
42 386 834 923
428 32 184 619
31 160 137 710
453 85 61 661
7 132 102 336
205 229 56 203
465 109 118 408
258 108 125 150
107 395 285 827
194 253 268 711
178 78 218 401
7 102 15 171
197 360 511 876
450 55 329 639
366 390 215 997
468 163 4 101
320 355 114 245
454 369 16 83
417 92 66 745
339 153 76 159
392 194 454 882
397 314 201 491
248 485 515 526
453 338 23 42
418 213 527 614
309 81 194 227
83 319 169 213
241 108 141 896
307 160 120 888
354 477 0 5
19 467 384 833
212 151 257 903
261 375 268 512
113 368 20 656
158 364 68 768
48 126 62 686
371 317 336 459
208 181 398 574
273 424 381 574
343 294 65 842
39 184 171 240
101 403 669 757
9 391 192 813
128 462 522 797
309 252 285 808
32 420 399 830
142 47 227 417
209 269 503 618
204 470 196 756
152 76 624 770
101 276 517 959
261 346 116 976
101 351 480 565
473 50 302 466
409 224 28 836
113 395 102 220
386 301 238 767
450 142 112 192
394 480 429 592
62 489 235 607
424 354 151 442
490 142 312 865
286 158 126 544
130 20 157 493
245 300 351 418
280 360 46 62
49 177 256 362
36 180 46 92
80 196 167 566
479 356 493 641
64 366 682 768
398 107 625 633
203 237 104 187
232 204 390 750
332 480 394 549
352 166 51 102
482 275 11 24
457 306 57 299
35 370 355 690
484 491 94 933
301 448 381 967
211 258 380 765
209 152 130 293
486 46 406 622
336 419 43 231
79 118 86 751
60 356 141 166
291 55 336 757
52 92 1 869
337 275 239 520
453 131 57 65
7 265 63 449
322 43 564 838
468 337 134 179
440 126 23 38
360 315 650 733
83 254 388 563
14 464 30 42
337 325 475 985
480 460 299 569
263 296 99 585
148 198 635 790
358 291 645 903
415 22 49 60
123 475 49 348
293 112 50 200
461 260 351 465
212 396 32 91
94 318 64 68
129 325 28 301
76 328 748 905
7 203 821 976
424 403 377 764
490 340 0 0
103 361 205 735
346 493 16 22
213 139 150 168
170 424 3 10
289 331 143 149
229 344 395 688
93 443 18 702
436 468 159 371
101 434 116 731
263 105 320 848
291 241 54 130
116 233 33 87
108 133 331 372
133 346 84 404
474 77 110 276
257 278 337 754
238 227 238 322
91 50 494 800
448 312 746 912
293 55 471 513
447 289 76 429
172 269 22 91
252 281 252 273
80 242 181 887
356 350 172 246
211 198 101 621
396 337 6 495
484 107 34 94
312 376 827 900
315 481 10 67
196 387 387 681
232 282 942 972
483 290 360 710
160 405 325 326
51 314 20 73
163 44 169 580
428 16 469 734
297 291 121 359
138 162 207 654
117 450 291 567
168 276 29 34
474 461 618 921
455 119 215 380
364 39 350 379
441 97 618 847
385 391 352 484
180 369 333 451
224 112 371 640
390 312 107 211
220 394 356 528
387 305 240 669
359 125 308 539
60 290 405 709
19 23 45 599
383 165 50 842
22 126 270 880
448 373 52 97
177 424 108 258
463 6 0 54
91 85 103 229
363 89 365 721
195 149 46 78
228 286 95 155
320 338 556 771
9 423 356 444
491 176 75 290
247 461 516 644
258 139 474 887
299 399 29 37
105 129 144 693
35 182 154 669
168 253 651 868
197 215 10 196
472 350 193 713
395 218 72 104
373 395 54 56
378 438 647 681
124 382 20 22
191 9 2 44
257 175 28 36
494 143 32 465
131 478 703 758
230 49 523 993
135 126 40 226
453 117 435 793
55 370 73 796
33 200 622 873
435 322 8 314
1 319 119 133
111 99 765 797
238 243 514 568
44 249 399 415
138 478 40 58
230 350 6 6
39 213 75 316
486 416 112 271
196 4 197 476
165 254 31 924
12 88 4 417
331 127 22 288
389 250 247 846
490 290 248 307
108 491 262 916
28 125 807 864
199 18 24 639
5 43 571 748
375 48 28 157
469 249 485 603
69 124 69 327
415 126 35 489
132 179 24 225
121 357 224 902
233 374 234 411
8 144 229 477
63 498 341 722
306 193 73 122
407 488 429 503
189 82 728 813
306 199 351 678
467 381 211 321
17 487 647 711
53 190 831 935
181 129 698 895
197 382 677 742
222 12 80 266
487 168 174 372
187 417 362 558
452 29 73 381
121 25 168 456
32 175 261 794
446 110 39 104
392 62 79 973
425 208 121 705
399 189 720 865
376 327 675 782
194 296 45 432
448 252 263 943
481 178 12 253
163 66 13 46
401 193 93 96
466 410 64 200
14 70 430 539
387 408 130 223
253 108 495 836
485 24 3 9
237 94 729 746
281 404 306 969
75 497 147 267
144 462 602 624
74 158 446 715
238 165 258 327
228 162 181 433
176 490 550 735
456 308 19 131
20 195 121 143
203 270 269 375
425 327 226 228
333 282 92 307
142 198 41 150
29 356 38 96
391 33 495 916
3 266 144 346
475 402 58 566
118 244 6 547
372 329 406 450
137 297 183 748
264 118 253 331
333 92 492 893
323 456 36 68
227 282 568 575
456 37 187 339
428 299 185 364
87 276 56 305
122 97 467 604
452 107 170 234
453 426 135 294
334 61 85 285
437 43 1 6
332 45 8 371
353 100 18 48
149 326 579 875
436 176 438 722
105 489 19 595
130 496 22 744
318 338 577 901
62 303 307 694
106 112 406 591
384 388 45 124
492 137 111 404
385 166 95 579
369 324 71 603
149 409 351 961
429 260 40 205
337 9 335 663
132 474 167 256
456 60 341 418
346 76 732 972
9 3 174 331
273 191 268 362
95 401 199 440
176 380 14 40
231 207 343 398
417 281 452 619
216 411 253 578
422 54 813 874
276 372 9 641
17 122 273 557
23 446 559 641
348 323 23 47
252 39 215 997
290 98 72 151
27 25 178 418
414 430 151 295
279 419 51 577
222 411 137 560
413 209 211 352
462 82 555 974
288 289 382 752
362 242 11 890
414 70 332 455
483 332 219 600
95 316 126 413
156 468 11 304
356 288 72 525
23 66 62 191
184 64 203 214
191 289 397 511
296 44 13 13
429 243 258 445
346 261 603 997
144 236 489 823
103 1 77 83
254 293 109 656
421 483 220 225
296 303 58 118
57 429 6 349
29 254 528 677
380 220 538 551
269 291 36 44
339 124 417 857
172 246 466 478
398 455 262 857
300 153 15 187
284 64 62 83
100 474 390 516
470 300 428 454
211 235 9 13
372 487 24 39
365 36 44 93
122 73 38 40
346 91 59 175
327 138 336 576
307 284 224 477
462 33 498 980
146 141 29 70
234 50 323 868
182 211 441 579
387 470 345 877
160 202 11 55
212 173 36 99
416 346 55 863
407 37 66 570
487 24 47 559
159 215 10 13
146 360 109 642
432 80 683 848
164 298 170 997
416 57 146 433
269 89 199 311
355 38 154 405
429 19 81 228
389 28 78 226
386 421 398 434
470 134 356 685
363 342 450 661
21 303 221 773
93 226 180 217
216 62 388 729
245 302 716 796
275 103 100 562
120 66 0 466
28 5 58 158
399 128 5 46
343 32 22 464
432 332 414 654
386 228 149 212
122 136 112 400
274 170 112 498
275 443 497 955
47 0 529 878
114 49 814 874
276 379 46 997
461 437 292 774
169 30 98 203
394 385 538 840
134 449 33 166
278 99 738 889
391 87 324 338
246 50 167 288
291 35 430 606
230 184 3 60
431 261 808 907
10 339 130 381
241 230 282 790
176 463 272 711
11 199 130 704
472 115 530 533
315 381 339 467
1 198 69 646
413 287 332 692
273 228 92 236
474 482 49 754
292 452 299 937
348 236 297 815
410 5 589 731
16 393 232 822
251 479 1 6
146 277 58 174
494 485 154 342
206 114 278 734
456 404 10 979
333 175 354 733
387 352 82 479
439 300 522 921
143 376 169 378
495 195 496 642
17 451 1 1
53 60 98 179
448 391 203 295
201 309 195 387
356 205 338 460
393 346 544 797
291 495 132 280
73 354 12 82
299 5 276 521
456 302 660 982
268 210 209 401
324 42 172 257
112 137 92 777
468 470 431 616
43 262 4 7
392 178 525 987
218 389 293 489
224 135 234 304
98 315 484 665
233 396 74 285
175 139 132 464
199 142 167 652
117 270 94 122
13 414 233 467
33 419 365 735
254 2 78 961
386 364 0 21
69 457 201 833
118 167 52 940
491 243 70 986
448 49 280 938
191 48 43 129
136 143 348 886
380 75 108 153
391 83 123 360
342 272 297 361
433 309 190 280
405 26 176 355
415 293 180 543
348 193 46 78
76 249 36 373
404 367 78 583
232 430 107 134
453 399 231 243
331 217 259 313
484 72 12 74
215 103 381 808
134 80 96 263
174 426 234 411
429 432 311 405
120 286 227 305
183 271 56 127
196 252 18 894
17 245 241 682
376 323 172 267
159 314 0 92
337 171 59 123
382 190 201 276
265 325 15 49
96 397 44 145
59 141 289 475
383 211 806 936
20 205 23 434
262 250 450 709
423 246 179 570
277 213 550 977
135 302 58 178
141 71 27 739
470 16 161 350
207 361 505 992
72 425 176 353
413 65 943 979
16 103 733 861
488 410 266 598
171 2 10 27
437 209 27 185
44 447 6 56
17 221 132 793
279 399 35 74
120 136 488 787
483 90 18 27
217 104 116 255
244 198 13 297
363 82 198 565
445 178 92 562
106 132 261 888
367 121 563 638
283 471 141 161
278 165 21 27
103 475 496 762
94 135 123 536
137 17 468 579
216 258 281 414
191 390 38 590
144 114 394 406
53 217 22 446
310 2 142 593
132 202 294 492
360 301 51 59
59 471 322 977
40 187 145 855
474 287 260 379
327 199 375 547
474 156 589 933
298 68 393 398
88 174 175 945
391 178 22 30
179 324 312 746
348 253 429 797
497 421 82 194
61 367 89 163
318 90 337 591
3 330 339 480
315 349 277 587
122 274 13 132
190 159 135 278
2 221 67 69
339 55 81 108
183 375 195 717
325 475 13 26
412 75 79 540
283 50 271 298
70 299 350 869
106 443 441 545
188 281 501 998
81 311 154 561
114 299 207 562
352 305 216 335
142 493 90 252
63 232 59 427
225 111 213 227
396 52 50 70
161 246 347 425
264 77 49 106
473 289 582 723
365 328 169 298
23 184 357 490
221 172 152 195
456 185 128 681
174 282 654 831
476 358 10 220
89 66 6 7
446 24 57 251
74 459 312 628
214 484 117 311
337 355 19 837
451 312 772 853
237 259 277 372
450 283 175 365
471 247 12 16
297 427 405 550
131 429 98 154
31 177 67 112
388 393 28 53
161 449 53 179
344 398 27 156
266 351 2 35
284 29 943 983
454 163 344 658
273 121 14 387
104 11 59 62
90 251 47 47
219 210 753 805
413 473 422 423
345 453 34 108
61 460 84 167
119 89 530 680
15 389 394 427
31 208 70 96
395 239 357 392
425 371 2 44
34 263 112 271
390 128 64 503
292 56 187 457
446 393 191 769
125 137 12 160
185 193 301 510
373 318 79 141
481 419 36 189
143 220 123 410
351 305 77 146
30 286 514 562
81 491 250 455
445 411 905 943
43 91 602 670
411 38 62 103
405 186 478 607
20 171 374 420
491 465 499 501
457 316 514 656
468 377 54 185
358 419 35 359
10 243 428 480
307 168 448 615
295 401 69 285
337 166 451 503
162 3 116 278
340 82 436 572
269 114 41 342
184 422 249 840
37 461 272 686
203 459 484 816
467 152 111 154
443 249 30 185
478 12 402 543
296 470 50 61
483 420 467 538
129 262 38 336
98 13 214 324
28 370 189 230
361 100 2 4
267 192 328 687
134 377 254 753
245 42 173 338
357 378 135 470
33 467 128 798
489 458 568 648
143 58 0 23
71 135 231 284
289 6 904 955
295 73 283 884
11 468 162 325
115 211 602 911
126 263 385 479
344 357 122 202
218 468 224 271
386 139 74 241
353 409 26 55
199 403 296 437
113 202 861 905
111 280 169 526
232 183 282 546
267 106 212 227
28 478 44 46
299 418 123 125
288 373 156 215
391 36 758 874
44 253 517 989
125 483 9 17
467 427 440 443
48 198 204 369
301 153 349 537
61 64 604 617
269 328 94 396
362 139 176 184
461 393 311 585
154 60 26 33
346 167 72 894
53 52 80 645
59 451 32 94
120 474 472 551
136 175 46 129
272 200 24 118
162 106 65 265
348 474 694 763
397 12 697 698
64 228 432 559
426 476 230 255
485 77 161 518
11 367 901 930
399 148 72 185
445 169 50 734
483 19 701 873
424 72 191 670
104 325 173 203
351 198 73 129
438 428 488 515
447 474 2 130
8 316 100 826
23 393 484 524
263 7 62 291
352 191 216 568
98 142 9 260
329 2 560 585
368 277 187 232
93 406 167 219
399 471 117 519
12 198 302 836
147 90 576 645
225 235 26 94
84 286 3 134
297 400 81 390
7 433 8 319
368 251 291 892
93 119 448 892
223 493 2 29
392 59 38 210
415 116 297 388
147 340 97 176
171 237 267 919
299 351 15 189
45 63 101 734
285 170 211 957
453 141 314 478
48 249 530 815
286 172 223 428
234 418 683 814
161 349 454 762
283 178 364 960
244 336 46 336
32 132 203 767
292 124 659 922
243 178 168 811
209 417 808 815
86 483 71 949
469 284 224 290
447 220 87 440
367 407 86 106
436 474 381 878
85 20 314 344
308 382 100 906
145 251 19 204
133 146 77 349
240 413 200 691
283 277 254 923
276 72 587 688
38 58 99 340
109 367 8 40
463 75 187 332
256 251 284 476
417 350 516 731
211 39 420 894
470 86 1 6
108 298 14 76
59 98 255 282
275 71 440 536
152 203 372 536
482 361 424 425
314 315 539 884
453 458 685 728
11 239 38 136
65 125 6 235
224 18 441 505
226 123 261 362
427 264 80 809
359 434 400 419
194 377 90 942
246 358 28 182
477 388 205 483
226 34 434 895
420 234 7 65
54 118 121 279
237 326 70 202
491 417 56 985
488 32 406 468
202 353 502 889
36 264 268 854
461 404 2 104
174 443 321 350
70 262 327 497
434 96 861 879
26 254 231 982
109 319 251 337
78 66 656 782
370 123 739 859
414 24 251 281
96 288 82 199
23 442 590 647
392 96 314 564
248 489 38 154
136 497 690 742
353 188 164 360
288 83 118 605
145 30 0 6
268 410 491 591
492 228 631 734
215 30 80 346
486 15 546 760
276 431 250 427
137 168 130 423
351 9 266 299
32 170 296 741
353 379 746 918
295 188 241 443
199 268 144 987
386 404 468 800
222 17 9 311
213 346 118 233
136 75 345 359
325 298 65 405
158 191 428 496
160 355 8 702
452 6 625 841
344 390 58 59
200 97 32 453
155 187 59 427
465 481 115 424
312 148 88 564
308 153 688 940
202 274 323 330
366 156 933 949
353 130 110 246
300 341 463 548
315 60 260 714
318 375 232 881
11 87 96 782
265 330 939 966
249 152 28 551
498 260 812 906
388 171 621 655
442 302 20 169
219 469 16 30
451 486 344 761
27 297 354 678
482 432 63 288
471 366 99 106
346 335 321 690
45 255 646 750
247 14 524 558
405 73 329 665
313 225 393 404
222 142 111 866
180 24 224 532
423 311 515 895
493 442 637 740
123 437 16 523
1 384 40 720
132 372 83 887
252 47 148 194
246 297 229 430
403 275 814 860
123 370 25 30
127 4 16 133
105 400 116 405
406 369 50 112
445 65 223 726
191 252 367 975
96 206 107 489
366 94 123 961
77 209 75 135
74 380 48 701
31 281 405 583
397 460 743 792
162 193 287 538
494 84 887 980
383 346 201 440
368 436 255 951
301 489 849 919
151 116 197 424
175 368 213 410
379 368 15 19
8 443 390 448
48 453 151 199
276 408 128 336
28 340 228 282
309 139 341 670
369 346 32 440
132 91 510 600
495 451 451 844
295 245 362 833
257 476 87 586
159 17 2 440
17 313 394 400
270 336 43 71
323 375 262 467
393 356 395 403
238 418 142 201
409 157 490 803
66 67 282 698
10 391 887 976
35 77 243 385
127 52 48 417
487 179 30 520
370 25 344 353
44 119 126 545
79 437 564 890
446 314 248 731
183 498 146 206
335 384 439 800
299 111 224 796
16 190 136 799
416 54 139 317
405 351 298 613
427 156 386 652
287 83 105 120
365 97 225 919
295 116 43 368
316 55 589 689
172 108 86 929
350 189 291 675
453 22 108 939
176 267 247 699
114 344 73 171
288 418 258 729
231 197 151 406
165 352 203 318
50 208 687 781
271 448 599 791
465 218 30 949
456 124 139 203
168 116 165 533
481 160 104 772
440 13 10 516
7 414 10 229
337 135 598 996
489 143 773 890
337 318 254 577
217 91 102 538
7 72 120 840
298 430 851 915
308 433 280 820
495 276 317 433
88 8 626 856
313 149 13 225
165 73 250 541
452 136 226 315
474 359 24 119
266 373 101 145
219 343 622 937
360 353 125 195
172 321 619 650
109 257 128 239
283 316 97 525
53 57 9 130
209 1 118 289
386 275 172 400
477 106 355 707
191 199 443 901
374 72 398 429
79 59 585 714
352 391 102 139
29 345 99 100
108 347 51 448
457 145 600 761
486 321 46 231
388 357 199 809
9 340 201 252
2 24 23 83
404 190 451 513
17 97 0 0
161 485 238 708
192 4 152 739
31 403 812 974
129 59 547 663
277 126 46 494
335 213 25 73
132 314 332 534
36 361 35 141
407 269 530 803
462 404 409 576
149 17 50 213
369 287 461 707
154 135 58 333
25 376 581 669
153 275 711 780
294 338 82 86
396 169 99 511
354 59 34 103
320 245 472 650
407 47 309 315
78 453 479 644
101 99 15 48
468 358 514 867
488 431 397 478
23 33 19 794
376 408 65 226
476 494 209 335
335 30 686 764
368 36 754 854
253 96 435 437
412 368 576 931
2 340 178 580
312 496 20 49
136 407 399 453
165 70 127 160
322 346 211 733
449 290 314 347
430 287 146 201
15 266 99 843
197 67 508 818
409 332 27 343
121 382 3 404
146 220 51 60
453 488 61 179
204 118 157 736
365 12 71 566
423 81 604 824
23 368 279 501
259 243 652 768
425 50 250 510
403 39 359 568
1 105 132 184
390 199 344 544
185 411 95 201
165 415 305 556
248 445 80 141
428 229 27 186
441 54 419 765
2 223 37 70
434 435 159 369
230 152 140 878
54 391 78 104
80 357 200 359
175 333 71 114
168 137 860 877
230 396 60 126
245 496 232 254
396 318 27 422
375 464 164 665
233 225 165 345
184 79 94 213
333 483 211 373
372 94 546 571
253 284 127 991
321 487 189 327
189 386 320 362
252 249 128 706
290 244 95 299
419 244 90 350
429 141 278 995
415 88 414 604
142 5 707 829
305 382 1 31
402 36 107 145
459 407 183 728
378 492 42 540
216 448 813 996
319 227 407 496
406 170 210 384
360 226 161 194
248 399 195 590
200 389 588 767
441 146 354 925
402 427 98 137
385 412 1 8
80 450 448 478
215 38 68 183
494 411 456 610
146 40 502 620
137 130 312 410
167 463 616 677
127 324 26 199
458 30 261 809
61 431 2 50
258 28 34 172
136 199 330 981
309 446 327 901
468 266 141 940
218 294 61 909
291 390 299 441
254 245 777 939
129 298 145 237
286 411 22 49
464 134 542 557
248 174 29 313
393 473 280 532
117 179 329 472
2 295 158 483
430 270 441 570
117 131 412 924
64 334 202 236
298 464 138 876
66 176 424 734
363 471 51 79
24 33 310 836
312 300 288 398
95 142 102 336
447 403 0 0
266 220 146 246
129 382 44 688
55 417 188 852
233 93 27 241
9 373 82 371
239 497 95 150
100 301 381 804
321 132 55 717
134 60 578 701
435 16 590 679
187 134 644 892
321 146 489 883
26 220 492 625
228 263 191 289
121 480 402 403
428 349 10 28
23 103 98 917
453 318 660 688
31 489 518 909
230 18 61 302
385 270 4 945
20 483 685 864
306 484 446 886
233 188 0 0
309 171 35 377
492 11 99 122
246 138 809 933
159 491 149 514
101 451 312 489
307 352 355 487
343 186 143 570
13 396 465 545
347 65 63 918
380 200 454 885
265 30 292 784
409 247 249 323
286 457 378 785
78 73 88 145
134 483 131 861
95 410 50 773
110 348 729 776
153 471 293 529
24 190 43 450
246 175 9 226
435 489 493 809
146 200 724 966
450 343 220 544
483 248 62 903
2 168 232 282
243 280 257 518
173 167 55 328
359 233 214 992
396 74 72 250
