400 3200
0 1 416 417
1 2 673 721
2 3 0 0
3 4 302 302
4 5 34 146
5 6 36 92
6 7 72 186
7 8 231 345
8 9 372 397
9 10 457 539
10 11 131 419
11 12 359 685
12 13 90 204
13 14 201 878
14 15 14 27
15 16 614 671
16 17 191 417
17 18 241 559
18 19 132 140
19 20 154 198
20 21 574 801
21 22 778 969
22 23 29 313
23 24 359 693
24 25 759 877
25 26 742 895
26 27 71 85
27 28 10 39
28 29 10 170
29 30 590 879
30 31 58 98
31 32 283 421
32 33 394 958
33 34 105 533
34 35 200 692
35 36 44 315
36 37 538 687
37 38 344 835
38 39 0 18
39 40 468 750
40 41 654 989
41 42 223 748
42 43 125 280
43 44 175 790
44 45 7 103
45 46 210 448
46 47 87 909
47 48 265 293
48 49 34 288
49 50 68 130
50 51 1 19
51 52 623 679
52 53 193 211
53 54 79 265
54 55 288 492
55 56 30 53
56 57 353 574
57 58 140 146
58 59 153 589
59 60 161 700
60 61 54 102
61 62 394 414
62 63 343 695
63 64 224 414
64 65 39 50
65 66 24 536
66 67 93 664
67 68 408 515
68 69 28 945
69 70 519 587
70 71 489 904
71 72 61 137
72 73 124 139
73 74 305 808
74 75 214 398
75 76 108 165
76 77 335 928
77 78 199 348
78 79 479 751
79 80 91 726
80 81 610 884
81 82 404 624
82 83 266 751
83 84 267 349
84 85 96 270
85 86 675 896
86 87 378 428
87 88 11 965
88 89 331 664
89 90 45 622
90 91 90 114
91 92 60 950
92 93 160 450
93 94 545 578
94 95 155 408
95 96 181 237
96 97 698 904
97 98 173 574
98 99 2 2
99 100 94 617
100 101 189 326
101 102 4 527
102 103 628 886
103 104 168 357
104 105 695 909
105 106 291 623
106 107 4 15
107 108 774 930
108 109 381 691
109 110 70 998
110 111 81 172
111 112 102 137
112 113 179 933
113 114 324 697
114 115 15 66
115 116 384 756
116 117 157 754
117 118 45 923
118 119 369 712
119 120 21 124
120 121 7 19
121 122 2 26
122 123 14 28
123 124 25 246
124 125 248 860
125 126 125 539
126 127 536 553
127 128 234 842
128 129 29 124
129 130 25 279
130 131 334 586
131 132 405 970
132 133 206 561
133 134 15 18
134 135 232 801
135 136 167 233
136 137 495 807
137 138 166 388
138 139 650 864
139 140 320 747
140 141 238 556
141 142 49 136
142 143 9 59
143 144 114 121
144 145 41 44
145 146 84 107
146 147 139 225
147 148 25 713
148 149 367 560
149 150 1 12
150 151 21 72
151 152 349 968
152 153 156 568
153 154 15 203
154 155 38 252
155 156 120 744
156 157 183 195
157 158 215 581
158 159 48 970
159 160 628 847
160 161 71 240
161 162 101 494
162 163 609 620
163 164 741 829
164 165 119 156
165 166 12 18
166 167 2 70
167 168 396 486
168 169 462 606
169 170 259 569
170 171 169 317
171 172 108 989
172 173 84 580
173 174 193 380
174 175 119 551
175 176 684 746
176 177 309 669
177 178 35 265
178 179 51 66
179 180 78 370
180 181 46 630
181 182 20 210
182 183 122 753
183 184 23 66
184 185 24 260
185 186 115 805
186 187 180 193
187 188 369 640
188 189 441 525
189 190 577 925
190 191 85 263
191 192 48 66
192 193 384 735
193 194 569 772
194 195 150 908
195 196 641 932
196 197 5 13
197 198 171 234
198 199 467 617
199 200 377 949
200 201 880 951
201 202 113 557
202 203 7 916
203 204 595 642
204 205 115 390
205 206 81 486
206 207 14 604
207 208 249 550
208 209 750 927
209 210 338 919
210 211 241 395
211 212 33 964
212 213 62 174
213 214 9 126
214 215 94 135
215 216 6 506
216 217 10 21
217 218 912 948
218 219 276 827
219 220 7 15
220 221 18 176
221 222 167 332
222 223 116 131
223 224 433 810
224 225 97 345
225 226 334 941
226 227 522 582
227 228 212 879
228 229 20 845
229 230 875 906
230 231 198 460
231 232 189 546
232 233 461 799
233 234 36 286
234 235 466 490
235 236 188 599
236 237 15 15
237 238 129 594
238 239 108 434
239 240 698 808
240 241 74 315
241 242 728 893
242 243 314 578
243 244 35 184
244 245 464 788
245 246 29 612
246 247 0 53
247 248 20 420
248 249 271 679
249 250 530 919
250 251 0 0
251 252 768 977
252 253 96 376
253 254 80 974
254 255 95 605
255 256 173 829
256 257 240 575
257 258 218 628
258 259 200 285
259 260 410 587
260 261 56 750
261 262 31 859
262 263 596 755
263 264 629 698
264 265 4 865
265 266 85 323
266 267 314 671
267 268 162 451
268 269 92 382
269 270 9 411
270 271 213 401
271 272 41 317
272 273 349 622
273 274 72 430
274 275 410 974
275 276 464 678
276 277 54 198
277 278 4 427
278 279 75 343
279 280 25 798
280 281 823 880
281 282 707 904
282 283 343 663
283 284 4 270
284 285 75 252
285 286 462 855
286 287 454 528
287 288 148 802
288 289 47 573
289 290 32 733
290 291 230 519
291 292 14 771
292 293 38 569
293 294 379 466
294 295 218 343
295 296 53 68
296 297 267 378
297 298 19 79
298 299 43 983
299 300 51 181
300 301 703 812
301 302 64 875
302 303 455 689
303 304 106 570
304 305 84 161
305 306 423 467
306 307 164 345
307 308 191 225
308 309 498 593
309 310 43 312
310 311 495 917
311 312 425 910
312 313 56 257
313 314 49 111
314 315 93 193
315 316 166 500
316 317 6 729
317 318 105 208
318 319 167 248
319 320 47 852
320 321 65 416
321 322 373 617
322 323 74 233
323 324 91 102
324 325 408 516
325 326 103 477
326 327 30 152
327 328 423 622
328 329 85 544
329 330 334 654
330 331 143 144
331 332 108 752
332 333 10 222
333 334 467 519
334 335 562 786
335 336 7 22
336 337 127 324
337 338 70 873
338 339 297 845
339 340 0 538
340 341 542 867
341 342 190 950
342 343 517 827
343 344 274 854
344 345 4 98
345 346 471 651
346 347 535 704
347 348 248 610
348 349 564 800
349 350 20 34
350 351 748 771
351 352 222 732
352 353 81 259
353 354 58 257
354 355 425 632
355 356 269 345
356 357 409 797
357 358 275 446
358 359 35 783
359 360 442 991
360 361 291 300
361 362 51 143
362 363 500 902
363 364 223 542
364 365 942 975
365 366 129 637
366 367 987 994
367 368 360 546
368 369 426 526
369 370 62 135
370 371 316 356
371 372 14 26
372 373 92 160
373 374 685 746
374 375 9 30
375 376 266 366
376 377 695 863
377 378 333 693
378 379 337 691
379 380 159 188
380 381 246 442
381 382 157 582
382 383 482 990
383 384 56 204
384 385 55 247
385 386 170 262
386 387 691 750
387 388 91 457
388 389 50 56
389 390 237 509
390 391 154 212
391 392 242 799
392 393 145 297
393 394 5 27
394 395 52 594
395 396 140 844
396 397 192 381
397 398 591 750
398 399 462 511
399 0 118 541
66 212 709 960
208 27 207 804
311 362 18 32
61 362 94 710
154 388 173 465
102 367 78 948
75 275 112 221
148 311 186 267
239 156 37 81
237 249 155 429
114 306 89 109
276 73 29 634
389 33 311 803
269 173 320 697
148 252 564 766
39 226 312 342
217 35 234 846
309 83 351 429
103 151 541 824
37 251 7 627
284 287 105 143
120 17 47 78
224 248 12 18
294 80 39 66
246 253 263 459
295 250 41 113
307 265 26 27
267 245 746 755
222 178 153 395
92 122 625 747
54 119 444 452
102 313 263 450
88 336 321 478
286 34 40 474
239 190 797 803
256 363 314 402
9 91 900 905
5 105 24 37
106 152 29 774
5 211 90 125
15 97 426 619
142 328 6 10
40 225 57 539
190 350 1 3
54 229 739 952
66 243 807 906
192 382 406 796
164 313 656 916
302 12 11 145
20 268 97 157
25 363 157 187
398 148 434 623
272 2 503 906
181 199 853 990
358 271 530 711
218 132 193 732
57 214 910 910
209 175 230 401
130 311 160 250
322 90 85 173
62 373 106 119
87 381 711 813
277 255 124 146
298 51 171 264
35 203 480 819
365 303 87 310
306 271 975 983
380 255 213 266
353 146 268 534
339 143 243 314
102 366 113 911
62 89 338 366
53 183 19 434
256 46 117 512
57 360 791 939
333 153 9 30
115 366 347 717
324 339 579 891
121 241 4 27
164 119 159 522
302 149 290 326
20 278 763 860
134 175 288 559
51 201 184 690
212 93 399 453
262 98 313 628
220 190 97 290
0 375 8 9
318 161 118 577
29 9 255 311
273 326 434 517
311 0 479 917
178 75 69 426
7 285 235 247
217 249 22 371
3 323 827 932
168 119 538 937
47 202 320 845
149 294 590 921
31 372 29 228
133 66 35 87
359 166 81 227
289 371 47 314
291 312 149 174
157 16 62 607
376 265 395 414
127 164 136 817
173 228 81 185
2 65 112 702
142 102 211 240
109 264 275 574
22 152 139 349
284 180 15 57
157 59 11 229
154 37 92 664
269 133 387 497
152 279 92 519
77 24 102 174
319 136 530 571
199 21 107 997
87 210 370 817
314 219 92 594
248 205 297 976
189 264 690 902
24 86 374 596
166 294 23 32
294 237 18 93
179 120 4 65
161 324 398 452
12 274 120 375
321 350 590 976
25 185 161 168
183 23 404 973
368 145 150 768
59 350 137 825
167 58 396 633
156 149 37 669
290 19 157 477
244 176 13 13
149 127 273 353
153 74 103 492
86 245 427 730
218 306 206 469
16 59 281 457
379 279 44 137
41 58 1 10
297 367 237 759
203 142 319 320
159 137 163 985
15 246 102 220
221 374 216 339
5 364 19 524
158 143 191 755
373 270 404 464
173 259 17 124
312 249 5 312
374 300 348 505
112 33 587 674
121 397 274 770
154 388 51 130
155 144 19 22
250 316 484 519
58 319 365 810
192 270 12 12
268 97 470 673
364 137 518 687
389 395 259 449
120 381 123 915
338 298 521 645
6 33 0 5
243 373 162 484
60 84 485 860
263 107 517 831
158 30 297 649
87 314 548 674
308 41 143 579
247 176 116 274
310 253 452 561
364 327 368 672
124 353 87 352
220 156 9 856
280 197 48 195
353 130 187 748
4 194 178 289
14 79 202 774
30 397 224 428
398 251 307 808
192 261 12 353
123 250 180 213
380 58 346 768
62 173 301 308
219 284 42 733
34 63 121 745
182 359 40 221
295 217 116 214
283 240 54 199
31 151 70 142
274 284 277 377
35 373 4 26
231 152 103 111
300 272 446 675
58 162 552 800
251 99 13 80
390 265 159 231
41 295 125 207
352 343 601 918
179 286 369 712
367 116 38 554
348 4 144 304
197 92 405 835
85 364 269 435
209 225 93 924
37 236 19 706
14 270 32 478
365 283 47 126
186 41 755 977
365 274 65 159
268 98 189 202
198 17 230 431
186 362 180 404
387 79 48 146
42 44 251 730
365 363 8 188
70 60 289 644
91 340 682 755
244 160 185 210
347 341 489 601
16 226 720 749
248 340 195 638
167 224 555 597
259 66 13 295
147 31 263 732
195 47 71 946
305 328 394 425
209 367 264 782
163 394 45 56
283 79 627 836
382 139 89 192
309 136 32 395
48 81 60 300
70 380 6 80
123 131 808 905
144 354 267 370
310 43 238 531
11 261 285 494
237 48 26 132
354 377 149 206
17 107 65 76
341 374 289 508
48 308 158 261
331 118 322 357
99 318 97 108
274 21 473 788
317 238 83 106
7 269 778 986
64 310 174 177
56 176 393 572
38 236 41 44
55 257 54 787
369 396 100 189
200 44 308 528
148 131 286 740
277 229 39 150
244 386 248 551
150 1 118 216
5 37 642 759
163 125 590 723
143 298 46 176
247 1 847 862
342 168 18 19
10 326 289 861
290 148 394 559
356 386 262 403
173 349 158 759
10 108 534 717
333 105 966 988
213 130 115 278
341 398 0 3
301 310 244 934
106 78 196 858
289 343 606 729
335 127 272 517
102 24 23 707
326 218 594 781
212 203 159 375
27 87 136 771
32 349 527 751
125 257 366 613
207 374 111 402
327 279 43 698
185 128 2 3
124 115 277 775
389 14 649 897
303 376 126 239
346 337 11 120
177 315 78 220
35 341 275 302
271 64 157 883
128 63 104 543
138 75 57 286
100 85 16 138
225 116 183 290
255 110 584 614
134 283 13 324
387 29 212 457
379 327 31 444
310 260 492 828
211 66 255 426
122 110 121 346
208 61 177 675
391 113 69 221
176 23 423 467
183 174 127 315
144 372 443 627
169 240 483 878
127 359 202 448
372 321 363 785
397 111 47 457
177 340 624 656
108 362 16 131
223 331 56 433
58 335 146 910
321 45 528 606
364 181 758 767
387 53 475 505
191 188 190 498
256 242 407 843
194 165 45 67
258 310 466 573
359 111 866 943
190 254 45 518
251 354 25 194
384 325 624 848
63 170 242 251
336 288 398 701
93 309 512 540
342 246 814 949
331 315 439 624
304 337 151 838
64 150 4 7
65 66 553 990
322 304 4 77
104 46 141 322
385 370 815 947
319 47 0 8
274 391 70 823
243 17 370 862
115 318 259 440
155 223 220 256
277 50 494 803
62 131 255 478
236 228 112 134
278 160 691 928
284 301 294 896
153 292 120 492
172 192 561 857
317 139 255 418
26 186 46 684
355 70 154 398
310 137 271 506
338 187 169 189
209 28 907 965
72 242 64 294
343 261 58 103
201 75 19 144
79 78 10 14
140 257 109 716
23 155 1 565
52 386 11 795
74 83 110 507
326 144 717 792
147 11 44 696
344 388 227 778
62 167 59 406
144 255 422 648
303 7 25 179
85 178 100 322
225 125 165 172
289 256 376 409
7 8 205 241
92 314 214 407
396 90 94 976
117 264 46 320
268 328 408 983
108 389 334 636
235 276 106 375
336 322 225 858
284 152 283 620
102 371 100 252
222 337 579 793
187 372 2 433
47 136 219 357
92 347 10 330
102 95 43 698
317 147 69 268
156 69 479 809
378 191 26 295
0 170 469 544
332 97 35 488
73 105 281 856
348 24 721 889
337 195 172 184
352 227 144 585
70 263 499 899
101 346 250 446
247 153 440 922
7 168 125 279
344 60 570 609
254 360 266 683
143 338 10 228
311 395 3 13
355 19 180 417
154 196 276 939
380 130 186 343
398 156 594 780
101 321 158 174
227 59 264 342
43 365 81 144
143 392 123 717
118 363 298 700
303 268 516 689
316 35 8 253
197 243 334 693
54 252 118 227
207 143 228 425
35 67 60 372
268 112 227 355
295 287 13 57
106 56 99 632
127 303 275 708
226 12 309 614
372 308 107 648
258 85 95 170
386 353 121 149
351 180 70 514
376 34 679 876
184 269 181 184
229 90 437 463
35 312 145 429
185 94 345 497
55 381 107 161
209 295 283 342
325 213 222 262
168 69 469 845
109 268 539 801
99 195 213 427
103 153 4 607
353 366 103 145
101 270 259 510
311 155 56 297
320 326 741 860
91 28 547 672
25 51 457 634
16 329 7 124
354 247 5 471
319 58 971 987
389 60 577 949
114 89 0 645
253 271 71 151
283 66 344 639
23 374 318 566
350 352 433 469
341 1 279 428
310 104 38 599
357 251 259 850
300 199 369 751
256 72 238 579
192 13 294 925
276 123 31 64
304 334 62 992
388 169 6 53
156 302 189 199
178 124 318 423
251 98 10 107
157 163 365 624
7 354 44 48
339 327 183 284
132 12 41 61
183 220 158 704
135 248 54 669
77 43 34 378
113 237 0 188
361 214 716 747
10 149 22 340
265 305 609 796
380 316 266 488
73 191 263 526
149 305 2 28
249 358 8 644
388 255 22 351
380 55 2 229
103 102 422 434
158 163 57 382
283 268 282 470
84 159 404 980
190 340 269 364
275 247 493 775
88 158 510 553
322 206 600 890
163 211 81 355
283 60 107 245
263 344 466 911
128 61 42 43
21 114 2 951
154 147 36 556
391 77 319 376
234 247 942 996
167 215 45 58
312 335 337 517
182 142 26 31
279 54 1 571
388 305 45 180
270 38 208 631
216 191 98 981
170 236 565 875
349 31 373 452
26 167 252 709
82 353 168 778
127 268 235 495
239 33 118 529
202 277 55 150
33 392 273 369
26 259 65 142
53 109 51 727
307 293 160 477
83 74 274 449
13 303 623 886
317 287 460 528
209 342 2 409
356 78 80 269
19 346 54 72
25 172 361 418
158 359 23 25
198 338 116 291
263 390 221 504
398 316 374 966
351 33 24 109
42 57 99 673
220 352 1 500
93 290 596 777
177 392 141 143
269 95 69 83
235 397 74 399
167 140 608 797
165 134 36 191
218 284 261 768
27 68 177 290
383 104 150 217
236 322 6 16
204 80 107 399
181 183 360 381
99 146 201 660
53 325 41 70
339 217 64 152
246 230 5 16
57 261 47 113
114 189 496 652
276 7 348 403
78 261 166 321
119 95 162 558
132 232 214 994
385 276 801 835
101 185 699 700
211 213 505 919
131 386 29 39
275 149 52 70
156 85 142 474
87 15 300 349
322 237 321 938
388 285 389 490
314 157 256 540
13 77 230 896
396 74 42 447
239 144 92 877
7 149 66 253
95 369 109 274
275 60 243 328
41 258 174 548
359 353 109 220
361 58 575 672
3 398 141 142
211 298 4 94
16 291 87 871
49 129 53 237
161 232 138 386
274 314 81 572
374 186 413 526
354 95 28 76
29 207 54 875
98 234 690 952
64 59 284 813
359 146 139 284
2 83 374 528
322 136 184 339
151 358 138 555
358 303 734 975
228 157 133 312
293 224 630 669
198 112 316 326
390 195 24 775
155 260 156 326
254 282 72 890
108 125 317 752
157 28 114 763
310 231 261 469
261 258 140 210
85 4 39 41
133 69 108 322
329 8 19 37
249 213 608 694
370 2 168 671
87 151 279 430
16 50 126 768
394 88 189 536
327 78 31 39
292 224 5 134
332 326 122 193
107 282 256 335
296 272 43 52
228 251 274 605
151 122 365 512
247 55 99 618
94 116 267 432
136 380 739 848
206 43 401 454
212 7 6 15
70 82 239 873
276 287 557 656
112 279 208 823
97 76 80 952
337 243 22 50
231 76 121 235
162 17 4 63
341 177 193 422
319 91 250 864
351 4 41 81
308 398 192 473
266 356 121 125
104 214 407 773
260 208 146 842
53 316 16 43
113 391 172 486
311 235 96 239
284 184 914 953
162 297 923 944
177 291 579 614
366 149 687 974
12 272 9 345
171 292 367 898
127 110 405 435
82 353 196 236
233 304 621 941
121 280 177 684
300 346 32 64
167 125 590 871
387 344 428 702
226 374 301 605
397 231 8 733
169 188 119 253
81 193 160 601
117 48 566 815
208 239 29 54
57 295 103 130
72 230 485 843
262 55 432 618
388 61 445 531
332 336 131 248
57 215 281 295
335 18 273 873
17 8 317 422
286 378 33 64
352 252 71 897
65 244 61 203
236 292 517 827
233 177 571 882
148 42 35 487
270 223 238 599
243 3 30 527
298 193 320 625
301 13 157 855
214 396 210 282
142 215 367 884
80 3 179 568
148 295 74 115
388 378 147 227
108 342 432 596
243 163 214 239
257 9 50 131
14 187 76 162
314 16 716 845
129 286 521 602
194 398 210 964
343 385 217 346
388 226 245 596
29 221 354 599
162 219 338 616
232 63 17 59
328 107 596 751
347 363 489 949
260 357 141 535
319 190 124 192
158 45 498 753
180 235 3 7
349 376 142 328
244 353 164 918
328 46 383 588
81 57 782 856
73 376 31 605
268 393 604 823
118 104 289 880
220 10 292 321
123 266 10 123
223 142 40 722
281 340 231 440
240 257 119 126
289 97 573 590
237 141 8 36
85 311 171 200
58 93 518 789
310 140 8 12
266 130 260 303
77 279 20 21
259 162 437 998
3 330 30 582
335 54 160 293
145 262 187 929
308 117 433 507
202 99 328 455
304 71 548 588
391 325 128 264
140 150 282 305
205 9 331 372
201 356 22 244
120 145 566 585
384 130 93 696
33 270 31 72
357 192 835 972
65 361 342 753
114 88 104 806
95 272 232 752
147 397 38 80
387 260 334 482
240 350 285 446
385 112 199 673
112 69 156 449
65 75 92 705
232 27 351 682
366 353 424 697
189 362 127 619
165 152 150 151
212 164 108 761
230 214 562 781
19 189 586 905
270 61 187 234
130 198 108 176
92 229 284 391
396 374 172 320
154 127 529 816
311 123 198 614
148 343 362 760
22 264 11 428
182 180 42 99
135 312 111 115
88 274 314 373
114 84 181 194
255 69 254 821
90 333 407 600
270 337 420 689
308 75 100 491
237 93 14 88
297 241 70 235
236 194 248 462
156 369 67 198
334 303 12 25
5 24 634 730
190 92 581 725
107 380 180 330
181 160 153 844
148 192 300 428
242 14 678 865
267 375 289 657
342 344 480 581
284 14 78 200
0 299 493 530
121 53 45 895
202 203 150 305
279 252 761 871
350 93 776 909
16 96 263 330
255 78 345 683
2 130 739 900
225 118 36 75
320 205 745 879
33 136 144 191
387 75 363 850
254 131 83 667
360 69 163 344
333 302 12 151
237 216 565 636
31 226 44 848
99 72 690 822
158 338 230 628
4 203 883 957
6 198 479 590
296 8 174 198
62 10 64 429
7 236 290 337
161 394 793 992
5 60 232 380
81 237 841 993
168 285 421 519
126 340 19 172
202 32 30 74
246 207 327 370
125 49 118 123
39 256 301 635
69 290 111 414
22 297 830 991
21 261 882 930
170 69 28 149
326 157 41 395
325 267 44 462
252 393 245 561
385 330 85 781
37 124 278 487
138 159 137 420
381 71 27 262
131 258 580 911
188 5 15 22
375 137 484 821
171 219 76 188
190 3 664 686
323 352 71 355
95 78 492 975
206 355 34 122
395 56 155 187
2 29 216 890
140 360 27 583
132 123 43 309
121 59 0 0
118 219 76 227
3 52 61 145
49 194 143 203
398 288 116 897
227 316 682 873
155 167 183 700
169 167 57 470
29 295 811 827
244 102 248 496
193 330 81 363
131 128 77 275
362 247 909 925
32 82 303 387
206 193 3 493
227 303 2 254
334 126 455 885
112 105 152 383
398 377 59 297
169 10 323 718
224 128 22 191
104 232 21 118
373 365 561 837
68 195 513 744
368 353 143 591
178 358 83 243
235 307 505 623
94 339 515 638
213 82 180 327
68 131 19 67
172 340 865 881
370 104 195 460
184 138 535 764
336 308 221 254
103 320 575 591
52 281 85 429
136 322 42 382
285 256 61 126
261 319 137 244
85 393 0 79
108 356 171 303
75 7 99 742
253 332 178 615
137 33 661 673
108 325 7 8
342 100 641 679
314 242 29 503
20 137 139 231
288 133 12 175
116 313 66 185
248 356 611 845
74 242 75 983
150 354 393 914
179 117 131 347
94 283 325 781
2 129 339 547
298 147 525 817
381 5 175 484
233 187 525 590
32 109 208 788
242 222 6 100
394 277 76 537
46 242 101 366
380 231 346 604
180 23 239 959
301 156 72 393
378 208 373 393
17 175 754 791
48 294 69 645
46 170 248 394
18 75 184 689
80 288 30 404
210 52 43 136
312 162 298 451
141 21 29 334
359 24 124 218
136 320 477 926
121 202 196 690
127 153 251 599
147 188 375 747
65 67 300 542
266 240 277 701
55 167 659 931
150 385 752 863
296 295 115 167
372 360 247 263
167 198 0 71
88 45 356 979
115 149 155 236
198 115 300 661
134 395 69 89
83 262 205 210
47 195 170 503
329 119 96 105
261 278 229 389
312 310 263 538
210 128 7 339
279 225 184 556
158 205 340 537
202 253 263 391
262 171 437 696
125 46 315 679
358 128 107 687
60 344 26 562
321 358 179 358
208 314 406 613
124 63 666 936
313 91 411 597
133 340 562 980
27 124 275 441
157 376 155 740
301 85 5 37
109 284 21 765
163 189 91 518
113 77 5 5
193 251 73 277
322 115 58 535
56 50 546 768
47 243 28 53
68 283 431 549
393 98 336 801
174 89 503 650
285 90 97 932
89 55 57 74
189 290 140 277
21 143 288 920
144 93 699 765
88 201 255 600
334 124 635 833
347 126 563 896
378 15 720 973
271 197 823 999
135 28 39 139
117 247 69 70
10 320 31 73
249 159 1 14
82 270 213 972
398 179 20 94
86 133 324 842
262 315 639 685
392 210 141 488
72 263 99 347
206 346 174 354
153 282 17 254
37 107 544 911
222 190 579 726
10 34 0 25
313 238 15 461
77 96 192 281
340 26 20 28
65 300 759 885
354 176 324 771
305 332 58 330
173 0 668 797
219 268 9 324
102 293 30 308
293 28 792 929
373 159 687 977
338 389 252 524
332 311 375 952
188 332 788 888
286 133 232 518
252 242 124 373
48 230 410 711
88 206 106 456
156 263 448 605
218 42 539 991
193 290 566 774
6 195 201 334
252 191 89 89
185 150 41 185
311 356 409 527
156 137 376 417
330 25 172 801
53 168 556 934
140 260 64 178
83 0 788 860
344 130 777 958
165 77 897 960
14 253 19 37
16 366 16 57
191 154 5 5
226 29 115 312
284 159 22 55
377 114 42 294
317 36 316 356
345 372 635 954
311 368 87 477
262 281 162 278
307 73 227 503
257 154 604 644
254 381 47 111
278 184 332 758
154 239 683 852
297 325 13 845
243 169 726 891
27 127 362 382
342 239 177 444
389 213 92 101
303 217 21 226
367 219 531 972
259 43 128 284
126 149 552 908
334 230 484 891
143 23 639 923
124 323 120 156
130 304 327 880
179 270 227 632
224 128 118 210
202 201 338 345
276 298 75 160
278 42 59 444
172 141 81 83
347 285 31 165
386 158 117 197
230 300 532 691
87 363 241 574
76 143 752 874
329 377 120 244
228 177 303 630
356 192 7 34
210 52 332 516
206 382 108 864
105 340 773 985
389 229 3 9
123 369 68 253
97 50 37 224
393 377 42 47
322 299 10 10
269 99 42 490
395 42 11 45
269 320 100 278
272 39 412 640
26 317 82 294
296 393 90 269
87 262 292 591
274 350 102 380
41 257 342 703
39 63 269 496
122 21 3 633
183 59 121 353
370 162 83 287
360 109 21 133
6 211 188 938
69 163 536 805
162 377 809 938
97 230 155 185
107 242 333 934
139 104 473 936
245 39 114 283
349 161 234 274
42 212 533 551
277 318 135 185
8 25 272 442
29 326 73 185
357 194 255 948
331 80 276 494
87 64 697 964
389 267 631 645
36 172 335 484
162 166 299 968
231 126 25 143
358 11 78 632
182 86 610 662
303 252 398 434
221 147 55 59
228 170 31 493
227 331 53 465
184 64 10 807
71 136 240 256
150 5 388 391
100 102 236 240
242 16 402 687
121 59 90 990
344 134 56 177
116 149 120 822
364 242 144 231
316 228 56 58
363 60 91 138
220 235 468 936
324 92 306 889
3 285 146 289
27 86 599 948
31 185 337 850
226 8 403 435
206 63 396 468
175 280 334 630
252 46 133 158
67 194 1 14
84 79 197 265
307 351 3 15
91 175 271 675
377 162 113 552
168 15 102 321
292 45 53 780
344 211 51 145
105 130 237 245
233 376 1 292
37 82 138 196
305 240 30 88
293 382 287 870
59 179 57 88
366 305 605 684
108 114 17 120
102 112 9 10
81 60 405 557
347 9 399 908
168 136 803 861
373 12 276 338
250 71 10 27
122 305 74 801
133 160 334 806
249 375 665 869
309 16 133 670
156 370 506 808
174 360 300 898
269 19 388 454
20 338 495 558
313 267 91 506
174 81 331 692
221 166 142 683
255 14 27 520
170 318 461 829
228 188 83 506
21 103 136 825
117 197 107 282
22 374 168 178
166 325 393 970
159 185 312 742
139 297 216 260
360 130 44 581
75 313 300 956
122 387 2 80
12 322 40 83
193 96 247 619
301 390 153 224
283 99 133 765
60 23 268 568
389 178 593 666
344 100 87 107
203 53 57 84
100 109 321 625
308 374 394 410
11 384 45 87
283 121 239 371
314 333 371 672
200 297 21 189
91 15 762 896
67 237 251 950
301 60 917 962
324 57 111 730
328 301 275 406
16 327 250 744
294 21 182 288
188 215 73 314
241 51 3 606
130 177 448 595
154 3 812 879
266 395 247 254
99 379 458 766
68 387 650 941
325 0 1 1
112 393 354 476
71 339 109 657
21 326 626 844
324 83 74 183
115 2 625 857
213 58 316 364
339 398 483 893
194 244 22 27
214 298 40 85
49 62 932 982
359 55 420 610
281 62 305 418
180 238 70 169
117 163 125 650
78 139 25 37
378 19 149 311
342 229 283 323
385 160 511 608
26 198 379 651
67 159 62 846
32 154 605 928
139 44 423 661
41 167 415 578
370 283 153 399
356 367 599 967
49 359 58 154
46 360 734 895
102 222 109 311
145 92 246 549
344 377 377 682
295 314 81 236
133 131 129 167
71 72 290 508
279 71 211 792
107 238 656 693
241 186 0 119
82 311 559 901
151 92 137 480
242 84 36 947
121 243 360 553
273 238 70 84
61 398 132 202
343 35 767 855
39 117 212 706
243 116 82 895
357 361 178 329
306 361 443 528
394 187 415 651
85 339 83 594
295 339 75 231
180 34 335 427
23 368 248 248
334 308 841 846
187 9 921 987
101 194 63 66
73 262 319 714
351 370 130 330
97 109 305 626
224 44 14 258
41 380 151 651
162 203 317 371
398 1 183 295
2 195 591 912
211 146 510 943
84 36 356 614
285 393 58 214
121 395 464 940
335 395 8 751
231 61 348 751
331 265 112 211
272 57 686 830
335 130 22 240
22 362 243 632
10 321 193 711
356 40 178 743
376 242 379 390
22 54 322 760
352 192 282 903
54 336 214 588
57 102 57 90
348 216 72 129
69 80 18 105
147 61 119 172
299 244 107 126
27 388 128 779
113 246 24 39
218 254 231 241
55 277 133 879
316 281 649 974
236 239 217 606
312 78 837 977
66 41 9 43
193 345 773 949
293 348 287 311
375 52 293 799
21 369 418 811
189 89 38 860
18 227 5 459
283 272 831 931
226 172 113 258
92 7 886 935
189 37 331 619
84 129 545 986
86 393 17 32
373 264 268 725
143 254 302 566
69 245 421 492
93 59 229 259
380 99 316 327
40 153 151 249
329 93 164 219
81 322 627 800
124 79 125 502
303 299 71 83
335 80 735 777
394 4 289 534
339 265 688 740
165 57 267 515
391 197 96 400
13 8 381 987
374 276 9 28
193 69 455 933
344 329 811 931
334 115 113 391
178 247 158 214
74 26 617 619
114 299 91 178
256 93 767 804
91 360 50 254
64 92 121 291
317 331 343 916
335 333 869 903
143 250 483 535
301 393 521 863
374 95 152 352
295 152 629 998
184 336 208 434
220 116 121 295
289 112 9 41
278 340 716 990
58 218 277 465
188 9 447 735
346 311 246 641
62 88 170 723
350 162 20 51
141 74 894 920
44 298 448 927
126 283 227 552
354 49 542 964
82 144 237 281
181 125 130 602
374 54 196 396
193 331 187 628
43 265 219 300
278 26 661 820
58 370 33 69
196 329 14 41
201 326 25 49
100 50 11 150
259 34 141 395
173 348 681 956
242 142 20 110
244 101 334 648
389 35 57 528
171 374 58 353
174 221 49 198
181 40 105 220
324 370 20 43
25 98 120 713
298 179 7 654
314 330 148 444
310 181 475 719
97 2 17 110
311 115 638 939
391 228 90 848
314 89 601 659
193 195 286 379
199 179 387 416
310 88 472 482
128 381 604 936
64 375 281 864
362 328 95 478
214 336 540 555
67 117 418 876
1 108 544 950
128 111 451 639
204 182 543 749
147 209 14 351
1 210 208 918
240 2 25 837
188 341 59 552
165 166 717 868
304 49 15 850
156 190 464 809
210 317 125 130
270 323 426 536
321 222 69 901
391 363 746 771
393 111 300 421
146 1 638 978
238 234 83 251
387 128 318 333
6 325 156 955
162 380 512 809
274 161 751 901
322 216 4 11
330 392 143 380
116 366 214 235
185 390 89 296
161 205 592 738
113 110 548 724
58 135 291 462
12 280 102 365
289 149 514 585
319 322 130 534
87 108 272 551
274 136 74 616
233 135 75 396
98 389 282 772
171 77 134 251
130 213 249 656
95 300 203 961
28 222 3 3
248 293 654 724
330 201 89 109
12 118 352 544
38 22 254 627
172 139 59 243
330 280 624 914
318 160 440 622
309 141 15 231
318 262 369 770
73 333 59 105
144 281 434 555
206 124 91 95
202 275 138 581
300 246 243 253
352 131 244 650
143 277 181 716
365 146 124 524
268 338 298 658
212 58 94 814
277 189 349 808
103 223 34 620
318 287 253 451
311 338 273 408
297 15 102 875
88 193 16 703
126 312 98 185
20 136 213 566
294 350 257 909
20 299 59 150
200 279 333 846
205 291 434 821
306 94 56 499
281 146 5 37
250 32 22 147
89 264 338 923
110 216 18 44
68 324 40 372
139 74 195 619
158 66 62 197
19 326 3 982
167 246 63 156
304 337 229 540
239 206 515 618
281 167 23 231
118 388 36 466
204 156 102 491
322 317 644 767
85 346 350 634
239 9 398 468
297 201 570 667
342 243 51 453
337 145 196 526
197 108 179 659
283 306 89 181
379 385 244 788
119 95 540 603
354 161 517 981
357 100 218 222
308 184 376 466
295 177 759 896
267 156 478 602
380 287 662 726
294 69 240 414
38 307 473 684
97 212 634 947
67 104 185 200
66 201 310 808
389 75 188 970
73 89 1 14
290 157 163 215
170 350 66 117
215 166 742 768
178 253 52 81
131 95 438 999
171 307 223 390
395 288 564 906
130 119 93 188
297 270 441 441
77 319 790 845
92 188 303 595
256 377 330 462
243 222 138 513
303 124 317 574
310 384 280 440
147 3 104 193
172 328 65 114
240 175 124 151
349 164 48 52
8 131 324 559
396 36 409 848
31 201 270 359
312 245 16 75
52 379 141 426
51 184 191 602
282 244 269 425
270 214 13 811
159 100 940 942
120 282 479 870
203 283 121 704
367 109 77 470
128 286 156 683
104 121 2 13
237 281 861 983
244 52 89 172
189 69 292 907
356 220 200 807
139 4 417 800
113 246 176 269
125 54 196 219
323 172 330 429
62 290 313 850
1 286 157 450
153 356 400 936
60 138 5 353
214 166 137 620
215 241 502 981
257 71 508 644
384 333 8 45
84 111 253 464
19 356 268 335
192 188 173 532
325 142 50 285
21 129 66 122
338 203 480 668
52 291 172 682
37 312 612 868
144 106 39 132
234 82 249 799
133 31 538 827
308 393 268 647
385 383 169 205
339 290 88 261
173 336 10 418
32 203 315 542
199 188 315 477
376 317 300 467
193 156 3 840
51 262 521 870
168 82 354 817
141 206 38 878
285 125 397 571
184 386 508 965
175 7 214 607
214 267 386 604
359 78 264 319
49 96 611 681
233 165 34 52
116 82 126 134
68 59 107 130
0 205 101 655
355 120 19 175
306 20 181 341
288 148 34 44
374 49 180 233
81 270 158 965
348 334 428 509
176 363 95 151
29 352 447 523
333 75 808 944
315 255 833 866
270 263 60 392
181 395 13 284
214 206 397 762
18 330 167 240
46 366 6 254
201 100 35 84
132 4 55 865
321 148 371 448
148 195 293 562
292 176 689 737
100 31 98 797
393 387 303 447
29 382 46 184
247 324 374 829
357 153 23 31
389 388 360 947
282 203 381 577
93 276 518 876
81 250 176 609
296 361 154 251
393 158 155 296
310 47 39 533
312 336 854 963
72 249 159 184
319 256 421 510
314 17 54 344
88 217 758 770
33 81 559 803
355 215 238 424
385 70 37 204
357 31 63 67
259 379 143 198
395 49 57 272
321 63 68 599
161 389 313 873
73 119 34 128
265 193 871 959
334 189 340 683
191 293 720 742
360 332 965 983
385 142 133 416
193 300 18 532
27 359 2 679
391 264 198 513
60 8 95 299
41 29 36 105
152 295 66 285
161 291 356 769
200 135 470 641
176 25 289 802
21 270 467 517
367 36 140 232
275 300 69 628
129 108 51 304
142 269 1 29
1 275 166 904
372 18 187 420
312 73 76 426
365 357 587 741
65 123 122 949
39 307 30 72
262 215 116 172
328 51 256 322
281 32 229 248
121 77 314 495
160 280 651 825
375 368 263 854
309 157 58 596
330 99 212 240
362 379 169 186
158 345 440 744
291 135 206 237
227 284 355 540
245 218 662 750
296 339 54 228
117 217 162 174
158 318 22 39
130 16 17 147
335 219 529 852
206 60 35 104
176 303 199 223
89 346 30 32
366 92 629 677
335 213 50 231
280 87 283 414
316 247 101 139
49 346 115 377
112 39 168 424
355 283 124 473
47 41 190 423
365 92 55 102
10 229 65 773
260 339 7 137
318 395 208 424
284 146 144 272
101 398 69 301
310 295 240 673
341 199 341 518
277 51 7 190
275 76 301 469
230 362 330 339
56 295 233 705
27 176 86 226
144 131 831 845
277 317 14 526
282 235 336 501
66 194 159 253
149 32 8 186
236 167 296 472
7 185 644 982
237 29 34 133
219 266 185 283
11 141 285 801
363 95 629 665
320 107 77 279
288 186 284 314
314 162 245 420
212 300 420 603
155 273 720 720
254 59 832 858
304 243 54 681
112 168 64 237
272 167 14 926
151 340 627 781
225 46 287 307
386 54 165 305
155 79 604 882
83 232 23 126
294 348 602 634
139 42 275 277
313 168 199 828
207 391 340 364
159 172 729 734
288 256 15 192
121 375 252 481
240 67 799 804
377 147 323 397
42 143 86 161
153 290 283 649
350 152 83 754
0 380 259 280
153 80 235 451
51 363 180 901
385 210 233 872
320 30 180 707
333 56 554 591
81 100 196 818
1 22 209 908
29 332 2 2
96 127 112 397
28 356 126 561
42 120 645 734
231 339 35 87
244 143 81 400
113 255 113 279
164 246 47 423
322 9 334 498
140 127 493 660
191 356 61 496
26 275 112 621
282 309 560 583
268 132 125 428
232 277 1 4
178 286 24 194
294 192 201 320
115 335 17 147
211 256 14 599
149 0 263 612
55 231 45 500
117 38 194 321
343 11 353 653
329 205 137 190
293 285 5 5
352 175 706 735
200 75 8 443
110 278 404 698
328 345 180 185
235 361 34 62
284 373 172 378
102 292 228 696
275 43 69 102
177 314 178 196
361 12 162 454
268 141 615 621
391 25 220 750
172 306 26 109
166 198 255 625
376 38 77 387
332 248 569 670
155 126 81 203
374 335 303 528
386 251 168 172
21 80 3 18
241 11 353 487
316 392 132 184
158 341 279 638
263 317 82 537
276 49 176 775
242 205 128 393
296 197 956 990
2 373 490 515
176 295 9 479
146 390 518 750
285 284 331 573
19 105 133 362
60 210 264 489
66 22 182 189
375 373 254 393
80 307 10 29
118 13 283 462
341 365 224 274
135 215 41 527
185 291 18 29
127 339 358 555
270 328 73 293
57 300 85 578
16 393 625 733
242 243 293 440
160 137 49 663
85 89 81 239
16 307 852 999
294 346 85 243
36 265 203 941
234 83 81 217
141 206 117 498
272 92 422 821
363 294 396 717
187 99 591 706
309 341 123 440
56 326 325 754
252 271 895 920
269 24 223 441
324 349 394 528
375 111 3 66
198 216 43 391
352 311 377 467
132 270 709 896
180 359 49 110
42 269 700 731
33 321 509 546
249 74 264 607
8 150 2 29
116 370 132 146
308 257 88 284
250 34 1 4
248 396 196 669
150 331 591 871
384 3 415 547
121 192 211 543
390 237 129 616
275 315 130 302
169 368 133 367
320 382 536 575
297 208 264 810
153 244 49 201
75 80 210 327
234 258 230 743
305 353 91 341
253 258 32 47
306 309 113 156
86 280 0 194
151 206 202 495
362 278 174 635
167 5 425 881
130 301 36 903
87 65 146 307
252 126 555 754
287 280 165 282
275 180 19 368
270 140 26 293
271 201 293 414
145 47 180 214
281 395 16 319
385 351 51 122
379 264 135 963
203 222 238 504
231 344 307 924
361 61 611 746
335 107 369 458
37 337 437 755
382 30 466 628
354 33 272 304
80 21 437 522
211 95 375 713
318 27 158 305
318 324 9 12
80 380 116 268
113 239 421 797
358 106 424 930
48 270 537 625
383 62 111 132
259 105 317 758
355 191 220 527
263 368 1 754
234 17 17 859
261 13 165 948
81 350 516 655
326 35 43 855
314 14 702 743
175 45 388 727
25 61 114 859
241 9 61 923
330 218 368 902
342 297 382 396
225 372 23 84
369 96 581 830
41 157 341 539
18 21 484 542
363 191 58 826
283 336 18 32
8 142 593 878
306 42 33 34
68 351 477 693
359 16 31 588
88 279 641 642
190 286 333 374
60 289 101 275
281 7 216 509
56 83 171 886
168 374 123 565
267 186 357 663
56 121 249 441
128 177 558 973
179 265 404 743
234 105 237 355
366 54 249 654
250 36 531 543
148 41 221 884
350 157 223 275
80 72 36 108
242 337 41 191
376 176 376 387
65 118 215 854
98 231 265 271
216 157 300 626
209 348 16 624
280 173 173 408
95 309 37 50
145 353 131 745
306 260 101 296
194 134 336 398
13 5 251 377
344 169 344 664
349 37 52 86
170 174 427 550
64 10 15 15
124 223 892 984
56 62 97 599
350 37 375 384
225 220 125 146
203 204 465 697
282 183 629 906
31 135 317 318
261 124 142 767
51 271 17 287
331 129 611 958
318 64 666 703
169 93 552 625
362 179 236 931
245 197 257 269
239 149 17 924
195 293 552 678
362 374 139 772
149 113 57 572
160 178 152 834
385 371 422 698
93 376 126 146
389 179 106 613
169 215 232 279
150 309 305 916
25 252 121 198
234 24 247 286
391 170 11 47
350 260 365 448
345 185 398 558
230 347 214 574
70 304 835 906
103 278 256 347
124 395 145 447
359 316 41 852
101 374 302 577
64 378 555 654
81 40 249 278
264 158 277 487
174 123 408 621
371 42 87 133
161 37 5 32
385 199 102 113
300 286 418 477
331 48 18 24
267 384 452 626
358 81 27 97
360 229 102 251
313 390 85 426
238 34 91 115
201 106 247 270
361 319 17 21
49 50 179 986
203 57 114 612
266 197 238 378
264 319 0 26
318 300 36 390
78 289 281 453
242 146 398 931
8 200 50 278
140 49 392 615
395 184 192 665
219 259 161 186
390 25 307 506
345 106 363 787
3 101 55 96
169 173 490 606
2 4 25 26
100 49 2 7
259 363 24 59
385 303 426 481
262 232 249 926
148 319 273 405
74 65 28 75
265 288 114 862
165 85 40 519
228 235 225 319
73 181 484 963
324 384 787 939
159 314 170 260
388 168 8 201
263 310 92 589
130 360 779 843
199 318 214 337
123 99 341 587
255 278 34 162
56 28 5 194
179 265 714 762
375 315 69 150
159 144 242 266
149 17 2 690
313 316 9 15
50 164 24 32
287 375 118 287
213 269 161 336
134 20 264 362
40 229 87 807
243 336 27 36
153 91 165 358
387 390 561 638
365 113 97 143
37 61 49 858
2 199 101 646
97 31 72 115
166 197 119 208
288 371 135 746
96 155 46 403
141 360 419 484
166 61 249 888
293 235 132 137
91 171 782 965
39 6 1 42
219 125 40 99
154 159 0 223
309 350 145 807
304 115 211 456
277 347 83 653
239 8 3 174
225 197 7 166
135 13 470 521
33 100 578 741
18 205 453 462
167 244 646 870
56 183 275 661
239 236 184 249
306 234 89 235
306 351 188 374
263 200 33 757
191 240 290 938
100 183 844 862
59 22 56 261
82 224 6 412
385 356 367 612
259 24 137 547
291 190 288 389
217 30 24 101
295 234 303 712
165 10 40 88
287 7 730 866
162 163 784 864
240 220 452 709
104 148 68 486
374 371 384 699
270 172 315 395
150 24 80 798
379 359 34 787
58 114 25 155
375 347 167 318
362 144 158 344
242 270 32 364
368 22 113 567
32 70 34 41
338 370 150 660
233 151 119 201
180 384 36 416
274 383 419 451
185 298 245 349
333 201 158 383
195 10 150 180
85 124 35 68
192 397 532 551
19 280 376 596
358 276 19 145
254 91 90 231
15 99 271 286
37 62 831 831
146 19 23 153
154 204 160 552
320 186 54 568
181 347 222 343
82 21 191 350
322 191 854 960
64 265 387 553
374 66 509 653
307 382 230 491
202 251 227 647
70 168 182 605
162 186 79 145
311 397 245 335
223 217 228 460
295 36 1 127
258 163 215 363
131 296 187 228
157 369 637 848
353 132 65 341
64 369 80 227
160 186 205 408
352 210 376 683
115 70 40 65
365 138 78 180
3 377 610 695
387 379 278 753
10 287 539 618
236 54 225 880
123 201 168 168
348 352 109 704
213 129 493 918
373 7 85 150
307 384 52 244
136 298 108 547
228 179 196 344
28 84 201 691
387 394 55 57
228 350 149 160
238 325 145 716
374 132 445 971
344 153 555 930
181 338 570 901
10 89 45 127
211 36 122 146
311 170 34 72
386 143 240 543
35 90 104 883
221 369 317 532
353 328 429 782
151 375 21 188
157 308 303 863
19 129 168 187
93 59 31 54
354 208 334 421
354 292 221 555
323 52 964 971
163 140 5 91
285 195 36 274
353 239 0 105
189 171 376 390
83 298 276 289
64 257 353 513
78 360 204 348
246 186 628 929
398 231 371 790
189 274 584 861
38 295 95 129
378 47 146 575
396 139 210 214
66 256 366 869
279 186 10 15
22 204 32 105
35 215 104 376
181 113 208 402
336 211 192 277
361 355 42 96
265 5 26 118
229 132 156 318
372 40 941 951
125 81 187 207
313 368 652 748
289 64 227 258
58 130 18 37
100 362 0 16
264 306 20 152
133 369 244 462
389 364 684 756
202 263 217 729
309 339 120 352
25 304 187 479
65 251 491 814
143 338 203 839
89 179 218 320
272 55 0 4
172 137 7 46
284 290 682 738
77 42 94 272
302 72 373 481
358 250 44 192
267 338 810 847
381 134 46 503
45 276 40 527
316 178 230 288
284 72 244 512
297 254 0 1
247 355 83 277
59 21 91 349
328 282 234 284
348 172 61 86
95 66 217 522
132 299 676 789
69 352 418 943
73 23 27 497
346 34 511 594
134 5 5 291
280 73 59 149
38 120 95 132
330 309 303 733
71 176 661 735
182 81 134 179
386 397 233 413
91 24 472 594
306 195 22 125
58 217 73 786
273 226 563 620
240 6 400 615
149 27 668 701
310 240 390 988
13 142 66 562
283 90 598 865
141 147 25 419
297 167 241 655
90 143 408 926
390 38 349 664
229 301 220 303
6 193 318 620
198 381 268 351
148 46 232 322
369 39 366 610
337 240 151 160
130 219 42 487
175 247 236 946
164 266 117 384
172 156 179 189
212 140 290 469
314 63 501 841
2 150 156 843
279 232 25 828
211 5 2 11
40 83 183 267
265 173 490 1000
98 384 65 119
315 174 334 490
40 390 786 790
122 370 42 122
292 159 158 663
389 365 234 488
338 241 188 194
392 116 810 879
101 130 29 181
150 368 541 639
12 248 321 741
62 359 251 563
374 339 383 629
288 300 29 119
164 76 167 308
106 371 515 587
275 88 201 395
314 344 375 664
325 188 669 852
284 105 122 190
273 54 611 904
297 324 26 383
372 14 842 944
280 116 223 617
361 233 594 790
51 71 220 515
276 136 64 531
11 183 262 327
205 267 11 129
166 291 372 384
312 73 178 215
2 24 32 32
319 121 208 275
222 136 94 180
145 367 595 876
366 194 68 81
13 44 92 184
263 397 279 704
315 131 563 920
250 54 36 251
201 166 10 21
13 229 64 961
348 316 245 682
27 336 74 310
219 247 85 472
396 226 529 599
211 360 117 374
173 8 198 875
177 138 682 726
152 106 107 955
113 24 301 351
365 366 872 938
357 328 266 479
123 42 130 642
389 84 117 737
332 391 311 810
301 217 387 396
18 300 225 448
360 382 484 818
234 330 365 718
249 86 257 941
213 371 642 980
218 192 92 179
142 264 142 228
330 190 166 716
21 110 443 748
361 368 208 603
224 80 113 878
347 202 76 252
77 173 254 339
181 199 57 495
155 395 44 315
376 370 182 545
151 225 145 683
347 68 176 220
257 26 187 485
46 329 763 993
153 198 201 324
124 369 17 35
5 137 66 818
384 168 494 503
101 170 12 52
44 65 875 891
225 273 9 404
191 305 184 930
363 115 389 402
8 231 53 76
371 112 58 245
175 331 99 350
363 250 560 751
216 52 48 184
245 52 272 431
139 379 204 874
379 0 523 534
101 216 12 103
338 247 12 24
345 119 644 706
331 192 253 980
197 207 548 785
296 148 522 765
303 12 634 676
80 33 314 796
98 153 11 40
22 59 66 264
133 76 233 696
312 323 696 867
381 64 424 675
354 293 70 176
184 16 188 937
112 372 590 904
8 275 4 86
225 395 106 193
217 9 91 275
312 80 444 739
278 361 541 860
215 372 518 578
145 209 179 199
387 139 263 415
378 282 88 137
285 173 805 918
341 75 618 765
200 26 290 510
382 310 351 454
72 64 44 97
344 15 93 318
16 244 86 120
56 41 307 783
65 9 73 545
4 316 173 227
329 215 156 224
283 287 116 260
286 118 17 309
239 183 358 388
139 294 200 297
74 264 145 680
329 284 17 35
88 1 1 328
353 385 651 746
367 271 658 943
346 353 59 803
73 358 167 241
170 71 229 233
250 83 27 190
275 42 83 883
151 41 223 238
117 252 522 758
332 8 221 261
89 124 29 33
308 63 668 734
343 83 712 726
329 60 68 89
121 62 188 327
221 284 535 949
72 132 60 163
374 76 31 86
335 176 549 595
243 95 482 931
245 99 69 133
397 276 252 513
134 26 323 684
100 302 162 172
123 174 3 11
65 13 850 888
51 24 3 35
90 320 234 257
315 208 74 652
265 58 4 286
282 300 5 9
198 101 458 576
270 159 90 308
298 114 21 151
115 206 335 972
195 141 162 165
131 311 459 727
101 279 229 891
275 377 715 859
189 117 170 184
366 388 86 237
112 268 6 18
254 103 618 932
196 199 703 888
340 66 179 596
61 243 26 109
286 281 134 173
67 180 76 577
58 333 55 251
262 86 140 300
368 127 84 171
38 313 148 189
35 346 208 463
144 375 88 510
295 89 246 512
186 128 151 998
64 1 19 129
381 237 303 756
41 128 156 794
354 166 324 585
67 357 99 463
283 354 357 894
251 298 314 829
48 6 8 50
171 20 424 963
285 351 4 7
6 80 204 573
180 260 393 573
290 12 750 835
258 31 216 385
163 267 55 91
82 73 408 582
310 26 23 24
251 145 10 362
1 227 529 986
12 242 5 869
283 388 31 152
262 168 592 799
34 67 763 811
365 194 59 929
207 77 87 224
170 386 386 499
316 233 825 828
34 381 294 668
302 284 441 594
304 284 244 652
115 82 78 238
20 171 4 25
189 303 234 736
167 143 106 327
324 45 140 377
233 128 567 613
93 122 596 657
312 228 92 203
97 109 219 826
384 37 276 380
174 69 117 632
102 389 505 967
220 76 171 565
255 8 1 359
62 229 430 619
253 101 116 502
111 372 80 452
207 210 220 733
205 54 781 925
169 367 218 479
308 374 36 88
266 171 71 570
322 226 60 245
226 160 14 39
225 28 695 788
114 174 272 273
101 70 45 777
74 65 63 488
15 234 302 318
73 142 138 314
59 99 35 42
374 33 509 534
334 265 607 824
73 112 50 83
196 57 89 108
45 153 18 529
182 265 558 660
125 283 437 695
3 194 88 313
23 103 9 37
181 387 342 414
321 4 9 226
235 390 1 1
240 220 258 686
183 28 864 953
61 15 236 391
231 77 274 300
254 102 91 554
224 85 569 852
311 166 458 795
48 381 120 685
213 219 20 432
45 221 331 691
147 272 181 216
339 171 30 284
174 385 145 778
377 79 917 930
339 176 111 190
352 214 14 296
307 3 6 6
256 360 22 431
319 361 156 210
171 107 641 642
32 51 242 710
309 264 114 118
298 296 26 82
340 51 767 907
43 64 121 389
296 94 272 533
81 272 345 964
218 157 721 759
106 179 37 325
246 308 12 85
187 292 361 536
66 273 92 336
202 10 15 21
361 136 85 771
287 128 345 385
281 7 411 571
82 46 43 756
373 20 88 941
165 84 62 612
168 226 169 315
394 19 87 110
274 243 14 73
365 336 106 320
238 348 532 661
254 201 516 695
289 130 83 207
230 17 63 82
299 204 256 305
270 192 183 548
186 196 74 755
204 344 98 530
37 119 76 287
220 39 200 624
363 150 39 265
271 154 28 653
95 387 689 842
27 230 486 639
390 121 369 566
60 181 24 307
306 383 230 877
189 14 755 989
161 359 641 778
96 181 140 574
138 13 5 141
259 102 273 315
360 372 87 367
124 267 111 292
4 369 264 446
37 12 34 611
131 368 127 213
247 85 192 250
201 276 5 112
288 195 184 307
119 374 373 497
314 139 10 490
118 25 421 996
333 165 251 982
231 164 150 436
298 115 414 972
241 264 126 214
143 309 491 541
109 279 319 453
186 229 791 968
386 324 734 837
51 362 150 214
315 92 289 439
113 81 59 168
377 122 159 529
346 364 134 794
313 59 30 35
391 88 148 191
146 83 72 978
88 278 464 961
52 224 506 557
213 306 466 646
139 79 49 272
119 88 356 953
240 236 521 670
305 171 79 667
114 129 2 11
158 129 255 853
31 373 556 779
285 156 492 685
237 243 658 741
110 172 15 156
264 363 386 719
217 55 10 96
97 147 514 707
7 8 2 2
37 176 196 776
2 9 258 492
295 184 169 204
354 221 542 729
220 293 126 315
212 220 792 884
220 94 48 180
0 149 405 939
43 346 318 971
122 240 203 304
186 80 863 863
115 167 762 843
78 64 97 425
126 379 339 364
325 220 271 282
73 194 574 994
317 126 198 256
313 52 881 921
169 260 91 428
180 341 286 936
227 45 664 839
378 72 112 155
122 47 28 574
213 123 291 674
288 67 353 406
371 346 4 4
99 9 302 325
240 68 700 839
5 295 55 62
281 9 90 105
224 78 132 702
59 172 273 514
361 142 207 498
134 258 236 373
6 40 270 604
381 48 301 852
194 392 130 277
297 306 696 845
229 31 235 417
305 131 455 501
256 203 122 730
116 384 198 258
375 9 242 922
281 166 272 702
108 387 110 619
44 194 237 273
37 106 588 696
330 349 37 257
39 333 352 817
373 70 10 11
136 60 25 166
211 275 270 558
249 379 330 712
211 316 222 492
367 327 795 878
49 384 823 976
327 180 78 464
396 56 399 768
120 63 337 495
207 364 615 665
79 76 202 225
374 140 44 109
141 206 287 979
191 51 455 815
57 177 95 285
362 195 443 586
327 332 247 380
355 151 34 176
168 225 128 419
359 382 156 297
249 396 13 16
170 134 25 387
176 27 51 921
287 3 43 829
1 373 198 574
343 275 71 318
211 241 52 231
346 272 419 956
277 156 397 565
127 147 96 217
66 93 18 249
56 281 97 960
148 32 92 239
281 212 51 106
221 91 109 184
232 173 553 766
264 297 84 709
33 322 61 438
356 351 334 794
8 256 389 518
159 287 204 414
101 265 100 117
140 291 21 884
60 59 24 275
361 396 86 616
269 55 953 985
340 320 106 189
300 19 339 966
96 65 510 653
9 31 63 128
247 114 562 772
306 5 498 952
35 186 418 563
61 112 354 689
357 74 11 26
57 349 325 990
302 382 27 318
282 76 22 23
344 326 177 809
227 72 261 974
152 232 738 738
212 247 2 2
145 125 56 63
374 281 64 584
60 9 6 336
320 302 230 882
147 33 680 874
353 342 280 988
199 269 371 716
229 268 797 877
51 356 246 319
141 331 99 111
361 231 148 866
17 101 185 303
230 210 141 419
315 10 209 646
215 28 0 605
105 233 27 421
285 349 142 386
361 110 86 122
53 109 94 534
254 267 207 233
200 346 643 755
391 262 338 675
82 380 57 71
349 331 372 990
226 344 543 781
94 281 210 228
47 296 7 30
118 353 146 478
192 92 187 353
332 379 422 547
249 370 225 660
171 370 207 798
157 361 6 13
344 152 711 715
184 201 170 295
309 98 588 987
25 126 354 847
369 380 164 560
289 388 100 598
296 148 83 192
333 373 40 226
144 311 136 154
77 55 359 378
334 198 42 112
262 96 87 511
128 344 353 639
39 6 91 122
162 255 97 344
0 25 41 70
7 345 13 526
32 249 237 650
188 333 285 616
169 216 496 814
259 148 13 235
118 184 187 618
278 317 250 303
317 256 73 88
335 299 48 305
224 20 68 71
299 293 693 959
354 121 404 727
99 244 83 101
258 285 32 787
297 56 118 352
252 104 688 912
212 81 457 495
350 384 455 873
