500 5000
0 1 416 417
1 2 673 721
2 3 0 0
3 4 302 302
4 5 34 146
5 6 36 92
6 7 72 186
7 8 231 345
8 9 372 397
9 10 457 539
10 11 131 419
11 12 359 685
12 13 90 204
13 14 201 878
14 15 14 27
15 16 614 671
16 17 191 417
17 18 241 559
18 19 132 140
19 20 154 198
20 21 574 801
21 22 778 969
22 23 29 313
23 24 359 693
24 25 759 877
25 26 742 895
26 27 71 85
27 28 10 39
28 29 10 170
29 30 590 879
30 31 58 98
31 32 283 421
32 33 394 958
33 34 105 533
34 35 200 692
35 36 44 315
36 37 538 687
37 38 344 835
38 39 0 18
39 40 468 750
40 41 654 989
41 42 223 748
42 43 125 280
43 44 175 790
44 45 7 103
45 46 210 448
46 47 87 909
47 48 265 293
48 49 34 288
49 50 68 130
50 51 1 19
51 52 623 679
52 53 193 211
53 54 79 265
54 55 288 492
55 56 30 53
56 57 353 574
57 58 140 146
58 59 153 589
59 60 161 700
60 61 54 102
61 62 394 414
62 63 343 695
63 64 224 414
64 65 39 50
65 66 24 536
66 67 93 664
67 68 408 515
68 69 28 945
69 70 519 587
70 71 489 904
71 72 61 137
72 73 124 139
73 74 305 808
74 75 214 398
75 76 108 165
76 77 335 928
77 78 199 348
78 79 479 751
79 80 91 726
80 81 610 884
81 82 404 624
82 83 266 751
83 84 267 349
84 85 96 270
85 86 675 896
86 87 378 428
87 88 11 965
88 89 331 664
89 90 45 622
90 91 90 114
91 92 60 950
92 93 160 450
93 94 545 578
94 95 155 408
95 96 181 237
96 97 698 904
97 98 173 574
98 99 2 2
99 100 94 617
100 101 189 326
101 102 4 527
102 103 628 886
103 104 168 357
104 105 695 909
105 106 291 623
106 107 4 15
107 108 774 930
108 109 381 691
109 110 70 998
110 111 81 172
111 112 102 137
112 113 179 933
113 114 324 697
114 115 15 66
115 116 384 756
116 117 157 754
117 118 45 923
118 119 369 712
119 120 21 124
120 121 7 19
121 122 2 26
122 123 14 28
123 124 25 246
124 125 248 860
125 126 125 539
126 127 536 553
127 128 234 842
128 129 29 124
129 130 25 279
130 131 334 586
131 132 405 970
132 133 206 561
133 134 15 18
134 135 232 801
135 136 167 233
136 137 495 807
137 138 166 388
138 139 650 864
139 140 320 747
140 141 238 556
141 142 49 136
142 143 9 59
143 144 114 121
144 145 41 44
145 146 84 107
146 147 139 225
147 148 25 713
148 149 367 560
149 150 1 12
150 151 21 72
151 152 349 968
152 153 156 568
153 154 15 203
154 155 38 252
155 156 120 744
156 157 183 195
157 158 215 581
158 159 48 970
159 160 628 847
160 161 71 240
161 162 101 494
162 163 609 620
163 164 741 829
164 165 119 156
165 166 12 18
166 167 2 70
167 168 396 486
168 169 462 606
169 170 259 569
170 171 169 317
171 172 108 989
172 173 84 580
173 174 193 380
174 175 119 551
175 176 684 746
176 177 309 669
177 178 35 265
178 179 51 66
179 180 78 370
180 181 46 630
181 182 20 210
182 183 122 753
183 184 23 66
184 185 24 260
185 186 115 805
186 187 180 193
187 188 369 640
188 189 441 525
189 190 577 925
190 191 85 263
191 192 48 66
192 193 384 735
193 194 569 772
194 195 150 908
195 196 641 932
196 197 5 13
197 198 171 234
198 199 467 617
199 200 377 949
200 201 880 951
201 202 113 557
202 203 7 916
203 204 595 642
204 205 115 390
205 206 81 486
206 207 14 604
207 208 249 550
208 209 750 927
209 210 338 919
210 211 241 395
211 212 33 964
212 213 62 174
213 214 9 126
214 215 94 135
215 216 6 506
216 217 10 21
217 218 912 948
218 219 276 827
219 220 7 15
220 221 18 176
221 222 167 332
222 223 116 131
223 224 433 810
224 225 97 345
225 226 334 941
226 227 522 582
227 228 212 879
228 229 20 845
229 230 875 906
230 231 198 460
231 232 189 546
232 233 461 799
233 234 36 286
234 235 466 490
235 236 188 599
236 237 15 15
237 238 129 594
238 239 108 434
239 240 698 808
240 241 74 315
241 242 728 893
242 243 314 578
243 244 35 184
244 245 464 788
245 246 29 612
246 247 0 53
247 248 20 420
248 249 271 679
249 250 530 919
250 251 0 0
251 252 768 977
252 253 96 376
253 254 80 974
254 255 95 605
255 256 173 829
256 257 240 575
257 258 218 628
258 259 200 285
259 260 410 587
260 261 56 750
261 262 31 859
262 263 596 755
263 264 629 698
264 265 4 865
265 266 85 323
266 267 314 671
267 268 162 451
268 269 92 382
269 270 9 411
270 271 213 401
271 272 41 317
272 273 349 622
273 274 72 430
274 275 410 974
275 276 464 678
276 277 54 198
277 278 4 427
278 279 75 343
279 280 25 798
280 281 823 880
281 282 707 904
282 283 343 663
283 284 4 270
284 285 75 252
285 286 462 855
286 287 454 528
287 288 148 802
288 289 47 573
289 290 32 733
290 291 230 519
291 292 14 771
292 293 38 569
293 294 379 466
294 295 218 343
295 296 53 68
296 297 267 378
297 298 19 79
298 299 43 983
299 300 51 181
300 301 703 812
301 302 64 875
302 303 455 689
303 304 106 570
304 305 84 161
305 306 423 467
306 307 164 345
307 308 191 225
308 309 498 593
309 310 43 312
310 311 495 917
311 312 425 910
312 313 56 257
313 314 49 111
314 315 93 193
315 316 166 500
316 317 6 729
317 318 105 208
318 319 167 248
319 320 47 852
320 321 65 416
321 322 373 617
322 323 74 233
323 324 91 102
324 325 408 516
325 326 103 477
326 327 30 152
327 328 423 622
328 329 85 544
329 330 334 654
330 331 143 144
331 332 108 752
332 333 10 222
333 334 467 519
334 335 562 786
335 336 7 22
336 337 127 324
337 338 70 873
338 339 297 845
339 340 0 538
340 341 542 867
341 342 190 950
342 343 517 827
343 344 274 854
344 345 4 98
345 346 471 651
346 347 535 704
347 348 248 610
348 349 564 800
349 350 20 34
350 351 748 771
351 352 222 732
352 353 81 259
353 354 58 257
354 355 425 632
355 356 269 345
356 357 409 797
357 358 275 446
358 359 35 783
359 360 442 991
360 361 291 300
361 362 51 143
362 363 500 902
363 364 223 542
364 365 942 975
365 366 129 637
366 367 987 994
367 368 360 546
368 369 426 526
369 370 62 135
370 371 316 356
371 372 14 26
372 373 92 160
373 374 685 746
374 375 9 30
375 376 266 366
376 377 695 863
377 378 333 693
378 379 337 691
379 380 159 188
380 381 246 442
381 382 157 582
382 383 482 990
383 384 56 204
384 385 55 247
385 386 170 262
386 387 691 750
387 388 91 457
388 389 50 56
389 390 237 509
390 391 154 212
391 392 242 799
392 393 145 297
393 394 5 27
394 395 52 594
395 396 140 844
396 397 192 381
397 398 591 750
398 399 462 511
399 400 118 541
400 401 709 960
401 402 207 804
402 403 18 32
403 404 94 710
404 405 173 465
405 406 78 948
406 407 112 221
407 408 186 267
408 409 37 81
409 410 155 429
410 411 89 109
411 412 29 634
412 413 311 803
413 414 320 697
414 415 564 766
415 416 312 342
416 417 234 846
417 418 351 429
418 419 541 824
419 420 7 627
420 421 105 143
421 422 47 78
422 423 12 18
423 424 39 66
424 425 263 459
425 426 41 113
426 427 26 27
427 428 746 755
428 429 153 395
429 430 625 747
430 431 444 452
431 432 263 450
432 433 321 478
433 434 40 474
434 435 797 803
435 436 314 402
436 437 900 905
437 438 24 37
438 439 29 774
439 440 90 125
440 441 426 619
441 442 6 10
442 443 57 539
443 444 1 3
444 445 739 952
445 446 807 906
446 447 406 796
447 448 656 916
448 449 11 145
449 450 97 157
450 451 157 187
451 452 434 623
452 453 503 906
453 454 853 990
454 455 530 711
455 456 193 732
456 457 910 910
457 458 230 401
458 459 160 250
459 460 85 173
460 461 106 119
461 462 711 813
462 463 124 146
463 464 171 264
464 465 480 819
465 466 87 310
466 467 975 983
467 468 213 266
468 469 268 534
469 470 243 314
470 471 113 911
471 472 338 366
472 473 19 434
473 474 117 512
474 475 791 939
475 476 9 30
476 477 347 717
477 478 579 891
478 479 4 27
479 480 159 522
480 481 290 326
481 482 763 860
482 483 288 559
483 484 184 690
484 485 399 453
485 486 313 628
486 487 97 290
487 488 8 9
488 489 118 577
489 490 255 311
490 491 434 517
491 492 479 917
492 493 69 426
493 494 235 247
494 495 22 371
495 496 827 932
496 497 538 937
497 498 320 845
498 499 590 921
499 0 29 228
127 308 35 87
231 237 81 227
120 54 47 314
435 231 149 174
401 24 62 607
448 392 395 414
15 375 136 817
487 380 81 185
110 18 112 702
225 370 211 240
308 337 275 574
327 398 139 349
298 295 15 57
493 218 11 229
424 456 92 664
90 242 387 497
245 47 92 519
228 191 102 174
410 457 530 571
395 380 107 997
479 314 370 817
217 415 92 594
387 437 297 976
241 478 690 902
83 15 374 596
79 425 23 32
131 99 18 93
224 440 4 65
210 58 398 452
114 273 120 375
359 212 590 976
44 153 161 168
5 384 404 973
373 93 150 768
420 273 137 825
237 454 396 633
75 56 37 669
43 225 157 477
102 24 13 13
178 171 273 353
69 175 103 492
384 205 427 730
455 395 206 469
151 170 281 457
401 420 44 137
317 443 1 10
317 67 237 759
419 377 319 320
375 264 163 985
205 141 102 220
200 135 216 339
25 444 19 524
394 179 191 755
400 108 404 464
234 385 17 124
126 161 5 312
425 392 348 505
154 233 587 674
152 458 274 770
480 17 51 130
329 71 19 22
436 498 484 519
206 243 365 810
386 199 12 12
192 51 470 673
276 48 518 687
369 439 259 449
424 321 123 915
80 277 521 645
203 184 0 5
294 317 162 484
57 331 485 860
172 65 517 831
143 128 297 649
224 104 548 674
423 181 143 579
471 494 116 274
438 27 452 561
48 310 368 672
17 294 87 352
66 372 9 856
78 35 48 195
424 350 187 748
234 297 178 289
447 216 202 774
479 439 224 428
230 345 307 808
115 14 12 353
401 247 180 213
410 463 346 768
337 324 301 308
470 367 42 733
404 115 121 745
138 405 40 221
91 415 116 214
21 498 54 199
421 30 70 142
424 382 277 377
368 2 4 26
353 405 103 111
184 34 446 675
335 137 552 800
451 37 13 80
459 15 159 231
366 317 125 207
266 180 601 918
248 195 369 712
76 368 38 554
186 226 144 304
168 434 405 835
358 277 269 435
170 154 93 924
375 483 19 706
252 169 32 478
450 237 47 126
439 56 755 977
322 240 65 159
255 292 189 202
318 360 230 431
317 176 180 404
207 418 48 146
275 403 251 730
172 138 8 188
98 395 289 644
144 82 682 755
17 108 185 210
293 156 489 601
73 84 720 749
177 438 195 638
261 264 555 597
302 185 13 295
8 244 263 732
359 176 71 946
332 480 394 425
474 58 264 782
120 264 45 56
297 432 627 836
38 26 89 192
141 144 32 395
497 76 60 300
168 39 6 80
457 498 808 905
149 474 267 370
399 225 238 531
458 23 285 494
370 204 26 132
265 2 149 206
234 73 65 76
378 34 289 508
481 171 158 261
469 452 322 357
117 481 97 108
189 241 473 788
419 398 83 106
370 495 778 986
315 36 174 177
109 133 393 572
191 225 41 44
312 317 54 787
217 456 100 189
496 71 308 528
411 38 286 740
194 101 39 150
221 243 248 551
2 202 118 216
214 325 642 759
69 162 590 723
334 382 46 176
135 37 847 862
445 481 18 19
194 75 289 861
411 471 394 559
387 464 262 403
24 497 158 759
200 457 534 717
57 176 966 988
231 23 115 278
11 249 0 3
28 186 244 934
481 186 196 858
52 49 606 729
43 497 272 517
159 146 23 707
278 479 594 781
157 433 159 375
40 314 136 771
96 334 527 751
5 134 366 613
412 286 111 402
386 195 43 698
411 162 2 3
340 147 277 775
259 442 649 897
116 357 126 239
411 414 11 120
396 3 78 220
253 278 275 302
86 144 157 883
183 35 104 543
252 348 57 286
141 148 16 138
314 145 183 290
371 475 584 614
498 135 13 324
413 166 212 457
46 464 31 444
293 413 492 828
312 161 255 426
26 170 121 346
91 295 177 675
167 0 69 221
414 365 423 467
343 0 127 315
443 378 443 627
0 196 483 878
178 491 202 448
440 491 363 785
93 85 47 457
477 439 624 656
108 487 16 131
279 124 56 433
287 322 146 910
78 292 528 606
95 66 758 767
449 100 475 505
350 172 190 498
397 89 407 843
236 55 45 67
424 141 466 573
417 408 866 943
95 464 45 518
305 274 25 194
452 449 624 848
382 126 242 251
85 245 398 701
295 302 512 540
21 97 814 949
429 217 439 624
261 185 151 838
16 180 4 7
208 116 553 990
457 8 4 77
11 222 141 322
249 288 815 947
425 330 0 8
131 352 70 823
49 5 370 862
178 210 259 440
160 91 220 256
464 376 494 803
400 274 255 478
24 46 112 134
443 150 691 928
464 50 294 896
395 23 120 492
327 143 561 857
392 172 255 418
145 68 46 684
455 199 154 398
480 13 271 506
19 391 169 189
146 200 907 965
179 231 64 294
266 389 58 103
96 73 19 144
325 379 10 14
265 53 109 716
333 278 1 565
142 288 11 795
148 118 110 507
436 248 717 792
452 245 44 696
286 35 227 778
187 363 59 406
460 178 422 648
298 319 25 179
336 74 100 322
121 110 165 172
273 240 376 409
120 335 205 241
229 0 214 407
98 339 94 976
102 117 46 320
253 284 408 983
411 266 334 636
374 456 106 375
336 202 225 858
399 257 283 620
468 195 100 252
97 456 579 793
61 315 2 433
155 141 219 357
356 163 10 330
95 293 43 698
323 199 69 268
443 82 479 809
226 385 26 295
227 141 469 544
219 19 35 488
48 13 281 856
180 274 721 889
141 64 172 184
27 127 144 585
466 326 499 899
484 451 250 446
61 140 440 922
202 279 125 279
98 412 570 609
284 88 266 683
462 196 10 228
177 140 3 13
465 255 180 417
83 492 276 939
51 474 186 343
43 42 594 780
313 233 158 174
66 386 264 342
425 478 81 144
463 478 123 717
380 448 298 700
306 186 516 689
80 117 8 253
217 452 334 693
324 331 118 227
306 174 228 425
214 217 60 372
20 95 227 355
1 460 13 57
94 287 99 632
486 461 275 708
277 220 309 614
435 336 107 648
160 148 95 170
301 193 121 149
398 253 70 514
485 84 679 876
299 319 181 184
253 263 437 463
455 138 145 429
39 418 345 497
50 170 107 161
7 183 283 342
99 25 222 262
60 252 469 845
135 281 539 801
18 91 213 427
77 195 4 607
400 174 103 145
129 189 259 510
112 365 56 297
43 8 741 860
135 428 547 672
446 478 457 634
146 90 7 124
356 101 5 471
353 498 971 987
110 168 577 949
141 298 0 645
113 488 71 151
421 472 344 639
241 16 318 566
185 346 433 469
228 13 279 428
481 369 38 599
248 301 259 850
329 110 369 751
281 90 238 579
401 110 294 925
358 238 31 64
496 324 62 992
253 209 6 53
313 177 189 199
71 329 318 423
323 202 10 107
491 305 365 624
266 457 44 48
441 497 183 284
368 365 41 61
409 116 158 704
2 426 54 669
487 207 34 378
354 92 0 188
111 38 716 747
375 203 22 340
312 461 609 796
421 245 266 488
316 391 263 526
386 186 2 28
227 484 8 644
171 412 22 351
465 350 2 229
43 116 422 434
459 317 57 382
492 203 282 470
172 194 404 980
86 245 269 364
480 225 493 775
147 274 510 553
335 82 600 890
193 98 81 355
151 305 107 245
489 337 466 911
263 171 42 43
338 36 2 951
369 302 36 556
180 407 319 376
315 450 942 996
182 457 45 58
364 353 337 517
29 52 26 31
130 59 1 571
250 208 45 180
255 282 208 631
73 88 98 981
376 222 565 875
15 232 373 452
185 380 252 709
259 289 168 778
384 89 235 495
293 5 118 529
482 320 55 150
273 95 273 369
494 72 65 142
271 366 51 727
476 456 160 477
129 190 274 449
359 385 623 886
47 93 460 528
276 63 2 409
60 200 80 269
211 111 54 72
14 362 361 418
496 392 23 25
173 318 116 291
271 128 221 504
53 323 374 966
249 322 24 109
230 495 99 673
36 316 1 500
166 410 596 777
194 96 141 143
93 196 69 83
164 83 74 399
279 359 608 797
258 462 36 191
174 273 261 768
204 87 177 290
496 482 150 217
459 25 6 16
304 62 107 399
59 339 360 381
203 72 201 660
191 363 41 70
312 64 64 152
494 19 5 16
155 350 47 113
227 478 496 652
461 466 348 403
404 21 166 321
295 156 162 558
171 80 214 994
343 489 801 835
22 111 699 700
445 123 505 919
20 77 29 39
12 128 52 70
238 105 142 474
303 43 300 349
145 423 321 938
446 111 389 490
248 114 256 540
32 488 230 896
293 306 42 447
256 280 92 877
248 68 66 253
127 336 109 274
344 33 243 328
191 111 174 548
299 463 109 220
57 87 575 672
227 264 141 142
103 201 4 94
361 11 87 871
341 268 53 237
209 221 138 386
214 315 81 572
92 376 413 526
351 190 28 76
2 354 54 875
213 34 690 952
408 177 284 813
417 424 139 284
33 404 374 528
479 327 184 339
281 50 138 555
287 200 734 975
44 108 133 312
99 76 630 669
453 315 316 326
104 407 24 775
281 219 156 326
357 347 72 890
83 133 317 752
158 378 114 763
206 16 261 469
356 297 140 210
440 224 39 41
30 469 108 322
347 82 19 37
119 150 608 694
107 174 168 671
469 145 279 430
431 309 126 768
208 7 189 536
464 477 31 39
134 186 5 134
340 384 122 193
40 99 256 335
74 57 43 52
489 349 274 605
73 487 365 512
274 304 99 618
172 348 267 432
265 244 739 848
409 300 401 454
230 114 6 15
447 124 239 873
19 448 557 656
217 37 208 823
114 253 80 952
66 231 22 50
434 82 121 235
85 209 4 63
80 44 193 422
383 128 250 864
430 202 41 81
130 270 192 473
441 25 121 125
327 3 407 773
99 222 146 842
136 170 16 43
231 40 172 486
198 417 96 239
283 191 914 953
254 41 923 944
172 210 579 614
130 177 687 974
89 461 9 345
71 59 367 898
387 216 405 435
43 385 196 236
10 218 621 941
43 117 177 684
443 441 32 64
432 459 590 871
344 290 428 702
17 474 301 605
431 115 8 733
395 72 119 253
65 13 160 601
392 0 566 815
122 495 29 54
191 372 103 130
451 352 485 843
486 378 432 618
332 337 445 531
78 51 131 248
236 12 281 295
394 129 273 873
446 176 317 422
53 475 33 64
169 132 71 897
285 36 61 203
108 56 517 827
93 242 571 882
357 483 35 487
244 15 238 599
409 387 30 527
229 392 320 625
87 51 157 855
182 283 210 282
265 76 367 884
256 139 179 568
50 260 74 115
203 139 147 227
279 81 432 596
439 366 214 239
367 234 50 131
353 425 76 162
26 106 716 845
344 76 521 602
342 407 210 964
277 179 217 346
231 487 245 596
86 337 354 599
109 260 338 616
105 94 17 59
423 471 596 751
250 147 489 949
489 349 141 535
455 57 124 192
463 444 498 753
171 196 3 7
307 455 142 328
392 330 164 918
407 127 383 588
37 139 782 856
174 126 31 605
223 116 604 823
395 496 289 880
329 266 292 321
90 453 10 123
256 337 40 722
444 11 231 440
171 436 119 126
363 240 573 590
402 338 8 36
52 435 171 200
330 326 518 789
469 111 8 12
456 329 260 303
305 41 20 21
230 273 437 998
99 410 30 582
328 417 160 293
99 486 187 929
400 40 433 507
201 164 328 455
313 270 548 588
216 370 128 264
400 391 282 305
198 385 331 372
382 243 22 244
123 419 566 585
317 35 93 696
483 6 31 72
14 406 835 972
353 380 342 753
220 217 104 806
449 486 232 752
435 387 38 80
229 48 334 482
349 30 285 446
256 378 199 673
50 440 156 449
286 346 92 705
179 477 351 682
282 17 424 697
421 41 127 619
290 282 150 151
342 446 108 761
88 378 562 781
282 465 586 905
397 213 187 234
20 364 108 176
43 283 284 391
415 5 172 320
288 195 529 816
490 193 198 614
309 258 362 760
181 349 11 428
67 456 42 99
401 279 111 115
67 117 314 373
372 335 181 194
66 392 254 821
195 489 407 600
410 185 420 689
244 137 100 491
448 182 14 88
437 493 70 235
34 461 248 462
460 22 67 198
40 415 12 25
288 471 634 730
481 356 581 725
266 238 180 330
46 238 153 844
37 138 300 428
222 403 678 865
355 170 289 657
440 333 480 581
335 111 78 200
7 175 493 530
224 184 45 895
466 436 150 305
472 329 761 871
255 307 776 909
232 118 263 330
482 251 345 683
304 5 739 900
176 37 36 75
312 47 745 879
246 243 144 191
158 473 363 850
148 144 83 667
252 77 163 344
26 43 12 151
392 477 565 636
44 212 44 848
420 271 690 822
422 197 230 628
199 283 883 957
88 43 479 590
384 9 174 198
248 272 64 429
18 123 290 337
345 300 793 992
197 78 232 380
154 249 841 993
491 410 421 519
213 109 19 172
7 227 30 74
115 487 327 370
138 383 118 123
67 266 301 635
259 407 111 414
144 227 830 991
349 233 882 930
396 141 28 149
469 437 41 395
39 362 44 462
343 105 245 561
478 192 85 781
57 404 278 487
333 171 137 420
453 294 27 262
20 14 580 911
7 367 15 22
8 37 484 821
99 291 76 188
46 270 664 686
338 361 71 355
449 422 492 975
181 457 34 122
209 261 155 187
458 138 216 890
160 182 27 583
175 15 43 309
8 164 0 0
73 112 76 227
207 362 61 145
204 296 143 203
234 126 116 897
178 220 682 873
466 412 183 700
382 194 57 470
193 376 811 827
178 230 248 496
492 107 81 363
148 236 77 275
1 263 909 925
422 75 303 387
69 375 3 493
206 252 2 254
471 268 455 885
119 64 152 383
209 357 59 297
71 427 323 718
138 90 22 191
238 179 21 118
333 408 561 837
378 287 513 744
5 143 143 591
83 431 83 243
392 139 505 623
159 404 515 638
146 417 180 327
83 458 19 67
198 47 865 881
124 326 195 460
108 207 535 764
457 51 221 254
297 380 575 591
488 143 85 429
351 249 42 382
257 375 61 126
335 480 137 244
141 255 0 79
113 279 171 303
234 224 99 742
236 279 178 615
166 154 661 673
156 195 7 8
243 22 641 679
135 157 29 503
473 379 139 231
472 258 12 175
169 498 66 185
212 109 611 845
335 243 75 983
270 71 393 914
230 382 131 347
312 126 325 781
487 491 339 547
79 167 525 817
440 45 175 484
486 380 525 590
257 336 208 788
274 230 6 100
338 473 76 537
414 36 101 366
134 327 346 604
460 254 239 959
229 52 72 393
431 31 373 393
294 11 754 791
149 486 69 645
189 161 248 394
402 207 184 689
435 359 30 404
338 94 43 136
135 128 298 451
258 204 29 334
18 241 124 218
251 104 477 926
390 167 196 690
81 134 251 599
144 9 375 747
382 401 300 542
224 333 277 701
38 54 659 931
377 278 752 863
72 263 115 167
205 481 247 263
198 448 0 71
431 34 356 979
443 363 155 236
59 304 300 661
288 47 69 89
375 39 205 210
105 164 170 503
236 207 96 105
221 387 229 389
139 114 263 538
490 201 7 339
80 221 184 556
365 192 340 537
63 418 263 391
147 459 437 696
317 217 315 679
2 127 107 687
97 463 26 562
65 369 179 358
423 267 406 613
376 344 666 936
293 49 411 597
443 116 562 980
439 457 275 441
344 495 155 740
350 173 5 37
169 340 21 765
351 203 91 518
417 254 5 5
138 161 73 277
227 448 58 535
48 170 546 768
309 1 28 53
232 440 431 549
159 260 336 801
344 161 503 650
40 417 97 932
167 444 57 74
415 95 140 277
319 387 288 920
13 390 699 765
161 333 255 600
472 393 635 833
117 390 563 896
73 429 720 973
350 94 823 999
481 482 39 139
152 168 69 70
164 21 31 73
291 290 1 14
301 269 213 972
320 284 20 94
145 12 324 842
260 30 639 685
362 470 141 488
481 194 99 347
73 196 174 354
186 216 17 254
209 185 544 911
1 249 579 726
87 209 0 25
470 256 15 461
146 282 192 281
303 94 20 28
8 353 759 885
66 191 324 771
73 329 58 330
64 244 668 797
273 314 9 324
44 231 30 308
242 82 792 929
298 170 687 977
404 451 252 524
359 79 375 952
265 182 788 888
377 129 232 518
385 35 124 373
375 188 410 711
261 110 106 456
330 53 448 605
162 265 539 991
286 133 566 774
493 66 201 334
465 379 89 89
85 100 41 185
289 435 409 527
390 154 376 417
219 228 172 801
49 411 556 934
492 67 64 178
369 240 788 860
288 158 777 958
177 103 897 960
238 325 19 37
227 328 16 57
215 384 5 5
73 394 115 312
394 17 22 55
415 273 42 294
475 265 316 356
420 166 635 954
264 287 87 477
197 109 162 278
353 61 227 503
100 186 604 644
305 292 47 111
483 81 332 758
119 67 683 852
378 232 13 845
433 127 726 891
492 400 362 382
487 196 177 444
449 468 92 101
185 411 21 226
339 474 531 972
199 129 128 284
425 237 552 908
377 113 484 891
261 3 639 923
223 355 120 156
254 29 327 880
371 16 227 632
28 338 118 210
62 24 338 345
359 214 75 160
273 312 59 444
195 315 81 83
184 127 31 165
442 483 117 197
65 467 532 691
89 164 241 574
497 492 752 874
427 489 120 244
140 69 303 630
102 311 7 34
101 26 332 516
388 56 108 864
487 173 773 985
121 26 3 9
416 41 68 253
29 48 37 224
144 90 42 47
80 421 10 10
52 32 42 490
469 403 11 45
144 497 100 278
301 343 412 640
370 363 82 294
347 355 90 269
273 172 292 591
483 296 102 380
359 399 342 703
59 178 269 496
423 11 3 633
43 278 121 353
261 28 83 287
250 493 21 133
184 269 188 938
10 127 536 805
135 279 809 938
350 404 155 185
388 237 333 934
156 436 473 936
424 292 114 283
383 294 234 274
335 62 533 551
173 47 135 185
303 84 272 442
50 380 73 185
97 488 255 948
230 105 276 494
64 220 697 964
339 330 631 645
127 456 335 484
471 459 299 968
365 29 25 143
219 238 78 632
285 48 610 662
200 174 398 434
123 290 55 59
166 414 31 493
38 164 53 465
313 23 10 807
0 143 240 256
305 115 388 391
448 345 236 240
356 85 402 687
447 54 90 990
305 196 56 177
414 416 120 822
12 177 144 231
32 81 56 58
99 88 91 138
239 348 468 936
227 25 306 889
244 165 146 289
391 12 599 948
272 488 337 850
202 93 403 435
412 74 396 468
394 402 334 630
45 451 133 158
155 190 1 14
114 200 197 265
495 129 3 15
401 195 271 675
30 90 113 552
86 334 102 321
451 443 53 780
28 226 51 145
138 201 237 245
182 72 1 292
55 381 138 196
391 151 30 88
376 79 287 870
88 14 57 88
280 259 605 684
482 138 17 120
6 101 9 10
471 149 405 557
322 348 399 908
314 427 803 861
21 246 276 338
120 275 10 27
190 396 74 801
449 269 334 806
73 75 665 869
326 161 133 670
116 400 506 808
493 63 300 898
83 40 388 454
348 239 495 558
310 137 91 506
31 252 331 692
65 104 142 683
240 285 27 520
294 417 461 829
76 35 83 506
436 383 136 825
322 82 107 282
317 246 168 178
429 226 393 970
69 466 312 742
143 50 216 260
390 429 44 581
482 219 300 956
362 482 2 80
59 427 40 83
43 300 247 619
335 429 153 224
37 175 133 765
349 116 268 568
106 496 593 666
211 152 87 107
178 85 57 84
77 282 321 625
305 282 394 410
496 228 45 87
452 252 239 371
166 383 371 672
472 271 21 189
424 459 762 896
306 144 251 950
482 284 917 962
306 269 111 730
48 369 275 406
195 83 250 744
488 407 182 288
428 312 73 314
319 224 3 606
294 427 448 595
45 249 812 879
296 214 247 254
492 18 458 766
312 488 650 941
102 105 1 1
248 19 354 476
340 230 109 657
197 330 626 844
142 135 74 183
298 142 625 857
116 251 316 364
475 136 483 893
349 449 22 27
326 296 40 85
474 70 932 982
371 394 420 610
429 416 305 418
169 344 70 169
20 105 125 650
188 441 25 37
368 399 149 311
185 467 283 323
74 389 511 608
271 337 379 651
152 88 62 846
7 126 605 928
14 478 423 661
20 206 415 578
156 192 153 399
197 336 599 967
456 194 58 154
99 303 734 895
109 36 109 311
7 35 246 549
130 262 377 682
50 394 81 236
380 313 129 167
41 318 290 508
351 99 211 792
322 445 656 693
462 358 0 119
235 90 559 901
152 401 137 480
7 174 36 947
46 445 360 553
167 90 70 84
187 135 132 202
468 497 767 855
343 354 212 706
6 51 82 895
277 267 178 329
190 129 443 528
410 492 415 651
168 330 83 594
184 332 75 231
372 10 335 427
448 380 248 248
31 459 841 846
234 192 921 987
119 405 63 66
357 416 319 714
351 286 130 330
246 149 305 626
100 89 14 258
248 42 151 651
368 345 317 371
25 319 183 295
118 440 591 912
335 49 510 943
74 148 356 614
231 49 58 214
144 151 464 940
306 269 8 751
297 288 348 751
323 21 112 211
18 417 686 830
423 265 22 240
380 497 243 632
367 5 193 711
165 464 178 743
216 235 379 390
214 354 322 760
20 32 282 903
59 106 214 588
105 5 57 90
405 486 72 129
265 61 18 105
53 43 119 172
196 279 107 126
394 296 128 779
360 221 24 39
147 352 231 241
410 437 133 879
122 284 649 974
287 190 217 606
380 365 837 977
13 43 9 43
51 382 773 949
256 417 287 311
166 146 293 799
230 313 418 811
9 362 38 860
372 150 5 459
450 319 831 931
68 324 113 258
486 235 886 935
407 83 331 619
245 387 545 986
299 482 17 32
11 194 268 725
321 310 302 566
57 250 421 492
206 363 229 259
343 131 316 327
112 291 151 249
38 299 164 219
138 409 627 800
250 86 125 502
12 449 71 83
342 104 735 777
132 176 289 534
467 360 688 740
366 450 267 515
403 234 96 400
53 96 381 987
389 33 9 28
70 476 455 933
170 233 811 931
152 371 113 391
219 457 158 214
183 483 617 619
155 71 91 178
184 293 767 804
239 185 50 254
81 153 121 291
311 164 343 916
404 452 869 903
208 364 483 535
429 299 521 863
19 334 152 352
69 99 629 998
285 378 208 434
124 465 121 295
437 339 9 41
217 17 716 990
351 431 277 465
421 305 447 735
317 239 246 641
174 100 170 723
133 478 20 51
104 75 894 920
368 204 448 927
280 470 227 552
457 66 542 964
27 425 237 281
8 406 130 602
463 100 196 396
36 258 187 628
149 437 219 300
379 336 661 820
439 398 33 69
58 245 14 41
77 145 25 49
213 222 11 150
185 144 141 395
183 481 681 956
190 106 20 110
455 303 334 648
80 94 57 528
151 196 58 353
21 444 49 198
113 462 105 220
271 43 20 43
166 450 120 713
244 17 7 654
325 401 148 444
320 353 475 719
153 67 17 110
458 154 638 939
187 155 90 848
33 415 601 659
184 339 286 379
387 105 387 416
342 6 472 482
15 160 604 936
438 83 281 864
408 249 95 478
173 432 540 555
122 386 418 876
451 356 544 950
451 5 451 639
366 390 543 749
446 118 14 351
94 394 208 918
22 387 25 837
340 95 59 552
180 496 717 868
492 486 15 850
62 262 464 809
118 69 125 130
7 89 426 536
212 66 69 901
291 83 746 771
193 33 300 421
475 138 638 978
62 371 83 251
292 27 318 333
211 445 156 955
129 416 512 809
458 493 751 901
280 356 4 11
44 210 143 380
433 385 214 235
277 236 89 296
443 476 592 738
28 387 548 724
326 283 291 462
418 464 102 365
364 406 514 585
79 3 130 534
471 453 272 551
209 227 74 616
225 399 75 396
425 225 282 772
264 324 134 251
300 463 249 656
69 380 203 961
469 346 3 3
227 195 654 724
170 468 89 109
465 281 352 544
370 82 254 627
478 417 59 243
458 408 624 914
197 218 440 622
372 351 15 231
481 57 369 770
214 223 59 105
401 4 434 555
42 492 91 95
109 250 138 581
403 41 243 253
145 155 244 650
252 362 181 716
318 208 124 524
476 149 298 658
33 363 94 814
178 279 349 808
282 208 34 620
446 358 253 451
39 485 273 408
354 241 102 875
412 176 16 703
400 309 98 185
105 455 213 566
3 331 257 909
162 407 59 150
497 171 333 846
150 469 434 821
369 97 56 499
228 262 5 37
108 340 22 147
345 212 338 923
424 81 18 44
106 291 40 372
128 134 195 619
430 359 62 197
359 141 3 982
352 246 63 156
237 465 229 540
249 364 515 618
421 249 23 231
347 106 36 466
460 445 102 491
430 458 644 767
350 367 350 634
230 447 398 468
407 426 570 667
427 432 51 453
457 236 196 526
177 275 179 659
251 275 89 181
374 329 244 788
151 389 540 603
115 91 517 981
137 308 218 222
330 470 376 466
139 413 759 896
200 233 478 602
38 466 662 726
241 328 240 414
410 374 473 684
221 84 634 947
30 225 185 200
467 271 310 808
415 12 188 970
438 103 1 14
162 51 163 215
305 491 66 117
217 289 742 768
257 322 52 81
328 389 438 999
204 439 223 390
45 294 564 906
250 260 93 188
148 206 441 441
308 455 790 845
115 401 303 595
279 462 330 462
34 197 138 513
129 386 317 574
330 288 280 440
380 296 104 193
432 434 65 114
141 87 124 151
327 376 48 52
147 166 324 559
216 118 409 848
80 115 270 359
145 454 16 75
283 138 141 426
276 429 191 602
298 277 269 425
175 181 13 811
250 326 940 942
360 449 479 870
448 405 121 704
156 370 77 470
291 214 156 683
294 376 2 13
159 469 861 983
216 489 89 172
136 459 292 907
140 257 200 807
108 15 417 800
353 264 176 269
202 426 196 219
25 266 330 429
171 389 313 850
471 327 157 450
164 61 400 936
355 213 5 353
459 303 137 620
439 35 502 981
388 395 508 644
182 180 8 45
455 189 253 464
229 273 268 335
428 40 173 532
450 440 50 285
447 360 66 122
487 282 480 668
158 14 172 682
340 477 612 868
438 262 39 132
419 200 249 799
306 82 538 827
498 2 268 647
172 148 169 205
373 310 88 261
257 111 10 418
161 311 315 542
255 319 315 477
295 257 300 467
192 240 3 840
315 149 521 870
192 417 354 817
423 61 38 878
160 271 397 571
471 11 508 965
330 493 214 607
259 93 386 604
274 382 264 319
13 151 611 681
44 252 34 52
446 7 126 134
57 214 107 130
42 463 101 655
317 232 19 175
73 126 181 341
5 240 34 44
162 102 180 233
48 463 158 965
421 153 428 509
359 4 95 151
180 399 447 523
384 4 808 944
392 131 833 866
328 233 60 392
7 419 13 284
79 259 397 762
419 1 167 240
423 396 6 254
457 183 35 84
203 455 55 865
118 331 371 448
192 482 293 562
189 496 689 737
125 134 98 797
71 51 303 447
195 36 46 184
264 84 374 829
455 99 23 31
349 252 360 947
357 0 381 577
316 355 518 876
173 215 176 609
360 277 154 251
38 451 155 296
208 399 39 533
157 283 854 963
432 171 159 184
133 382 421 510
337 57 54 344
256 477 758 770
337 335 559 803
103 298 238 424
410 216 37 204
165 305 63 67
2 162 143 198
289 54 57 272
220 131 68 599
353 160 313 873
456 247 34 128
276 143 871 959
140 159 340 683
373 318 720 742
236 459 965 983
100 61 133 416
154 316 18 532
193 471 2 679
197 284 198 513
482 252 95 299
436 32 36 105
284 398 66 285
111 136 356 769
257 261 470 641
176 22 289 802
46 279 467 517
336 338 140 232
413 276 69 628
374 393 51 304
381 87 1 29
324 441 166 904
204 335 187 420
452 100 76 426
83 312 587 741
331 201 122 949
117 23 30 72
443 346 116 172
75 29 256 322
326 70 229 248
342 23 314 495
260 243 651 825
479 151 263 854
124 370 58 596
306 95 212 240
153 40 169 186
333 414 440 744
350 64 206 237
21 177 355 540
187 136 662 750
111 258 54 228
347 217 162 174
234 66 22 39
429 258 17 147
82 377 529 852
226 137 35 104
223 341 199 223
457 331 30 32
400 134 629 677
452 228 50 231
17 71 283 414
105 336 101 139
434 199 115 377
396 247 168 424
464 376 124 473
454 258 190 423
172 320 55 102
17 332 65 773
423 244 7 137
405 109 208 424
392 230 144 272
497 456 69 301
39 383 240 673
473 265 341 518
187 425 7 190
174 334 301 469
305 223 330 339
208 107 233 705
281 279 86 226
175 291 831 845
471 133 14 526
41 120 336 501
474 81 159 253
3 441 8 186
76 155 296 472
33 305 644 982
366 409 34 133
371 142 185 283
292 36 285 801
243 28 629 665
26 346 77 279
466 425 284 314
455 40 245 420
255 367 420 603
363 27 720 720
218 41 832 858
80 309 54 681
416 393 64 237
446 438 14 926
47 124 627 781
68 60 287 307
350 32 165 305
351 462 604 882
408 117 23 126
119 408 602 634
274 290 275 277
277 366 199 828
96 149 340 364
361 126 729 734
92 55 15 192
491 353 252 481
404 447 799 804
465 60 323 397
107 381 86 161
334 63 283 649
99 423 83 754
371 262 259 280
109 457 235 451
382 18 180 901
227 89 233 872
233 272 180 707
17 439 554 591
150 433 196 818
40 488 209 908
329 164 2 2
431 218 112 397
395 284 126 561
172 167 645 734
2 72 35 87
345 488 81 400
373 353 113 279
370 408 47 423
286 305 334 498
256 490 493 660
378 243 61 496
295 42 112 621
373 408 560 583
405 112 125 428
336 133 1 4
203 13 24 194
46 292 201 320
25 482 17 147
271 266 14 599
278 309 263 612
425 141 45 500
426 4 194 321
410 182 353 653
270 249 137 190
493 313 5 5
119 156 706 735
341 293 8 443
362 162 404 698
73 347 180 185
248 453 34 62
222 217 172 378
452 467 228 696
140 10 69 102
485 110 178 196
15 367 162 454
444 495 615 621
166 310 220 750
165 134 26 109
369 218 255 625
220 76 77 387
125 351 569 670
313 165 81 203
76 183 303 528
159 48 168 172
71 458 3 18
116 292 353 487
325 44 132 184
205 222 279 638
301 202 82 537
46 466 176 775
416 44 128 393
252 327 956 990
412 296 490 515
386 240 9 479
434 124 518 750
316 380 331 573
37 146 133 362
423 244 264 489
413 486 182 189
450 114 254 393
183 397 10 29
408 418 283 462
70 472 224 274
280 61 41 527
396 386 18 29
48 239 358 555
57 130 73 293
126 435 85 578
2 433 625 733
355 209 293 440
337 398 49 663
313 209 81 239
1 11 852 999
497 309 85 243
478 281 203 941
44 49 81 217
459 352 117 498
250 171 422 821
56 237 396 717
256 342 591 706
17 292 123 440
443 194 325 754
184 220 895 920
268 203 223 441
171 354 394 528
60 423 3 66
132 179 43 391
406 415 377 467
478 342 709 896
379 27 49 110
479 255 700 731
357 227 509 546
440 92 264 607
387 15 2 29
438 362 132 146
56 36 88 284
421 358 1 4
106 321 196 669
305 93 591 871
397 332 415 547
272 146 211 543
259 260 129 616
335 264 130 302
294 222 133 367
209 36 536 575
440 358 264 810
52 381 49 201
158 450 210 327
338 282 230 743
248 325 91 341
52 129 32 47
477 125 113 156
306 267 0 194
229 170 202 495
270 371 174 635
125 355 425 881
2 194 36 903
221 66 146 307
327 175 555 754
494 356 165 282
280 156 19 368
226 151 26 293
143 83 293 414
57 400 180 214
461 47 16 319
328 51 51 122
420 163 135 963
409 226 238 504
105 117 307 924
206 287 611 746
48 31 369 458
249 389 437 755
454 179 466 628
70 468 272 304
17 185 437 522
11 418 375 713
235 407 158 305
333 353 9 12
297 92 116 268
186 254 421 797
251 381 424 930
468 99 537 625
156 8 111 132
194 422 317 758
257 413 220 527
498 230 1 754
61 92 17 859
266 397 165 948
368 334 516 655
149 229 43 855
451 277 702 743
391 424 388 727
44 402 114 859
308 221 61 923
356 436 368 902
376 209 382 396
480 27 23 84
217 210 581 830
279 40 341 539
383 376 484 542
136 467 58 826
72 32 18 32
87 153 593 878
128 394 33 34
153 316 477 693
426 97 31 588
57 172 641 642
109 141 333 374
173 178 101 275
87 164 216 509
97 100 171 886
382 400 123 565
204 411 357 663
301 36 249 441
313 63 558 973
484 486 404 743
339 408 237 355
228 156 249 654
195 139 531 543
209 149 221 884
198 139 223 275
116 97 36 108
370 95 41 191
174 405 376 387
302 450 215 854
258 165 265 271
111 452 300 626
97 51 16 624
79 423 173 408
278 46 37 50
46 18 131 745
33 68 101 296
355 386 336 398
176 317 251 377
47 436 344 664
338 475 52 86
282 45 427 550
85 112 15 15
393 129 892 984
350 269 97 599
481 184 375 384
354 495 125 146
55 400 465 697
153 365 629 906
390 39 317 318
299 244 142 767
469 447 17 287
438 219 611 958
397 16 666 703
270 286 552 625
297 166 236 931
364 491 257 269
350 389 17 924
58 9 552 678
366 12 139 772
123 166 57 572
300 381 152 834
170 179 422 698
434 74 126 146
193 10 106 613
98 54 232 279
217 369 305 916
318 336 121 198
265 466 247 286
481 291 11 47
191 301 365 448
358 406 398 558
104 386 214 574
67 289 835 906
425 373 256 347
83 145 145 447
45 7 41 852
272 471 302 577
136 458 555 654
265 260 249 278
59 389 277 487
276 77 408 621
444 192 87 133
494 128 5 32
90 94 102 113
352 186 418 477
43 300 18 24
78 297 452 626
247 143 27 97
52 345 102 251
458 486 85 426
136 337 91 115
350 186 247 270
427 49 17 21
30 272 179 986
54 386 114 612
214 129 238 378
447 46 0 26
15 356 36 390
84 150 281 453
63 281 398 931
493 367 50 278
167 308 392 615
176 369 192 665
492 384 161 186
384 334 307 506
437 278 363 787
194 115 55 96
329 68 490 606
253 127 25 26
243 111 2 7
75 358 24 59
80 298 426 481
124 321 249 926
440 12 273 405
339 7 28 75
2 133 114 862
281 6 40 519
362 18 225 319
50 178 484 963
438 50 787 939
409 238 170 260
67 287 8 201
83 304 92 589
241 477 779 843
205 391 214 337
378 15 341 587
25 335 34 162
31 454 5 194
497 185 714 762
341 3 69 150
227 248 242 266
448 339 2 690
273 166 9 15
71 268 24 32
262 219 118 287
163 389 161 336
403 113 264 362
77 466 87 807
109 477 27 36
347 319 165 358
373 64 561 638
44 254 97 143
456 379 49 858
383 339 101 646
476 319 72 115
441 183 119 208
424 179 135 746
128 458 46 403
78 112 419 484
66 229 249 888
320 57 132 137
72 451 782 965
416 191 1 42
144 458 40 99
405 425 0 223
152 301 145 807
205 149 211 456
378 187 83 653
25 348 3 174
168 219 7 166
64 252 470 521
265 116 578 741
327 123 453 462
275 238 646 870
0 470 275 661
398 201 184 249
36 11 89 235
341 407 188 374
389 0 33 757
222 94 290 938
9 356 844 862
271 312 56 261
4 404 6 412
211 149 367 612
59 253 137 547
187 367 288 389
39 465 24 101
167 83 303 712
449 208 40 88
361 464 730 866
364 391 784 864
197 20 452 709
470 331 68 486
159 205 384 699
217 286 315 395
3 81 80 798
178 128 34 787
137 330 25 155
28 190 167 318
355 226 158 344
197 74 32 364
193 46 113 567
337 167 34 41
190 349 150 660
96 30 119 201
399 170 36 416
249 26 419 451
109 263 245 349
392 274 158 383
310 257 150 180
237 330 35 68
30 108 532 551
208 368 376 596
368 297 19 145
224 150 90 231
201 405 271 286
15 343 831 831
401 438 23 153
32 231 160 552
230 30 54 568
460 182 222 343
73 438 191 350
208 73 854 960
195 187 387 553
363 24 509 653
306 220 230 491
186 159 227 647
191 93 182 605
108 306 79 145
273 382 245 335
20 74 228 460
474 349 1 127
51 72 215 363
372 459 187 228
254 178 637 848
199 171 65 341
19 308 80 227
276 468 205 408
7 455 376 683
198 180 40 65
467 338 78 180
217 324 610 695
390 312 278 753
467 375 539 618
141 42 225 880
151 497 168 168
193 485 109 704
194 180 493 918
313 395 85 150
72 399 52 244
241 337 108 547
335 122 196 344
455 172 201 691
486 494 55 57
150 477 149 160
423 373 145 716
7 42 445 971
303 466 555 930
75 105 570 901
330 134 45 127
198 37 122 146
110 392 34 72
385 51 240 543
309 220 104 883
388 317 317 532
455 409 429 782
155 441 21 188
275 195 303 863
350 247 168 187
441 163 31 54
6 242 334 421
18 99 221 555
37 497 964 971
498 314 5 91
240 327 36 274
154 313 0 105
476 73 376 390
78 216 276 289
274 355 353 513
43 79 204 348
227 449 628 929
369 272 371 790
354 300 584 861
38 189 95 129
343 356 146 575
45 467 210 214
290 191 366 869
376 340 10 15
73 203 32 105
314 124 104 376
487 331 208 402
51 369 192 277
441 429 42 96
224 358 26 118
459 145 156 318
435 5 941 951
246 115 187 207
107 456 652 748
262 281 227 258
46 295 18 37
18 338 0 16
457 354 20 152
232 51 244 462
456 343 684 756
335 122 217 729
248 22 120 352
233 453 187 479
484 99 491 814
53 55 203 839
456 454 218 320
88 76 0 4
114 426 7 46
305 201 682 738
434 427 94 272
20 283 373 481
310 425 44 192
209 281 810 847
324 82 46 503
184 39 40 527
244 59 230 288
382 410 244 512
261 459 0 1
204 493 83 277
354 99 91 349
477 174 234 284
387 171 61 86
60 102 217 522
87 476 676 789
155 164 418 943
180 443 27 497
387 54 511 594
14 326 5 291
296 60 59 149
443 472 95 132
21 134 303 733
426 468 661 735
60 385 134 179
415 147 233 413
124 398 472 594
342 26 22 125
397 298 73 786
9 336 563 620
80 388 400 615
71 221 668 701
48 296 390 988
68 321 66 562
462 495 598 865
250 55 25 419
185 164 241 655
347 287 408 926
305 483 349 664
187 1 220 303
6 46 318 620
205 156 268 351
179 373 232 322
309 1 366 610
427 211 151 160
12 408 42 487
363 185 236 946
446 483 117 384
217 437 179 189
12 135 290 469
416 131 501 841
267 163 156 843
427 497 25 828
376 387 2 11
132 97 183 267
361 429 490 1000
419 159 65 119
127 30 334 490
408 273 786 790
265 254 42 122
34 110 158 663
40 436 234 488
156 321 188 194
259 468 810 879
409 349 29 181
232 160 541 639
156 144 321 741
487 17 251 563
379 470 383 629
433 422 29 119
221 394 167 308
44 427 515 587
338 80 201 395
160 79 375 664
173 95 669 852
125 106 122 190
282 145 611 904
319 138 26 383
168 354 842 944
484 36 223 617
475 409 594 790
388 325 220 515
264 82 64 531
152 138 262 327
260 77 11 129
489 141 372 384
221 29 178 215
229 218 32 32
180 466 208 275
211 300 94 180
158 449 595 876
465 402 68 81
497 139 92 184
222 425 279 704
135 453 563 920
279 414 36 251
72 419 10 21
401 57 64 961
455 226 245 682
485 67 74 310
239 236 85 472
321 303 529 599
243 206 117 374
322 388 198 875
449 138 682 726
238 318 107 955
314 442 301 351
480 406 872 938
78 212 266 479
420 360 130 642
116 386 117 737
428 307 311 810
414 394 387 396
381 422 225 448
81 188 484 818
81 82 365 718
403 381 257 941
130 57 642 980
482 463 92 179
400 59 142 228
343 489 166 716
303 21 443 748
144 398 208 603
194 279 113 878
347 63 76 252
77 164 254 339
296 285 57 495
348 200 44 315
355 377 182 545
192 365 145 683
216 240 176 220
397 174 187 485
32 232 763 993
445 87 201 324
388 172 17 35
423 234 66 818
261 36 494 503
91 302 12 52
428 327 875 891
251 94 9 404
98 97 184 930
175 322 389 402
29 194 53 76
66 482 58 245
93 104 99 350
408 180 560 751
183 14 48 184
430 486 272 431
78 209 204 874
181 319 523 534
379 9 12 103
107 223 12 24
281 157 644 706
362 320 253 980
9 11 548 785
115 393 522 765
495 113 634 676
146 330 314 796
335 410 11 40
136 487 66 264
294 345 233 696
420 403 696 867
355 190 424 675
128 464 70 176
278 421 188 937
234 466 590 904
59 171 4 86
115 435 106 193
128 119 91 275
396 184 444 739
195 87 541 860
472 239 518 578
0 213 179 199
415 122 263 415
92 132 88 137
435 30 805 918
422 243 618 765
440 284 290 510
88 329 351 454
127 433 44 97
309 192 93 318
9 210 86 120
430 76 307 783
318 450 73 545
178 423 173 227
389 495 156 224
444 24 116 260
193 245 17 309
475 163 358 388
498 195 200 297
126 402 145 680
284 74 17 35
54 456 1 328
179 490 651 746
148 454 658 943
378 335 59 803
396 44 167 241
246 305 229 233
68 315 27 190
260 179 83 883
44 84 223 238
335 141 522 758
369 359 221 261
133 70 29 33
159 379 668 734
282 15 712 726
465 386 68 89
323 107 188 327
482 442 535 949
440 226 60 163
470 43 31 86
230 337 549 595
287 113 482 931
44 390 69 133
231 118 252 513
69 477 323 684
261 369 162 172
406 267 3 11
210 87 850 888
137 335 3 35
123 244 234 257
129 192 74 652
441 458 4 286
126 337 5 9
390 194 458 576
401 408 90 308
113 35 21 151
31 64 335 972
20 412 162 165
443 309 459 727
399 72 229 891
487 75 715 859
143 111 170 184
317 339 86 237
354 82 6 18
28 467 618 932
438 441 703 888
426 2 179 596
388 130 26 109
447 314 134 173
375 249 76 577
320 90 55 251
241 16 140 300
346 154 84 171
380 418 148 189
486 212 208 463
195 378 88 510
223 155 246 512
315 122 151 998
196 204 19 129
9 443 303 756
424 409 156 794
165 15 324 585
228 275 99 463
169 310 357 894
97 54 314 829
142 297 8 50
452 267 424 963
12 187 4 7
332 382 204 573
475 395 393 573
91 239 750 835
186 382 216 385
311 448 55 91
485 318 408 582
476 68 23 24
129 128 10 362
198 204 529 986
355 335 5 869
106 200 31 152
238 425 592 799
344 309 763 811
110 198 59 929
403 257 87 224
204 263 386 499
353 75 825 828
328 430 294 668
160 76 441 594
26 142 244 652
192 184 78 238
490 96 4 25
292 310 234 736
209 268 106 327
390 419 140 377
227 178 567 613
349 67 596 657
486 381 92 203
338 47 219 826
270 239 276 380
213 295 117 632
436 437 505 967
413 32 171 565
422 103 1 359
294 159 430 619
422 299 116 502
190 253 80 452
135 42 220 733
418 32 781 925
22 67 218 479
421 385 36 88
173 103 71 570
159 16 60 245
81 397 14 39
448 261 695 788
39 445 272 273
389 24 45 777
337 32 63 488
454 197 302 318
86 248 138 314
482 329 35 42
411 497 509 534
95 439 607 824
400 53 50 83
233 275 89 108
426 116 18 529
387 222 558 660
261 337 437 695
442 293 88 313
29 209 9 37
6 206 342 414
430 272 9 226
181 34 1 1
11 479 258 686
123 295 864 953
159 255 236 391
171 226 274 300
397 124 91 554
37 66 569 852
23 424 458 795
227 307 120 685
337 71 20 432
292 143 331 691
407 345 181 216
366 97 30 284
198 149 145 778
366 165 917 930
321 482 111 190
332 126 14 296
156 264 6 6
43 164 22 431
335 344 156 210
79 195 641 642
453 109 242 710
358 403 114 118
6 485 26 82
70 392 767 907
449 16 121 389
17 495 272 533
371 299 345 964
286 8 721 759
19 119 37 325
260 344 12 85
89 51 361 536
74 449 92 336
185 452 15 21
183 4 85 771
97 264 345 385
150 20 411 571
354 61 43 756
167 202 88 941
102 342 62 612
224 468 169 315
338 443 87 110
354 36 14 73
239 123 106 320
190 80 532 661
84 449 516 695
349 3 83 207
436 403 63 82
126 189 256 305
193 448 183 548
394 285 74 755
168 366 98 530
25 247 76 287
310 488 200 624
273 194 39 265
288 317 28 653
137 135 689 842
20 196 486 639
429 387 369 566
70 327 24 307
291 107 230 877
385 167 755 989
465 412 641 778
170 312 140 574
444 462 5 141
138 109 273 315
163 21 87 367
388 492 111 292
406 409 264 446
385 365 34 611
203 415 127 213
295 133 192 250
496 371 5 112
77 285 184 307
319 189 373 497
349 308 10 490
396 118 421 996
417 170 251 982
454 258 150 436
229 265 414 972
496 88 126 214
69 345 491 541
180 141 319 453
422 121 791 968
220 422 734 837
80 289 150 214
486 203 289 439
213 426 59 168
77 399 159 529
463 439 134 794
201 385 30 35
438 333 148 191
191 131 72 978
350 325 464 961
77 67 506 557
255 142 466 646
300 389 49 272
273 355 356 953
274 203 521 670
229 222 79 667
427 458 2 11
42 15 255 853
412 214 556 779
222 158 492 685
171 103 658 741
72 292 15 156
344 152 386 719
161 375 10 96
65 209 514 707
26 484 2 2
412 283 196 776
493 496 258 492
1 212 169 204
171 101 542 729
292 147 126 315
190 260 792 884
401 71 48 180
398 90 405 939
443 328 318 971
482 486 203 304
121 416 863 863
175 71 762 843
269 419 97 425
205 22 339 364
118 358 271 282
491 440 574 994
218 82 198 256
306 295 881 921
233 291 91 428
328 185 286 936
488 338 664 839
320 304 112 155
219 373 28 574
176 377 291 674
497 268 353 406
225 178 4 4
454 100 302 325
348 185 700 839
386 485 55 62
2 135 90 105
476 304 132 702
301 322 273 514
175 18 207 498
101 393 236 373
35 162 270 604
430 243 301 852
498 113 130 277
481 164 696 845
283 48 235 417
276 201 455 501
274 311 122 730
78 127 198 258
133 319 242 922
454 84 272 702
447 183 110 619
237 468 237 273
56 187 588 696
294 437 37 257
470 124 352 817
441 105 10 11
58 251 25 166
71 489 270 558
471 60 330 712
492 24 222 492
130 486 795 878
12 392 823 976
333 421 78 464
178 50 399 768
426 425 337 495
321 276 615 665
122 81 202 225
176 423 44 109
389 212 287 979
117 80 455 815
175 53 95 285
163 171 443 586
350 342 247 380
203 57 34 176
413 264 128 419
68 11 156 297
327 341 13 16
147 473 25 387
124 175 51 921
89 423 43 829
407 380 198 574
188 390 71 318
11 194 52 231
445 158 419 956
182 303 397 565
162 289 96 217
338 364 18 249
240 441 97 960
452 49 92 239
110 248 51 106
341 235 109 184
497 136 553 766
325 280 84 709
438 258 61 438
141 308 334 794
86 248 389 518
94 209 204 414
33 160 100 117
442 194 21 884
453 227 24 275
190 284 86 616
205 95 953 985
267 59 106 189
237 103 339 966
77 480 510 653
248 347 63 128
286 249 562 772
468 57 498 952
159 240 418 563
154 111 354 689
430 264 11 26
330 193 325 990
225 413 27 318
390 212 22 23
342 65 177 809
105 457 261 974
87 141 738 738
417 238 2 2
421 459 56 63
94 260 64 584
116 263 6 336
301 112 230 882
243 333 680 874
462 118 280 988
379 449 371 716
31 127 797 877
115 67 246 319
476 200 99 111
201 257 148 866
240 49 185 303
18 218 141 419
469 256 209 646
431 394 0 605
18 375 27 421
374 52 142 386
67 210 86 122
254 59 94 534
315 85 207 233
117 20 643 755
95 319 338 675
42 3 57 71
498 282 372 990
387 400 543 781
121 41 210 228
331 485 7 30
101 318 146 478
13 450 187 353
37 417 422 547
130 296 225 660
284 38 207 798
366 124 6 13
205 198 711 715
282 5 170 295
359 8 588 987
270 371 354 847
106 78 164 560
5 9 100 598
309 201 83 192
156 6 40 226
446 102 136 154
322 210 359 378
232 158 42 112
177 253 87 511
467 307 353 639
211 156 91 122
79 49 97 344
21 87 41 70
42 28 13 526
147 27 237 650
426 213 285 616
275 408 496 814
121 407 13 235
299 315 187 618
33 482 250 303
58 46 73 88
208 172 48 305
382 477 68 71
89 164 693 959
93 236 404 727
236 470 83 101
234 215 32 787
420 237 118 352
19 404 688 912
294 118 457 495
226 258 455 873
240 495 1 220
227 3 265 367
27 175 339 367
408 165 82 97
481 151 91 331
279 147 6 660
119 4 199 467
39 62 596 880
167 498 125 269
441 285 297 355
23 193 314 320
248 212 480 552
266 36 62 188
400 305 88 173
6 242 342 940
173 165 149 377
130 453 456 587
424 40 30 55
185 258 44 140
109 283 87 96
462 418 329 812
341 140 84 103
28 498 300 516
33 211 155 155
479 281 123 279
155 130 445 883
379 467 110 632
279 85 504 964
132 461 361 600
357 223 6 9
166 294 177 416
290 118 6 22
200 266 43 314
447 86 458 482
431 215 185 576
264 462 5 238
409 230 73 558
396 420 55 395
242 129 128 507
20 65 89 196
215 170 149 156
182 357 376 755
206 327 23 330
216 107 154 644
397 135 260 566
401 94 717 900
286 316 248 881
84 172 178 443
342 136 30 204
466 428 171 632
453 392 459 637
426 25 90 693
236 360 447 908
299 145 665 783
316 310 469 625
30 93 493 601
263 187 92 212
28 224 643 652
30 118 307 815
66 2 797 923
153 372 380 917
203 476 510 561
403 291 229 260
492 40 89 334
493 303 789 998
10 493 514 526
17 57 725 816
25 475 181 597
173 225 427 507
353 376 99 348
349 473 261 538
122 22 0 6
493 60 115 877
39 57 480 562
270 23 18 24
154 100 348 818
94 262 111 135
185 390 13 30
322 177 239 462
434 450 28 961
278 170 69 93
393 151 52 65
446 159 728 880
441 184 212 822
354 82 725 820
37 333 232 468
376 68 286 427
120 187 292 401
168 371 95 582
433 466 16 729
194 209 506 785
274 110 164 655
479 144 394 563
488 247 379 412
423 168 250 320
347 103 114 286
168 59 68 296
79 412 329 683
349 326 155 763
260 390 10 598
397 263 60 223
101 349 192 194
425 197 170 766
373 252 774 979
373 328 14 15
23 156 30 249
245 448 408 793
354 76 231 719
154 402 15 246
397 260 373 555
357 155 488 586
388 392 452 722
276 167 24 464
146 34 13 405
487 197 116 308
473 376 59 238
241 136 52 92
354 203 525 646
300 141 227 670
431 242 292 688
350 403 1 3
127 70 137 438
467 59 24 122
159 85 307 527
142 491 930 980
339 217 27 499
438 356 5 375
442 111 598 814
444 237 278 969
132 27 111 287
277 180 738 803
446 110 488 997
2 418 44 111
21 434 209 531
168 473 135 814
62 339 147 376
107 169 52 446
143 146 381 751
179 13 53 98
78 312 195 360
330 103 476 564
49 498 148 238
66 108 727 840
129 328 131 766
235 490 309 966
458 91 104 523
337 257 61 106
414 192 789 937
105 47 105 835
494 277 355 544
19 12 496 837
23 391 877 882
204 96 0 776
256 425 520 571
133 82 268 615
33 443 819 845
234 382 155 622
5 216 206 206
488 274 102 692
436 128 426 532
470 367 39 263
162 467 0 0
44 423 111 235
309 416 579 674
442 235 578 879
355 357 405 831
66 315 73 108
492 60 11 71
80 110 581 762
258 283 18 285
329 346 46 272
52 81 2 2
363 133 12 98
244 373 84 135
239 271 130 159
188 414 441 445
445 99 273 814
172 231 409 813
31 364 479 910
210 274 259 444
326 410 132 709
0 276 410 488
162 469 45 49
96 73 26 80
317 197 111 246
458 27 168 982
192 444 330 692
36 171 194 268
199 390 37 706
142 403 383 662
45 163 1 43
466 470 112 361
460 167 17 774
352 21 17 78
91 476 737 885
193 212 736 931
477 167 224 853
230 212 40 117
298 374 362 565
406 18 440 708
212 349 160 888
159 137 4 95
299 390 349 816
267 52 106 278
272 304 142 592
274 496 530 720
53 329 653 777
187 470 163 294
288 176 59 607
29 217 10 287
405 333 47 999
380 471 115 815
338 421 150 414
160 184 659 880
252 269 313 733
373 122 864 929
53 127 82 171
177 394 146 295
357 331 65 93
198 166 197 318
376 231 258 381
454 78 345 633
178 152 392 471
472 140 40 718
221 189 267 269
241 86 115 173
65 193 143 379
478 329 92 438
426 424 364 422
286 92 652 914
462 217 201 269
63 466 235 352
472 143 136 215
375 151 216 372
124 85 315 390
53 31 135 576
400 456 274 278
49 328 21 259
396 225 530 719
492 259 186 911
328 53 88 122
438 375 90 182
321 147 14 133
79 55 20 684
26 296 99 214
74 190 5 605
203 274 115 201
137 76 485 818
264 249 30 316
204 19 527 670
472 308 130 148
288 16 245 306
302 454 135 297
174 130 409 635
306 48 265 681
436 202 786 846
53 265 48 183
347 398 204 761
10 32 33 712
37 408 227 558
446 242 555 650
414 100 23 90
109 80 42 147
487 334 73 415
45 215 391 712
203 208 49 167
288 158 119 389
448 14 298 498
228 107 39 935
380 316 4 55
277 184 771 829
285 212 498 985
284 414 252 267
230 81 91 890
89 170 18 290
188 7 50 799
125 127 63 460
302 20 51 598
151 74 142 236
431 168 661 688
145 186 136 148
455 302 161 560
395 285 466 494
454 75 540 838
275 295 114 481
405 115 424 785
4 356 152 400
34 107 254 308
39 232 524 788
282 11 314 418
258 80 41 497
219 351 276 577
315 57 48 820
84 243 137 581
105 99 260 406
384 439 43 160
113 219 104 702
471 203 546 884
210 18 10 108
365 56 278 466
431 264 225 935
131 162 93 564
292 470 462 545
47 103 5 63
381 300 486 535
367 478 446 655
74 224 68 146
458 382 846 957
136 142 126 196
128 140 469 674
102 76 84 274
434 11 17 108
210 170 27 261
467 16 302 334
313 89 322 465
152 381 88 234
166 201 567 728
311 469 626 807
387 20 320 791
195 463 705 716
218 450 234 269
336 23 116 210
25 423 30 109
392 334 67 397
218 102 15 87
276 208 425 656
319 17 831 950
212 397 91 756
285 235 3 117
26 129 14 20
146 247 291 335
27 467 939 993
208 407 144 313
199 232 100 738
174 372 697 717
451 162 523 573
95 392 209 368
152 484 57 208
15 402 267 980
241 120 6 65
376 488 36 236
355 124 34 309
75 29 649 910
486 222 505 714
431 125 216 265
254 66 22 164
126 137 311 881
385 468 444 794
14 480 35 38
354 152 401 880
393 417 472 588
251 372 25 457
113 19 623 674
84 296 32 39
377 76 145 330
405 71 52 88
410 377 204 684
20 409 53 398
368 26 6 479
236 269 219 290
301 64 382 789
163 222 25 46
193 4 151 281
332 494 433 591
125 474 406 790
85 485 19 602
406 0 319 731
140 491 6 23
89 424 248 255
27 408 16 42
406 104 47 500
144 2 219 990
267 73 0 13
424 497 375 441
242 305 0 4
268 372 2 613
61 78 115 183
449 68 621 713
351 78 88 159
226 297 764 829
147 204 144 206
98 174 13 352
473 24 144 230
428 287 418 808
481 201 268 490
33 247 709 874
84 199 91 130
41 193 470 499
174 56 378 777
51 209 536 982
462 355 21 674
445 459 105 183
62 450 676 760
57 451 0 74
128 278 47 763
181 116 412 828
430 472 320 559
369 393 155 493
166 164 826 937
89 90 0 0
350 89 8 9
134 298 146 252
301 233 0 506
103 389 1 540
189 116 214 371
302 105 217 293
152 304 94 202
342 297 501 801
76 498 150 316
429 44 65 492
49 146 188 812
304 145 599 612
447 452 409 409
382 451 142 177
493 234 13 398
106 424 476 485
369 424 402 991
225 43 113 284
29 460 7 165
418 385 61 220
234 11 107 211
126 242 19 76
91 328 77 365
439 463 255 285
122 137 70 888
280 56 77 781
51 475 78 109
202 254 685 851
498 2 1 109
3 244 331 720
264 183 465 573
105 45 9 86
357 492 87 906
151 494 536 875
419 494 128 844
289 76 276 369
414 331 5 223
340 71 876 998
420 163 345 818
28 453 0 42
12 401 254 373
445 50 484 812
471 303 266 528
27 68 230 247
441 240 463 793
67 420 110 262
71 127 0 0
436 270 172 231
87 100 246 994
184 76 63 656
374 305 218 220
34 486 611 686
141 307 521 687
273 318 522 641
69 346 44 70
395 352 187 243
295 300 417 871
390 98 320 735
83 52 7 167
241 432 29 298
367 436 108 563
469 65 25 827
27 461 13 200
236 111 74 101
23 284 289 382
354 340 709 913
283 215 174 260
116 9 16 108
237 47 39 55
105 162 4 352
108 492 4 37
467 331 148 583
179 318 21 673
87 307 105 460
117 74 214 741
476 124 198 501
50 191 16 703
412 116 87 230
101 402 625 745
155 99 268 502
379 374 531 706
420 100 232 447
493 5 60 506
424 331 37 41
206 72 134 489
489 246 38 142
16 10 118 142
467 345 199 433
242 86 536 576
430 412 158 343
418 144 97 160
222 309 507 742
92 32 728 964
142 374 576 734
320 117 4 77
114 451 370 841
81 115 30 67
396 414 376 436
419 417 510 929
179 313 149 263
376 492 2 128
468 119 137 763
369 190 238 929
230 420 91 326
275 145 174 232
362 141 6 182
347 426 367 964
72 273 317 577
235 11 539 860
433 389 144 308
78 111 26 56
438 202 310 454
176 93 107 207
55 372 153 519
157 354 77 538
443 62 264 294
102 180 163 307
227 156 9 24
467 67 65 420
242 414 220 324
54 332 81 620
347 32 369 860
73 463 337 493
245 412 70 82
251 408 233 934
125 63 787 809
324 42 359 365
217 435 7 331
303 178 59 938
306 127 236 375
486 44 153 636
215 468 352 986
218 277 26 36
227 50 14 314
405 462 53 231
32 123 872 923
373 224 437 551
393 413 4 53
388 226 91 756
121 3 178 684
389 144 466 662
489 286 722 956
392 112 424 875
241 244 718 754
249 224 111 222
388 110 88 138
160 477 143 221
81 469 131 205
452 411 525 568
267 421 338 663
83 146 156 527
1 135 18 56
160 139 141 363
255 228 168 968
184 262 312 696
2 263 59 370
300 3 491 672
236 426 211 265
206 207 47 77
380 62 350 528
195 238 208 290
263 396 58 482
337 405 134 902
402 278 176 652
489 455 1 724
492 139 34 102
183 2 236 480
298 293 349 404
484 161 299 647
7 407 7 288
202 476 134 383
342 202 928 981
403 270 64 114
413 491 38 200
145 457 15 239
232 488 687 697
201 256 84 714
141 138 490 785
73 169 98 381
16 350 520 853
362 187 120 698
399 403 661 713
109 136 231 822
342 170 124 629
292 169 100 422
123 486 14 30
214 96 150 596
163 267 241 564
119 376 371 601
35 278 13 323
310 366 133 555
413 252 27 171
16 147 459 650
47 27 57 71
216 173 633 875
413 351 130 216
398 201 191 294
387 176 86 885
398 328 709 884
92 417 630 837
180 352 230 327
258 155 313 903
253 344 466 772
375 307 358 658
440 164 194 900
178 346 731 783
457 183 39 425
335 423 154 324
265 73 300 394
347 236 48 61
128 279 271 363
398 360 141 353
389 423 18 866
372 18 464 889
110 241 42 964
158 390 113 328
25 171 60 694
368 437 95 633
25 374 170 242
250 349 518 870
256 364 149 214
383 118 471 748
351 183 108 144
313 40 60 106
112 330 339 721
137 270 390 526
85 405 256 443
174 93 605 778
198 83 269 359
24 408 258 854
209 307 494 963
380 422 171 980
299 257 193 277
352 209 219 415
147 486 327 725
255 195 472 895
403 397 70 712
107 433 393 758
299 11 65 884
372 251 301 367
428 304 220 543
421 182 67 535
246 135 394 648
354 383 429 896
474 482 460 601
148 119 807 970
443 201 548 732
446 126 188 415
386 230 452 581
369 221 834 923
334 195 184 619
475 359 137 710
368 87 61 661
47 384 102 336
122 265 56 203
84 131 118 408
83 252 125 150
486 94 285 827
92 111 268 711
363 196 218 401
212 437 15 171
269 208 511 876
223 317 329 639
164 119 215 997
215 383 4 101
494 361 114 245
163 148 16 83
371 338 66 745
96 399 76 159
115 235 454 882
321 472 201 491
304 278 515 526
379 155 23 42
388 480 527 614
184 4 194 227
215 410 169 213
300 219 141 896
436 205 120 888
10 164 0 5
495 45 384 833
38 252 257 903
391 307 268 512
65 474 20 656
64 230 68 768
353 305 62 686
338 268 336 459
199 125 398 574
150 353 381 574
254 355 65 842
459 137 171 240
160 358 669 757
130 152 192 813
297 352 522 797
305 65 285 808
236 86 399 830
446 275 227 417
174 5 503 618
142 308 196 756
157 68 624 770
404 215 517 959
78 363 116 976
2 358 480 565
192 445 302 466
75 173 28 836
268 208 102 220
269 301 238 767
321 89 112 192
480 417 429 592
106 139 235 607
24 445 151 442
240 235 312 865
406 177 126 544
27 162 157 493
423 254 351 418
65 364 46 62
46 390 256 362
180 132 46 92
293 103 167 566
167 39 493 641
385 491 682 768
482 479 625 633
424 363 104 187
217 421 390 750
40 254 394 549
249 235 51 102
471 397 11 24
242 195 57 299
64 328 355 690
211 103 94 933
177 257 381 967
356 156 380 765
230 483 130 293
219 9 406 622
268 334 43 231
449 98 86 751
62 120 141 166
291 207 336 757
145 102 1 869
85 74 239 520
1 256 57 65
445 150 63 449
383 25 564 838
360 185 134 179
468 61 23 38
102 338 650 733
435 417 388 563
221 454 30 42
37 441 475 985
417 93 299 569
394 319 99 585
338 329 635 790
227 494 645 903
268 258 49 60
23 413 49 348
57 458 50 200
252 125 351 465
166 5 32 91
402 185 64 68
185 244 28 301
365 220 748 905
125 39 821 976
491 484 377 764
37 477 0 0
309 406 205 735
447 191 16 22
487 485 150 168
353 254 3 10
117 345 143 149
102 312 395 688
370 451 18 702
492 198 159 371
388 59 116 731
390 420 320 848
90 311 54 130
400 320 33 87
392 22 331 372
111 271 84 404
41 102 110 276
444 269 337 754
482 88 238 322
446 39 494 800
323 475 746 912
494 62 471 513
402 79 76 429
201 486 22 91
91 148 252 273
331 242 181 887
417 237 172 246
239 366 101 621
451 415 6 495
481 178 34 94
242 376 827 900
34 449 10 67
490 330 387 681
75 10 942 972
52 37 360 710
190 369 325 326
202 363 20 73
250 169 169 580
221 31 469 734
27 338 121 359
460 46 207 654
345 375 291 567
161 136 29 34
178 337 618 921
1 344 215 380
465 23 350 379
390 92 618 847
456 447 352 484
81 154 333 451
49 384 371 640
327 269 107 211
410 64 356 528
352 41 240 669
152 96 308 539
201 351 405 709
469 460 45 599
387 196 50 842
412 124 270 880
453 475 52 97
198 431 108 258
364 169 0 54
284 355 103 229
307 272 365 721
370 425 46 78
146 271 95 155
198 398 556 771
163 20 356 444
418 274 75 290
258 75 516 644
220 379 474 887
112 433 29 37
458 116 144 693
420 266 154 669
350 109 651 868
395 310 10 196
61 433 193 713
140 49 72 104
444 354 54 56
59 52 647 681
457 115 20 22
13 286 2 44
325 424 28 36
398 494 32 465
355 182 703 758
126 498 523 993
388 369 40 226
426 249 435 793
346 64 73 796
344 95 622 873
288 453 8 314
70 369 119 133
34 221 765 797
180 163 514 568
347 396 399 415
353 294 40 58
83 242 6 6
186 40 75 316
296 209 112 271
9 231 197 476
297 36 31 924
274 333 4 417
14 176 22 288
454 119 247 846
400 134 248 307
360 232 262 916
393 203 807 864
265 376 24 639
194 341 571 748
318 74 28 157
380 304 485 603
141 210 69 327
340 209 35 489
189 425 24 225
281 58 224 902
483 68 234 411
193 98 229 477
103 291 341 722
368 436 73 122
173 53 429 503
391 210 728 813
259 489 351 678
199 215 211 321
360 321 647 711
152 468 831 935
301 84 698 895
471 184 677 742
52 179 80 266
192 363 174 372
438 191 362 558
0 476 73 381
191 100 168 456
64 454 261 794
481 263 39 104
400 37 79 973
416 70 121 705
101 125 720 865
1 28 675 782
36 416 45 432
121 159 263 943
36 446 12 253
52 150 13 46
289 424 93 96
305 179 64 200
142 319 430 539
206 308 130 223
402 11 495 836
176 159 3 9
239 446 729 746
33 344 306 969
353 387 147 267
336 165 602 624
290 347 446 715
223 358 258 327
368 240 181 433
144 419 550 735
264 321 19 131
186 0 121 143
69 290 269 375
146 48 226 228
429 14 92 307
412 257 41 150
366 357 38 96
441 219 495 916
251 94 144 346
137 347 58 566
410 432 6 547
294 451 406 450
355 466 183 748
128 365 253 331
344 53 492 893
221 393 36 68
451 15 568 575
335 177 187 339
489 31 185 364
215 383 56 305
207 247 467 604
471 47 170 234
416 311 135 294
194 157 85 285
468 420 1 6
482 314 8 371
26 100 18 48
302 13 579 875
395 490 438 722
197 427 19 595
329 397 22 744
345 61 577 901
303 256 307 694
370 246 406 591
2 467 45 124
220 369 111 404
182 487 95 579
357 355 71 603
23 132 351 961
75 263 40 205
83 27 335 663
469 467 167 256
100 384 341 418
147 17 732 972
426 457 174 331
169 269 268 362
232 364 199 440
159 424 14 40
338 411 343 398
72 375 452 619
20 492 253 578
302 305 813 874
200 171 9 641
107 112 273 557
20 384 559 641
368 433 23 47
45 332 215 997
293 104 72 151
176 257 178 418
340 116 151 295
454 368 51 577
234 125 137 560
386 426 211 352
70 408 555 974
315 338 382 752
336 31 11 890
406 437 332 455
469 139 219 600
247 271 126 413
440 389 11 304
165 337 72 525
226 450 62 191
52 336 203 214
41 401 397 511
312 93 13 13
10 188 258 445
145 463 603 997
385 321 489 823
312 42 77 83
310 495 109 656
187 415 220 225
480 4 58 118
152 240 6 349
487 297 528 677
344 394 538 551
212 460 36 44
401 478 417 857
371 260 466 478
191 305 262 857
94 101 15 187
292 323 62 83
382 442 390 516
316 323 428 454
382 387 9 13
108 350 24 39
189 258 44 93
453 347 38 40
209 6 59 175
162 377 336 576
109 82 224 477
315 158 498 980
359 350 29 70
344 225 323 868
338 175 441 579
339 252 345 877
181 59 11 55
352 495 36 99
482 439 55 863
474 331 66 570
254 277 47 559
289 431 10 13
451 76 109 642
419 134 683 848
46 421 170 997
478 37 146 433
443 41 199 311
100 27 154 405
264 120 81 228
398 34 78 226
398 405 398 434
100 476 356 685
141 299 450 661
447 133 221 773
61 338 180 217
479 77 388 729
325 131 716 796
444 240 100 562
329 461 0 466
293 21 58 158
327 16 5 46
102 438 22 464
407 44 414 654
392 18 149 212
219 57 112 400
32 76 112 498
301 12 497 955
413 273 529 878
427 371 814 874
282 465 46 997
462 121 292 774
52 197 98 203
22 26 538 840
455 239 33 166
355 420 738 889
10 177 324 338
383 52 167 288
85 440 430 606
449 20 3 60
110 349 808 907
238 358 130 381
75 361 282 790
352 9 272 711
70 104 130 704
210 468 530 533
334 233 339 467
70 151 69 646
160 222 332 692
224 332 92 236
293 131 49 754
458 67 299 937
313 45 297 815
185 52 589 731
437 197 232 822
101 90 1 6
303 421 58 174
471 221 154 342
82 147 278 734
123 289 10 979
270 196 354 733
262 435 82 479
351 216 522 921
119 386 169 378
182 442 496 642
383 326 1 1
243 168 98 179
16 6 203 295
431 211 195 387
437 47 338 460
213 218 544 797
80 12 132 280
155 279 12 82
70 77 276 521
438 47 660 982
281 276 209 401
254 256 172 257
353 229 92 777
39 169 431 616
327 155 4 7
64 339 525 987
414 162 293 489
398 80 234 304
211 116 484 665
453 225 74 285
307 247 132 464
299 187 167 652
244 367 94 122
453 468 233 467
187 142 365 735
201 223 78 961
482 464 0 21
117 471 201 833
486 224 52 940
212 269 70 986
188 386 280 938
32 315 43 129
293 30 348 886
489 213 108 153
437 326 123 360
431 231 297 361
288 434 190 280
87 380 176 355
129 348 180 543
156 494 46 78
449 395 36 373
126 467 78 583
81 472 107 134
101 51 231 243
330 198 259 313
217 153 12 74
464 53 381 808
202 46 96 263
481 249 234 411
375 358 311 405
414 60 227 305
334 481 56 127
447 101 18 894
450 287 241 682
392 488 172 267
298 43 0 92
251 133 59 123
451 399 201 276
61 62 15 49
254 72 44 145
333 247 289 475
330 399 806 936
397 375 23 434
98 362 450 709
302 183 179 570
11 250 550 977
175 61 58 178
495 230 27 739
274 323 161 350
488 32 505 992
432 133 176 353
4 126 943 979
211 217 733 861
3 6 266 598
125 62 10 27
324 454 27 185
482 379 6 56
328 290 132 793
185 399 35 74
92 81 488 787
332 360 18 27
207 106 116 255
286 295 13 297
91 226 198 565
405 480 92 562
199 393 261 888
485 210 563 638
329 388 141 161
162 450 21 27
249 397 496 762
154 124 123 536
319 348 468 579
70 36 281 414
224 332 38 590
470 395 394 406
199 181 22 446
187 21 142 593
392 395 294 492
63 205 51 59
359 469 322 977
266 337 145 855
168 25 260 379
50 287 375 547
304 420 589 933
192 114 393 398
484 488 175 945
456 141 22 30
47 76 312 746
3 249 429 797
122 39 82 194
208 247 89 163
361 464 337 591
120 194 339 480
177 450 277 587
208 77 13 132
366 294 135 278
114 213 67 69
48 8 81 108
274 157 195 717
193 200 13 26
387 438 79 540
380 144 271 298
346 434 350 869
299 10 441 545
281 247 501 998
169 17 154 561
42 126 207 562
22 256 216 335
209 305 90 252
70 230 59 427
299 296 213 227
383 293 50 70
383 439 347 425
330 250 49 106
239 300 582 723
125 229 169 298
74 28 357 490
102 280 152 195
481 445 128 681
324 30 654 831
363 237 10 220
271 38 6 7
369 292 57 251
206 13 312 628
359 9 117 311
203 204 19 837
301 275 772 853
130 185 277 372
468 464 175 365
338 215 12 16
188 30 405 550
474 449 98 154
73 143 67 112
470 434 28 53
452 180 53 179
302 338 27 156
461 28 2 35
41 88 943 983
423 463 344 658
292 189 14 387
225 480 59 62
342 479 47 47
232 373 753 805
416 252 422 423
243 13 34 108
106 155 84 167
240 497 530 680
24 351 394 427
448 345 70 96
317 114 357 392
19 125 2 44
46 77 112 271
182 24 64 503
193 255 187 457
401 233 191 769
226 434 12 160
103 27 301 510
403 240 79 141
80 331 36 189
468 82 123 410
384 478 77 146
253 314 514 562
88 211 250 455
203 233 905 943
389 497 602 670
279 272 62 103
369 45 478 607
323 204 374 420
164 370 499 501
197 462 514 656
442 165 54 185
81 461 35 359
201 233 428 480
440 263 448 615
144 87 69 285
456 173 451 503
4 472 116 278
485 474 436 572
13 359 41 342
295 68 249 840
154 252 272 686
435 440 484 816
267 162 111 154
467 9 30 185
384 481 402 543
170 373 50 61
285 223 467 538
35 105 38 336
484 493 214 324
285 437 189 230
298 407 2 4
468 166 328 687
430 191 254 753
226 423 173 338
12 111 135 470
264 46 128 798
389 213 568 648
483 179 0 23
43 113 231 284
276 462 904 955
441 410 283 884
188 469 162 325
196 385 602 911
24 161 385 479
116 74 122 202
442 261 224 271
443 365 74 241
405 65 26 55
204 175 296 437
356 244 861 905
442 299 169 526
237 214 282 546
104 373 212 227
80 322 44 46
98 450 123 125
307 232 156 215
498 289 758 874
236 342 517 989
47 369 9 17
473 59 440 443
495 174 204 369
82 320 349 537
350 233 604 617
27 255 94 396
43 269 176 184
227 141 311 585
420 264 26 33
452 445 72 894
332 7 80 645
287 165 32 94
465 50 472 551
157 101 46 129
392 461 24 118
361 80 65 265
73 163 694 763
125 453 697 698
331 383 432 559
166 462 230 255
486 455 161 518
253 329 901 930
386 424 72 185
31 380 50 734
81 314 701 873
180 423 191 670
112 224 173 203
340 69 73 129
215 171 488 515
356 363 2 130
96 52 100 826
377 90 484 524
448 313 62 291
334 423 216 568
476 168 9 260
56 345 560 585
395 222 187 232
356 90 167 219
371 317 117 519
310 444 302 836
74 27 576 645
411 353 26 94
436 215 3 134
120 83 81 390
165 374 8 319
86 440 291 892
91 29 448 892
432 43 2 29
167 7 38 210
350 92 297 388
48 150 97 176
413 387 267 919
89 220 15 189
228 101 101 734
482 496 211 957
114 30 314 478
383 243 530 815
72 271 223 428
342 282 683 814
301 8 454 762
187 34 364 960
387 300 46 336
17 177 203 767
354 112 659 922
177 184 168 811
372 209 808 815
112 179 71 949
488 48 224 290
286 377 87 440
8 242 86 106
248 476 381 878
185 57 314 344
462 49 100 906
422 300 19 204
163 275 77 349
218 309 200 691
205 333 254 923
215 195 587 688
266 176 99 340
393 79 8 40
3 188 187 332
349 290 284 476
265 7 516 731
50 104 420 894
331 217 1 6
123 481 14 76
395 217 255 282
50 487 440 536
152 463 372 536
365 199 424 425
487 456 539 884
423 301 685 728
490 146 38 136
127 163 6 235
188 460 441 505
15 310 261 362
78 449 80 809
467 424 400 419
360 375 90 942
205 95 28 182
133 464 205 483
344 110 434 895
392 431 7 65
407 236 121 279
356 132 70 202
341 68 56 985
372 405 406 468
465 17 502 889
350 145 268 854
452 292 2 104
64 89 321 350
345 170 327 497
14 229 861 879
257 334 231 982
208 364 251 337
391 91 656 782
2 31 739 859
400 151 251 281
278 170 82 199
182 459 590 647
458 242 314 564
16 55 38 154
330 496 690 742
394 164 164 360
312 68 118 605
252 208 0 6
17 287 491 591
435 396 631 734
34 420 80 346
274 309 546 760
496 283 250 427
264 451 130 423
216 11 266 299
222 173 296 741
190 132 746 918
142 31 241 443
456 458 144 987
446 410 468 800
154 52 9 311
487 105 118 233
415 489 345 359
376 272 65 405
23 376 428 496
450 478 8 702
293 413 625 841
312 107 58 59
267 464 32 453
272 241 59 427
178 330 115 424
412 237 88 564
26 137 688 940
452 460 323 330
280 101 933 949
433 252 110 246
96 217 463 548
226 248 260 714
193 494 232 881
470 462 96 782
188 282 939 966
434 86 28 551
322 33 812 906
57 411 621 655
192 248 20 169
155 461 16 30
7 172 344 761
481 210 354 678
126 213 63 288
55 81 99 106
281 341 321 690
239 382 646 750
454 143 524 558
10 288 329 665
464 140 393 404
220 414 111 866
454 312 224 532
270 66 515 895
307 65 637 740
174 474 16 523
474 0 40 720
127 271 83 887
423 309 148 194
432 149 229 430
414 240 814 860
246 260 25 30
371 185 16 133
379 15 116 405
100 41 50 112
122 192 223 726
28 75 367 975
166 95 107 489
391 404 123 961
477 80 75 135
443 366 48 701
231 20 405 583
140 466 743 792
10 344 287 538
281 494 887 980
272 12 201 440
391 100 255 951
348 451 849 919
269 466 197 424
181 261 213 410
485 174 15 19
473 353 390 448
357 216 151 199
426 94 128 336
250 33 228 282
478 387 341 670
90 80 32 440
431 19 510 600
20 305 451 844
70 52 362 833
82 12 87 586
5 395 2 440
411 269 394 400
354 359 43 71
358 147 262 467
299 229 395 403
175 368 142 201
92 330 490 803
412 356 282 698
110 2 887 976
442 481 243 385
459 338 48 417
433 442 30 520
92 448 344 353
213 89 126 545
313 104 564 890
343 53 248 731
190 51 146 206
147 315 439 800
416 10 224 796
111 155 136 799
385 79 139 317
428 104 298 613
411 75 386 652
151 78 105 120
277 355 225 919
90 166 43 368
468 96 589 689
419 220 86 929
304 119 291 675
306 123 108 939
496 346 247 699
168 32 73 171
125 378 258 729
153 218 151 406
81 16 203 318
64 30 687 781
113 400 599 791
394 260 30 949
331 73 139 203
353 376 165 533
248 127 104 772
338 200 10 516
373 143 10 229
144 258 598 996
244 176 773 890
163 390 254 577
127 349 102 538
344 472 120 840
237 147 851 915
458 485 280 820
140 336 317 433
318 130 626 856
245 250 13 225
425 83 250 541
76 303 226 315
358 351 24 119
84 226 101 145
73 417 622 937
327 108 125 195
460 159 619 650
47 391 128 239
43 433 97 525
180 469 9 130
369 111 118 289
233 161 172 400
80 1 355 707
477 296 443 901
52 161 398 429
443 207 585 714
84 446 102 139
355 443 99 100
313 373 51 448
61 8 600 761
215 26 46 231
356 439 199 809
8 100 201 252
225 326 23 83
362 15 451 513
322 39 0 0
205 335 238 708
102 92 152 739
388 33 812 974
314 182 547 663
1 284 46 494
16 303 25 73
355 485 332 534
328 211 35 141
43 84 530 803
457 243 409 576
259 96 50 213
213 483 461 707
395 291 58 333
42 476 581 669
378 355 711 780
381 355 82 86
144 103 99 511
25 214 34 103
237 379 472 650
208 180 309 315
405 57 479 644
291 160 15 48
117 152 514 867
390 285 397 478
122 136 19 794
481 46 65 226
217 87 209 335
128 486 686 764
275 95 754 854
319 11 435 437
78 286 576 931
316 126 178 580
138 465 20 49
259 263 399 453
256 68 127 160
211 459 211 733
385 468 314 347
332 214 146 201
403 283 99 843
283 200 508 818
282 35 27 343
142 218 3 404
127 87 51 60
93 81 61 179
19 293 157 736
91 178 71 566
74 124 604 824
468 41 279 501
417 332 652 768
91 141 250 510
245 71 359 568
57 191 132 184
228 332 344 544
156 355 95 201
4 243 305 556
29 129 80 141
227 484 27 186
402 5 419 765
295 488 37 70
301 276 159 369
229 36 140 878
76 19 78 104
289 97 200 359
318 128 71 114
281 106 860 877
389 208 60 126
61 477 232 254
266 274 27 422
57 277 164 665
184 340 165 345
424 214 94 213
218 482 211 373
472 100 546 571
424 220 127 991
440 268 189 327
384 4 320 362
320 450 128 706
399 452 95 299
214 134 90 350
40 64 278 995
387 330 414 604
372 370 707 829
425 63 1 31
54 80 107 145
370 118 183 728
102 340 42 540
272 196 813 996
132 223 407 496
308 386 210 384
234 365 161 194
83 341 195 590
253 12 588 767
452 170 354 925
360 161 98 137
352 9 1 8
102 57 448 478
466 25 68 183
206 105 456 610
210 283 502 620
493 24 312 410
343 304 616 677
457 420 26 199
297 435 261 809
318 251 2 50
362 163 34 172
288 21 330 981
374 256 327 901
337 240 141 940
233 245 61 909
256 431 299 441
47 150 777 939
275 49 145 237
454 188 22 49
340 192 542 557
118 484 29 313
34 288 280 532
488 151 329 472
75 227 158 483
383 480 441 570
236 18 412 924
202 450 202 236
121 226 138 876
173 16 424 734
324 128 51 79
450 466 310 836
155 334 288 398
6 462 102 336
46 15 0 0
164 460 146 246
310 106 44 688
251 345 188 852
360 244 27 241
149 468 82 371
393 174 95 150
148 31 381 804
417 206 55 717
289 206 578 701
373 144 590 679
302 331 644 892
178 387 489 883
136 349 492 625
233 286 191 289
483 405 402 403
64 452 10 28
394 115 98 917
141 101 660 688
472 153 518 909
433 455 61 302
392 74 4 945
490 111 685 864
183 104 446 886
110 348 0 0
66 281 35 377
266 383 99 122
174 99 809 933
149 111 149 514
300 296 312 489
381 214 355 487
142 162 143 570
198 161 465 545
39 467 63 918
356 195 454 885
297 304 292 784
138 215 249 323
330 454 378 785
272 68 88 145
121 184 131 861
9 10 50 773
46 220 729 776
2 11 293 529
369 230 43 450
443 277 9 226
276 367 493 809
266 275 724 966
275 118 220 544
0 187 62 903
54 433 232 282
153 301 257 518
233 100 55 328
144 209 214 992
97 80 72 250
