400 3200
0 1 416 417
1 2 673 721
2 3 0 0
3 4 302 302
4 5 34 146
5 6 36 92
6 7 72 186
7 8 231 345
8 9 372 397
9 10 457 539
10 11 131 419
11 12 359 685
12 13 90 204
13 14 201 878
14 15 14 27
15 16 614 671
16 17 191 417
17 18 241 559
18 19 132 140
19 20 154 198
20 21 574 801
21 22 778 969
22 23 29 313
23 24 359 693
24 25 759 877
25 26 742 895
26 27 71 85
27 28 10 39
28 29 10 170
29 30 590 879
30 31 58 98
31 32 283 421
32 33 394 958
33 34 105 533
34 35 200 692
35 36 44 315
36 37 538 687
37 38 344 835
38 39 0 18
39 40 468 750
40 41 654 989
41 42 223 748
42 43 125 280
43 44 175 790
44 45 7 103
45 46 210 448
46 47 87 909
47 48 265 293
48 49 34 288
49 50 68 130
50 51 1 19
51 52 623 679
52 53 193 211
53 54 79 265
54 55 288 492
55 56 30 53
56 57 353 574
57 58 140 146
58 59 153 589
59 60 161 700
60 61 54 102
61 62 394 414
62 63 343 695
63 64 224 414
64 65 39 50
65 66 24 536
66 67 93 664
67 68 408 515
68 69 28 945
69 70 519 587
70 71 489 904
71 72 61 137
72 73 124 139
73 74 305 808
74 75 214 398
75 76 108 165
76 77 335 928
77 78 199 348
78 79 479 751
79 80 91 726
80 81 610 884
81 82 404 624
82 83 266 751
83 84 267 349
84 85 96 270
85 86 675 896
86 87 378 428
87 88 11 965
88 89 331 664
89 90 45 622
90 91 90 114
91 92 60 950
92 93 160 450
93 94 545 578
94 95 155 408
95 96 181 237
96 97 698 904
97 98 173 574
98 99 2 2
99 100 94 617
100 101 189 326
101 102 4 527
102 103 628 886
103 104 168 357
104 105 695 909
105 106 291 623
106 107 4 15
107 108 774 930
108 109 381 691
109 110 70 998
110 111 81 172
111 112 102 137
112 113 179 933
113 114 324 697
114 115 15 66
115 116 384 756
116 117 157 754
117 118 45 923
118 119 369 712
119 120 21 124
120 121 7 19
121 122 2 26
122 123 14 28
123 124 25 246
124 125 248 860
125 126 125 539
126 127 536 553
127 128 234 842
128 129 29 124
129 130 25 279
130 131 334 586
131 132 405 970
132 133 206 561
133 134 15 18
134 135 232 801
135 136 167 233
136 137 495 807
137 138 166 388
138 139 650 864
139 140 320 747
140 141 238 556
141 142 49 136
142 143 9 59
143 144 114 121
144 145 41 44
145 146 84 107
146 147 139 225
147 148 25 713
148 149 367 560
149 150 1 12
150 151 21 72
151 152 349 968
152 153 156 568
153 154 15 203
154 155 38 252
155 156 120 744
156 157 183 195
157 158 215 581
158 159 48 970
159 160 628 847
160 161 71 240
161 162 101 494
162 163 609 620
163 164 741 829
164 165 119 156
165 166 12 18
166 167 2 70
167 168 396 486
168 169 462 606
169 170 259 569
170 171 169 317
171 172 108 989
172 173 84 580
173 174 193 380
174 175 119 551
175 176 684 746
176 177 309 669
177 178 35 265
178 179 51 66
179 180 78 370
180 181 46 630
181 182 20 210
182 183 122 753
183 184 23 66
184 185 24 260
185 186 115 805
186 187 180 193
187 188 369 640
188 189 441 525
189 190 577 925
190 191 85 263
191 192 48 66
192 193 384 735
193 194 569 772
194 195 150 908
195 196 641 932
196 197 5 13
197 198 171 234
198 199 467 617
199 200 377 949
200 201 880 951
201 202 113 557
202 203 7 916
203 204 595 642
204 205 115 390
205 206 81 486
206 207 14 604
207 208 249 550
208 209 750 927
209 210 338 919
210 211 241 395
211 212 33 964
212 213 62 174
213 214 9 126
214 215 94 135
215 216 6 506
216 217 10 21
217 218 912 948
218 219 276 827
219 220 7 15
220 221 18 176
221 222 167 332
222 223 116 131
223 224 433 810
224 225 97 345
225 226 334 941
226 227 522 582
227 228 212 879
228 229 20 845
229 230 875 906
230 231 198 460
231 232 189 546
232 233 461 799
233 234 36 286
234 235 466 490
235 236 188 599
236 237 15 15
237 238 129 594
238 239 108 434
239 240 698 808
240 241 74 315
241 242 728 893
242 243 314 578
243 244 35 184
244 245 464 788
245 246 29 612
246 247 0 53
247 248 20 420
248 249 271 679
249 250 530 919
250 251 0 0
251 252 768 977
252 253 96 376
253 254 80 974
254 255 95 605
255 256 173 829
256 257 240 575
257 258 218 628
258 259 200 285
259 260 410 587
260 261 56 750
261 262 31 859
262 263 596 755
263 264 629 698
264 265 4 865
265 266 85 323
266 267 314 671
267 268 162 451
268 269 92 382
269 270 9 411
270 271 213 401
271 272 41 317
272 273 349 622
273 274 72 430
274 275 410 974
275 276 464 678
276 277 54 198
277 278 4 427
278 279 75 343
279 280 25 798
280 281 823 880
281 282 707 904
282 283 343 663
283 284 4 270
284 285 75 252
285 286 462 855
286 287 454 528
287 288 148 802
288 289 47 573
289 290 32 733
290 291 230 519
291 292 14 771
292 293 38 569
293 294 379 466
294 295 218 343
295 296 53 68
296 297 267 378
297 298 19 79
298 299 43 983
299 300 51 181
300 301 703 812
301 302 64 875
302 303 455 689
303 304 106 570
304 305 84 161
305 306 423 467
306 307 164 345
307 308 191 225
308 309 498 593
309 310 43 312
310 311 495 917
311 312 425 910
312 313 56 257
313 314 49 111
314 315 93 193
315 316 166 500
316 317 6 729
317 318 105 208
318 319 167 248
319 320 47 852
320 321 65 416
321 322 373 617
322 323 74 233
323 324 91 102
324 325 408 516
325 326 103 477
326 327 30 152
327 328 423 622
328 329 85 544
329 330 334 654
330 331 143 144
331 332 108 752
332 333 10 222
333 334 467 519
334 335 562 786
335 336 7 22
336 337 127 324
337 338 70 873
338 339 297 845
339 340 0 538
340 341 542 867
341 342 190 950
342 343 517 827
343 344 274 854
344 345 4 98
345 346 471 651
346 347 535 704
347 348 248 610
348 349 564 800
349 350 20 34
350 351 748 771
351 352 222 732
352 353 81 259
353 354 58 257
354 355 425 632
355 356 269 345
356 357 409 797
357 358 275 446
358 359 35 783
359 360 442 991
360 361 291 300
361 362 51 143
362 363 500 902
363 364 223 542
364 365 942 975
365 366 129 637
366 367 987 994
367 368 360 546
368 369 426 526
369 370 62 135
370 371 316 356
371 372 14 26
372 373 92 160
373 374 685 746
374 375 9 30
375 376 266 366
376 377 695 863
377 378 333 693
378 379 337 691
379 380 159 188
380 381 246 442
381 382 157 582
382 383 482 990
383 384 56 204
384 385 55 247
385 386 170 262
386 387 691 750
387 388 91 457
388 389 50 56
389 390 237 509
390 391 154 212
391 392 242 799
392 393 145 297
393 394 5 27
394 395 52 594
395 396 140 844
396 397 192 381
397 398 591 750
398 399 462 511
399 0 118 541
198 274 709 960
89 207 207 804
298 397 18 32
86 109 94 710
378 360 173 465
197 102 78 948
39 196 112 221
391 7 186 267
321 270 37 81
93 239 155 429
302 272 89 109
3 187 29 634
291 234 311 803
85 197 320 697
12 73 564 766
3 71 312 342
141 148 234 846
267 61 351 429
147 386 541 824
249 101 7 627
7 255 105 143
274 325 47 78
385 54 12 18
13 107 39 66
120 146 263 459
347 310 41 113
185 242 26 27
295 21 746 755
295 48 153 395
228 317 625 747
62 140 444 452
193 277 263 450
52 96 321 478
318 91 40 474
118 165 797 803
389 108 314 402
256 221 900 905
343 140 24 37
191 9 29 774
84 112 90 125
129 159 426 619
204 232 6 10
56 220 57 539
249 124 1 3
356 19 739 952
308 203 807 906
313 72 406 796
294 129 656 916
100 233 11 145
324 265 97 157
199 20 157 187
273 263 434 623
1 223 503 906
134 389 853 990
77 236 530 711
155 19 193 732
129 0 910 910
317 261 230 401
149 14 160 250
344 351 85 173
198 114 106 119
380 222 711 813
52 90 124 146
308 61 171 264
335 265 480 819
284 53 87 310
275 371 975 983
195 135 213 266
356 379 268 534
171 201 243 314
397 8 113 911
100 154 338 366
352 309 19 434
60 263 117 512
117 315 791 939
242 87 9 30
125 328 347 717
31 229 579 891
267 12 4 27
213 52 159 522
94 320 290 326
154 212 763 860
273 355 288 559
375 258 184 690
183 202 399 453
9 375 313 628
206 272 97 290
21 253 8 9
172 147 118 577
289 194 255 311
98 339 434 517
48 272 479 917
279 314 69 426
87 15 235 247
34 192 22 371
156 267 827 932
395 89 538 937
266 363 320 845
302 327 590 921
75 193 29 228
258 79 35 87
164 10 81 227
124 172 47 314
353 130 149 174
88 80 62 607
392 200 395 414
319 249 136 817
114 51 81 185
354 243 112 702
390 287 211 240
393 92 275 574
149 50 139 349
65 211 15 57
19 136 11 229
369 110 92 664
173 158 387 497
176 273 92 519
180 286 102 174
394 208 530 571
55 308 107 997
356 271 370 817
101 386 92 594
224 363 297 976
135 73 690 902
384 359 374 596
242 347 23 32
6 213 18 93
100 203 4 65
294 222 398 452
152 154 120 375
361 76 590 976
141 308 161 168
294 302 404 973
149 208 150 768
355 352 137 825
222 270 396 633
103 12 37 669
270 211 157 477
354 326 13 13
172 224 273 353
267 128 103 492
159 13 427 730
274 212 206 469
382 91 281 457
284 135 44 137
267 313 1 10
104 58 237 759
357 153 319 320
280 158 163 985
222 132 102 220
236 373 216 339
338 115 19 524
297 100 191 755
357 396 404 464
42 143 17 124
285 103 5 312
234 237 348 505
182 23 587 674
154 322 274 770
157 287 51 130
381 130 19 22
90 63 484 519
187 236 365 810
146 289 12 12
66 311 470 673
70 355 518 687
58 252 259 449
196 1 123 915
103 366 521 645
273 342 0 5
194 145 162 484
285 46 485 860
340 103 517 831
262 328 297 649
104 327 548 674
322 205 143 579
225 291 116 274
32 131 452 561
122 4 368 672
370 166 87 352
386 226 9 856
361 350 48 195
218 125 187 748
346 66 178 289
79 44 202 774
285 134 224 428
134 229 307 808
29 111 12 353
143 146 180 213
134 178 346 768
326 196 301 308
257 266 42 733
131 173 121 745
299 159 40 221
69 5 116 214
22 281 54 199
273 215 70 142
244 49 277 377
295 81 4 26
169 84 103 111
264 296 446 675
227 266 552 800
161 75 13 80
84 391 159 231
315 261 125 207
60 192 601 918
41 154 369 712
299 391 38 554
311 85 144 304
74 206 405 835
191 314 269 435
99 256 93 924
289 275 19 706
276 81 32 478
112 34 47 126
346 259 755 977
252 50 65 159
282 316 189 202
1 86 230 431
26 219 180 404
106 114 48 146
138 371 251 730
131 173 8 188
111 367 289 644
64 236 682 755
301 370 185 210
130 329 489 601
250 181 720 749
329 149 195 638
82 397 555 597
340 55 13 295
63 351 263 732
279 328 71 946
334 153 394 425
61 82 264 782
131 175 45 56
58 197 627 836
103 17 89 192
282 216 32 395
107 376 60 300
234 243 6 80
289 221 808 905
299 347 267 370
256 84 238 531
31 351 285 494
230 377 26 132
216 191 149 206
121 88 65 76
222 85 289 508
215 313 158 261
328 152 322 357
100 92 97 108
279 106 473 788
314 29 83 106
142 145 778 986
215 267 174 177
188 333 393 572
240 265 41 44
38 286 54 787
143 342 100 189
331 172 308 528
370 231 286 740
164 109 39 150
162 156 248 551
206 219 118 216
306 216 642 759
56 332 590 723
334 390 46 176
130 164 847 862
351 183 18 19
288 81 289 861
66 250 394 559
327 25 262 403
73 63 158 759
331 225 534 717
185 311 966 988
184 11 115 278
273 38 0 3
252 32 244 934
21 327 196 858
178 395 606 729
106 140 272 517
297 17 23 707
156 146 594 781
46 333 159 375
114 165 136 771
307 75 527 751
188 55 366 613
10 243 111 402
240 340 43 698
192 227 2 3
166 222 277 775
161 141 649 897
194 5 126 239
87 175 11 120
314 172 78 220
201 105 275 302
311 397 157 883
81 250 104 543
59 209 57 286
15 22 16 138
19 343 183 290
347 324 584 614
186 225 13 324
185 341 212 457
147 174 31 444
271 321 492 828
372 311 255 426
376 233 121 346
79 283 177 675
276 151 69 221
197 356 423 467
15 133 127 315
265 24 443 627
283 174 483 878
57 215 202 448
195 233 363 785
147 278 47 457
15 165 624 656
173 342 16 131
214 266 56 433
152 316 146 910
377 386 528 606
172 271 758 767
92 290 475 505
186 239 190 498
62 172 407 843
386 292 45 67
330 183 466 573
68 129 866 943
22 193 45 518
229 83 25 194
48 283 624 848
326 258 242 251
276 152 398 701
151 25 512 540
317 71 814 949
200 231 439 624
220 91 151 838
299 253 4 7
371 178 553 990
270 32 4 77
105 312 141 322
90 251 815 947
152 373 0 8
207 115 70 823
287 225 370 862
167 229 259 440
374 49 220 256
100 152 494 803
8 72 255 478
123 196 112 134
130 314 691 928
156 31 294 896
319 242 120 492
144 254 561 857
396 167 255 418
82 206 46 684
296 87 154 398
13 90 271 506
391 304 169 189
355 127 907 965
356 193 64 294
29 337 58 103
241 2 19 144
356 263 10 14
8 142 109 716
162 196 1 565
254 29 11 795
86 90 110 507
4 112 717 792
142 320 44 696
397 92 227 778
355 172 59 406
392 192 422 648
76 312 25 179
70 202 100 322
196 322 165 172
114 306 376 409
302 106 205 241
365 395 214 407
353 46 94 976
120 264 46 320
21 227 408 983
80 170 334 636
346 310 106 375
233 72 225 858
196 2 283 620
187 328 100 252
221 42 579 793
127 278 2 433
36 392 219 357
183 257 10 330
344 337 43 698
210 311 69 268
200 211 479 809
148 238 26 295
315 194 469 544
292 180 35 488
311 292 281 856
363 58 721 889
139 244 172 184
184 121 144 585
214 280 499 899
289 205 250 446
211 325 440 922
221 207 125 279
16 105 570 609
309 244 266 683
195 342 10 228
393 26 3 13
171 112 180 417
337 241 276 939
133 357 186 343
393 184 594 780
47 343 158 174
237 315 264 342
381 16 81 144
107 51 123 717
75 10 298 700
232 245 516 689
12 349 8 253
122 233 334 693
357 381 118 227
251 352 228 425
384 248 60 372
343 364 227 355
49 134 13 57
99 350 99 632
358 382 275 708
38 60 309 614
154 379 107 648
344 208 95 170
356 67 121 149
213 192 70 514
333 99 679 876
190 247 181 184
118 289 437 463
315 2 145 429
200 225 345 497
170 109 107 161
288 68 283 342
136 362 222 262
337 55 469 845
78 88 539 801
9 157 213 427
30 277 4 607
163 18 103 145
160 84 259 510
389 72 56 297
108 123 741 860
168 260 547 672
162 18 457 634
144 88 7 124
215 177 5 471
186 227 971 987
325 319 577 949
246 392 0 645
275 197 71 151
149 34 344 639
229 272 318 566
174 330 433 469
274 333 279 428
87 277 38 599
5 40 259 850
22 226 369 751
102 276 238 579
273 374 294 925
53 352 31 64
157 159 62 992
296 189 6 53
309 397 189 199
277 129 318 423
144 380 10 107
18 124 365 624
81 105 44 48
9 364 183 284
355 208 41 61
176 266 158 704
287 299 54 669
209 298 34 378
321 80 0 188
133 212 716 747
16 76 22 340
57 285 609 796
167 330 266 488
271 343 263 526
301 56 2 28
233 100 8 644
19 229 22 351
329 117 2 229
365 74 422 434
85 13 57 382
116 275 282 470
357 218 404 980
136 138 269 364
322 18 493 775
199 92 510 553
35 103 600 890
138 214 81 355
310 189 107 245
162 336 466 911
362 145 42 43
373 308 2 951
42 222 36 556
348 318 319 376
195 151 942 996
169 46 45 58
379 223 337 517
170 68 26 31
137 93 1 571
286 353 45 180
48 31 208 631
176 308 98 981
77 1 565 875
338 208 373 452
5 359 252 709
213 315 168 778
287 303 235 495
115 43 118 529
89 160 55 150
68 3 273 369
222 281 65 142
374 219 51 727
2 354 160 477
301 29 274 449
389 166 623 886
147 342 460 528
379 222 2 409
273 114 80 269
308 228 54 72
229 130 361 418
132 276 23 25
226 214 116 291
200 266 221 504
144 368 374 966
391 242 24 109
385 232 99 673
257 91 1 500
130 164 596 777
247 341 141 143
238 71 69 83
221 309 74 399
173 127 608 797
223 258 36 191
264 267 261 768
42 259 177 290
160 350 150 217
55 144 6 16
88 168 107 399
214 343 360 381
345 43 201 660
173 97 41 70
44 190 64 152
170 243 5 16
290 240 47 113
279 359 496 652
58 298 348 403
291 277 166 321
185 342 162 558
188 359 214 994
154 386 801 835
3 245 699 700
38 374 505 919
66 326 29 39
164 343 52 70
330 276 142 474
66 4 300 349
188 245 321 938
79 120 389 490
101 115 256 540
38 160 230 896
228 132 42 447
268 188 92 877
18 322 66 253
105 352 109 274
25 36 243 328
343 262 174 548
74 134 109 220
239 94 575 672
142 278 141 142
109 316 4 94
222 105 87 871
99 347 53 237
90 357 138 386
151 126 81 572
139 251 413 526
205 145 28 76
127 85 54 875
130 95 690 952
285 183 284 813
339 24 139 284
191 284 374 528
129 196 184 339
381 151 138 555
317 305 734 975
250 178 133 312
334 84 630 669
282 393 316 326
259 279 24 775
322 266 156 326
83 338 72 890
141 3 317 752
397 99 114 763
242 161 261 469
370 176 140 210
104 107 39 41
192 282 108 322
31 360 19 37
398 327 608 694
229 389 168 671
16 100 279 430
398 74 126 768
107 372 189 536
189 75 31 39
346 373 5 134
3 266 122 193
272 205 256 335
20 309 43 52
225 235 274 605
392 97 365 512
43 212 99 618
27 374 267 432
333 4 739 848
245 223 401 454
378 146 6 15
231 68 239 873
290 380 557 656
218 143 208 823
215 334 80 952
1 153 22 50
309 60 121 235
297 387 4 63
239 306 193 422
55 373 250 864
144 185 41 81
230 166 192 473
98 198 121 125
385 159 407 773
114 345 146 842
131 159 16 43
286 150 172 486
174 210 96 239
53 316 914 953
241 69 923 944
177 311 579 614
24 343 687 974
220 90 9 345
354 353 367 898
148 72 405 435
332 190 196 236
222 11 621 941
73 198 177 684
215 397 32 64
351 197 590 871
143 64 428 702
85 307 301 605
146 64 8 733
321 315 119 253
335 384 160 601
276 357 566 815
334 145 29 54
83 86 103 130
258 92 485 843
86 331 432 618
183 374 445 531
56 81 131 248
336 176 281 295
257 285 273 873
247 334 317 422
266 119 33 64
136 149 71 897
230 366 61 203
227 359 517 827
317 352 571 882
386 18 35 487
245 377 238 599
392 317 30 527
17 204 320 625
110 163 157 855
71 189 210 282
213 390 367 884
266 2 179 568
88 284 74 115
207 161 147 227
44 200 432 596
69 93 214 239
21 105 50 131
71 213 76 162
158 291 716 845
202 254 521 602
201 289 210 964
70 343 217 346
363 6 245 596
47 252 354 599
5 222 338 616
73 143 17 59
210 94 596 751
291 159 489 949
373 22 141 535
391 294 124 192
205 169 498 753
251 44 3 7
340 202 142 328
38 121 164 918
167 13 383 588
73 261 782 856
391 79 31 605
396 53 604 823
268 120 289 880
28 219 292 321
365 47 10 123
38 130 40 722
287 191 231 440
254 117 119 126
90 145 573 590
349 62 8 36
322 293 171 200
175 102 518 789
322 45 8 12
215 103 260 303
315 353 20 21
133 268 437 998
314 137 30 582
323 366 160 293
155 225 187 929
234 34 433 507
312 150 328 455
274 389 548 588
392 48 128 264
385 328 282 305
299 134 331 372
374 45 22 244
62 59 566 585
178 335 93 696
56 172 31 72
332 261 835 972
378 253 342 753
48 335 104 806
142 281 232 752
328 256 38 80
384 208 334 482
299 338 285 446
3 393 199 673
268 170 156 449
129 206 92 705
264 58 351 682
142 343 424 697
25 225 127 619
41 292 150 151
303 223 108 761
347 236 562 781
289 78 586 905
221 212 187 234
142 116 108 176
200 167 284 391
167 211 172 320
151 385 529 816
141 380 198 614
220 106 362 760
47 265 11 428
359 77 42 99
302 55 111 115
27 94 314 373
260 311 181 194
274 86 254 821
82 329 407 600
297 74 420 689
113 127 100 491
134 156 14 88
174 155 70 235
79 48 248 462
331 26 67 198
172 127 12 25
307 78 634 730
226 203 581 725
343 289 180 330
236 175 153 844
240 327 300 428
376 312 678 865
361 377 289 657
318 240 480 581
201 228 78 200
175 22 493 530
215 135 45 895
182 94 150 305
213 30 761 871
4 367 776 909
42 156 263 330
336 276 345 683
377 116 739 900
64 266 36 75
267 392 745 879
131 285 144 191
143 170 363 850
263 184 83 667
44 47 163 344
90 285 12 151
90 338 565 636
13 388 44 848
31 76 690 822
23 344 230 628
157 260 883 957
197 212 479 590
357 263 174 198
236 253 64 429
36 343 290 337
344 297 793 992
341 323 232 380
108 146 841 993
262 13 421 519
221 14 19 172
312 398 30 74
309 182 327 370
247 130 118 123
320 24 301 635
335 231 111 414
254 111 830 991
11 178 882 930
321 252 28 149
189 155 41 395
155 314 44 462
266 294 245 561
96 90 85 781
4 346 278 487
4 21 137 420
76 238 27 262
343 155 580 911
271 37 15 22
322 165 484 821
153 346 76 188
132 316 664 686
97 95 71 355
334 1 492 975
268 286 34 122
318 212 155 187
190 312 216 890
62 256 27 583
88 128 43 309
102 333 0 0
243 125 76 227
364 147 61 145
41 129 143 203
385 222 116 897
248 287 682 873
258 222 183 700
188 113 57 470
383 153 811 827
366 52 248 496
153 49 81 363
128 78 77 275
339 83 909 925
315 30 303 387
176 242 3 493
264 216 2 254
323 2 455 885
60 67 152 383
301 41 59 297
397 93 323 718
162 22 22 191
25 171 21 118
85 292 561 837
396 170 513 744
229 159 143 591
78 123 83 243
287 49 505 623
61 263 515 638
289 329 180 327
11 357 19 67
250 235 865 881
226 50 195 460
14 140 535 764
219 44 221 254
319 239 575 591
144 333 85 429
154 39 42 382
144 127 61 126
108 250 137 244
115 313 0 79
311 166 171 303
232 86 99 742
15 150 178 615
78 369 661 673
274 309 7 8
46 262 641 679
325 110 29 503
22 306 139 231
340 190 12 175
202 392 66 185
174 259 611 845
124 315 75 983
228 95 393 914
295 312 131 347
282 375 325 781
114 264 339 547
180 231 525 817
168 82 175 484
127 124 525 590
219 260 208 788
73 140 6 100
134 16 76 537
131 141 101 366
345 354 346 604
104 188 239 959
200 103 72 393
211 160 373 393
153 183 754 791
380 34 69 645
332 68 248 394
76 169 184 689
67 61 30 404
269 335 43 136
374 9 298 451
16 65 29 334
200 140 124 218
125 46 477 926
155 198 196 690
263 332 251 599
66 234 375 747
375 151 300 542
75 292 277 701
254 278 659 931
114 83 752 863
206 236 115 167
332 375 247 263
259 219 0 71
188 394 356 979
41 305 155 236
347 12 300 661
68 117 69 89
339 392 205 210
154 14 170 503
332 349 96 105
319 279 229 389
278 174 263 538
252 1 7 339
327 286 184 556
86 137 340 537
155 159 263 391
195 222 437 696
52 297 315 679
368 181 107 687
268 174 26 562
306 267 179 358
356 371 406 613
48 396 666 936
312 213 411 597
325 186 562 980
176 53 275 441
325 39 155 740
327 306 5 37
337 149 21 765
189 2 91 518
377 290 5 5
321 362 73 277
378 351 58 535
180 11 546 768
397 360 28 53
140 157 431 549
116 391 336 801
16 310 503 650
99 307 97 932
243 386 57 74
245 35 140 277
337 70 288 920
233 93 699 765
24 34 255 600
151 75 635 833
286 334 563 896
144 92 720 973
355 42 823 999
212 69 39 139
164 238 69 70
73 376 31 73
397 310 1 14
243 236 213 972
132 395 20 94
249 15 324 842
287 381 639 685
308 332 141 488
396 325 99 347
218 89 174 354
281 101 17 254
78 222 544 911
192 75 579 726
348 375 0 25
383 67 15 461
11 113 192 281
185 295 20 28
281 390 759 885
214 161 324 771
49 39 58 330
311 84 668 797
244 72 9 324
18 292 30 308
302 358 792 929
325 357 687 977
166 27 252 524
19 29 375 952
61 158 788 888
314 240 232 518
140 18 124 373
38 242 410 711
248 129 106 456
65 137 448 605
385 391 539 991
178 239 566 774
266 58 201 334
271 345 89 89
365 313 41 185
212 174 409 527
374 30 376 417
224 350 172 801
385 330 556 934
371 41 64 178
312 24 788 860
335 177 777 958
170 34 897 960
364 153 19 37
312 371 16 57
231 121 5 5
156 179 115 312
265 275 22 55
179 345 42 294
396 148 316 356
379 370 635 954
365 51 87 477
195 73 162 278
289 193 227 503
72 59 604 644
45 229 47 111
239 244 332 758
256 132 683 852
342 300 13 845
90 334 726 891
115 164 362 382
261 140 177 444
325 355 92 101
197 306 21 226
126 26 531 972
365 232 128 284
345 108 552 908
192 176 484 891
288 47 639 923
285 394 120 156
257 276 327 880
193 335 227 632
323 340 118 210
330 167 338 345
117 202 75 160
348 83 59 444
246 157 81 83
47 377 31 165
236 10 117 197
70 245 532 691
294 197 241 574
36 337 752 874
61 118 120 244
93 64 303 630
231 133 7 34
60 358 332 516
199 371 108 864
40 236 773 985
274 151 3 9
7 119 68 253
273 64 37 224
282 167 42 47
197 60 10 10
114 374 42 490
220 175 11 45
21 140 100 278
271 139 412 640
139 69 82 294
170 360 90 269
42 123 292 591
168 259 102 380
12 196 342 703
326 398 269 496
181 139 3 633
119 80 121 353
102 260 83 287
306 371 21 133
55 238 188 938
328 160 536 805
106 167 809 938
112 296 155 185
65 86 333 934
118 158 473 936
174 200 114 283
265 36 234 274
380 56 533 551
74 394 135 185
25 341 272 442
259 326 73 185
384 26 255 948
250 44 276 494
304 210 697 964
123 250 631 645
281 26 335 484
336 242 299 968
40 39 25 143
303 141 78 632
115 106 610 662
110 373 398 434
358 298 55 59
218 369 31 493
178 281 53 465
92 239 10 807
109 73 240 256
258 127 388 391
147 315 236 240
242 293 402 687
53 244 90 990
87 317 56 177
49 259 120 822
343 263 144 231
225 289 56 58
7 38 91 138
235 184 468 936
266 209 306 889
345 122 146 289
296 132 599 948
99 265 337 850
333 368 403 435
340 69 396 468
177 201 334 630
256 114 133 158
171 266 1 14
77 226 197 265
12 307 3 15
272 182 271 675
44 279 113 552
44 360 102 321
208 364 53 780
388 226 51 145
395 147 237 245
230 201 1 292
61 80 138 196
337 43 30 88
217 89 287 870
132 121 57 88
393 48 605 684
31 230 17 120
176 24 9 10
328 204 405 557
61 291 399 908
353 144 803 861
119 246 276 338
196 227 10 27
12 377 74 801
125 134 334 806
202 89 665 869
123 257 133 670
27 139 506 808
182 6 300 898
133 61 388 454
12 355 495 558
23 281 91 506
85 152 331 692
382 31 142 683
393 300 27 520
157 275 461 829
79 159 83 506
179 376 136 825
222 217 107 282
226 100 168 178
284 170 393 970
164 295 312 742
227 64 216 260
62 336 44 581
152 45 300 956
306 140 2 80
338 266 40 83
58 318 247 619
72 153 153 224
129 240 133 765
97 317 268 568
67 208 593 666
345 102 87 107
238 281 57 84
310 159 321 625
97 171 394 410
350 205 45 87
334 48 239 371
102 209 371 672
102 72 21 189
82 322 762 896
54 104 251 950
148 320 917 962
362 18 111 730
67 114 275 406
221 226 250 744
6 300 182 288
345 379 73 314
232 29 3 606
371 391 448 595
386 10 812 879
260 161 247 254
325 12 458 766
186 398 650 941
229 171 1 1
375 355 354 476
85 359 109 657
288 108 626 844
142 44 74 183
154 394 625 857
248 243 316 364
350 134 483 893
339 86 22 27
335 238 40 85
5 299 932 982
378 269 420 610
298 94 305 418
194 260 70 169
377 3 125 650
234 155 25 37
194 342 149 311
311 1 283 323
181 321 511 608
103 137 379 651
222 134 62 846
93 112 605 928
322 75 423 661
200 194 415 578
388 266 153 399
176 21 599 967
394 391 58 154
81 107 734 895
105 266 109 311
54 51 246 549
315 184 377 682
165 266 81 236
168 240 129 167
110 392 290 508
318 372 211 792
243 104 656 693
380 117 0 119
37 54 559 901
165 121 137 480
382 165 36 947
150 197 360 553
231 5 70 84
113 76 132 202
90 43 767 855
266 151 212 706
369 56 82 895
150 305 178 329
203 160 443 528
26 326 415 651
159 225 83 594
163 393 75 231
326 248 335 427
142 298 248 248
154 291 841 846
316 172 921 987
124 54 63 66
290 291 319 714
95 184 130 330
348 241 305 626
80 359 14 258
347 179 151 651
295 193 317 371
197 200 183 295
57 384 591 912
375 75 510 943
283 24 356 614
5 337 58 214
225 301 464 940
183 317 8 751
270 136 348 751
204 211 112 211
242 271 686 830
133 214 22 240
173 388 243 632
220 249 193 711
388 25 178 743
45 352 379 390
272 19 322 760
377 79 282 903
154 318 214 588
238 111 57 90
396 255 72 129
136 305 18 105
40 266 119 172
117 256 107 126
329 3 128 779
334 338 24 39
335 188 231 241
187 229 133 879
9 38 649 974
326 303 217 606
378 223 837 977
332 74 9 43
215 76 773 949
369 168 287 311
324 106 293 799
45 259 418 811
152 28 38 860
65 217 5 459
313 64 831 931
52 221 113 258
61 178 886 935
324 74 331 619
329 29 545 986
114 105 17 32
340 326 268 725
99 18 302 566
339 3 421 492
364 322 229 259
60 351 316 327
281 56 151 249
360 397 164 219
133 61 627 800
198 114 125 502
180 54 71 83
117 305 735 777
333 100 289 534
3 156 688 740
227 20 267 515
283 230 96 400
35 256 381 987
155 15 9 28
262 180 455 933
252 314 811 931
210 256 113 391
294 355 158 214
280 155 617 619
11 308 91 178
82 115 767 804
276 373 50 254
200 5 121 291
117 262 343 916
260 224 869 903
170 139 483 535
116 181 521 863
369 370 152 352
389 388 629 998
298 303 208 434
229 147 121 295
383 390 9 41
359 319 716 990
234 208 277 465
42 3 447 735
230 275 246 641
354 187 170 723
152 375 20 51
358 200 894 920
29 341 448 927
213 226 227 552
62 378 542 964
111 311 237 281
324 305 130 602
332 388 196 396
331 172 187 628
268 26 219 300
177 321 661 820
310 285 33 69
102 12 14 41
280 369 25 49
15 3 11 150
283 275 141 395
33 235 681 956
102 138 20 110
196 127 334 648
155 182 57 528
3 299 58 353
286 77 49 198
59 302 105 220
134 205 20 43
209 391 120 713
116 228 7 654
47 260 148 444
213 382 475 719
150 186 17 110
24 162 638 939
169 38 90 848
132 333 601 659
10 309 286 379
142 265 387 416
199 178 472 482
334 129 604 936
368 326 281 864
365 332 95 478
350 355 540 555
17 290 418 876
12 267 544 950
317 38 451 639
259 126 543 749
222 276 14 351
76 316 208 918
123 96 25 837
37 207 59 552
245 12 717 868
256 124 15 850
48 85 464 809
127 348 125 130
289 209 426 536
229 361 69 901
140 240 746 771
123 268 300 421
360 84 638 978
159 283 83 251
333 74 318 333
201 174 156 955
230 252 512 809
278 304 751 901
168 317 4 11
165 314 143 380
114 203 214 235
60 133 89 296
208 274 592 738
311 98 548 724
238 38 291 462
247 118 102 365
333 98 514 585
162 205 130 534
91 180 272 551
120 202 74 616
325 195 75 396
299 8 282 772
111 365 134 251
273 259 249 656
204 382 203 961
21 6 3 3
6 252 654 724
306 22 89 109
37 135 352 544
384 204 254 627
9 65 59 243
133 366 624 914
304 78 440 622
239 375 15 231
103 242 369 770
11 125 59 105
264 317 434 555
32 25 91 95
206 104 138 581
369 347 243 253
216 8 244 650
350 254 181 716
177 281 124 524
2 114 298 658
321 62 94 814
118 38 349 808
221 87 34 620
170 108 253 451
167 284 273 408
185 155 102 875
125 314 16 703
304 50 98 185
76 67 213 566
304 70 257 909
186 328 59 150
309 245 333 846
376 188 434 821
114 183 56 499
306 98 5 37
263 376 22 147
381 356 338 923
93 181 18 44
55 52 40 372
299 307 195 619
105 333 62 197
277 107 3 982
281 378 63 156
45 277 229 540
86 375 515 618
35 73 23 231
16 45 36 466
183 217 102 491
220 298 644 767
362 62 350 634
183 131 398 468
364 388 570 667
316 80 51 453
267 192 196 526
344 334 179 659
292 27 89 181
60 275 244 788
294 3 540 603
156 236 517 981
378 169 218 222
248 119 376 466
10 267 759 896
356 159 478 602
129 258 662 726
148 368 240 414
208 205 473 684
269 255 634 947
51 382 185 200
240 52 310 808
86 66 188 970
324 214 1 14
96 379 163 215
188 237 66 117
199 296 742 768
216 143 52 81
207 2 438 999
245 106 223 390
267 155 564 906
135 377 93 188
112 120 441 441
225 166 790 845
55 214 303 595
379 359 330 462
332 300 138 513
363 111 317 574
197 398 280 440
355 134 104 193
276 144 65 114
49 227 124 151
192 167 48 52
11 274 324 559
371 260 409 848
131 330 270 359
60 208 16 75
215 209 141 426
296 265 191 602
59 258 269 425
26 274 13 811
306 121 940 942
158 189 479 870
220 328 121 704
229 223 77 470
169 83 156 683
53 65 2 13
118 274 861 983
315 379 89 172
371 266 292 907
365 272 200 807
9 380 417 800
255 283 176 269
92 215 196 219
123 175 330 429
343 289 313 850
367 164 157 450
218 229 400 936
374 76 5 353
114 292 137 620
280 301 502 981
154 63 508 644
34 68 8 45
6 332 253 464
139 73 268 335
68 94 173 532
392 147 50 285
15 122 66 122
37 338 480 668
159 81 172 682
180 41 612 868
241 64 39 132
168 74 249 799
263 130 538 827
380 239 268 647
263 170 169 205
189 51 88 261
21 193 10 418
362 39 315 542
156 148 315 477
299 129 300 467
124 340 3 840
370 325 521 870
297 159 354 817
151 219 38 878
54 50 397 571
199 266 508 965
398 241 214 607
354 113 386 604
17 133 264 319
84 31 611 681
332 42 34 52
225 296 126 134
378 12 107 130
172 369 101 655
210 89 19 175
48 232 181 341
244 311 34 44
288 287 180 233
265 376 158 965
160 113 428 509
41 278 95 151
52 31 447 523
158 261 808 944
124 181 833 866
389 152 60 392
157 144 13 284
23 25 397 762
69 16 167 240
345 136 6 254
269 123 35 84
21 359 55 865
152 273 371 448
173 60 293 562
321 339 689 737
397 73 98 797
361 33 303 447
338 282 46 184
287 114 374 829
361 291 23 31
365 281 360 947
244 122 381 577
19 107 518 876
208 90 176 609
133 65 154 251
333 220 155 296
139 246 39 533
94 384 854 963
126 2 159 184
18 360 421 510
314 21 54 344
279 384 758 770
226 338 559 803
144 209 238 424
287 46 37 204
326 6 63 67
27 177 143 198
340 354 57 272
119 281 68 599
104 81 313 873
86 74 34 128
334 388 871 959
380 52 340 683
232 190 720 742
327 392 965 983
374 316 133 416
238 247 18 532
163 114 2 679
15 41 198 513
63 108 95 299
158 384 36 105
360 214 66 285
184 45 356 769
40 91 470 641
358 140 289 802
338 25 467 517
216 277 140 232
41 82 69 628
87 11 51 304
380 374 1 29
284 217 166 904
276 218 187 420
17 343 76 426
121 73 587 741
217 108 122 949
100 150 30 72
75 182 116 172
22 134 256 322
172 228 229 248
214 107 314 495
40 131 651 825
207 70 263 854
124 72 58 596
324 285 212 240
268 283 169 186
33 82 440 744
216 95 206 237
207 152 355 540
347 273 662 750
86 226 54 228
296 126 162 174
121 352 22 39
361 33 17 147
274 306 529 852
125 161 35 104
166 18 199 223
352 61 30 32
211 130 629 677
365 285 50 231
25 292 283 414
30 15 101 139
196 376 115 377
289 312 168 424
203 380 124 473
109 16 190 423
41 364 55 102
158 309 65 773
130 364 7 137
34 378 208 424
157 389 144 272
291 147 69 301
18 156 240 673
0 143 341 518
132 159 7 190
328 125 301 469
346 151 330 339
196 37 233 705
291 39 86 226
180 281 831 845
275 367 14 526
362 10 336 501
60 207 159 253
238 41 8 186
91 272 296 472
299 265 644 982
108 201 34 133
280 74 185 283
383 261 285 801
186 23 629 665
150 347 77 279
379 196 284 314
33 364 245 420
317 0 420 603
364 366 720 720
283 326 832 858
390 105 54 681
163 200 64 237
271 27 14 926
34 117 627 781
218 178 287 307
329 203 165 305
156 43 604 882
182 342 23 126
360 51 602 634
347 329 275 277
74 162 199 828
356 179 340 364
11 388 729 734
131 162 15 192
194 22 252 481
345 84 799 804
33 186 323 397
175 20 86 161
19 120 283 649
159 288 83 754
276 306 259 280
198 350 235 451
348 299 180 901
334 300 233 872
72 317 180 707
53 66 554 591
157 325 196 818
44 122 209 908
277 292 2 2
209 84 112 397
83 82 126 561
54 179 645 734
185 298 35 87
106 32 81 400
313 228 113 279
161 67 47 423
18 207 334 498
306 68 493 660
392 320 61 496
89 246 112 621
388 22 560 583
73 393 125 428
204 244 1 4
98 358 24 194
118 328 201 320
82 38 17 147
103 357 14 599
155 287 263 612
151 173 45 500
359 373 194 321
54 0 353 653
367 387 137 190
79 384 5 5
189 48 706 735
302 200 8 443
320 301 404 698
69 25 180 185
22 111 34 62
23 191 172 378
277 214 228 696
22 376 69 102
157 178 178 196
183 330 162 454
260 234 615 621
65 266 220 750
321 319 26 109
91 14 255 625
17 108 77 387
288 148 569 670
18 281 81 203
222 242 303 528
52 219 168 172
138 121 3 18
384 190 353 487
321 348 132 184
234 86 279 638
5 22 82 537
129 104 176 775
214 153 128 393
272 37 956 990
305 214 490 515
74 112 9 479
22 76 518 750
318 116 331 573
296 194 133 362
97 270 264 489
15 140 182 189
343 224 254 393
146 34 10 29
326 280 283 462
325 20 224 274
121 282 41 527
283 3 18 29
193 231 358 555
165 305 73 293
23 349 85 578
248 321 625 733
355 176 293 440
199 270 49 663
323 241 81 239
265 120 852 999
69 324 85 243
390 261 203 941
200 144 81 217
129 215 117 498
299 114 422 821
392 312 396 717
268 393 591 706
221 208 123 440
166 25 325 754
178 109 895 920
43 18 223 441
2 149 394 528
368 51 3 66
224 300 43 391
225 139 377 467
161 197 709 896
329 382 49 110
168 242 700 731
59 140 509 546
116 327 264 607
48 357 2 29
312 8 132 146
394 189 88 284
282 174 1 4
23 108 196 669
224 111 591 871
56 195 415 547
331 241 211 543
233 184 129 616
25 208 130 302
389 136 133 367
158 365 536 575
159 365 264 810
227 117 49 201
8 293 210 327
190 37 230 743
223 221 91 341
370 304 32 47
1 205 113 156
135 21 0 194
150 84 202 495
116 148 174 635
115 127 425 881
32 262 36 903
109 102 146 307
374 377 555 754
329 16 165 282
304 216 19 368
280 127 26 293
364 362 293 414
300 350 180 214
171 1 16 319
208 373 51 122
256 165 135 963
3 225 238 504
10 210 307 924
30 302 611 746
243 85 369 458
171 67 437 755
358 388 466 628
375 93 272 304
156 345 437 522
310 127 375 713
378 104 158 305
339 199 9 12
10 86 116 268
105 85 421 797
307 89 424 930
359 83 537 625
97 356 111 132
68 208 317 758
74 60 220 527
54 206 1 754
212 246 17 859
211 18 165 948
158 24 516 655
94 340 43 855
40 301 702 743
227 389 388 727
51 359 114 859
232 184 61 923
188 149 368 902
71 382 382 396
50 296 23 84
76 323 581 830
299 296 341 539
99 273 484 542
132 187 58 826
378 275 18 32
184 138 593 878
325 169 33 34
127 281 477 693
132 236 31 588
261 3 641 642
15 392 333 374
308 345 101 275
166 22 216 509
123 43 171 886
242 310 123 565
309 211 357 663
301 168 249 441
82 208 558 973
334 302 404 743
392 20 237 355
325 219 249 654
82 71 531 543
63 126 221 884
231 297 223 275
190 192 36 108
174 202 41 191
246 154 376 387
247 318 215 854
371 156 265 271
245 110 300 626
90 262 16 624
240 92 173 408
263 215 37 50
174 300 131 745
110 148 101 296
30 348 336 398
231 29 251 377
247 291 344 664
33 388 52 86
317 228 427 550
106 300 15 15
68 95 892 984
378 322 97 599
187 259 375 384
169 237 125 146
194 330 465 697
216 57 629 906
386 198 317 318
250 359 142 767
368 259 17 287
144 232 611 958
273 68 666 703
57 136 552 625
333 223 236 931
296 387 257 269
340 194 17 924
263 159 552 678
124 295 139 772
92 212 57 572
21 211 152 834
100 392 422 698
395 78 126 146
89 72 106 613
9 253 232 279
248 55 305 916
207 376 121 198
8 312 247 286
358 261 11 47
264 104 365 448
16 27 398 558
127 141 214 574
258 11 835 906
299 204 256 347
200 42 145 447
393 49 41 852
140 299 302 577
21 291 555 654
202 32 249 278
150 295 277 487
36 72 408 621
226 397 87 133
278 19 5 32
20 196 102 113
261 388 418 477
56 77 18 24
297 288 452 626
72 221 27 97
392 188 102 251
125 71 85 426
115 142 91 115
334 200 247 270
269 182 17 21
68 41 179 986
353 290 114 612
275 180 238 378
264 32 0 26
287 152 36 390
8 325 281 453
46 187 398 931
155 135 50 278
98 25 392 615
187 35 192 665
87 306 161 186
323 227 307 506
57 323 363 787
117 370 55 96
386 181 490 606
332 82 25 26
214 141 2 7
378 248 24 59
124 165 426 481
239 18 249 926
90 262 273 405
232 72 28 75
31 244 114 862
126 74 40 519
23 219 225 319
346 91 484 963
291 207 787 939
320 290 170 260
78 273 8 201
28 8 92 589
361 209 779 843
285 367 214 337
98 129 341 587
276 274 34 162
142 170 5 194
51 328 714 762
141 170 69 150
26 371 242 266
348 33 2 690
59 295 9 15
223 356 24 32
73 378 118 287
111 40 161 336
157 292 264 362
216 239 87 807
321 241 27 36
96 100 165 358
255 227 561 638
50 350 97 143
287 387 49 858
372 325 101 646
74 368 72 115
374 79 119 208
64 348 135 746
5 51 46 403
54 176 419 484
238 379 249 888
396 162 132 137
347 237 782 965
131 71 1 42
71 143 40 99
48 335 0 223
386 273 145 807
302 6 211 456
222 79 83 653
132 330 3 174
237 28 7 166
276 209 470 521
209 94 578 741
10 277 453 462
356 13 646 870
75 13 275 661
45 7 184 249
95 259 89 235
351 68 188 374
330 291 33 757
266 22 290 938
53 262 844 862
12 53 56 261
346 148 6 412
317 25 367 612
279 255 137 547
29 200 288 389
151 53 24 101
315 358 303 712
202 292 40 88
7 269 730 866
380 115 784 864
154 24 452 709
180 203 68 486
38 153 384 699
172 145 315 395
261 335 80 798
1 120 34 787
309 53 25 155
385 112 167 318
30 55 158 344
253 30 32 364
93 32 113 567
264 275 34 41
263 340 150 660
326 378 119 201
127 44 36 416
266 84 419 451
25 348 245 349
53 184 158 383
108 61 150 180
236 292 35 68
111 46 532 551
62 223 376 596
361 213 19 145
338 204 90 231
303 166 271 286
136 353 831 831
33 296 23 153
92 290 160 552
295 170 54 568
145 147 222 343
266 271 191 350
242 243 854 960
292 313 387 553
110 359 509 653
235 58 230 491
45 312 227 647
183 364 182 605
162 191 79 145
238 286 245 335
43 102 228 460
313 335 1 127
263 118 215 363
308 107 187 228
344 95 637 848
194 193 65 341
178 109 80 227
296 21 205 408
378 383 376 683
330 189 40 65
373 149 78 180
169 95 610 695
202 312 278 753
43 129 539 618
63 126 225 880
163 332 168 168
339 204 109 704
281 73 493 918
89 385 85 150
186 8 52 244
29 353 108 547
287 42 196 344
207 139 201 691
164 268 55 57
365 165 149 160
244 183 145 716
325 111 445 971
311 319 555 930
133 352 570 901
116 312 45 127
359 199 122 146
260 33 34 72
172 381 240 543
221 128 104 883
392 222 317 532
383 272 429 782
72 84 21 188
360 173 303 863
288 49 168 187
289 29 31 54
389 351 334 421
396 351 221 555
346 222 964 971
320 185 5 91
249 144 36 274
115 17 0 105
77 133 376 390
322 370 276 289
243 271 353 513
330 356 204 348
226 367 628 929
375 97 371 790
139 179 584 861
311 396 95 129
152 372 146 575
277 203 210 214
389 10 366 869
386 41 10 15
308 348 32 105
314 45 104 376
176 276 208 402
269 272 192 277
146 114 42 96
278 91 26 118
139 82 156 318
327 202 941 951
368 364 187 207
318 164 652 748
76 251 227 258
343 333 18 37
76 264 0 16
394 132 20 152
397 54 244 462
181 302 684 756
136 330 217 729
398 307 120 352
271 230 187 479
127 380 491 814
42 209 203 839
396 102 218 320
276 58 0 4
245 200 7 46
273 344 682 738
340 261 94 272
210 233 373 481
92 316 44 192
306 227 810 847
272 239 46 503
314 269 40 527
96 309 230 288
291 274 244 512
311 41 0 1
64 34 83 277
168 321 91 349
59 222 234 284
297 201 61 86
385 359 217 522
389 163 676 789
293 280 418 943
364 39 27 497
341 194 511 594
113 95 5 291
112 163 59 149
86 145 95 132
238 193 303 733
344 3 661 735
179 64 134 179
110 99 233 413
50 10 472 594
212 364 22 125
117 275 73 786
211 115 563 620
270 323 400 615
157 46 668 701
160 312 390 988
8 177 66 562
43 243 598 865
321 238 25 419
354 67 241 655
267 21 408 926
86 185 349 664
67 398 220 303
46 300 318 620
79 257 268 351
68 282 232 322
242 221 366 610
361 35 151 160
366 27 42 487
171 47 236 946
233 353 117 384
298 149 179 189
130 63 290 469
124 351 501 841
393 6 156 843
250 254 25 828
213 186 2 11
33 271 183 267
118 194 490 1000
358 71 65 119
1 239 334 490
299 98 786 790
36 50 42 122
62 75 158 663
328 177 234 488
66 64 188 194
264 106 810 879
166 353 29 181
370 30 541 639
270 374 321 741
337 181 251 563
213 48 383 629
39 311 29 119
107 289 167 308
350 98 515 587
243 155 201 395
352 108 375 664
104 202 669 852
27 61 122 190
63 103 611 904
182 317 26 383
41 63 842 944
123 386 223 617
183 324 594 790
243 278 220 515
292 113 64 531
241 234 262 327
247 209 11 129
235 13 372 384
64 116 178 215
87 313 32 32
161 273 208 275
384 314 94 180
345 346 595 876
191 255 68 81
97 333 92 184
180 196 279 704
253 0 563 920
61 321 36 251
251 166 10 21
136 120 64 961
26 72 245 682
198 308 74 310
188 38 85 472
90 227 529 599
280 312 117 374
81 215 198 875
8 194 682 726
34 74 107 955
21 376 301 351
167 214 872 938
218 333 266 479
343 259 130 642
233 175 117 737
257 308 311 810
231 73 387 396
176 55 225 448
102 387 484 818
224 195 365 718
56 35 257 941
118 336 642 980
389 360 92 179
283 41 142 228
218 81 166 716
229 360 443 748
31 144 208 603
215 77 113 878
47 35 76 252
248 153 254 339
39 17 57 495
281 133 44 315
164 11 182 545
120 351 145 683
229 152 176 220
364 211 187 485
13 242 763 993
175 36 201 324
392 36 17 35
119 36 66 818
247 321 494 503
151 191 12 52
128 324 875 891
229 245 9 404
313 20 184 930
66 195 389 402
210 128 53 76
157 396 58 245
15 123 99 350
217 213 560 751
5 223 48 184
8 105 272 431
206 354 204 874
89 117 523 534
185 276 12 103
373 77 12 24
26 210 644 706
392 92 253 980
258 174 548 785
395 140 522 765
365 199 634 676
310 216 314 796
243 169 11 40
346 97 66 264
328 255 233 696
205 8 696 867
109 152 424 675
195 138 70 176
369 131 188 937
82 348 590 904
213 307 4 86
203 16 106 193
357 115 91 275
180 214 444 739
349 290 541 860
317 333 518 578
134 368 179 199
149 134 263 415
122 312 88 137
363 384 805 918
368 211 618 765
4 247 290 510
84 288 351 454
353 65 44 97
269 184 93 318
239 245 86 120
11 168 307 783
367 154 73 545
244 117 173 227
22 201 156 224
156 39 116 260
196 6 17 309
238 169 358 388
134 248 200 297
233 35 145 680
110 127 17 35
322 334 1 328
46 199 651 746
159 139 658 943
39 140 59 803
86 80 167 241
263 87 229 233
134 211 27 190
200 109 83 883
321 152 223 238
316 262 522 758
8 90 221 261
96 37 29 33
302 341 668 734
5 43 712 726
205 7 68 89
50 120 188 327
160 44 535 949
15 207 60 163
126 4 31 86
313 286 549 595
190 229 482 931
394 397 69 133
224 318 252 513
217 274 323 684
382 228 162 172
106 156 3 11
83 130 850 888
79 88 3 35
372 398 234 257
230 274 74 652
385 26 4 286
325 365 5 9
124 305 458 576
340 199 90 308
319 174 21 151
143 359 335 972
220 108 162 165
333 32 459 727
345 395 229 891
267 125 715 859
177 157 170 184
107 353 86 237
244 208 6 18
24 378 618 932
314 200 703 888
334 314 179 596
110 360 26 109
126 56 134 173
227 62 76 577
10 77 55 251
116 334 140 300
43 34 84 171
118 77 148 189
233 280 208 463
308 97 88 510
336 386 246 512
260 183 151 998
186 64 19 129
62 159 303 756
340 115 156 794
65 155 324 585
266 352 99 463
76 256 357 894
204 292 314 829
150 220 8 50
250 56 424 963
194 228 4 7
358 44 204 573
224 134 393 573
216 354 750 835
130 150 216 385
315 112 55 91
76 334 408 582
237 10 23 24
265 367 10 362
381 78 529 986
40 352 5 869
272 17 31 152
160 149 592 799
261 369 763 811
107 8 59 929
36 234 87 224
377 239 386 499
6 111 825 828
304 98 294 668
63 48 441 594
341 15 244 652
218 84 78 238
56 280 4 25
215 222 234 736
43 342 106 327
151 119 140 377
147 119 567 613
327 210 596 657
9 170 92 203
92 58 219 826
72 94 276 380
182 292 117 632
100 158 505 967
256 90 171 565
186 124 1 359
347 133 430 619
98 251 116 502
386 381 80 452
116 326 220 733
276 350 781 925
226 329 218 479
125 294 36 88
318 9 71 570
131 366 60 245
268 77 14 39
314 382 695 788
102 136 272 273
178 88 45 777
369 222 63 488
66 81 302 318
61 127 138 314
308 105 35 42
346 154 509 534
343 169 607 824
131 33 50 83
352 358 89 108
47 11 18 529
352 305 558 660
297 228 437 695
270 263 88 313
121 205 9 37
53 173 342 414
90 71 9 226
280 129 1 1
139 345 258 686
324 200 864 953
159 260 236 391
40 330 274 300
353 347 91 554
354 275 569 852
166 130 458 795
263 93 120 685
177 318 20 432
323 297 331 691
183 138 181 216
159 243 30 284
197 223 145 778
203 27 917 930
33 262 111 190
354 30 14 296
35 47 6 6
142 65 22 431
38 104 156 210
108 139 641 642
302 242 242 710
89 274 114 118
118 103 26 82
110 57 767 907
287 162 121 389
140 155 272 533
37 250 345 964
53 93 721 759
107 209 37 325
302 284 12 85
100 118 361 536
100 171 92 336
355 263 15 21
311 151 85 771
2 205 345 385
221 253 411 571
141 84 43 756
244 248 88 941
41 352 62 612
261 65 169 315
33 84 87 110
206 84 14 73
173 174 106 320
125 180 532 661
15 174 516 695
24 332 83 207
135 95 63 82
251 262 256 305
214 171 183 548
346 52 74 755
36 210 98 530
93 248 76 287
155 396 200 624
389 324 39 265
62 229 28 653
85 264 689 842
82 134 486 639
64 66 369 566
149 74 24 307
365 64 230 877
66 95 755 989
104 125 641 778
342 291 140 574
280 134 5 141
338 109 273 315
91 376 87 367
167 216 111 292
150 227 264 446
233 345 34 611
368 316 127 213
59 344 192 250
13 339 5 112
48 59 184 307
277 14 373 497
330 18 10 490
347 330 421 996
369 229 251 982
280 320 150 436
394 93 414 972
380 271 126 214
231 366 491 541
259 351 319 453
314 75 791 968
62 375 734 837
326 281 150 214
285 369 289 439
293 253 59 168
69 358 159 529
259 299 134 794
271 40 30 35
339 245 148 191
65 268 72 978
125 6 464 961
280 282 506 557
157 34 466 646
219 7 49 272
371 236 356 953
54 50 521 670
110 289 79 667
67 7 2 11
55 143 255 853
96 34 556 779
30 54 492 685
363 181 658 741
239 380 15 156
50 397 386 719
294 203 10 96
197 388 514 707
8 166 2 2
278 1 196 776
45 164 258 492
138 67 169 204
83 90 542 729
369 229 126 315
28 137 792 884
87 104 48 180
232 203 405 939
253 47 318 971
330 23 203 304
220 322 863 863
336 79 762 843
128 252 97 425
341 159 339 364
208 392 271 282
8 30 574 994
77 0 198 256
209 91 881 921
85 179 91 428
148 79 286 936
342 324 664 839
304 238 112 155
394 173 28 574
248 235 291 674
19 276 353 406
39 34 4 4
229 384 302 325
186 341 700 839
20 29 55 62
390 43 90 105
238 1 132 702
55 188 273 514
221 73 207 498
174 200 236 373
348 59 270 604
21 221 301 852
143 346 130 277
160 23 696 845
31 192 235 417
75 393 455 501
90 67 122 730
361 74 198 258
295 366 242 922
31 147 272 702
385 109 110 619
357 129 237 273
384 37 588 696
393 79 37 257
285 113 352 817
105 4 10 11
200 65 25 166
278 277 270 558
182 57 330 712
240 95 222 492
341 88 795 878
53 262 823 976
158 65 78 464
240 1 399 768
375 147 337 495
180 281 615 665
10 218 202 225
24 208 44 109
147 390 287 979
262 346 455 815
361 290 95 285
144 337 443 586
88 238 247 380
195 177 34 176
22 361 128 419
369 361 156 297
229 325 13 16
4 188 25 387
39 167 51 921
341 261 43 829
174 60 198 574
247 217 71 318
294 264 52 231
10 271 419 956
20 243 397 565
238 257 96 217
194 234 18 249
201 142 97 960
307 37 92 239
265 189 51 106
351 284 109 184
324 330 553 766
81 37 84 709
41 152 61 438
205 245 334 794
248 119 389 518
83 256 204 414
236 268 100 117
43 191 21 884
182 135 24 275
13 387 86 616
397 51 953 985
363 76 106 189
206 157 339 966
189 257 510 653
354 14 63 128
153 85 562 772
147 23 498 952
171 271 418 563
221 272 354 689
344 320 11 26
281 302 325 990
55 168 27 318
315 12 22 23
38 387 177 809
189 241 261 974
276 224 738 738
48 114 2 2
380 204 56 63
38 264 64 584
315 264 6 336
125 375 230 882
373 257 680 874
83 321 280 988
112 396 371 716
200 219 797 877
190 21 246 319
136 221 99 111
278 178 148 866
156 352 185 303
146 230 141 419
40 268 209 646
223 59 0 605
398 54 27 421
106 199 142 386
330 5 86 122
229 25 94 534
392 302 207 233
257 192 643 755
270 394 338 675
341 40 57 71
50 18 372 990
34 396 543 781
157 268 210 228
340 394 7 30
276 211 146 478
106 290 187 353
220 178 422 547
118 99 225 660
310 360 207 798
125 190 6 13
162 207 711 715
124 58 170 295
72 71 588 987
48 230 354 847
272 229 164 560
208 188 100 598
184 332 83 192
377 342 40 226
245 155 136 154
366 252 359 378
248 17 42 112
285 184 87 511
73 330 353 639
323 350 91 122
88 122 97 344
319 302 41 70
37 52 13 526
196 4 237 650
165 193 285 616
214 91 496 814
169 286 13 235
66 247 187 618
359 295 250 303
132 279 73 88
216 194 48 305
1 230 68 71
236 188 693 959
394 9 404 727
324 102 83 101
172 40 32 787
279 293 118 352
258 243 688 912
163 309 457 495
135 119 455 873
