500 5000
0 1 416 417
1 2 673 721
2 3 0 0
3 4 302 302
4 5 34 146
5 6 36 92
6 7 72 186
7 8 231 345
8 9 372 397
9 10 457 539
10 11 131 419
11 12 359 685
12 13 90 204
13 14 201 878
14 15 14 27
15 16 614 671
16 17 191 417
17 18 241 559
18 19 132 140
19 20 154 198
20 21 574 801
21 22 778 969
22 23 29 313
23 24 359 693
24 25 759 877
25 26 742 895
26 27 71 85
27 28 10 39
28 29 10 170
29 30 590 879
30 31 58 98
31 32 283 421
32 33 394 958
33 34 105 533
34 35 200 692
35 36 44 315
36 37 538 687
37 38 344 835
38 39 0 18
39 40 468 750
40 41 654 989
41 42 223 748
42 43 125 280
43 44 175 790
44 45 7 103
45 46 210 448
46 47 87 909
47 48 265 293
48 49 34 288
49 50 68 130
50 51 1 19
51 52 623 679
52 53 193 211
53 54 79 265
54 55 288 492
55 56 30 53
56 57 353 574
57 58 140 146
58 59 153 589
59 60 161 700
60 61 54 102
61 62 394 414
62 63 343 695
63 64 224 414
64 65 39 50
65 66 24 536
66 67 93 664
67 68 408 515
68 69 28 945
69 70 519 587
70 71 489 904
71 72 61 137
72 73 124 139
73 74 305 808
74 75 214 398
75 76 108 165
76 77 335 928
77 78 199 348
78 79 479 751
79 80 91 726
80 81 610 884
81 82 404 624
82 83 266 751
83 84 267 349
84 85 96 270
85 86 675 896
86 87 378 428
87 88 11 965
88 89 331 664
89 90 45 622
90 91 90 114
91 92 60 950
92 93 160 450
93 94 545 578
94 95 155 408
95 96 181 237
96 97 698 904
97 98 173 574
98 99 2 2
99 100 94 617
100 101 189 326
101 102 4 527
102 103 628 886
103 104 168 357
104 105 695 909
105 106 291 623
106 107 4 15
107 108 774 930
108 109 381 691
109 110 70 998
110 111 81 172
111 112 102 137
112 113 179 933
113 114 324 697
114 115 15 66
115 116 384 756
116 117 157 754
117 118 45 923
118 119 369 712
119 120 21 124
120 121 7 19
121 122 2 26
122 123 14 28
123 124 25 246
124 125 248 860
125 126 125 539
126 127 536 553
127 128 234 842
128 129 29 124
129 130 25 279
130 131 334 586
131 132 405 970
132 133 206 561
133 134 15 18
134 135 232 801
135 136 167 233
136 137 495 807
137 138 166 388
138 139 650 864
139 140 320 747
140 141 238 556
141 142 49 136
142 143 9 59
143 144 114 121
144 145 41 44
145 146 84 107
146 147 139 225
147 148 25 713
148 149 367 560
149 150 1 12
150 151 21 72
151 152 349 968
152 153 156 568
153 154 15 203
154 155 38 252
155 156 120 744
156 157 183 195
157 158 215 581
158 159 48 970
159 160 628 847
160 161 71 240
161 162 101 494
162 163 609 620
163 164 741 829
164 165 119 156
165 166 12 18
166 167 2 70
167 168 396 486
168 169 462 606
169 170 259 569
170 171 169 317
171 172 108 989
172 173 84 580
173 174 193 380
174 175 119 551
175 176 684 746
176 177 309 669
177 178 35 265
178 179 51 66
179 180 78 370
180 181 46 630
181 182 20 210
182 183 122 753
183 184 23 66
184 185 24 260
185 186 115 805
186 187 180 193
187 188 369 640
188 189 441 525
189 190 577 925
190 191 85 263
191 192 48 66
192 193 384 735
193 194 569 772
194 195 150 908
195 196 641 932
196 197 5 13
197 198 171 234
198 199 467 617
199 200 377 949
200 201 880 951
201 202 113 557
202 203 7 916
203 204 595 642
204 205 115 390
205 206 81 486
206 207 14 604
207 208 249 550
208 209 750 927
209 210 338 919
210 211 241 395
211 212 33 964
212 213 62 174
213 214 9 126
214 215 94 135
215 216 6 506
216 217 10 21
217 218 912 948
218 219 276 827
219 220 7 15
220 221 18 176
221 222 167 332
222 223 116 131
223 224 433 810
224 225 97 345
225 226 334 941
226 227 522 582
227 228 212 879
228 229 20 845
229 230 875 906
230 231 198 460
231 232 189 546
232 233 461 799
233 234 36 286
234 235 466 490
235 236 188 599
236 237 15 15
237 238 129 594
238 239 108 434
239 240 698 808
240 241 74 315
241 242 728 893
242 243 314 578
243 244 35 184
244 245 464 788
245 246 29 612
246 247 0 53
247 248 20 420
248 249 271 679
249 250 530 919
250 251 0 0
251 252 768 977
252 253 96 376
253 254 80 974
254 255 95 605
255 256 173 829
256 257 240 575
257 258 218 628
258 259 200 285
259 260 410 587
260 261 56 750
261 262 31 859
262 263 596 755
263 264 629 698
264 265 4 865
265 266 85 323
266 267 314 671
267 268 162 451
268 269 92 382
269 270 9 411
270 271 213 401
271 272 41 317
272 273 349 622
273 274 72 430
274 275 410 974
275 276 464 678
276 277 54 198
277 278 4 427
278 279 75 343
279 280 25 798
280 281 823 880
281 282 707 904
282 283 343 663
283 284 4 270
284 285 75 252
285 286 462 855
286 287 454 528
287 288 148 802
288 289 47 573
289 290 32 733
290 291 230 519
291 292 14 771
292 293 38 569
293 294 379 466
294 295 218 343
295 296 53 68
296 297 267 378
297 298 19 79
298 299 43 983
299 300 51 181
300 301 703 812
301 302 64 875
302 303 455 689
303 304 106 570
304 305 84 161
305 306 423 467
306 307 164 345
307 308 191 225
308 309 498 593
309 310 43 312
310 311 495 917
311 312 425 910
312 313 56 257
313 314 49 111
314 315 93 193
315 316 166 500
316 317 6 729
317 318 105 208
318 319 167 248
319 320 47 852
320 321 65 416
321 322 373 617
322 323 74 233
323 324 91 102
324 325 408 516
325 326 103 477
326 327 30 152
327 328 423 622
328 329 85 544
329 330 334 654
330 331 143 144
331 332 108 752
332 333 10 222
333 334 467 519
334 335 562 786
335 336 7 22
336 337 127 324
337 338 70 873
338 339 297 845
339 340 0 538
340 341 542 867
341 342 190 950
342 343 517 827
343 344 274 854
344 345 4 98
345 346 471 651
346 347 535 704
347 348 248 610
348 349 564 800
349 350 20 34
350 351 748 771
351 352 222 732
352 353 81 259
353 354 58 257
354 355 425 632
355 356 269 345
356 357 409 797
357 358 275 446
358 359 35 783
359 360 442 991
360 361 291 300
361 362 51 143
362 363 500 902
363 364 223 542
364 365 942 975
365 366 129 637
366 367 987 994
367 368 360 546
368 369 426 526
369 370 62 135
370 371 316 356
371 372 14 26
372 373 92 160
373 374 685 746
374 375 9 30
375 376 266 366
376 377 695 863
377 378 333 693
378 379 337 691
379 380 159 188
380 381 246 442
381 382 157 582
382 383 482 990
383 384 56 204
384 385 55 247
385 386 170 262
386 387 691 750
387 388 91 457
388 389 50 56
389 390 237 509
390 391 154 212
391 392 242 799
392 393 145 297
393 394 5 27
394 395 52 594
395 396 140 844
396 397 192 381
397 398 591 750
398 399 462 511
399 400 118 541
400 401 709 960
401 402 207 804
402 403 18 32
403 404 94 710
404 405 173 465
405 406 78 948
406 407 112 221
407 408 186 267
408 409 37 81
409 410 155 429
410 411 89 109
411 412 29 634
412 413 311 803
413 414 320 697
414 415 564 766
415 416 312 342
416 417 234 846
417 418 351 429
418 419 541 824
419 420 7 627
420 421 105 143
421 422 47 78
422 423 12 18
423 424 39 66
424 425 263 459
425 426 41 113
426 427 26 27
427 428 746 755
428 429 153 395
429 430 625 747
430 431 444 452
431 432 263 450
432 433 321 478
433 434 40 474
434 435 797 803
435 436 314 402
436 437 900 905
437 438 24 37
438 439 29 774
439 440 90 125
440 441 426 619
441 442 6 10
442 443 57 539
443 444 1 3
444 445 739 952
445 446 807 906
446 447 406 796
447 448 656 916
448 449 11 145
449 450 97 157
450 451 157 187
451 452 434 623
452 453 503 906
453 454 853 990
454 455 530 711
455 456 193 732
456 457 910 910
457 458 230 401
458 459 160 250
459 460 85 173
460 461 106 119
461 462 711 813
462 463 124 146
463 464 171 264
464 465 480 819
465 466 87 310
466 467 975 983
467 468 213 266
468 469 268 534
469 470 243 314
470 471 113 911
471 472 338 366
472 473 19 434
473 474 117 512
474 475 791 939
475 476 9 30
476 477 347 717
477 478 579 891
478 479 4 27
479 480 159 522
480 481 290 326
481 482 763 860
482 483 288 559
483 484 184 690
484 485 399 453
485 486 313 628
486 487 97 290
487 488 8 9
488 489 118 577
489 490 255 311
490 491 434 517
491 492 479 917
492 493 69 426
493 494 235 247
494 495 22 371
495 496 827 932
496 497 538 937
497 498 320 845
498 499 590 921
499 0 29 228
375 266 35 87
88 415 81 227
346 219 47 314
207 127 149 174
246 61 62 607
303 223 395 414
26 19 136 817
221 131 81 185
343 486 112 702
333 338 211 240
293 33 275 574
428 0 139 349
23 477 15 57
113 231 11 229
0 313 92 664
218 361 387 497
420 426 92 519
387 429 102 174
457 0 530 571
115 260 107 997
258 203 370 817
115 427 92 594
359 77 297 976
151 42 690 902
81 227 374 596
283 181 23 32
33 22 18 93
177 296 4 65
199 7 398 452
58 481 120 375
450 5 590 976
206 431 161 168
65 340 404 973
224 262 150 768
170 95 137 825
31 326 396 633
376 196 37 669
378 458 157 477
274 492 13 13
205 165 273 353
480 215 103 492
222 388 427 730
390 153 206 469
302 135 281 457
419 104 44 137
305 237 1 10
205 99 237 759
229 132 319 320
269 244 163 985
273 298 102 220
418 393 216 339
140 8 19 524
272 377 191 755
251 469 404 464
284 9 17 124
267 498 5 312
79 82 348 505
204 157 587 674
481 389 274 770
183 101 51 130
451 441 19 22
71 315 484 519
306 311 365 810
324 405 12 12
286 485 470 673
150 175 518 687
76 407 259 449
15 441 123 915
437 352 521 645
132 241 0 5
377 18 162 484
448 288 485 860
497 498 517 831
465 490 297 649
73 52 548 674
219 43 143 579
447 177 116 274
21 159 452 561
291 42 368 672
245 440 87 352
215 431 9 856
301 484 48 195
138 161 187 748
55 240 178 289
412 3 202 774
167 391 224 428
171 126 307 808
77 457 12 353
39 399 180 213
68 55 346 768
404 155 301 308
172 247 42 733
295 210 121 745
175 20 40 221
137 73 116 214
403 24 54 199
263 442 70 142
64 126 277 377
82 488 4 26
346 176 103 111
31 235 446 675
260 35 552 800
439 54 13 80
478 137 159 231
47 188 125 207
125 182 601 918
275 261 369 712
213 299 38 554
359 214 144 304
287 399 405 835
480 274 269 435
464 315 93 924
441 380 19 706
371 430 32 478
167 92 47 126
163 192 755 977
60 120 65 159
152 119 189 202
434 301 230 431
439 78 180 404
498 187 48 146
328 390 251 730
393 433 8 188
203 39 289 644
224 283 682 755
8 220 185 210
269 478 489 601
258 94 720 749
429 182 195 638
17 143 555 597
490 145 13 295
388 404 263 732
70 33 71 946
128 174 394 425
413 42 264 782
215 232 45 56
321 87 627 836
453 236 89 192
71 337 32 395
193 20 60 300
34 109 6 80
165 203 808 905
14 250 267 370
120 0 238 531
328 3 285 494
446 377 26 132
64 296 149 206
108 259 65 76
397 454 289 508
440 188 158 261
285 188 322 357
483 300 97 108
385 151 473 788
40 385 83 106
265 85 778 986
170 404 174 177
36 54 393 572
473 424 41 44
308 227 54 787
297 331 100 189
30 424 308 528
10 137 286 740
219 365 39 150
131 6 248 551
43 41 118 216
13 344 642 759
289 60 590 723
121 25 46 176
184 442 847 862
449 237 18 19
39 375 289 861
49 191 394 559
424 6 262 403
488 39 158 759
276 234 534 717
68 412 966 988
427 256 115 278
120 1 0 3
120 74 244 934
200 159 196 858
359 107 606 729
485 343 272 517
127 116 23 707
185 31 594 781
137 315 159 375
0 456 136 771
449 7 527 751
411 193 366 613
87 404 111 402
144 134 43 698
108 369 2 3
177 93 277 775
204 418 649 897
274 89 126 239
173 108 11 120
147 103 78 220
386 165 275 302
182 35 157 883
447 188 104 543
477 484 57 286
31 447 16 138
345 261 183 290
430 337 584 614
18 187 13 324
358 310 212 457
167 201 31 444
356 247 492 828
254 399 255 426
405 427 121 346
368 391 177 675
127 359 69 221
250 10 423 467
173 126 127 315
70 94 443 627
118 166 483 878
92 379 202 448
45 153 363 785
340 326 47 457
181 249 624 656
78 138 16 131
383 409 56 433
219 190 146 910
152 103 528 606
328 397 758 767
48 482 475 505
259 82 190 498
152 145 407 843
56 230 45 67
451 319 466 573
274 460 866 943
176 66 45 518
298 223 25 194
364 248 624 848
42 148 242 251
123 205 398 701
307 427 512 540
185 331 814 949
59 139 439 624
5 452 151 838
66 278 4 7
464 173 553 990
15 392 4 77
180 233 141 322
414 325 815 947
2 460 0 8
227 265 70 823
392 454 370 862
177 424 259 440
327 219 220 256
66 222 494 803
458 451 255 478
263 480 112 134
44 164 691 928
65 337 294 896
350 0 120 492
384 237 561 857
140 297 255 418
305 184 46 684
304 494 154 398
498 400 271 506
73 188 169 189
13 480 907 965
349 140 64 294
368 160 58 103
115 456 19 144
495 387 10 14
353 450 109 716
477 221 1 565
285 53 11 795
423 15 110 507
14 485 717 792
61 163 44 696
239 319 227 778
371 281 59 406
23 4 422 648
49 412 25 179
194 308 100 322
486 13 165 172
451 106 376 409
321 23 205 241
429 301 214 407
25 185 94 976
312 100 46 320
386 263 408 983
93 254 334 636
318 22 106 375
247 185 225 858
469 179 283 620
64 456 100 252
19 192 579 793
113 404 2 433
119 97 219 357
247 389 10 330
235 469 43 698
279 114 69 268
428 226 479 809
170 179 26 295
44 94 469 544
254 326 35 488
75 254 281 856
419 44 721 889
430 483 172 184
10 231 144 585
88 90 499 899
176 415 250 446
89 312 440 922
432 361 125 279
65 200 570 609
132 326 266 683
440 319 10 228
211 424 3 13
432 161 180 417
47 65 276 939
345 473 186 343
353 104 594 780
332 282 158 174
125 351 264 342
66 408 81 144
150 469 123 717
392 250 298 700
388 280 516 689
339 212 8 253
424 421 334 693
48 169 118 227
400 11 228 425
241 183 60 372
214 91 227 355
477 103 13 57
142 44 99 632
177 94 275 708
168 481 309 614
36 259 107 648
434 0 95 170
250 209 121 149
160 47 70 514
288 420 679 876
380 54 181 184
196 105 437 463
137 100 145 429
298 464 345 497
180 244 107 161
126 468 283 342
223 255 222 262
197 337 469 845
376 220 539 801
297 75 213 427
106 191 4 607
359 206 103 145
305 447 259 510
87 136 56 297
163 409 741 860
202 121 547 672
135 382 457 634
303 107 7 124
15 20 5 471
404 157 971 987
270 27 577 949
466 92 0 645
23 407 71 151
219 11 344 639
356 242 318 566
261 110 433 469
258 388 279 428
334 335 38 599
324 408 259 850
212 91 369 751
294 429 238 579
468 45 294 925
446 437 31 64
335 381 62 992
282 411 6 53
385 484 189 199
238 346 318 423
233 493 10 107
50 45 365 624
464 490 44 48
97 186 183 284
114 313 41 61
143 126 158 704
248 361 54 669
227 220 34 378
172 283 0 188
144 330 716 747
142 65 22 340
218 496 609 796
1 281 266 488
193 310 263 526
296 15 2 28
379 110 8 644
472 194 22 351
24 171 2 229
136 21 422 434
68 74 57 382
195 44 282 470
404 98 404 980
399 441 269 364
137 366 493 775
26 234 510 553
433 131 600 890
374 361 81 355
263 211 107 245
194 66 466 911
428 251 42 43
142 98 2 951
393 344 36 556
129 102 319 376
315 100 942 996
263 465 45 58
73 266 337 517
247 63 26 31
494 250 1 571
225 173 45 180
129 23 208 631
12 75 98 981
67 282 565 875
481 224 373 452
365 64 252 709
232 330 168 778
451 308 235 495
332 254 118 529
116 308 55 150
255 305 273 369
490 484 65 142
198 423 51 727
404 3 160 477
24 368 274 449
387 314 623 886
284 47 460 528
232 7 2 409
85 138 80 269
247 210 54 72
335 59 361 418
290 52 23 25
131 220 116 291
90 268 221 504
459 178 374 966
175 130 24 109
208 78 99 673
407 37 1 500
446 17 596 777
285 334 141 143
84 62 69 83
357 336 74 399
134 281 608 797
447 23 36 191
153 307 261 768
304 444 177 290
224 146 150 217
9 67 6 16
356 36 107 399
145 284 360 381
142 7 201 660
411 124 41 70
379 319 64 152
315 370 5 16
201 121 47 113
38 220 496 652
491 110 348 403
366 282 166 321
88 450 162 558
401 79 214 994
330 108 801 835
408 42 699 700
291 178 505 919
322 11 29 39
0 347 52 70
314 465 142 474
29 366 300 349
408 0 321 938
161 107 389 490
423 132 256 540
350 114 230 896
27 132 42 447
325 372 92 877
268 402 66 253
312 27 109 274
460 160 243 328
6 280 174 548
483 242 109 220
124 2 575 672
136 211 141 142
204 286 4 94
173 493 87 871
493 365 53 237
458 483 138 386
458 447 81 572
391 139 413 526
66 249 28 76
213 172 54 875
447 323 690 952
8 438 284 813
263 154 139 284
147 49 374 528
402 45 184 339
264 424 138 555
462 375 734 975
122 260 133 312
36 152 630 669
14 109 316 326
182 424 24 775
222 342 156 326
403 335 72 890
128 136 317 752
209 16 114 763
435 290 261 469
161 288 140 210
38 160 39 41
319 475 108 322
44 411 19 37
298 165 608 694
343 319 168 671
314 471 279 430
405 301 126 768
373 409 189 536
62 411 31 39
409 269 5 134
450 121 122 193
483 175 256 335
460 282 43 52
242 214 274 605
344 426 365 512
398 194 99 618
287 61 267 432
53 416 739 848
429 384 401 454
97 388 6 15
173 494 239 873
12 110 557 656
258 117 208 823
455 329 80 952
414 72 22 50
118 71 121 235
347 333 4 63
0 94 193 422
349 81 250 864
491 372 41 81
323 307 192 473
291 217 121 125
69 235 407 773
383 215 146 842
479 246 16 43
31 122 172 486
488 125 96 239
156 373 914 953
127 454 923 944
358 273 579 614
243 291 687 974
225 88 9 345
195 296 367 898
394 260 405 435
355 82 196 236
176 253 621 941
437 408 177 684
114 199 32 64
62 286 590 871
153 246 428 702
270 127 301 605
186 339 8 733
59 14 119 253
199 103 160 601
252 60 566 815
214 164 29 54
197 353 103 130
398 176 485 843
79 165 432 618
94 310 445 531
351 57 131 248
413 349 281 295
334 403 273 873
69 379 317 422
350 13 33 64
383 249 71 897
132 128 61 203
97 29 517 827
92 71 571 882
67 474 35 487
46 198 238 599
154 262 30 527
344 241 320 625
403 335 157 855
340 209 210 282
101 387 367 884
419 247 179 568
493 183 74 115
371 256 147 227
275 65 432 596
94 74 214 239
141 391 50 131
238 134 76 162
397 449 716 845
493 108 521 602
403 225 210 964
275 97 217 346
52 142 245 596
465 293 354 599
214 24 338 616
400 362 17 59
67 299 596 751
391 295 489 949
206 232 141 535
216 103 124 192
299 384 498 753
398 387 3 7
422 114 142 328
317 118 164 918
495 445 383 588
168 305 782 856
435 107 31 605
27 202 604 823
185 246 289 880
19 389 292 321
24 406 10 123
76 93 40 722
68 309 231 440
463 450 119 126
14 302 573 590
182 113 8 36
90 247 171 200
458 460 518 789
468 210 8 12
363 210 260 303
249 85 20 21
63 182 437 998
18 134 30 582
471 175 160 293
403 410 187 929
100 117 433 507
340 242 328 455
32 130 548 588
300 61 128 264
341 158 282 305
357 169 331 372
53 474 22 244
164 140 566 585
38 398 93 696
426 76 31 72
233 336 835 972
126 378 342 753
149 449 104 806
400 197 232 752
447 36 38 80
414 227 334 482
214 422 285 446
323 113 199 673
494 81 156 449
444 149 92 705
357 124 351 682
384 298 424 697
168 185 127 619
392 407 150 151
363 309 108 761
272 85 562 781
8 208 586 905
318 327 187 234
36 76 108 176
242 104 284 391
349 382 172 320
294 137 529 816
185 206 198 614
18 175 362 760
362 490 11 428
406 342 42 99
5 472 111 115
388 487 314 373
2 285 181 194
244 135 254 821
0 335 407 600
404 25 420 689
13 450 100 491
293 70 14 88
407 424 70 235
420 137 248 462
345 75 67 198
296 138 12 25
11 341 634 730
161 147 581 725
344 365 180 330
163 465 153 844
328 87 300 428
250 219 678 865
17 234 289 657
338 269 480 581
278 32 78 200
334 45 493 530
362 164 45 895
246 382 150 305
490 322 761 871
178 173 776 909
430 322 263 330
104 482 345 683
6 99 739 900
232 205 36 75
265 217 745 879
452 454 144 191
133 228 363 850
167 75 83 667
40 62 163 344
146 117 12 151
342 327 565 636
367 62 44 848
423 206 690 822
450 281 230 628
228 390 883 957
132 461 479 590
316 76 174 198
83 259 64 429
25 446 290 337
379 6 793 992
159 150 232 380
18 79 841 993
437 50 421 519
464 15 19 172
418 472 30 74
212 349 327 370
394 286 118 123
213 67 301 635
84 474 111 414
462 1 830 991
379 12 882 930
204 108 28 149
164 139 41 395
172 222 44 462
113 210 245 561
426 16 85 781
297 47 278 487
145 354 137 420
131 108 27 262
269 335 580 911
216 75 15 22
229 140 484 821
194 404 76 188
417 279 664 686
189 1 71 355
169 92 492 975
217 277 34 122
493 352 155 187
183 417 216 890
486 277 27 583
386 55 43 309
94 348 0 0
272 379 76 227
216 146 61 145
269 446 143 203
344 154 116 897
207 374 682 873
328 83 183 700
400 156 57 470
41 90 811 827
61 113 248 496
148 403 81 363
37 250 77 275
142 196 909 925
85 217 303 387
256 485 3 493
464 286 2 254
111 304 455 885
279 187 152 383
1 469 59 297
462 391 323 718
370 208 22 191
419 229 21 118
433 5 561 837
310 34 513 744
1 243 143 591
446 490 83 243
327 206 505 623
162 427 515 638
225 461 180 327
412 5 19 67
187 473 865 881
290 433 195 460
388 308 535 764
219 269 221 254
417 1 575 591
301 133 85 429
454 308 42 382
0 398 61 126
34 324 137 244
76 295 0 79
477 207 171 303
312 378 99 742
407 213 178 615
140 222 661 673
211 348 7 8
245 45 641 679
348 144 29 503
130 84 139 231
395 438 12 175
263 113 66 185
490 299 611 845
251 197 75 983
178 267 393 914
140 373 131 347
214 76 325 781
460 141 339 547
319 162 525 817
339 243 175 484
33 261 525 590
338 333 208 788
29 54 6 100
293 334 76 537
196 46 101 366
109 471 346 604
431 245 239 959
11 120 72 393
231 252 373 393
481 432 754 791
437 106 69 645
341 137 248 394
317 236 184 689
213 66 30 404
335 70 43 136
22 196 298 451
183 398 29 334
110 357 124 218
274 33 477 926
388 235 196 690
329 317 251 599
67 268 375 747
433 54 300 542
370 149 277 701
160 256 659 931
68 76 752 863
408 383 115 167
252 25 247 263
67 487 0 71
125 95 356 979
415 259 155 236
240 420 300 661
267 152 69 89
257 476 205 210
107 467 170 503
371 230 96 105
71 59 229 389
84 69 263 538
1 444 7 339
300 422 184 556
210 132 340 537
493 35 263 391
382 452 437 696
363 358 315 679
16 52 107 687
346 137 26 562
367 473 179 358
199 444 406 613
387 221 666 936
456 97 411 597
369 16 562 980
395 216 275 441
493 26 155 740
472 48 5 37
284 105 21 765
32 344 91 518
226 281 5 5
430 461 73 277
297 460 58 535
296 497 546 768
168 223 28 53
20 181 431 549
409 334 336 801
107 7 503 650
260 357 97 932
361 269 57 74
462 404 140 277
145 235 288 920
476 36 699 765
82 254 255 600
423 258 635 833
429 247 563 896
301 112 720 973
215 241 823 999
229 433 39 139
451 486 69 70
124 233 31 73
315 68 1 14
212 148 213 972
482 330 20 94
263 194 324 842
73 259 639 685
35 441 141 488
479 82 99 347
406 459 174 354
202 32 17 254
179 350 544 911
93 134 579 726
154 204 0 25
480 470 15 461
149 240 192 281
276 460 20 28
106 88 759 885
435 47 324 771
412 24 58 330
473 79 668 797
89 275 9 324
164 103 30 308
493 27 792 929
15 173 687 977
108 178 252 524
426 34 375 952
432 200 788 888
357 427 232 518
294 269 124 373
382 66 410 711
217 275 106 456
409 472 448 605
205 1 539 991
142 368 566 774
16 234 201 334
66 295 89 89
475 48 41 185
471 15 409 527
418 210 376 417
139 114 172 801
127 399 556 934
255 312 64 178
215 299 788 860
311 290 777 958
202 367 897 960
370 53 19 37
428 175 16 57
454 399 5 5
219 58 115 312
406 120 22 55
95 257 42 294
70 104 316 356
4 69 635 954
334 488 87 477
371 388 162 278
490 371 227 503
450 212 604 644
292 461 47 111
433 474 332 758
468 34 683 852
227 417 13 845
440 190 726 891
367 380 362 382
147 100 177 444
404 252 92 101
225 34 21 226
203 467 531 972
264 468 128 284
419 199 552 908
473 449 484 891
181 196 639 923
374 457 120 156
274 253 327 880
335 277 227 632
451 85 118 210
234 167 338 345
457 7 75 160
332 491 59 444
391 378 81 83
167 490 31 165
33 13 117 197
187 9 532 691
420 401 241 574
80 292 752 874
478 16 120 244
229 304 303 630
213 174 7 34
163 52 332 516
409 382 108 864
181 437 773 985
191 462 3 9
274 128 68 253
277 486 37 224
90 265 42 47
7 434 10 10
362 188 42 490
62 363 11 45
359 52 100 278
427 49 412 640
210 155 82 294
266 235 90 269
326 243 292 591
183 271 102 380
156 468 342 703
450 237 269 496
481 143 3 633
425 296 121 353
460 222 83 287
331 392 21 133
455 265 188 938
249 139 536 805
133 400 809 938
303 351 155 185
58 377 333 934
52 116 473 936
25 470 114 283
494 369 234 274
371 147 533 551
40 266 135 185
425 380 272 442
275 64 73 185
452 234 255 948
419 140 276 494
481 318 697 964
134 168 631 645
31 65 335 484
332 86 299 968
239 220 25 143
427 366 78 632
78 395 610 662
171 209 398 434
180 360 55 59
228 401 31 493
287 443 53 465
465 161 10 807
153 222 240 256
12 185 388 391
266 222 236 240
83 252 402 687
284 342 90 990
45 223 56 177
149 244 120 822
379 7 144 231
285 486 56 58
153 493 91 138
450 298 468 936
407 381 306 889
289 14 146 289
42 224 599 948
365 279 337 850
26 133 403 435
455 182 396 468
46 17 334 630
443 247 133 158
302 456 1 14
460 94 197 265
336 315 3 15
406 495 271 675
10 184 113 552
149 380 102 321
481 24 53 780
305 488 51 145
19 476 237 245
62 360 1 292
55 97 138 196
138 339 30 88
16 109 287 870
223 189 57 88
191 488 605 684
67 410 17 120
120 218 9 10
219 447 405 557
84 281 399 908
303 255 803 861
71 448 276 338
99 419 10 27
318 261 74 801
389 75 334 806
396 244 665 869
270 299 133 670
353 392 506 808
269 183 300 898
34 29 388 454
458 324 495 558
106 269 91 506
141 475 331 692
410 143 142 683
80 452 27 520
97 104 461 829
430 452 83 506
317 105 136 825
365 8 107 282
348 266 168 178
340 142 393 970
96 134 312 742
443 308 216 260
249 376 44 581
151 437 300 956
326 372 2 80
151 65 40 83
76 173 247 619
405 441 153 224
69 328 133 765
390 8 268 568
345 494 593 666
486 453 87 107
80 489 57 84
219 418 321 625
141 81 394 410
52 245 45 87
247 354 239 371
209 253 371 672
287 415 21 189
209 190 762 896
24 238 251 950
260 348 917 962
131 496 111 730
223 71 275 406
479 37 250 744
317 298 182 288
441 160 73 314
29 64 3 606
136 138 448 595
460 306 812 879
31 250 247 254
474 342 458 766
370 320 650 941
374 279 1 1
466 111 354 476
47 10 109 657
31 497 626 844
282 267 74 183
108 312 625 857
150 206 316 364
399 310 483 893
139 276 22 27
360 63 40 85
249 477 932 982
456 484 420 610
200 347 305 418
433 65 70 169
394 75 125 650
50 153 25 37
172 441 149 311
311 116 283 323
187 271 511 608
315 72 379 651
227 59 62 846
131 447 605 928
421 486 423 661
408 480 415 578
298 251 153 399
116 332 599 967
114 122 58 154
489 122 734 895
301 486 109 311
448 9 246 549
112 371 377 682
395 76 81 236
466 450 129 167
212 96 290 508
44 94 211 792
109 146 656 693
358 392 0 119
491 34 559 901
125 22 137 480
307 416 36 947
304 415 360 553
339 54 70 84
387 341 132 202
258 94 767 855
345 200 212 706
237 415 82 895
275 410 178 329
458 125 443 528
199 68 415 651
339 468 83 594
485 64 75 231
152 491 335 427
30 134 248 248
474 404 841 846
241 170 921 987
422 461 63 66
94 483 319 714
301 453 130 330
108 49 305 626
331 211 14 258
281 435 151 651
403 400 317 371
53 215 183 295
61 230 591 912
200 405 510 943
471 434 356 614
476 118 58 214
51 244 464 940
86 465 8 751
67 137 348 751
61 241 112 211
420 215 686 830
328 84 22 240
173 215 243 632
313 206 193 711
163 224 178 743
405 427 379 390
143 124 322 760
345 401 282 903
372 23 214 588
277 437 57 90
321 400 72 129
80 101 18 105
345 286 119 172
43 174 107 126
358 116 128 779
21 257 24 39
465 350 231 241
292 421 133 879
331 347 649 974
432 27 217 606
264 184 837 977
271 100 9 43
368 317 773 949
472 95 287 311
460 313 293 799
262 148 418 811
141 290 38 860
202 179 5 459
444 53 831 931
197 440 113 258
339 76 886 935
172 71 331 619
270 230 545 986
17 326 17 32
395 362 268 725
145 106 302 566
495 206 421 492
4 448 229 259
142 361 316 327
416 323 151 249
139 495 164 219
362 364 627 800
431 318 125 502
176 375 71 83
136 418 735 777
86 406 289 534
106 498 688 740
89 139 267 515
267 73 96 400
317 119 381 987
130 451 9 28
332 373 455 933
473 248 811 931
392 179 113 391
89 319 158 214
340 84 617 619
324 498 91 178
403 202 767 804
397 435 50 254
298 264 121 291
394 196 343 916
252 107 869 903
244 161 483 535
492 102 521 863
297 293 152 352
318 1 629 998
131 115 208 434
1 161 121 295
86 187 9 41
435 464 716 990
336 472 277 465
372 478 447 735
495 180 246 641
286 102 170 723
327 129 20 51
481 365 894 920
210 229 448 927
245 377 227 552
200 182 542 964
321 340 237 281
124 153 130 602
45 230 196 396
190 183 187 628
61 186 219 300
64 440 661 820
46 160 33 69
6 442 14 41
161 352 25 49
368 21 11 150
469 428 141 395
59 270 681 956
129 278 20 110
163 106 334 648
325 343 57 528
406 366 58 353
33 171 49 198
156 360 105 220
136 269 20 43
274 175 120 713
332 220 7 654
124 396 148 444
102 332 475 719
301 470 17 110
228 342 638 939
374 24 90 848
314 116 601 659
194 227 286 379
373 94 387 416
484 487 472 482
294 81 604 936
478 178 281 864
369 345 95 478
217 236 540 555
266 165 418 876
12 443 544 950
183 252 451 639
120 395 543 749
49 455 14 351
245 416 208 918
103 242 25 837
52 197 59 552
94 331 717 868
218 403 15 850
326 122 464 809
312 73 125 130
409 55 426 536
235 161 69 901
374 18 746 771
210 101 300 421
329 369 638 978
125 51 83 251
157 420 318 333
208 47 156 955
240 122 512 809
82 49 751 901
265 109 4 11
455 492 143 380
1 129 214 235
209 428 89 296
443 479 592 738
374 192 548 724
325 446 291 462
374 124 102 365
386 338 514 585
38 494 130 534
468 225 272 551
194 314 74 616
497 8 75 396
491 114 282 772
212 129 134 251
399 208 249 656
391 19 203 961
176 92 3 3
466 89 654 724
276 180 89 109
162 65 352 544
335 53 254 627
7 455 59 243
55 414 624 914
287 351 440 622
130 372 15 231
19 362 369 770
192 478 59 105
429 288 434 555
117 235 91 95
97 272 138 581
6 398 243 253
421 390 244 650
75 424 181 716
116 390 124 524
412 336 298 658
433 476 94 814
22 132 349 808
59 185 34 620
195 97 253 451
266 347 273 408
412 414 102 875
428 207 16 703
192 447 98 185
97 24 213 566
310 248 257 909
359 230 59 150
96 384 333 846
448 282 434 821
344 296 56 499
173 319 5 37
406 154 22 147
288 398 338 923
253 232 18 44
420 216 40 372
277 366 195 619
337 468 62 197
68 232 3 982
352 259 63 156
35 193 229 540
372 6 515 618
351 479 23 231
350 442 36 466
363 72 102 491
90 403 644 767
10 4 350 634
177 369 398 468
168 63 570 667
2 203 51 453
203 281 196 526
468 256 179 659
497 78 89 181
319 27 244 788
467 264 540 603
495 450 517 981
158 313 218 222
41 230 376 466
389 28 759 896
230 99 478 602
290 268 662 726
43 63 240 414
362 191 473 684
62 35 634 947
6 493 185 200
390 54 310 808
345 308 188 970
448 212 1 14
174 89 163 215
493 105 66 117
360 157 742 768
189 128 52 81
448 33 438 999
421 450 223 390
496 103 564 906
411 428 93 188
404 398 441 441
429 112 790 845
406 300 303 595
16 139 330 462
16 235 138 513
150 145 317 574
487 349 280 440
481 202 104 193
1 370 65 114
93 341 124 151
167 470 48 52
118 417 324 559
199 347 409 848
43 39 270 359
366 433 16 75
58 283 141 426
58 412 191 602
457 385 269 425
350 32 13 811
489 2 940 942
402 28 479 870
14 303 121 704
263 329 77 470
51 413 156 683
24 309 2 13
0 96 861 983
320 78 89 172
138 244 292 907
106 487 200 807
100 277 417 800
408 94 176 269
460 249 196 219
386 421 330 429
152 365 313 850
484 467 157 450
134 102 400 936
61 380 5 353
203 293 137 620
85 188 502 981
308 158 508 644
84 179 8 45
296 448 253 464
1 342 268 335
291 95 173 532
247 79 50 285
360 333 66 122
46 248 480 668
232 494 172 682
422 371 612 868
238 333 39 132
20 224 249 799
352 139 538 827
311 389 268 647
478 247 169 205
324 279 88 261
400 472 10 418
314 297 315 542
429 0 315 477
416 189 300 467
38 327 3 840
249 468 521 870
239 156 354 817
399 52 38 878
18 374 397 571
188 175 508 965
377 364 214 607
209 196 386 604
139 82 264 319
226 222 611 681
425 114 34 52
207 442 126 134
178 490 107 130
116 438 101 655
152 162 19 175
250 102 181 341
428 26 34 44
72 319 180 233
323 125 158 965
150 380 428 509
109 395 95 151
370 13 447 523
217 89 808 944
152 193 833 866
137 467 60 392
247 92 13 284
45 199 397 762
432 181 167 240
403 439 6 254
412 464 35 84
385 134 55 865
405 81 371 448
427 417 293 562
376 59 689 737
137 251 98 797
291 53 303 447
278 219 46 184
127 57 374 829
128 183 23 31
151 236 360 947
420 189 381 577
281 88 518 876
146 372 176 609
24 345 154 251
66 154 155 296
27 176 39 533
201 262 854 963
197 112 159 184
140 356 421 510
404 301 54 344
448 270 758 770
75 205 559 803
215 292 238 424
100 308 37 204
78 20 63 67
5 324 143 198
464 46 57 272
477 216 68 599
125 490 313 873
411 238 34 128
386 498 871 959
479 340 340 683
52 475 720 742
99 177 965 983
149 385 133 416
329 342 18 532
384 435 2 679
369 482 198 513
385 267 95 299
212 307 36 105
21 436 66 285
134 450 356 769
283 313 470 641
383 484 289 802
131 146 467 517
273 64 140 232
136 64 69 628
42 380 51 304
439 493 1 29
205 341 166 904
195 366 187 420
6 307 76 426
165 339 587 741
219 223 122 949
195 328 30 72
307 423 116 172
252 60 256 322
396 154 229 248
209 82 314 495
160 409 651 825
179 263 263 854
116 127 58 596
348 35 212 240
362 198 169 186
170 5 440 744
15 474 206 237
431 221 355 540
83 90 662 750
236 73 54 228
337 277 162 174
290 73 22 39
212 459 17 147
115 136 529 852
11 401 35 104
300 128 199 223
74 273 30 32
249 154 629 677
129 199 50 231
45 107 283 414
482 111 101 139
367 4 115 377
189 118 168 424
470 249 124 473
417 150 190 423
84 60 55 102
317 143 65 773
351 55 7 137
287 290 208 424
481 300 144 272
428 95 69 301
338 72 240 673
436 491 341 518
394 83 7 190
300 463 301 469
62 333 330 339
64 384 233 705
411 492 86 226
408 63 831 845
453 67 14 526
224 292 336 501
29 367 159 253
284 83 8 186
231 156 296 472
41 272 644 982
433 252 34 133
78 471 185 283
402 92 285 801
213 451 629 665
421 408 77 279
317 459 284 314
89 285 245 420
148 321 420 603
452 229 720 720
462 165 832 858
371 153 54 681
426 14 64 237
295 328 14 926
287 368 627 781
293 387 287 307
361 141 165 305
38 261 604 882
334 212 23 126
492 429 602 634
467 153 275 277
158 383 199 828
244 429 340 364
21 414 729 734
272 398 15 192
181 233 252 481
198 433 799 804
367 15 323 397
134 42 86 161
121 287 283 649
153 335 83 754
297 275 259 280
469 131 235 451
143 461 180 901
116 30 233 872
184 470 180 707
365 29 554 591
364 182 196 818
3 492 209 908
212 487 2 2
255 422 112 397
9 228 126 561
476 439 645 734
230 483 35 87
208 135 81 400
223 294 113 279
81 405 47 423
181 447 334 498
121 35 493 660
111 373 61 496
471 30 112 621
278 136 560 583
409 266 125 428
316 213 1 4
142 57 24 194
251 496 201 320
474 179 17 147
323 228 14 599
254 82 263 612
323 154 45 500
353 276 194 321
388 60 353 653
226 240 137 190
102 77 5 5
160 437 706 735
394 98 8 443
68 138 404 698
441 356 180 185
122 12 34 62
113 305 172 378
426 379 228 696
353 398 69 102
461 60 178 196
488 458 162 454
431 245 615 621
177 455 220 750
174 342 26 109
497 9 255 625
42 185 77 387
74 280 569 670
489 348 81 203
366 140 303 528
431 376 168 172
293 386 3 18
343 287 353 487
224 320 132 184
239 191 279 638
459 99 82 537
127 130 176 775
248 306 128 393
92 394 956 990
448 388 490 515
158 360 9 479
249 230 518 750
112 181 331 573
62 140 133 362
9 460 264 489
339 287 182 189
350 288 254 393
436 201 10 29
376 482 283 462
347 276 224 274
302 303 41 527
160 37 18 29
443 128 358 555
193 497 73 293
277 143 85 578
0 410 625 733
13 446 293 440
387 156 49 663
274 292 81 239
383 460 852 999
114 253 85 243
156 8 203 941
299 277 81 217
383 257 117 498
141 269 422 821
83 44 396 717
238 104 591 706
41 268 123 440
403 364 325 754
470 194 895 920
426 329 223 441
314 1 394 528
317 33 3 66
228 297 43 391
239 29 377 467
267 394 709 896
318 180 49 110
297 294 700 731
292 189 509 546
386 353 264 607
47 288 2 29
494 190 132 146
468 366 88 284
41 429 1 4
63 3 196 669
384 210 591 871
98 150 415 547
463 389 211 543
423 481 129 616
252 336 130 302
18 115 133 367
421 82 536 575
64 159 264 810
398 423 49 201
29 375 210 327
115 368 230 743
286 468 91 341
69 35 32 47
454 275 113 156
440 449 0 194
14 185 202 495
59 34 174 635
133 379 425 881
378 479 36 903
54 192 146 307
70 417 555 754
362 376 165 282
462 423 19 368
294 93 26 293
98 49 293 414
215 83 180 214
182 110 16 319
232 321 51 122
131 495 135 963
303 87 238 504
74 418 307 924
83 6 611 746
327 362 369 458
371 224 437 755
121 458 466 628
50 295 272 304
48 439 437 522
30 407 375 713
56 125 158 305
363 146 9 12
128 92 116 268
465 400 421 797
483 63 424 930
135 61 537 625
247 291 111 132
230 343 317 758
359 475 220 527
89 278 1 754
8 340 17 859
67 334 165 948
405 104 516 655
199 44 43 855
374 179 702 743
74 182 388 727
124 152 114 859
347 8 61 923
75 374 368 902
136 107 382 396
328 264 23 84
327 411 581 830
160 66 341 539
394 48 484 542
270 99 58 826
476 94 18 32
235 182 593 878
121 41 33 34
88 304 477 693
107 496 31 588
364 71 641 642
476 268 333 374
464 212 101 275
331 362 216 509
197 423 171 886
495 169 123 565
343 87 357 663
117 448 249 441
280 18 558 973
113 215 404 743
319 201 237 355
142 145 249 654
11 409 531 543
284 319 221 884
352 286 223 275
40 96 36 108
287 445 41 191
324 315 376 387
417 47 215 854
302 358 265 271
415 427 300 626
194 400 16 624
174 480 173 408
314 34 37 50
91 203 131 745
218 405 101 296
386 212 336 398
275 80 251 377
356 216 344 664
57 183 52 86
73 10 427 550
248 30 15 15
64 285 892 984
22 343 97 599
241 160 375 384
401 309 125 146
183 40 465 697
132 83 629 906
286 229 317 318
181 126 142 767
303 132 17 287
336 449 611 958
268 401 666 703
257 0 552 625
171 257 236 931
133 183 257 269
167 104 17 924
1 318 552 678
267 90 139 772
76 35 57 572
416 286 152 834
175 288 422 698
252 267 126 146
5 494 106 613
329 327 232 279
297 162 305 916
291 353 121 198
429 314 247 286
228 277 11 47
251 47 365 448
485 80 398 558
367 458 214 574
475 451 835 906
416 304 256 347
48 409 145 447
33 471 41 852
403 268 302 577
164 438 555 654
330 197 249 278
455 17 277 487
300 398 408 621
469 342 87 133
121 156 5 32
136 48 102 113
495 83 418 477
434 410 18 24
477 321 452 626
372 466 27 97
479 437 102 251
258 180 85 426
374 269 91 115
492 304 247 270
48 301 17 21
356 2 179 986
216 192 114 612
410 352 238 378
430 115 0 26
340 247 36 390
456 362 281 453
29 277 398 931
433 279 50 278
282 355 392 615
475 57 192 665
344 183 161 186
155 243 307 506
68 244 363 787
95 307 55 96
417 326 490 606
90 323 25 26
183 385 2 7
55 186 24 59
140 464 426 481
271 71 249 926
304 417 273 405
144 172 28 75
126 182 114 862
410 350 40 519
453 169 225 319
355 181 484 963
340 180 787 939
160 17 170 260
261 275 8 201
223 212 92 589
206 209 779 843
123 71 214 337
306 326 341 587
399 353 34 162
6 179 5 194
477 478 714 762
420 122 69 150
289 46 242 266
182 417 2 690
147 239 9 15
290 413 24 32
375 395 118 287
70 210 161 336
294 126 264 362
321 343 87 807
440 236 27 36
177 103 165 358
169 335 561 638
435 156 97 143
12 254 49 858
185 270 101 646
62 329 72 115
172 430 119 208
387 354 135 746
167 435 46 403
411 184 419 484
379 220 249 888
185 154 132 137
251 373 782 965
223 401 1 42
202 433 40 99
129 284 0 223
147 285 145 807
470 453 211 456
388 189 83 653
359 50 3 174
164 357 7 166
359 202 470 521
415 227 578 741
90 22 453 462
351 139 646 870
453 249 275 661
174 382 184 249
167 434 89 235
59 448 188 374
4 296 33 757
48 260 290 938
260 39 844 862
246 60 56 261
160 79 6 412
128 223 367 612
246 406 137 547
284 422 288 389
473 369 24 101
383 310 303 712
168 379 40 88
405 324 730 866
59 348 784 864
132 22 452 709
338 162 68 486
219 428 384 699
390 356 315 395
318 176 80 798
454 111 34 787
164 104 25 155
419 270 167 318
12 172 158 344
20 165 32 364
133 278 113 567
455 373 34 41
92 193 150 660
246 478 119 201
434 353 36 416
106 32 419 451
363 70 245 349
487 160 158 383
269 371 150 180
450 442 35 68
428 28 532 551
34 182 376 596
450 446 19 145
277 436 90 231
455 335 271 286
316 398 831 831
68 298 23 153
477 235 160 552
488 246 54 568
380 58 222 343
360 494 191 350
3 344 854 960
263 321 387 553
251 464 509 653
41 101 230 491
482 93 227 647
4 372 182 605
384 119 79 145
76 295 245 335
164 175 228 460
264 312 1 127
263 451 215 363
165 240 187 228
251 453 637 848
213 320 65 341
46 424 80 227
62 396 205 408
400 33 376 683
89 337 40 65
314 360 78 180
396 343 610 695
254 452 278 753
353 407 539 618
465 37 225 880
382 378 168 168
366 43 109 704
341 71 493 918
111 65 85 150
376 472 52 244
458 472 108 547
306 470 196 344
104 446 201 691
189 113 55 57
46 397 149 160
480 430 145 716
451 489 445 971
258 379 555 930
63 187 570 901
258 29 45 127
255 290 122 146
118 24 34 72
14 309 240 543
7 170 104 883
222 176 317 532
191 429 429 782
448 261 21 188
231 426 303 863
320 407 168 187
67 147 31 54
176 65 334 421
387 8 221 555
77 383 964 971
468 261 5 91
132 279 36 274
183 368 0 105
485 366 376 390
189 155 276 289
220 207 353 513
152 161 204 348
366 20 628 929
82 110 371 790
454 194 584 861
47 430 95 129
15 432 146 575
105 452 210 214
329 494 366 869
380 21 10 15
24 270 32 105
24 175 104 376
343 149 208 402
3 215 192 277
464 152 42 96
321 403 26 118
28 252 156 318
454 151 941 951
270 105 187 207
34 455 652 748
94 369 227 258
94 88 18 37
389 216 0 16
115 332 20 152
446 478 244 462
330 284 684 756
228 3 217 729
218 29 120 352
315 474 187 479
356 200 491 814
315 60 203 839
275 31 218 320
273 135 0 4
386 65 7 46
368 191 682 738
440 407 94 272
412 58 373 481
41 346 44 192
134 294 810 847
470 183 46 503
165 451 40 527
418 417 230 288
26 478 244 512
240 315 0 1
344 167 83 277
228 114 91 349
449 486 234 284
290 361 61 86
23 258 217 522
232 86 676 789
194 349 418 943
154 472 27 497
212 417 511 594
145 259 5 291
347 53 59 149
498 37 95 132
168 379 303 733
475 174 661 735
253 373 134 179
252 340 233 413
206 384 472 594
346 262 22 125
101 76 73 786
418 417 563 620
187 432 400 615
348 303 668 701
361 219 390 988
486 127 66 562
451 164 598 865
70 142 25 419
384 242 241 655
43 339 408 926
488 26 349 664
101 403 220 303
344 67 318 620
2 371 268 351
320 11 232 322
17 216 366 610
230 270 151 160
406 445 42 487
477 282 236 946
401 67 117 384
79 60 179 189
441 358 290 469
443 339 501 841
129 275 156 843
153 186 25 828
92 402 2 11
139 383 183 267
54 423 490 1000
126 97 65 119
3 289 334 490
310 14 786 790
476 365 42 122
128 123 158 663
302 46 234 488
311 401 188 194
285 50 810 879
146 198 29 181
470 187 541 639
133 359 321 741
291 269 251 563
473 435 383 629
393 1 29 119
453 61 167 308
401 35 515 587
1 61 201 395
301 290 375 664
95 435 669 852
138 19 122 190
344 401 611 904
80 378 26 383
291 148 842 944
45 436 223 617
471 199 594 790
470 50 220 515
497 75 64 531
238 231 262 327
83 399 11 129
24 35 372 384
408 413 178 215
461 484 32 32
387 435 208 275
297 320 94 180
45 147 595 876
280 160 68 81
67 15 92 184
67 424 279 704
124 452 563 920
481 400 36 251
275 299 10 21
325 222 64 961
463 439 245 682
407 311 74 310
470 419 85 472
161 248 529 599
178 409 117 374
457 12 198 875
104 100 682 726
411 135 107 955
215 452 301 351
76 169 872 938
300 493 266 479
259 183 130 642
371 482 117 737
186 318 311 810
301 290 387 396
471 274 225 448
247 287 484 818
286 290 365 718
10 476 257 941
40 55 642 980
6 43 92 179
345 26 142 228
336 377 166 716
363 188 443 748
31 497 208 603
385 21 113 878
54 143 76 252
93 452 254 339
335 70 57 495
386 359 44 315
94 288 182 545
336 496 145 683
398 331 176 220
48 214 187 485
351 136 763 993
284 340 201 324
1 385 17 35
240 382 66 818
2 309 494 503
144 168 12 52
443 290 875 891
394 72 9 404
103 91 184 930
200 411 389 402
121 249 53 76
475 181 58 245
495 21 99 350
222 433 560 751
391 102 48 184
241 319 272 431
117 239 204 874
419 369 523 534
235 30 12 103
221 276 12 24
283 455 644 706
130 86 253 980
249 326 548 785
446 299 522 765
375 335 634 676
197 106 314 796
89 359 11 40
28 413 66 264
102 175 233 696
374 301 696 867
247 82 424 675
464 264 70 176
434 401 188 937
76 320 590 904
421 460 4 86
205 479 106 193
160 367 91 275
176 401 444 739
185 165 541 860
346 167 518 578
436 74 179 199
422 57 263 415
331 150 88 137
95 208 805 918
331 157 618 765
250 7 290 510
76 202 351 454
149 66 44 97
494 119 93 318
445 297 86 120
71 419 307 783
283 69 73 545
281 369 173 227
275 416 156 224
213 392 116 260
24 388 17 309
48 85 358 388
342 331 200 297
203 473 145 680
269 290 17 35
194 183 1 328
331 219 651 746
210 390 658 943
63 268 59 803
353 485 167 241
425 416 229 233
408 68 27 190
274 279 83 883
35 296 223 238
345 152 522 758
405 427 221 261
422 389 29 33
274 411 668 734
290 417 712 726
456 136 68 89
44 421 188 327
371 55 535 949
283 493 60 163
76 370 31 86
192 396 549 595
212 36 482 931
392 69 69 133
354 283 252 513
254 172 323 684
170 286 162 172
220 456 3 11
357 113 850 888
21 259 3 35
123 107 234 257
270 276 74 652
6 463 4 286
453 180 5 9
218 28 458 576
283 409 90 308
487 402 21 151
112 225 335 972
409 207 162 165
67 467 459 727
345 399 229 891
323 262 715 859
316 304 170 184
400 52 86 237
19 34 6 18
341 469 618 932
179 304 703 888
488 404 179 596
376 167 26 109
27 479 134 173
262 127 76 577
354 205 55 251
12 168 140 300
491 397 84 171
325 453 148 189
396 67 208 463
283 211 88 510
361 281 246 512
251 493 151 998
162 244 19 129
384 10 303 756
358 162 156 794
227 361 324 585
326 266 99 463
362 72 357 894
42 239 314 829
331 325 8 50
1 387 424 963
72 485 4 7
363 448 204 573
456 488 393 573
416 467 750 835
418 66 216 385
38 234 55 91
279 6 408 582
58 51 23 24
435 213 10 362
164 285 529 986
327 341 5 869
448 449 31 152
443 281 592 799
97 123 763 811
392 438 59 929
481 287 87 224
468 60 386 499
287 258 825 828
365 193 294 668
24 411 441 594
434 371 244 652
324 416 78 238
58 440 4 25
418 432 234 736
266 348 106 327
286 370 140 377
322 88 567 613
232 388 596 657
494 345 92 203
11 248 219 826
204 135 276 380
42 39 117 632
451 452 505 967
49 475 171 565
243 173 1 359
117 447 430 619
38 316 116 502
279 57 80 452
233 25 220 733
391 388 781 925
284 339 218 479
46 246 36 88
261 155 71 570
221 13 60 245
322 2 14 39
52 299 695 788
398 441 272 273
411 468 45 777
42 481 63 488
9 456 302 318
305 495 138 314
37 402 35 42
335 152 509 534
351 243 607 824
233 160 50 83
106 128 89 108
426 479 18 529
321 461 558 660
198 339 437 695
303 174 88 313
87 68 9 37
7 438 342 414
77 126 9 226
406 352 1 1
234 227 258 686
262 260 864 953
248 93 236 391
272 220 274 300
296 334 91 554
465 303 569 852
71 483 458 795
38 41 120 685
287 482 20 432
121 225 331 691
366 91 181 216
290 192 30 284
116 45 145 778
99 444 917 930
26 337 111 190
438 36 14 296
281 358 6 6
215 221 22 431
498 352 156 210
349 311 641 642
70 358 242 710
148 299 114 118
7 66 26 82
124 205 767 907
73 371 121 389
328 139 272 533
185 34 345 964
116 388 721 759
187 10 37 325
259 481 12 85
169 389 361 536
264 382 92 336
180 459 15 21
224 165 85 771
478 401 345 385
378 473 411 571
473 100 43 756
449 309 88 941
425 372 62 612
221 147 169 315
307 171 87 110
20 18 14 73
81 385 106 320
334 437 532 661
283 363 516 695
265 425 83 207
332 73 63 82
289 32 256 305
65 95 183 548
287 378 74 755
88 390 98 530
24 156 76 287
487 260 200 624
139 22 39 265
146 478 28 653
90 36 689 842
332 333 486 639
89 71 369 566
6 300 24 307
414 101 230 877
5 386 755 989
143 415 641 778
372 222 140 574
441 212 5 141
85 102 273 315
235 316 87 367
165 44 111 292
211 429 264 446
323 88 34 611
157 17 127 213
303 181 192 250
410 338 5 112
338 350 184 307
348 223 373 497
349 366 10 490
361 394 421 996
4 8 251 982
157 384 150 436
474 459 414 972
187 429 126 214
329 66 491 541
445 250 319 453
201 225 791 968
36 67 734 837
74 330 150 214
389 444 289 439
29 496 59 168
32 219 159 529
442 289 134 794
381 211 30 35
72 81 148 191
245 208 72 978
340 82 464 961
100 112 506 557
453 235 466 646
12 402 49 272
321 380 356 953
261 378 521 670
201 4 79 667
54 254 2 11
450 280 255 853
61 301 556 779
145 223 492 685
480 421 658 741
472 497 15 156
414 255 386 719
55 107 10 96
154 401 514 707
281 231 2 2
371 168 196 776
8 125 258 492
71 101 169 204
85 74 542 729
374 298 126 315
465 142 792 884
297 177 48 180
104 148 405 939
227 162 318 971
437 361 203 304
338 131 863 863
166 130 762 843
409 114 97 425
98 163 339 364
72 385 271 282
470 68 574 994
421 291 198 256
143 106 881 921
390 155 91 428
125 187 286 936
135 16 664 839
187 113 112 155
379 310 28 574
241 64 291 674
176 319 353 406
40 156 4 4
304 29 302 325
453 230 700 839
468 198 55 62
41 384 90 105
102 174 132 702
284 122 273 514
60 102 207 498
172 361 236 373
471 176 270 604
268 223 301 852
262 244 130 277
289 470 696 845
413 13 235 417
2 249 455 501
258 182 122 730
22 236 198 258
102 448 242 922
168 497 272 702
361 209 110 619
79 166 237 273
475 341 588 696
53 363 37 257
218 375 352 817
422 121 10 11
58 353 25 166
83 497 270 558
493 86 330 712
23 451 222 492
328 265 795 878
404 314 823 976
309 152 78 464
309 361 399 768
460 109 337 495
94 316 615 665
437 125 202 225
16 149 44 109
204 36 287 979
186 29 455 815
73 307 95 285
32 332 443 586
8 90 247 380
59 248 34 176
221 154 128 419
324 267 156 297
194 478 13 16
182 172 25 387
324 153 51 921
78 339 43 829
387 450 198 574
324 157 71 318
241 349 52 231
226 22 419 956
225 160 397 565
299 491 96 217
446 242 18 249
213 453 97 960
274 413 92 239
249 359 51 106
147 201 109 184
442 454 553 766
151 219 84 709
326 45 61 438
59 32 334 794
236 137 389 518
466 79 204 414
365 457 100 117
88 344 21 884
75 292 24 275
392 370 86 616
390 394 953 985
392 282 106 189
375 152 339 966
456 447 510 653
68 44 63 128
489 342 562 772
344 236 498 952
52 253 418 563
176 32 354 689
211 498 11 26
150 234 325 990
407 314 27 318
424 76 22 23
421 75 177 809
59 208 261 974
168 13 738 738
154 276 2 2
389 248 56 63
478 191 64 584
399 176 6 336
433 343 230 882
303 417 680 874
401 284 280 988
408 291 371 716
345 223 797 877
355 329 246 319
230 254 99 111
67 369 148 866
334 422 185 303
218 71 141 419
421 469 209 646
352 142 0 605
487 411 27 421
55 408 142 386
10 312 86 122
319 281 94 534
467 292 207 233
419 92 643 755
376 309 338 675
257 308 57 71
331 330 372 990
282 1 543 781
13 412 210 228
173 157 7 30
71 367 146 478
237 445 187 353
6 414 422 547
228 245 225 660
282 107 207 798
287 455 6 13
461 386 711 715
440 296 170 295
426 100 588 987
77 239 354 847
204 379 164 560
30 332 100 598
114 315 83 192
424 478 40 226
378 313 136 154
488 226 359 378
277 35 42 112
405 170 87 511
98 337 353 639
444 305 91 122
36 154 97 344
255 144 41 70
190 127 13 526
104 332 237 650
74 199 285 616
258 197 496 814
86 398 13 235
44 72 187 618
72 487 250 303
17 327 73 88
34 160 48 305
113 351 68 71
278 73 693 959
121 444 404 727
18 101 83 101
8 348 32 787
393 190 118 352
147 54 688 912
51 159 457 495
334 151 455 873
182 17 1 220
288 448 265 367
397 148 339 367
212 278 82 97
24 58 91 331
161 357 6 660
382 376 199 467
185 269 596 880
1 11 125 269
276 469 297 355
225 206 314 320
230 88 480 552
159 184 62 188
97 419 88 173
174 227 342 940
342 323 149 377
365 319 456 587
218 322 30 55
424 302 44 140
63 213 87 96
238 105 329 812
466 1 84 103
431 220 300 516
179 81 155 155
260 302 123 279
272 448 445 883
181 489 110 632
481 315 504 964
367 267 361 600
200 469 6 9
281 333 177 416
438 245 6 22
431 475 43 314
52 251 458 482
425 344 185 576
183 123 5 238
202 456 73 558
416 100 55 395
365 397 128 507
48 315 89 196
356 152 149 156
328 141 376 755
246 105 23 330
99 164 154 644
470 144 260 566
24 223 717 900
417 96 248 881
327 256 178 443
453 0 30 204
332 189 171 632
38 284 459 637
188 69 90 693
494 442 447 908
131 320 665 783
399 235 469 625
422 171 493 601
416 229 92 212
369 275 643 652
344 460 307 815
304 376 797 923
219 314 380 917
42 182 510 561
472 113 229 260
269 133 89 334
253 216 789 998
153 240 514 526
32 100 725 816
304 42 181 597
77 7 427 507
201 367 99 348
78 440 261 538
99 448 0 6
446 382 115 877
282 159 480 562
182 264 18 24
490 210 348 818
311 312 111 135
398 382 13 30
400 132 239 462
81 203 28 961
494 407 69 93
103 73 52 65
420 313 728 880
181 197 212 822
305 144 725 820
235 220 232 468
122 489 286 427
48 162 292 401
15 427 95 582
323 293 16 729
251 360 506 785
209 120 164 655
368 219 394 563
417 223 379 412
488 295 250 320
450 341 114 286
82 291 68 296
215 191 329 683
430 117 155 763
32 134 10 598
18 152 60 223
303 57 192 194
475 186 170 766
157 361 774 979
32 148 14 15
479 319 30 249
395 3 408 793
231 339 231 719
314 146 15 246
263 45 373 555
84 268 488 586
48 112 452 722
51 173 24 464
434 132 13 405
345 462 116 308
195 68 59 238
480 165 52 92
431 83 525 646
176 429 227 670
448 152 292 688
65 71 1 3
61 110 137 438
182 234 24 122
16 497 307 527
236 434 930 980
186 382 27 499
143 29 5 375
399 303 598 814
166 138 278 969
154 163 111 287
227 31 738 803
231 303 488 997
42 451 44 111
316 454 209 531
184 225 135 814
484 439 147 376
127 156 52 446
315 336 381 751
354 44 53 98
456 418 195 360
280 294 476 564
246 351 148 238
0 112 727 840
14 122 131 766
393 126 309 966
361 44 104 523
32 483 61 106
143 380 789 937
296 445 105 835
414 486 355 544
306 483 496 837
206 389 877 882
394 472 0 776
358 322 520 571
101 458 268 615
234 206 819 845
166 103 155 622
441 103 206 206
227 101 102 692
228 302 426 532
471 237 39 263
423 429 0 0
103 436 111 235
336 272 579 674
90 494 578 879
86 343 405 831
344 143 73 108
405 118 11 71
296 475 581 762
210 8 18 285
416 232 46 272
150 277 2 2
384 93 12 98
148 302 84 135
476 140 130 159
252 382 441 445
252 136 273 814
62 475 409 813
88 34 479 910
405 24 259 444
181 300 132 709
442 410 410 488
93 160 45 49
84 128 26 80
413 489 111 246
208 345 168 982
311 301 330 692
274 458 194 268
155 165 37 706
295 69 383 662
179 277 1 43
387 418 112 361
25 380 17 774
48 229 17 78
250 74 737 885
364 222 736 931
377 23 224 853
69 43 40 117
343 394 362 565
404 482 440 708
145 483 160 888
123 447 4 95
110 170 349 816
272 285 106 278
199 31 142 592
179 323 530 720
493 417 653 777
398 378 163 294
10 57 59 607
160 362 10 287
203 72 47 999
401 158 115 815
475 36 150 414
283 373 659 880
494 446 313 733
479 239 864 929
77 265 82 171
222 304 146 295
122 386 65 93
254 135 197 318
416 440 258 381
333 495 345 633
379 168 392 471
19 486 40 718
211 42 267 269
444 330 115 173
74 186 143 379
284 82 92 438
312 294 364 422
101 402 652 914
428 464 201 269
202 140 235 352
2 165 136 215
104 393 216 372
425 271 315 390
498 326 135 576
29 195 274 278
373 25 21 259
175 373 530 719
49 270 186 911
343 270 88 122
317 14 90 182
96 421 14 133
498 434 20 684
260 301 99 214
64 27 5 605
275 485 115 201
368 79 485 818
42 336 30 316
80 3 527 670
21 76 130 148
410 318 245 306
253 188 135 297
226 111 409 635
80 138 265 681
49 64 786 846
5 342 48 183
38 424 204 761
145 28 33 712
232 427 227 558
480 160 555 650
93 243 23 90
197 321 42 147
302 337 73 415
302 263 391 712
382 82 49 167
123 218 119 389
54 143 298 498
84 194 39 935
155 492 4 55
98 491 771 829
237 96 498 985
328 296 252 267
39 136 91 890
490 220 18 290
354 213 50 799
155 334 63 460
187 452 51 598
52 262 142 236
115 363 661 688
76 460 136 148
453 183 161 560
269 98 466 494
206 20 540 838
137 147 114 481
333 359 424 785
262 485 152 400
397 484 254 308
123 321 524 788
332 292 314 418
55 292 41 497
35 59 276 577
381 104 48 820
233 131 137 581
154 120 260 406
345 90 43 160
282 285 104 702
191 386 546 884
350 272 10 108
78 440 278 466
55 91 225 935
254 186 93 564
189 202 462 545
326 170 5 63
201 480 486 535
87 497 446 655
165 163 68 146
246 324 846 957
364 0 126 196
317 346 469 674
307 232 84 274
316 355 17 108
7 185 27 261
490 80 302 334
111 463 322 465
419 38 88 234
1 370 567 728
142 54 626 807
305 50 320 791
408 362 705 716
120 171 234 269
36 443 116 210
264 402 30 109
52 273 67 397
164 86 15 87
219 41 425 656
407 453 831 950
98 150 91 756
346 424 3 117
361 43 14 20
445 116 291 335
181 402 939 993
96 264 144 313
492 447 100 738
137 334 697 717
313 130 523 573
130 360 209 368
419 304 57 208
352 382 267 980
388 184 6 65
434 18 36 236
452 21 34 309
351 160 649 910
289 474 505 714
448 11 216 265
441 26 22 164
114 279 311 881
177 232 444 794
465 314 35 38
147 476 401 880
259 310 472 588
180 34 25 457
236 445 623 674
29 468 32 39
206 252 145 330
309 487 52 88
419 288 204 684
1 422 53 398
95 460 6 479
85 162 219 290
398 125 382 789
279 218 25 46
433 387 151 281
215 120 433 591
284 58 406 790
220 282 19 602
244 455 319 731
71 368 6 23
70 356 248 255
289 113 16 42
207 426 47 500
260 338 219 990
354 330 0 13
68 93 375 441
62 494 0 4
181 97 2 613
31 44 115 183
376 116 621 713
202 441 88 159
365 348 764 829
156 430 144 206
350 239 13 352
400 292 144 230
451 207 418 808
415 26 268 490
483 355 709 874
154 29 91 130
266 398 470 499
257 220 378 777
46 246 536 982
409 360 21 674
11 235 105 183
261 450 676 760
336 265 0 74
16 322 47 763
38 240 412 828
58 347 320 559
192 33 155 493
87 80 826 937
443 385 0 0
246 370 8 9
148 215 146 252
5 239 0 506
424 137 1 540
81 258 214 371
398 252 217 293
219 273 94 202
338 357 501 801
44 493 150 316
422 369 65 492
157 409 188 812
483 99 599 612
71 462 409 409
109 236 142 177
401 196 13 398
126 113 476 485
125 410 402 991
247 101 113 284
442 484 7 165
78 419 61 220
203 169 107 211
154 395 19 76
121 498 77 365
202 444 255 285
47 492 70 888
352 221 77 781
196 204 78 109
359 278 685 851
130 124 1 109
10 473 331 720
19 28 465 573
129 352 9 86
308 154 87 906
172 59 536 875
189 423 128 844
46 193 276 369
239 183 5 223
197 472 876 998
423 152 345 818
223 108 0 42
158 173 254 373
152 438 484 812
490 164 266 528
479 419 230 247
9 30 463 793
281 466 110 262
182 299 0 0
153 179 172 231
398 215 246 994
4 472 63 656
168 23 218 220
37 288 611 686
263 175 521 687
60 413 522 641
417 388 44 70
487 104 187 243
302 31 417 871
2 146 320 735
423 68 7 167
397 95 29 298
82 181 108 563
257 230 25 827
364 128 13 200
86 123 74 101
57 325 289 382
156 324 709 913
187 114 174 260
387 464 16 108
226 202 39 55
325 264 4 352
267 457 4 37
19 57 148 583
126 458 21 673
30 275 105 460
117 230 214 741
14 159 198 501
469 209 16 703
111 456 87 230
207 357 625 745
454 106 268 502
162 440 531 706
427 402 232 447
341 188 60 506
210 383 37 41
25 183 134 489
218 285 38 142
250 494 118 142
0 137 199 433
466 378 536 576
315 328 158 343
482 121 97 160
472 261 507 742
460 221 728 964
208 241 576 734
402 218 4 77
439 148 370 841
169 192 30 67
457 193 376 436
487 155 510 929
415 26 149 263
440 99 2 128
394 320 137 763
414 162 238 929
357 258 91 326
392 122 174 232
60 471 6 182
457 252 367 964
188 195 317 577
437 92 539 860
221 434 144 308
439 180 26 56
344 312 310 454
197 218 107 207
48 321 153 519
104 137 77 538
310 287 264 294
447 482 163 307
233 109 9 24
437 46 65 420
39 483 220 324
312 35 81 620
307 195 369 860
443 52 337 493
445 430 70 82
155 88 233 934
469 358 787 809
274 437 359 365
107 127 7 331
335 76 59 938
210 294 236 375
378 293 153 636
365 140 352 986
12 386 26 36
290 253 14 314
43 75 53 231
429 38 872 923
403 142 437 551
40 309 4 53
452 48 91 756
474 472 178 684
263 331 466 662
74 313 722 956
249 65 424 875
235 294 718 754
157 232 111 222
62 316 88 138
206 316 143 221
96 314 131 205
71 335 525 568
42 110 338 663
254 22 156 527
227 370 18 56
241 349 141 363
424 219 168 968
321 449 312 696
462 81 59 370
70 28 491 672
5 249 211 265
83 297 47 77
339 352 350 528
58 177 208 290
286 198 58 482
42 194 134 902
341 334 176 652
464 420 1 724
272 212 34 102
79 318 236 480
175 230 349 404
11 474 299 647
175 217 7 288
187 495 134 383
45 438 928 981
69 350 64 114
143 487 38 200
258 431 15 239
421 13 687 697
73 193 84 714
392 369 490 785
54 351 98 381
230 213 520 853
67 215 120 698
451 377 661 713
172 406 231 822
65 178 124 629
200 399 100 422
15 80 14 30
426 410 150 596
316 333 241 564
242 415 371 601
444 372 13 323
112 314 133 555
79 347 27 171
281 330 459 650
496 484 57 71
21 260 633 875
125 133 130 216
378 151 191 294
463 132 86 885
65 355 709 884
441 2 630 837
142 122 230 327
208 204 313 903
251 319 466 772
408 420 358 658
137 244 194 900
314 233 731 783
466 397 39 425
300 31 154 324
452 119 300 394
354 154 48 61
419 131 271 363
333 434 141 353
336 49 18 866
30 64 464 889
25 476 42 964
400 465 113 328
286 13 60 694
149 46 95 633
147 486 170 242
156 140 518 870
222 136 149 214
291 57 471 748
112 332 108 144
4 341 60 106
57 58 339 721
369 288 390 526
150 273 256 443
372 227 605 778
107 442 269 359
177 265 258 854
113 145 494 963
412 346 171 980
103 50 193 277
471 130 219 415
370 212 327 725
406 354 472 895
48 366 70 712
141 224 393 758
452 89 65 884
493 92 301 367
265 420 220 543
304 78 67 535
338 246 394 648
80 456 429 896
106 372 460 601
110 477 807 970
12 76 548 732
74 198 188 415
477 327 452 581
166 370 834 923
177 245 184 619
5 287 137 710
199 120 61 661
469 222 102 336
161 66 56 203
488 208 118 408
96 421 125 150
417 103 285 827
173 378 268 711
355 221 218 401
14 314 15 171
333 80 511 876
195 269 329 639
204 288 215 997
498 136 4 101
177 477 114 245
488 73 16 83
489 320 66 745
62 75 76 159
445 194 454 882
132 173 201 491
395 147 515 526
307 269 23 42
265 94 527 614
204 277 194 227
329 194 169 213
42 399 141 896
380 53 120 888
8 354 0 5
210 164 384 833
6 384 257 903
453 195 268 512
196 421 20 656
55 227 68 768
401 52 62 686
238 224 336 459
84 367 398 574
481 332 381 574
202 163 65 842
372 341 171 240
67 419 669 757
237 440 192 813
206 94 522 797
487 50 285 808
231 53 399 830
119 271 227 417
296 169 503 618
433 134 196 756
285 336 624 770
288 410 517 959
271 144 116 976
278 227 480 565
101 113 302 466
124 330 28 836
450 255 102 220
29 264 238 767
61 429 112 192
300 467 429 592
365 5 235 607
90 207 151 442
197 498 312 865
197 93 126 544
356 271 157 493
443 457 351 418
487 181 46 62
259 219 256 362
246 237 46 92
436 338 167 566
457 233 493 641
287 434 682 768
83 132 625 633
401 153 104 187
47 137 390 750
390 321 394 549
284 474 51 102
456 327 11 24
21 138 57 299
78 244 355 690
16 375 94 933
478 177 381 967
148 411 380 765
466 404 130 293
3 339 406 622
221 178 43 231
38 160 86 751
395 375 141 166
274 338 336 757
232 80 1 869
86 32 239 520
280 50 57 65
476 124 63 449
349 73 564 838
35 425 134 179
303 461 23 38
398 293 650 733
345 312 388 563
6 478 30 42
204 301 475 985
243 133 299 569
102 373 99 585
168 20 635 790
273 334 645 903
55 2 49 60
298 1 49 348
283 203 50 200
252 359 351 465
92 8 32 91
41 294 64 68
476 56 28 301
198 448 748 905
55 489 821 976
152 178 377 764
84 210 0 0
373 280 205 735
476 159 16 22
52 228 150 168
184 64 3 10
304 474 143 149
83 79 395 688
412 43 18 702
275 371 159 371
375 276 116 731
91 62 320 848
34 126 54 130
17 456 33 87
482 3 331 372
158 190 84 404
100 56 110 276
384 19 337 754
282 76 238 322
164 50 494 800
423 415 746 912
56 399 471 513
485 161 76 429
116 276 22 91
149 496 252 273
302 116 181 887
219 138 172 246
482 484 101 621
359 1 6 495
187 257 34 94
53 391 827 900
149 367 10 67
86 1 387 681
79 292 942 972
477 27 360 710
232 234 325 326
248 76 20 73
389 10 169 580
29 92 469 734
299 170 121 359
41 7 207 654
318 391 291 567
304 233 29 34
374 224 618 921
284 181 215 380
281 475 350 379
325 402 618 847
211 391 352 484
59 58 333 451
397 320 371 640
141 319 107 211
467 6 356 528
59 214 240 669
121 36 308 539
181 11 405 709
418 84 45 599
478 489 50 842
82 448 270 880
81 417 52 97
86 251 108 258
278 482 0 54
300 136 103 229
79 25 365 721
459 132 46 78
128 118 95 155
403 100 556 771
91 297 356 444
301 398 75 290
354 258 516 644
231 290 474 887
434 214 29 37
246 245 144 693
23 265 154 669
167 240 651 868
218 9 10 196
97 251 193 713
119 281 72 104
19 55 54 56
185 201 647 681
221 308 20 22
394 206 2 44
358 381 28 36
430 408 32 465
478 255 703 758
289 190 523 993
298 491 40 226
268 44 435 793
108 266 73 796
371 420 622 873
350 441 8 314
493 303 119 133
84 429 765 797
441 466 514 568
223 15 399 415
163 107 40 58
300 363 6 6
479 428 75 316
359 300 112 271
381 364 197 476
145 422 31 924
196 102 4 417
201 190 22 288
111 51 247 846
311 490 248 307
192 414 262 916
307 160 807 864
77 19 24 639
288 74 571 748
138 464 28 157
216 58 485 603
461 379 69 327
100 167 35 489
233 354 24 225
465 445 224 902
337 70 234 411
329 477 229 477
44 84 341 722
309 354 73 122
169 39 429 503
60 245 728 813
69 425 351 678
76 452 211 321
492 481 647 711
2 51 831 935
404 452 698 895
143 117 677 742
380 272 80 266
492 322 174 372
81 88 362 558
477 226 73 381
181 410 168 456
350 403 261 794
439 313 39 104
462 110 79 973
301 176 121 705
492 29 720 865
264 456 675 782
219 244 45 432
51 401 263 943
398 385 12 253
334 418 13 46
210 224 93 96
54 150 64 200
309 377 430 539
18 279 130 223
100 369 495 836
405 449 3 9
154 128 729 746
257 232 306 969
78 94 147 267
89 373 602 624
484 188 446 715
43 201 258 327
149 256 181 433
41 22 550 735
494 109 19 131
371 182 121 143
373 10 269 375
403 291 226 228
353 220 92 307
196 344 41 150
156 422 38 96
73 126 495 916
75 331 144 346
16 197 58 566
184 410 6 547
269 120 406 450
326 108 183 748
274 176 253 331
36 35 492 893
466 487 36 68
473 19 568 575
5 13 187 339
64 228 185 364
475 434 56 305
289 449 467 604
96 144 170 234
60 93 135 294
151 0 85 285
47 455 1 6
92 479 8 371
223 153 18 48
208 473 579 875
430 462 438 722
45 133 19 595
267 194 22 744
123 252 577 901
153 24 307 694
31 488 406 591
14 29 45 124
77 18 111 404
320 21 95 579
254 381 71 603
246 289 351 961
274 138 40 205
261 307 335 663
382 8 167 256
430 486 341 418
57 403 732 972
196 69 174 331
496 259 268 362
393 469 199 440
293 326 14 40
333 243 343 398
258 213 452 619
267 210 253 578
129 45 813 874
22 435 9 641
32 474 273 557
242 209 559 641
456 192 23 47
276 186 215 997
5 222 72 151
112 248 178 418
276 184 151 295
154 371 51 577
137 167 137 560
5 179 211 352
370 208 555 974
307 16 382 752
490 33 11 890
431 172 332 455
147 47 219 600
205 286 126 413
388 169 11 304
85 327 72 525
307 253 62 191
103 437 203 214
148 437 397 511
140 61 13 13
175 18 258 445
34 107 603 997
328 185 489 823
485 196 77 83
166 301 109 656
259 479 220 225
138 387 58 118
252 294 6 349
254 54 528 677
227 424 538 551
147 136 36 44
276 137 417 857
270 45 466 478
251 363 262 857
169 86 15 187
494 414 62 83
135 107 390 516
387 185 428 454
193 459 9 13
91 47 24 39
233 148 44 93
347 404 38 40
325 418 59 175
70 479 336 576
166 56 224 477
80 60 498 980
223 324 29 70
469 490 323 868
457 24 441 579
267 380 345 877
41 232 11 55
160 216 36 99
196 349 55 863
391 320 66 570
160 367 47 559
299 215 10 13
448 300 109 642
191 417 683 848
329 482 170 997
236 70 146 433
30 364 199 311
195 66 154 405
293 323 81 228
91 399 78 226
76 472 398 434
251 361 356 685
248 236 450 661
204 264 221 773
140 366 180 217
476 461 388 729
378 263 716 796
368 266 100 562
185 137 0 466
49 309 58 158
211 188 5 46
65 380 22 464
56 348 414 654
300 288 149 212
379 480 112 400
77 135 112 498
23 131 497 955
378 63 529 878
236 445 814 874
357 140 46 997
268 50 292 774
401 49 98 203
219 50 538 840
61 395 33 166
332 464 738 889
428 60 324 338
481 94 167 288
373 61 430 606
346 471 3 60
245 139 808 907
337 58 130 381
438 493 282 790
165 460 272 711
416 55 130 704
17 316 530 533
419 478 339 467
8 331 69 646
412 151 332 692
107 90 92 236
463 492 49 754
470 206 299 937
397 274 297 815
170 209 589 731
197 25 232 822
332 86 1 6
157 280 58 174
202 158 154 342
335 66 278 734
350 93 10 979
260 66 354 733
25 317 82 479
298 108 522 921
37 356 169 378
122 1 496 642
388 470 1 1
367 330 98 179
482 7 203 295
341 171 195 387
125 411 338 460
242 165 544 797
242 420 132 280
321 158 12 82
390 191 276 521
360 370 660 982
193 50 209 401
486 160 172 257
336 29 92 777
16 24 431 616
71 277 4 7
236 493 525 987
478 118 293 489
136 478 234 304
391 78 484 665
436 299 74 285
417 436 132 464
149 84 167 652
4 220 94 122
163 212 233 467
224 148 365 735
233 196 78 961
164 288 0 21
430 161 201 833
342 296 52 940
0 186 70 986
487 345 280 938
262 168 43 129
5 276 348 886
16 44 108 153
215 95 123 360
91 145 297 361
190 52 190 280
136 70 176 355
3 463 180 543
218 16 46 78
251 414 36 373
91 15 78 583
29 153 107 134
306 231 231 243
484 339 259 313
467 97 12 74
450 497 381 808
335 209 96 263
182 362 234 411
334 390 311 405
467 250 227 305
290 71 56 127
62 277 18 894
36 479 241 682
123 94 172 267
161 362 0 92
407 164 59 123
300 70 201 276
303 293 15 49
26 182 44 145
185 5 289 475
163 237 806 936
146 20 23 434
34 320 450 709
193 376 179 570
57 343 550 977
314 85 58 178
287 330 27 739
271 210 161 350
154 203 505 992
404 219 176 353
167 199 943 979
280 65 733 861
125 102 266 598
183 124 10 27
332 14 27 185
318 335 6 56
291 240 132 793
353 348 35 74
465 21 488 787
105 432 18 27
141 303 116 255
445 39 13 297
420 88 198 565
41 317 92 562
418 153 261 888
405 47 563 638
191 459 141 161
452 141 21 27
367 286 496 762
102 402 123 536
112 316 468 579
424 228 281 414
210 336 38 590
91 455 394 406
66 87 22 446
463 248 142 593
297 486 294 492
190 14 51 59
8 220 322 977
65 136 145 855
348 68 260 379
149 46 375 547
355 4 589 933
230 350 393 398
393 355 175 945
8 309 22 30
358 343 312 746
115 239 429 797
494 460 82 194
279 273 89 163
147 266 337 591
79 171 339 480
410 487 277 587
377 227 13 132
411 61 135 278
10 296 67 69
68 53 81 108
433 398 195 717
460 66 13 26
267 185 79 540
62 138 271 298
7 326 350 869
182 68 441 545
10 114 501 998
261 481 154 561
308 463 207 562
2 157 216 335
30 72 90 252
364 131 59 427
291 300 213 227
429 337 50 70
141 446 347 425
490 264 49 106
439 387 582 723
372 221 169 298
129 218 357 490
394 488 152 195
217 119 128 681
37 479 654 831
66 22 10 220
15 362 6 7
221 405 57 251
405 11 312 628
409 322 117 311
405 17 19 837
433 480 772 853
216 186 277 372
78 127 175 365
327 345 12 16
45 183 405 550
388 422 98 154
217 241 67 112
283 57 28 53
10 481 53 179
11 238 27 156
36 194 2 35
128 262 943 983
271 311 344 658
415 458 14 387
488 132 59 62
146 162 47 47
394 493 753 805
411 422 422 423
291 121 34 108
148 131 84 167
291 132 530 680
357 431 394 427
309 169 70 96
64 17 357 392
220 80 2 44
80 114 112 271
430 253 64 503
423 332 187 457
33 340 191 769
6 229 12 160
321 176 301 510
304 113 79 141
169 486 36 189
131 278 123 410
10 328 77 146
232 119 514 562
450 163 250 455
344 462 905 943
472 346 602 670
324 399 62 103
397 219 478 607
251 191 374 420
379 15 499 501
336 490 514 656
280 64 54 185
88 419 35 359
289 392 428 480
287 401 448 615
226 47 69 285
488 292 451 503
129 194 116 278
416 213 436 572
126 388 41 342
139 355 249 840
118 457 272 686
289 161 484 816
156 358 111 154
8 248 30 185
264 55 402 543
138 398 50 61
307 119 467 538
450 402 38 336
92 401 214 324
217 254 189 230
167 274 2 4
311 52 328 687
285 243 254 753
180 264 173 338
345 30 135 470
384 102 128 798
435 175 568 648
137 111 0 23
204 106 231 284
460 280 904 955
12 338 283 884
191 424 162 325
401 411 602 911
150 429 385 479
200 430 122 202
5 401 224 271
269 375 74 241
215 478 26 55
218 243 296 437
196 391 861 905
92 242 169 526
118 49 282 546
481 219 212 227
98 337 44 46
126 409 123 125
135 100 156 215
426 188 758 874
220 337 517 989
160 228 9 17
406 8 440 443
269 182 204 369
60 407 349 537
263 265 604 617
202 357 94 396
44 52 176 184
63 111 311 585
201 459 26 33
25 90 72 894
179 3 80 645
192 274 32 94
472 187 472 551
294 467 46 129
447 384 24 118
65 494 65 265
340 85 694 763
28 118 697 698
30 34 432 559
262 369 230 255
143 147 161 518
438 301 901 930
89 172 72 185
450 273 50 734
91 356 701 873
178 171 191 670
467 9 173 203
445 18 73 129
248 100 488 515
219 192 2 130
214 193 100 826
404 280 484 524
452 197 62 291
412 338 216 568
151 19 9 260
272 396 560 585
335 48 187 232
391 350 167 219
409 70 117 519
391 316 302 836
260 15 576 645
58 437 26 94
393 77 3 134
450 47 81 390
347 223 8 319
361 147 291 892
320 101 448 892
417 48 2 29
268 383 38 210
167 456 297 388
104 457 97 176
294 229 267 919
56 292 15 189
473 392 101 734
126 279 211 957
432 340 314 478
491 428 530 815
149 322 223 428
360 260 683 814
110 478 454 762
30 310 364 960
275 149 46 336
137 55 203 767
359 333 659 922
466 297 168 811
374 132 808 815
11 197 71 949
393 403 224 290
160 378 87 440
366 115 86 106
208 338 381 878
384 20 314 344
228 403 100 906
396 419 19 204
337 409 77 349
425 471 200 691
482 407 254 923
249 152 587 688
97 486 99 340
40 89 8 40
90 299 187 332
55 177 284 476
3 345 516 731
471 315 420 894
320 247 1 6
193 165 14 76
348 111 255 282
390 350 440 536
41 0 372 536
302 447 424 425
243 159 539 884
180 437 685 728
63 15 38 136
53 179 6 235
314 419 441 505
164 199 261 362
19 346 80 809
357 34 400 419
92 416 90 942
485 103 28 182
343 410 205 483
188 230 434 895
50 496 7 65
41 248 121 279
156 85 70 202
472 131 56 985
300 473 406 468
354 176 502 889
271 54 268 854
203 467 2 104
422 443 321 350
24 36 327 497
159 245 861 879
23 14 231 982
56 321 251 337
37 194 656 782
447 419 739 859
43 225 251 281
65 114 82 199
257 0 590 647
471 113 314 564
383 314 38 154
89 420 690 742
154 65 164 360
38 332 118 605
178 253 0 6
20 342 491 591
18 310 631 734
26 108 80 346
157 368 546 760
355 85 250 427
408 428 130 423
325 150 266 299
84 281 296 741
314 453 746 918
185 82 241 443
20 232 144 987
165 133 468 800
73 325 9 311
467 455 118 233
391 266 345 359
479 136 65 405
97 173 428 496
459 482 8 702
438 384 625 841
346 264 58 59
91 238 32 453
173 124 59 427
307 379 115 424
453 236 88 564
422 70 688 940
303 344 323 330
305 320 933 949
191 63 110 246
355 492 463 548
135 380 260 714
76 60 232 881
462 489 96 782
340 77 939 966
178 474 28 551
7 298 812 906
170 235 621 655
486 274 20 169
450 472 16 30
447 134 344 761
447 316 354 678
3 337 63 288
491 81 99 106
492 44 321 690
265 158 646 750
417 131 524 558
359 235 329 665
182 85 393 404
355 348 111 866
183 112 224 532
359 468 515 895
105 61 637 740
129 171 16 523
447 94 40 720
438 148 83 887
356 282 148 194
184 214 229 430
322 315 814 860
277 477 25 30
349 52 16 133
186 319 116 405
94 169 50 112
126 38 223 726
385 181 367 975
367 217 107 489
487 404 123 961
122 17 75 135
41 193 48 701
47 427 405 583
155 349 743 792
305 16 287 538
93 344 887 980
260 244 201 440
481 248 255 951
483 465 849 919
423 402 197 424
488 385 213 410
60 114 15 19
466 419 390 448
327 103 151 199
309 249 128 336
256 399 228 282
305 254 341 670
98 329 32 440
473 121 510 600
244 109 451 844
44 314 362 833
442 13 87 586
66 285 2 440
238 263 394 400
18 466 43 71
388 321 262 467
147 389 395 403
62 115 142 201
433 480 490 803
240 346 282 698
142 247 887 976
228 2 243 385
431 440 48 417
161 333 30 520
133 170 344 353
42 246 126 545
403 198 564 890
400 335 248 731
416 190 146 206
109 282 439 800
11 55 224 796
493 394 136 799
23 292 139 317
178 410 298 613
135 118 386 652
369 68 105 120
358 417 225 919
274 397 43 368
332 110 589 689
115 92 86 929
449 173 291 675
400 473 108 939
481 34 247 699
177 60 73 171
168 376 258 729
395 199 151 406
45 41 203 318
76 298 687 781
361 11 599 791
341 305 30 949
165 495 139 203
269 339 165 533
122 334 104 772
447 346 10 516
412 87 10 229
202 336 598 996
205 172 773 890
112 430 254 577
96 311 102 538
47 100 120 840
476 278 851 915
236 360 280 820
199 465 317 433
81 172 626 856
110 71 13 225
401 347 250 541
304 258 226 315
39 452 24 119
68 57 101 145
89 233 622 937
25 104 125 195
57 331 619 650
345 392 128 239
423 251 97 525
16 72 9 130
372 114 118 289
374 358 172 400
354 380 355 707
123 50 443 901
17 221 398 429
356 187 585 714
470 382 102 139
330 139 99 100
76 8 51 448
190 335 600 761
359 162 46 231
433 312 199 809
86 304 201 252
493 9 23 83
159 6 451 513
185 230 0 0
97 156 238 708
318 379 152 739
102 340 812 974
384 66 547 663
318 173 46 494
175 117 25 73
321 123 332 534
282 85 35 141
406 8 530 803
216 374 409 576
89 394 50 213
348 408 461 707
409 446 58 333
203 22 581 669
449 452 711 780
9 167 82 86
59 394 99 511
375 127 34 103
459 409 472 650
305 170 309 315
41 166 479 644
168 83 15 48
82 425 514 867
50 45 397 478
174 184 19 794
400 63 65 226
327 405 209 335
495 165 686 764
54 342 754 854
486 316 435 437
95 494 576 931
316 480 178 580
424 359 20 49
216 284 399 453
102 412 127 160
17 189 211 733
342 189 314 347
489 93 146 201
4 412 99 843
122 34 508 818
351 288 27 343
130 157 3 404
469 359 51 60
210 103 61 179
78 194 157 736
159 457 71 566
41 271 604 824
114 286 279 501
66 202 652 768
73 140 250 510
182 409 359 568
456 369 132 184
188 167 344 544
150 493 95 201
42 130 305 556
356 125 80 141
244 69 27 186
274 328 419 765
342 287 37 70
27 72 159 369
352 166 140 878
40 313 78 104
5 284 200 359
206 429 71 114
210 446 860 877
328 342 60 126
447 294 232 254
42 104 27 422
241 288 164 665
374 50 165 345
16 380 94 213
110 492 211 373
358 159 546 571
183 42 127 991
145 261 189 327
237 494 320 362
162 226 128 706
54 57 95 299
240 483 90 350
310 16 278 995
173 198 414 604
402 386 707 829
340 483 1 31
241 134 107 145
365 189 183 728
323 389 42 540
109 410 813 996
103 141 407 496
208 106 210 384
250 195 161 194
112 339 195 590
401 36 588 767
350 320 354 925
256 135 98 137
456 225 1 8
240 120 448 478
0 300 68 183
96 27 456 610
200 207 502 620
263 244 312 410
196 84 616 677
443 134 26 199
455 112 261 809
342 448 2 50
123 271 34 172
455 482 330 981
287 98 327 901
286 443 141 940
178 233 61 909
345 258 299 441
392 9 777 939
293 79 145 237
335 407 22 49
62 314 542 557
206 459 29 313
105 450 280 532
221 448 329 472
261 20 158 483
88 403 441 570
474 168 412 924
130 318 202 236
302 408 138 876
297 10 424 734
193 338 51 79
114 496 310 836
172 495 288 398
70 412 102 336
407 228 0 0
340 446 146 246
60 457 44 688
195 142 188 852
174 194 27 241
320 360 82 371
383 352 95 150
488 451 381 804
412 10 55 717
486 23 578 701
60 411 590 679
496 477 644 892
183 190 489 883
230 183 492 625
309 31 191 289
210 143 402 403
216 489 10 28
476 455 98 917
164 192 660 688
486 430 518 909
215 46 61 302
202 89 4 945
16 94 685 864
6 399 446 886
92 436 0 0
428 131 35 377
226 36 99 122
375 309 809 933
143 251 149 514
419 450 312 489
215 166 355 487
343 112 143 570
93 163 465 545
482 270 63 918
91 366 454 885
343 421 292 784
271 432 249 323
191 49 378 785
275 416 88 145
401 266 131 861
197 317 50 773
193 489 729 776
131 98 293 529
111 406 43 450
185 199 9 226
117 172 493 809
18 132 724 966
106 446 220 544
280 340 62 903
352 25 232 282
297 425 257 518
204 81 55 328
394 387 214 992
306 208 72 250
