500 5000
0 1 104 104
1 2 168 180
2 3 0 0
3 4 75 75
4 5 8 36
5 6 9 23
6 7 18 46
7 8 58 86
8 9 93 99
9 10 115 135
10 11 33 105
11 12 90 171
12 13 23 51
13 14 50 220
14 15 3 6
15 16 154 168
16 17 48 104
17 18 60 140
18 19 33 35
19 20 38 49
20 21 143 200
21 22 195 243
22 23 7 78
23 24 90 173
24 25 190 219
25 26 186 224
26 27 18 21
27 28 2 9
28 29 2 42
29 30 148 220
30 31 14 24
31 32 71 105
32 33 99 240
33 34 26 133
34 35 50 173
35 36 11 79
36 37 135 172
37 38 86 209
38 39 0 4
39 40 117 188
40 41 164 248
41 42 56 187
42 43 31 70
43 44 44 198
44 45 1 25
45 46 53 112
46 47 22 228
47 48 66 73
48 49 8 72
49 50 17 32
50 51 0 4
51 52 156 170
52 53 49 53
53 54 20 66
54 55 72 123
55 56 7 13
56 57 89 144
57 58 35 36
58 59 38 147
59 60 40 175
60 61 13 25
61 62 98 103
62 63 86 174
63 64 56 103
64 65 9 12
65 66 6 134
66 67 23 166
67 68 103 129
68 69 7 237
69 70 130 147
70 71 122 226
71 72 15 34
72 73 31 34
73 74 76 202
74 75 53 99
75 76 27 41
76 77 84 232
77 78 50 87
78 79 120 188
79 80 23 182
80 81 153 221
81 82 101 156
82 83 66 188
83 84 67 87
84 85 24 67
85 86 169 224
86 87 95 107
87 88 2 242
88 89 83 166
89 90 11 156
90 91 22 28
91 92 15 238
92 93 40 112
93 94 137 145
94 95 39 102
95 96 45 59
96 97 175 226
97 98 43 143
98 99 0 0
99 100 23 154
100 101 47 81
101 102 1 132
102 103 158 222
103 104 42 89
104 105 175 228
105 106 73 156
106 107 1 3
107 108 194 233
108 109 95 173
109 110 17 250
110 111 20 43
111 112 25 34
112 113 45 234
113 114 81 174
114 115 3 16
115 116 96 189
116 117 39 189
117 118 11 231
118 119 92 178
119 120 5 31
120 121 1 4
121 122 0 6
122 123 4 7
123 124 6 61
124 125 62 215
125 126 31 135
126 127 134 138
127 128 59 211
128 129 7 31
129 130 6 70
130 131 84 147
131 132 101 243
132 133 51 140
133 134 4 4
134 135 58 200
135 136 42 58
136 137 124 202
137 138 41 97
138 139 163 216
139 140 80 187
140 141 59 139
141 142 12 34
142 143 2 15
143 144 29 30
144 145 10 11
145 146 21 26
146 147 35 56
147 148 6 178
148 149 92 140
149 150 0 3
150 151 5 18
151 152 87 242
152 153 39 142
153 154 3 51
154 155 9 63
155 156 30 186
156 157 46 49
157 158 54 145
158 159 12 243
159 160 157 212
160 161 18 60
161 162 25 123
162 163 153 155
163 164 186 208
164 165 30 39
165 166 3 4
166 167 0 17
167 168 100 122
168 169 116 152
169 170 65 142
170 171 42 79
171 172 27 248
172 173 21 145
173 174 48 95
174 175 29 138
175 176 172 187
176 177 77 167
177 178 8 66
178 179 12 16
179 180 19 92
180 181 11 158
181 182 5 52
182 183 30 188
183 184 6 16
184 185 6 65
185 186 28 201
186 187 45 48
187 188 92 160
188 189 110 131
189 190 145 232
190 191 21 66
191 192 12 16
192 193 96 184
193 194 142 193
194 195 37 227
195 196 160 233
196 197 1 3
197 198 42 58
198 199 117 154
199 200 95 238
200 201 221 238
201 202 28 139
202 203 1 229
203 204 150 161
204 205 28 97
205 206 20 121
206 207 3 151
207 208 62 137
208 209 188 232
209 210 85 230
210 211 60 99
211 212 8 241
212 213 15 43
213 214 2 31
214 215 23 33
215 216 1 126
216 217 2 5
217 218 228 237
218 219 69 207
219 220 1 3
220 221 4 44
221 222 42 83
222 223 29 32
223 224 109 203
224 225 24 86
225 226 83 235
226 227 131 146
227 228 53 220
228 229 5 212
229 230 220 227
230 231 49 115
231 232 47 137
232 233 115 200
233 234 9 71
234 235 117 123
235 236 47 150
236 237 3 3
237 238 32 148
238 239 27 108
239 240 175 202
240 241 18 79
241 242 183 224
242 243 79 145
243 244 8 46
244 245 116 197
245 246 7 153
246 247 0 13
247 248 5 105
248 249 68 170
249 250 133 230
250 251 0 0
251 252 193 245
252 253 24 94
253 254 20 244
254 255 23 151
255 256 43 208
256 257 60 144
257 258 54 157
258 259 50 71
259 260 103 147
260 261 14 188
261 262 7 215
262 263 149 189
263 264 158 175
264 265 1 216
265 266 21 80
266 267 78 168
267 268 41 113
268 269 23 95
269 270 2 103
270 271 53 100
271 272 10 79
272 273 88 156
273 274 18 107
274 275 103 244
275 276 117 170
276 277 13 49
277 278 1 107
278 279 19 86
279 280 6 200
280 281 206 220
281 282 177 226
282 283 86 166
283 284 1 67
284 285 19 63
285 286 116 214
286 287 114 132
287 288 37 201
288 289 12 143
289 290 8 184
290 291 58 130
291 292 3 193
292 293 9 142
293 294 94 116
294 295 55 86
295 296 13 17
296 297 67 94
297 298 4 19
298 299 10 246
299 300 12 45
300 301 176 203
301 302 16 219
302 303 114 172
303 304 26 142
304 305 21 40
305 306 106 117
306 307 41 86
307 308 48 56
308 309 124 148
309 310 11 78
310 311 124 229
311 312 106 228
312 313 14 64
313 314 12 27
314 315 23 48
315 316 41 125
316 317 1 182
317 318 26 52
318 319 42 62
319 320 11 213
320 321 16 104
321 322 93 154
322 323 18 58
323 324 23 25
324 325 102 129
325 326 26 119
326 327 7 38
327 328 106 156
328 329 21 136
329 330 84 164
330 331 36 36
331 332 27 188
332 333 2 55
333 334 117 130
334 335 141 197
335 336 1 5
336 337 32 81
337 338 17 219
338 339 75 212
339 340 0 135
340 341 136 217
341 342 47 238
342 343 130 207
343 344 69 214
344 345 1 24
345 346 118 163
346 347 134 176
347 348 62 153
348 349 141 200
349 350 5 8
350 351 188 193
351 352 55 183
352 353 20 65
353 354 14 64
354 355 106 158
355 356 67 86
356 357 102 199
357 358 68 111
358 359 8 196
359 360 111 248
360 361 73 75
361 362 12 35
362 363 125 226
363 364 55 135
364 365 236 244
365 366 32 159
366 367 248 249
367 368 90 137
368 369 107 132
369 370 15 33
370 371 79 89
371 372 3 6
372 373 23 40
373 374 172 187
374 375 2 7
375 376 67 92
376 377 174 216
377 378 83 173
378 379 84 173
379 380 40 47
380 381 61 110
381 382 39 145
382 383 121 248
383 384 14 51
384 385 14 62
385 386 42 65
386 387 174 188
387 388 23 114
388 389 13 14
389 390 59 127
390 391 39 53
391 392 60 200
392 393 36 74
393 394 1 6
394 395 13 148
395 396 35 211
396 397 48 95
397 398 148 188
398 399 116 128
399 400 29 135
400 401 177 240
401 402 52 201
402 403 5 8
403 404 23 178
404 405 43 116
405 406 19 237
406 407 28 55
407 408 47 67
408 409 9 20
409 410 39 107
410 411 22 27
411 412 7 159
412 413 78 201
413 414 80 174
414 415 141 192
415 416 78 85
416 417 59 212
417 418 88 107
418 419 135 206
419 420 1 157
420 421 26 35
421 422 12 19
422 423 3 4
423 424 9 16
424 425 66 115
425 426 10 28
426 427 6 6
427 428 187 189
428 429 38 99
429 430 157 187
430 431 111 113
431 432 66 112
432 433 80 119
433 434 10 118
434 435 200 201
435 436 79 101
436 437 226 227
437 438 6 9
438 439 7 194
439 440 23 31
440 441 107 155
441 442 1 2
442 443 14 135
443 444 0 0
444 445 185 238
445 446 202 227
446 447 102 199
447 448 164 229
448 449 2 36
449 450 24 39
450 451 40 47
451 452 109 156
452 453 126 227
453 454 214 248
454 455 133 178
455 456 48 183
456 457 228 228
457 458 57 100
458 459 40 62
459 460 21 43
460 461 26 29
461 462 178 203
462 463 31 36
463 464 43 66
464 465 120 205
465 466 21 77
466 467 244 246
467 468 53 66
468 469 67 133
469 470 61 78
470 471 28 228
471 472 85 92
472 473 4 108
473 474 29 128
474 475 198 235
475 476 2 7
476 477 87 179
477 478 145 223
478 479 1 6
479 480 40 131
480 481 72 81
481 482 191 215
482 483 72 140
483 484 46 173
484 485 100 113
485 486 78 157
486 487 24 72
487 488 2 2
488 489 29 144
489 490 64 78
490 491 109 129
491 492 120 230
492 493 17 107
493 494 59 62
494 495 5 93
495 496 207 233
496 497 135 235
497 498 80 211
498 499 148 230
499 0 7 57
375 266 8 21
88 415 20 57
346 219 11 78
207 127 37 43
246 61 15 152
303 223 99 103
26 19 34 204
221 131 20 46
343 486 28 176
333 338 53 60
293 33 69 144
428 0 35 87
23 477 4 14
113 231 2 57
0 313 23 166
218 361 97 124
420 426 23 130
387 429 25 43
457 0 133 143
115 260 27 250
258 203 93 205
115 427 23 149
359 77 74 244
151 42 173 226
81 227 94 149
283 181 6 8
33 22 4 23
177 296 1 16
199 7 100 113
58 481 30 94
450 5 148 244
206 431 41 42
65 340 101 244
224 262 37 192
170 95 34 206
31 326 99 158
376 196 9 167
378 458 39 119
274 492 3 3
205 165 68 88
480 215 25 123
222 388 107 183
390 153 51 117
302 135 70 114
419 104 11 34
305 237 0 2
205 99 59 190
229 132 80 80
269 244 41 247
273 298 25 55
418 393 54 85
140 8 4 131
272 377 48 189
251 469 101 116
284 9 4 31
267 498 1 78
79 82 87 126
204 157 148 169
481 389 68 193
183 101 13 32
451 441 5 5
71 315 122 130
306 311 91 203
324 405 3 3
286 485 117 168
150 175 130 172
76 407 65 112
15 441 30 229
437 352 130 161
132 241 0 1
377 18 40 121
448 288 121 215
497 498 130 208
465 490 74 162
73 52 138 169
219 43 36 145
447 177 29 68
21 159 113 140
291 42 92 168
245 440 22 88
215 431 2 214
301 484 12 48
138 161 46 187
55 240 44 72
412 3 51 194
167 391 56 107
171 126 77 202
77 457 3 88
39 399 45 53
68 55 86 192
404 155 76 77
172 247 10 184
295 210 30 186
175 20 10 55
137 73 29 53
403 24 13 49
263 442 17 35
64 126 69 94
82 488 1 6
346 176 25 27
31 235 112 169
260 35 138 200
439 54 3 20
478 137 40 58
47 188 31 52
125 182 151 230
275 261 92 178
213 299 9 139
359 214 36 76
287 399 101 209
480 274 67 109
464 315 23 231
441 380 5 177
371 430 8 119
167 92 12 31
163 192 189 244
60 120 16 40
152 119 47 50
434 301 58 108
439 78 45 101
498 187 12 36
328 390 63 183
393 433 2 47
203 39 72 161
224 283 171 189
8 220 46 52
269 478 122 150
258 94 180 187
429 182 49 160
17 143 139 149
490 145 3 74
388 404 66 183
70 33 18 237
128 174 99 106
413 42 66 196
215 232 11 14
321 87 157 209
453 236 22 48
71 337 8 99
193 20 15 75
34 109 1 20
165 203 203 227
14 250 67 92
120 0 59 133
328 3 72 124
446 377 6 33
64 296 37 51
108 259 16 19
397 454 72 127
440 188 40 65
285 188 81 89
483 300 25 27
385 151 118 197
40 385 21 26
265 85 195 247
170 404 44 44
36 54 98 143
473 424 11 11
308 227 13 197
297 331 25 47
30 424 77 132
10 137 71 185
219 365 9 37
131 6 62 138
43 41 30 54
13 344 161 190
289 60 148 181
121 25 11 44
184 442 213 216
449 237 4 4
39 375 72 215
49 191 99 140
424 6 66 101
488 39 39 190
276 234 134 179
68 412 242 247
427 256 29 69
120 1 0 0
120 74 61 234
200 159 49 215
359 107 152 182
485 343 68 129
127 116 5 177
185 31 149 195
137 315 40 94
0 456 34 193
449 7 132 188
411 193 92 153
87 404 27 100
144 134 10 175
108 369 0 0
177 93 69 194
204 418 163 225
274 89 32 60
173 108 2 30
147 103 19 55
386 165 69 75
182 35 39 221
447 188 26 136
477 484 14 71
31 447 4 34
345 261 45 72
430 337 147 154
18 187 3 81
358 310 53 114
167 201 7 111
356 247 123 207
254 399 64 107
405 427 30 86
368 391 44 169
127 359 17 55
250 10 106 117
173 126 32 79
70 94 111 157
118 166 121 220
92 379 50 112
45 153 91 196
340 326 11 114
181 249 156 164
78 138 4 33
383 409 14 108
219 190 36 228
152 103 132 151
328 397 190 192
48 482 119 126
259 82 48 125
152 145 102 211
56 230 12 17
451 319 117 143
274 460 217 236
176 66 11 129
298 223 6 48
364 248 156 212
42 148 61 63
123 205 99 175
307 427 128 135
185 331 204 238
59 139 110 156
5 452 38 210
66 278 1 1
464 173 138 248
15 392 1 19
180 233 35 80
414 325 204 237
2 460 0 2
227 265 17 206
392 454 93 216
177 424 65 110
327 219 55 64
66 222 124 201
458 451 63 119
263 480 28 33
44 164 173 232
65 337 73 224
350 0 30 123
384 237 141 215
140 297 64 105
305 184 11 171
304 494 38 99
498 400 68 126
73 188 42 47
13 480 228 242
349 140 16 73
368 160 14 25
115 456 4 36
495 387 2 3
353 450 27 179
477 221 0 141
285 53 2 199
423 15 27 127
14 485 180 198
61 163 11 174
239 319 57 195
371 281 14 102
23 4 106 162
49 412 6 45
194 308 25 80
486 13 42 43
451 106 94 102
321 23 51 60
429 301 54 102
25 185 23 244
312 100 11 80
386 263 102 246
93 254 83 159
318 22 26 94
247 185 56 215
469 179 71 155
64 456 25 63
19 192 145 199
113 404 0 108
119 97 55 89
247 389 2 82
235 469 11 175
279 114 17 67
428 226 120 202
170 179 6 74
44 94 117 136
254 326 8 122
75 254 70 214
419 44 180 222
430 483 43 46
10 231 36 146
88 90 125 225
176 415 62 111
89 312 110 231
432 361 31 70
65 200 143 152
132 326 67 171
440 319 2 57
211 424 1 3
432 161 45 104
47 65 69 235
345 473 47 86
353 104 149 195
332 282 39 43
125 351 66 85
66 408 20 36
150 469 30 179
392 250 74 175
388 280 129 172
339 212 2 63
424 421 83 173
48 169 30 57
400 11 57 106
241 183 15 93
214 91 57 89
477 103 3 14
142 44 24 158
177 94 69 177
168 481 77 154
36 259 26 162
434 0 23 42
250 209 30 37
160 47 17 129
288 420 170 219
380 54 46 46
196 105 110 116
137 100 36 107
298 464 86 124
180 244 27 40
126 468 71 85
223 255 55 65
197 337 117 211
376 220 135 200
297 75 53 107
106 191 1 152
359 206 26 36
305 447 65 127
87 136 14 74
163 409 185 215
202 121 137 168
135 382 115 159
303 107 1 31
15 20 1 118
404 157 243 247
270 27 145 238
466 92 0 161
23 407 18 38
219 11 86 160
356 242 79 141
261 110 108 117
258 388 70 107
334 335 9 150
324 408 65 213
212 91 92 188
294 429 60 145
468 45 74 232
446 437 8 16
335 381 15 248
282 411 1 13
385 484 48 50
238 346 80 106
233 493 2 26
50 45 91 156
464 490 11 12
97 186 46 71
114 313 10 15
143 126 39 176
248 361 13 167
227 220 8 95
172 283 0 47
144 330 179 187
142 65 5 85
218 496 152 199
1 281 67 122
193 310 65 131
296 15 0 7
379 110 2 161
472 194 5 88
24 171 0 57
136 21 105 108
68 74 14 95
195 44 70 117
404 98 101 245
399 441 67 91
137 366 124 194
26 234 128 138
433 131 151 223
374 361 20 89
263 211 27 61
194 66 117 228
428 251 10 10
142 98 0 238
393 344 9 139
129 102 80 94
315 100 236 249
263 465 11 14
73 266 84 129
247 63 6 7
494 250 0 143
225 173 11 45
129 23 52 158
12 75 24 246
67 282 141 219
481 224 94 113
365 64 63 177
232 330 42 195
451 308 59 124
332 254 29 132
116 308 13 37
255 305 68 92
490 484 16 35
198 423 13 182
404 3 40 119
24 368 68 112
387 314 156 222
284 47 115 132
232 7 0 102
85 138 20 67
247 210 14 18
335 59 90 104
290 52 6 6
131 220 29 73
90 268 55 126
459 178 94 242
175 130 6 27
208 78 24 168
407 37 0 125
446 17 150 195
285 334 36 36
84 62 17 20
357 336 18 100
134 281 153 200
447 23 9 48
153 307 65 192
304 444 44 72
224 146 37 54
9 67 1 4
356 36 27 100
145 284 90 95
142 7 50 165
411 124 10 17
379 319 16 38
315 370 1 4
201 121 12 28
38 220 124 163
491 110 87 101
366 282 41 80
88 450 41 140
401 79 53 249
330 108 201 209
408 42 175 175
291 178 127 230
322 11 7 9
0 347 13 17
314 465 35 118
29 366 75 87
408 0 80 235
161 107 97 122
423 132 64 135
350 114 57 224
27 132 10 112
325 372 23 220
268 402 16 63
312 27 27 68
460 160 61 82
6 280 43 137
483 242 27 55
124 2 144 168
136 211 35 35
204 286 1 23
173 493 21 218
493 365 13 59
458 483 34 96
458 447 20 143
391 139 103 131
66 249 7 19
213 172 13 219
447 323 173 238
8 438 71 203
263 154 35 71
147 49 94 132
402 45 46 85
264 424 34 139
462 375 184 244
122 260 33 78
36 152 158 167
14 109 79 81
182 424 6 194
222 342 39 81
403 335 18 223
128 136 79 188
209 16 28 191
435 290 65 117
161 288 35 52
38 160 10 10
319 475 27 80
44 411 5 9
298 165 153 174
343 319 42 168
314 471 70 108
405 301 31 192
373 409 47 134
62 411 8 10
409 269 1 33
450 121 31 48
483 175 64 84
460 282 11 13
242 214 68 151
344 426 91 128
398 194 25 154
287 61 67 108
53 416 185 212
429 384 100 113
97 388 1 3
173 494 60 219
12 110 139 164
258 117 52 206
455 329 20 238
414 72 5 12
118 71 30 59
347 333 1 15
0 94 48 105
349 81 62 216
491 372 10 20
323 307 48 118
291 217 30 31
69 235 102 193
383 215 36 211
479 246 4 10
31 122 43 122
488 125 24 60
156 373 230 239
127 454 231 236
358 273 146 154
243 291 172 244
225 88 2 86
195 296 92 225
394 260 102 109
355 82 49 59
176 253 156 236
437 408 44 171
114 199 8 16
62 286 148 218
153 246 107 176
270 127 75 151
186 339 2 183
59 14 30 63
199 103 40 150
252 60 142 204
214 164 7 13
197 353 25 32
398 176 121 211
79 165 109 155
94 310 112 133
351 57 33 62
413 349 71 74
334 403 68 219
69 379 79 105
350 13 8 16
383 249 17 225
132 128 15 51
97 29 129 207
92 71 143 221
67 474 8 122
46 198 59 150
154 262 7 132
344 241 80 156
403 335 39 214
340 209 52 70
101 387 92 221
419 247 45 142
493 183 18 28
371 256 36 56
275 65 108 149
94 74 54 60
141 391 12 32
238 134 19 40
397 449 180 212
493 108 131 151
403 225 52 241
275 97 54 86
52 142 61 149
465 293 89 150
214 24 84 154
400 362 4 14
67 299 149 188
391 295 123 238
206 232 35 134
216 103 31 48
299 384 124 188
398 387 0 1
422 114 36 82
317 118 41 230
495 445 96 147
168 305 196 214
435 107 7 151
27 202 151 206
185 246 72 220
19 389 73 80
24 406 2 30
76 93 10 181
68 309 58 110
463 450 30 31
14 302 144 148
182 113 2 9
90 247 43 50
458 460 130 197
468 210 2 3
363 210 65 76
249 85 5 5
63 182 109 250
18 134 7 146
471 175 40 73
403 410 47 233
100 117 109 127
340 242 82 114
32 130 137 147
300 61 32 66
341 158 71 76
357 169 83 93
53 474 5 61
164 140 142 146
38 398 23 174
426 76 8 18
233 336 209 243
126 378 86 189
149 449 26 202
400 197 58 188
447 36 9 20
414 227 83 120
214 422 71 111
323 113 49 168
494 81 39 112
444 149 23 176
357 124 88 171
384 298 106 174
168 185 32 155
392 407 37 37
363 309 27 190
272 85 141 196
8 208 146 226
318 327 47 58
36 76 27 44
242 104 71 98
349 382 43 80
294 137 132 204
185 206 49 153
18 175 90 190
362 490 2 107
406 342 10 24
5 472 27 28
388 487 79 93
2 285 45 48
244 135 63 206
0 335 102 150
404 25 105 172
13 450 25 123
293 70 3 22
407 424 17 59
420 137 62 115
345 75 17 49
296 138 3 6
11 341 159 183
161 147 145 181
344 365 45 82
163 465 38 211
328 87 75 107
250 219 170 217
17 234 72 164
338 269 120 145
278 32 19 50
334 45 123 132
362 164 11 224
246 382 37 76
490 322 191 218
178 173 195 228
430 322 66 82
104 482 86 171
6 99 185 225
232 205 9 18
265 217 187 220
452 454 36 47
133 228 91 213
167 75 21 167
40 62 41 86
146 117 3 37
342 327 142 159
367 62 11 212
423 206 173 206
450 281 57 157
228 390 222 240
132 461 120 148
316 76 43 49
83 259 16 107
25 446 72 84
379 6 198 248
159 150 58 95
18 79 211 249
437 50 106 130
464 15 4 43
418 472 7 18
212 349 82 92
394 286 29 30
213 67 75 159
84 474 27 103
462 1 208 248
379 12 221 233
204 108 7 37
164 139 10 99
172 222 11 115
113 210 61 140
426 16 21 195
297 47 70 122
145 354 34 105
131 108 6 65
269 335 145 228
216 75 4 5
229 140 122 206
194 404 19 47
417 279 167 172
189 1 18 89
169 92 123 244
217 277 8 30
493 352 39 47
183 417 54 223
486 277 6 146
386 55 11 77
94 348 0 0
272 379 19 57
216 146 15 36
269 446 36 51
344 154 29 224
207 374 171 219
328 83 46 175
400 156 14 118
41 90 203 207
61 113 62 124
148 403 20 91
37 250 19 69
142 196 228 232
85 217 76 97
256 485 0 123
464 286 0 63
111 304 114 222
279 187 38 96
1 469 14 74
462 391 81 180
370 208 5 47
419 229 5 29
433 5 141 210
310 34 128 186
1 243 36 148
446 490 20 60
327 206 127 156
162 427 129 160
225 461 45 82
412 5 4 16
187 473 217 221
290 433 49 115
388 308 134 191
219 269 55 63
417 1 144 148
301 133 21 107
454 308 10 95
0 398 15 31
34 324 34 61
76 295 0 19
477 207 43 76
312 378 25 186
407 213 44 154
140 222 165 168
211 348 2 2
245 45 161 170
348 144 7 126
130 84 34 57
395 438 3 43
263 113 16 46
490 299 153 211
251 197 18 246
178 267 98 229
140 373 33 87
214 76 81 195
460 141 85 137
319 162 131 204
339 243 44 121
33 261 132 148
338 333 52 197
29 54 1 25
293 334 19 134
196 46 25 91
109 471 86 151
431 245 60 240
11 120 18 98
231 252 93 98
481 432 189 198
437 106 17 161
341 137 62 98
317 236 46 172
213 66 7 101
335 70 10 34
22 196 75 113
183 398 7 83
110 357 31 54
274 33 120 232
388 235 49 173
329 317 63 150
67 268 94 187
433 54 75 136
370 149 69 175
160 256 165 233
68 76 189 216
408 383 29 42
252 25 62 66
67 487 0 17
125 95 89 245
415 259 39 59
240 420 75 165
267 152 17 22
257 476 51 52
107 467 43 126
371 230 24 26
71 59 57 97
84 69 66 135
1 444 2 85
300 422 46 139
210 132 85 134
493 35 66 98
382 452 109 174
363 358 79 170
16 52 27 172
346 137 6 140
367 473 45 89
199 444 101 153
387 221 167 234
456 97 103 149
369 16 141 245
395 216 69 110
493 26 38 185
472 48 1 9
284 105 5 191
32 344 23 130
226 281 1 1
430 461 18 69
297 460 14 134
296 497 137 192
168 223 7 13
20 181 108 137
409 334 84 201
107 7 126 163
260 357 24 233
361 269 14 18
462 404 35 69
145 235 72 230
476 36 176 192
82 254 64 150
423 258 160 209
429 247 141 224
301 112 181 244
215 241 206 250
229 433 10 35
451 486 17 17
124 233 8 18
315 68 0 3
212 148 53 243
482 330 5 23
263 194 81 211
73 259 160 171
35 441 35 122
479 82 25 87
406 459 43 88
202 32 4 63
179 350 136 228
93 134 145 182
154 204 0 6
480 470 4 115
149 240 48 70
276 460 5 7
106 88 191 222
435 47 81 193
412 24 14 82
473 79 167 199
89 275 2 81
164 103 7 77
493 27 198 232
15 173 172 245
108 178 63 131
426 34 94 238
432 200 197 222
357 427 58 130
294 269 31 93
382 66 103 178
217 275 26 114
409 472 112 151
205 1 135 248
142 368 142 194
16 234 50 83
66 295 22 22
475 48 10 46
471 15 103 132
418 210 94 104
139 114 43 200
127 399 139 234
255 312 16 44
215 299 197 215
311 290 195 240
202 367 225 240
370 53 5 9
428 175 4 14
454 399 1 1
219 58 29 78
406 120 5 13
95 257 10 73
70 104 79 89
4 69 159 239
334 488 22 119
371 388 40 69
490 371 57 126
450 212 151 161
292 461 11 27
433 474 83 190
468 34 171 213
227 417 3 211
440 190 182 223
367 380 90 95
147 100 44 111
404 252 23 25
225 34 5 56
203 467 133 243
264 468 32 71
419 199 138 227
473 449 121 223
181 196 160 231
374 457 30 39
274 253 82 220
335 277 57 158
451 85 29 52
234 167 85 86
457 7 19 40
332 491 14 111
391 378 21 21
167 490 7 41
33 13 29 49
187 9 133 173
420 401 60 144
80 292 189 219
478 16 30 61
229 304 76 158
213 174 1 8
163 52 83 129
409 382 27 216
181 437 194 247
191 462 0 2
274 128 17 63
277 486 9 56
90 265 10 11
7 434 2 2
362 188 10 123
62 363 3 11
359 52 25 69
427 49 103 160
210 155 20 73
266 235 22 67
326 243 73 148
183 271 25 95
156 468 86 176
450 237 67 124
481 143 0 158
425 296 30 88
460 222 21 72
331 392 5 33
455 265 47 235
249 139 135 202
133 400 203 235
303 351 39 46
58 377 83 234
52 116 118 234
25 470 28 71
494 369 58 68
371 147 134 138
40 266 34 46
425 380 68 110
275 64 18 46
452 234 64 237
419 140 69 123
481 318 174 241
134 168 158 161
31 65 84 121
332 86 75 242
239 220 6 35
427 366 19 158
78 395 153 166
171 209 99 108
180 360 13 14
228 401 7 123
287 443 13 116
465 161 2 202
153 222 60 64
12 185 98 98
266 222 59 60
83 252 101 172
284 342 22 248
45 223 14 44
149 244 30 206
379 7 36 57
285 486 14 14
153 493 23 34
450 298 117 234
407 381 77 223
289 14 36 72
42 224 150 237
365 279 84 213
26 133 101 109
455 182 99 117
46 17 84 158
443 247 33 39
302 456 0 3
460 94 49 66
336 315 0 3
406 495 68 169
10 184 28 138
149 380 25 80
481 24 13 195
305 488 13 36
19 476 59 61
62 360 0 73
55 97 35 49
138 339 7 22
16 109 72 218
223 189 14 22
191 488 152 171
67 410 4 30
120 218 2 2
219 447 101 139
84 281 100 227
303 255 201 215
71 448 69 84
99 419 2 6
318 261 18 201
389 75 84 202
396 244 166 217
270 299 33 168
353 392 127 202
269 183 75 225
34 29 97 113
458 324 124 140
106 269 23 127
141 475 83 173
410 143 35 171
80 452 6 130
97 104 115 207
430 452 20 126
317 105 34 207
365 8 26 70
348 266 42 44
340 142 98 243
96 134 78 186
443 308 54 65
249 376 11 145
151 437 75 239
326 372 0 20
151 65 10 20
76 173 62 155
405 441 38 56
69 328 33 192
390 8 67 142
345 494 149 167
486 453 22 27
80 489 14 21
219 418 80 156
141 81 98 102
52 245 11 21
247 354 60 93
209 253 93 168
287 415 5 47
209 190 191 224
24 238 63 238
260 348 230 241
131 496 28 183
223 71 69 101
479 37 62 186
317 298 45 72
441 160 18 78
29 64 0 152
136 138 112 149
460 306 204 220
31 250 62 63
474 342 115 192
370 320 163 236
374 279 0 0
466 111 89 119
47 10 27 164
31 497 157 211
282 267 19 46
108 312 156 214
150 206 79 91
399 310 121 223
139 276 5 6
360 63 10 21
249 477 234 246
456 484 105 152
200 347 76 104
433 65 17 42
394 75 31 163
50 153 6 9
172 441 37 78
311 116 71 81
187 271 128 152
315 72 95 163
227 59 15 212
131 447 151 232
421 486 106 165
408 480 104 145
298 251 38 100
116 332 150 242
114 122 14 38
489 122 184 224
301 486 27 78
448 9 61 137
112 371 94 171
395 76 20 59
466 450 33 42
212 96 73 127
44 94 52 198
109 146 164 173
358 392 0 29
491 34 140 226
125 22 34 120
307 416 9 237
304 415 90 138
339 54 18 21
387 341 33 50
258 94 192 214
345 200 53 177
237 415 20 224
275 410 44 82
458 125 111 132
199 68 104 163
339 468 20 149
485 64 19 58
152 491 84 107
30 134 62 62
474 404 211 212
241 170 231 247
422 461 16 16
94 483 80 179
301 453 32 82
108 49 76 156
331 211 3 64
281 435 38 163
403 400 80 93
53 215 46 74
61 230 148 228
200 405 128 236
471 434 89 154
476 118 14 53
51 244 116 235
86 465 2 188
67 137 87 188
61 241 28 53
420 215 172 208
328 84 5 60
173 215 61 158
313 206 48 178
163 224 44 186
405 427 95 97
143 124 80 190
345 401 70 226
372 23 53 147
277 437 14 22
321 400 18 32
80 101 4 26
345 286 30 43
43 174 26 31
358 116 32 195
21 257 6 9
465 350 58 60
292 421 33 220
331 347 163 244
432 27 54 151
264 184 210 245
271 100 2 10
368 317 194 238
472 95 72 78
460 313 73 200
262 148 105 203
141 290 9 215
202 179 1 115
444 53 208 233
197 440 28 64
339 76 222 234
172 71 83 155
270 230 137 247
17 326 4 8
395 362 67 182
145 106 75 141
495 206 105 123
4 448 58 65
142 361 79 82
416 323 38 62
139 495 41 55
362 364 157 200
431 318 31 126
176 375 17 20
136 418 185 195
86 406 72 133
106 498 172 185
89 139 67 129
267 73 24 100
317 119 95 247
130 451 2 7
332 373 114 234
473 248 203 233
392 179 28 98
89 319 39 53
340 84 155 155
324 498 23 44
403 202 192 201
397 435 12 63
298 264 30 72
394 196 86 229
252 107 218 226
244 161 121 134
492 102 130 216
297 293 38 88
318 1 158 250
131 115 52 108
1 161 30 73
86 187 2 10
435 464 180 248
336 472 69 116
372 478 112 184
495 180 61 160
286 102 42 181
327 129 5 12
481 365 224 230
210 229 112 232
245 377 57 138
200 182 136 241
321 340 59 70
124 153 33 151
45 230 49 99
190 183 46 157
61 186 55 75
64 440 166 205
46 160 8 17
6 442 3 10
161 352 6 12
368 21 2 37
469 428 35 99
59 270 170 239
129 278 5 27
163 106 84 162
325 343 14 132
406 366 14 88
33 171 12 49
156 360 26 55
136 269 5 10
274 175 30 179
332 220 1 164
124 396 37 111
102 332 119 180
301 470 4 27
228 342 160 235
374 24 22 212
314 116 151 165
194 227 72 95
373 94 97 104
484 487 119 121
294 81 151 234
478 178 70 216
369 345 23 119
217 236 136 139
266 165 105 219
12 443 136 238
183 252 113 160
120 395 136 187
49 455 3 88
245 416 52 230
103 242 6 210
52 197 14 138
94 331 179 217
218 403 3 213
326 122 116 202
312 73 31 32
409 55 107 134
235 161 17 226
374 18 187 193
210 101 75 105
329 369 160 245
125 51 20 62
157 420 80 83
208 47 39 239
240 122 128 202
82 49 188 225
265 109 1 2
455 492 36 95
1 129 54 59
209 428 22 74
443 479 149 185
374 192 137 181
325 446 72 115
374 124 25 91
386 338 129 146
38 494 32 133
468 225 68 138
194 314 18 154
497 8 19 99
491 114 70 193
212 129 34 63
399 208 62 164
391 19 51 241
176 92 0 0
466 89 164 181
276 180 22 27
162 65 88 136
335 53 64 157
7 455 14 60
55 414 156 229
287 351 110 156
130 372 4 58
19 362 92 193
192 478 15 26
429 288 109 139
117 235 22 23
97 272 34 145
6 398 61 63
421 390 61 163
75 424 45 179
116 390 31 131
412 336 75 165
433 476 23 204
22 132 87 202
59 185 8 155
195 97 63 113
266 347 68 102
412 414 25 219
428 207 4 176
192 447 24 46
97 24 53 141
310 248 64 228
359 230 14 37
96 384 83 212
448 282 108 205
344 296 14 125
173 319 1 9
406 154 5 37
288 398 84 231
253 232 4 11
420 216 10 93
277 366 49 155
337 468 15 49
68 232 0 246
352 259 16 39
35 193 57 135
372 6 129 155
351 479 5 57
350 442 9 117
363 72 25 123
90 403 161 192
10 4 88 159
177 369 100 117
168 63 143 167
2 203 13 113
203 281 49 131
468 256 45 165
497 78 22 45
319 27 61 197
467 264 135 151
495 450 130 246
158 313 54 55
41 230 95 117
389 28 190 224
230 99 119 150
290 268 166 182
43 63 60 103
362 191 118 171
62 35 159 237
6 493 46 50
390 54 77 202
345 308 47 243
448 212 0 3
174 89 41 54
493 105 16 29
360 157 186 192
189 128 13 20
448 33 110 250
421 450 56 97
496 103 142 227
411 428 23 47
404 398 110 110
429 112 199 212
406 300 76 149
16 139 83 116
16 235 34 128
150 145 79 144
487 349 70 110
481 202 26 48
1 370 16 28
93 341 31 37
167 470 12 13
118 417 81 140
199 347 102 212
43 39 68 90
366 433 4 18
58 283 35 106
58 412 48 151
457 385 67 106
350 32 3 203
489 2 236 236
402 28 120 218
14 303 30 176
263 329 19 118
51 413 39 171
24 309 0 3
0 96 216 246
320 78 22 43
138 244 73 227
106 487 50 202
100 277 104 200
408 94 44 67
460 249 49 55
386 421 82 107
152 365 78 213
484 467 39 113
134 102 100 234
61 380 1 88
203 293 34 155
85 188 126 246
308 158 127 161
84 179 2 11
296 448 63 116
1 342 67 84
291 95 43 133
247 79 12 71
360 333 16 30
46 248 120 167
232 494 43 171
422 371 153 217
238 333 10 33
20 224 62 200
352 139 135 207
311 389 67 162
478 247 42 51
324 279 22 65
400 472 2 105
314 297 79 135
429 0 79 119
416 189 75 117
38 327 0 210
249 468 131 218
239 156 89 205
399 52 9 220
18 374 100 143
188 175 127 241
377 364 54 152
209 196 97 151
139 82 66 80
226 222 153 170
425 114 9 13
207 442 31 33
178 490 27 32
116 438 25 164
152 162 5 44
250 102 45 85
428 26 9 11
72 319 45 58
323 125 39 242
150 380 107 127
109 395 23 37
370 13 112 131
217 89 202 236
152 193 209 217
137 467 15 98
247 92 3 71
45 199 99 191
432 181 42 60
403 439 1 63
412 464 9 21
385 134 13 216
405 81 93 112
427 417 73 141
376 59 172 184
137 251 24 199
291 53 76 112
278 219 11 46
127 57 94 208
128 183 5 7
151 236 90 237
420 189 95 144
281 88 130 219
146 372 44 152
24 345 39 63
66 154 39 74
27 176 9 133
201 262 214 241
197 112 40 46
140 356 105 127
404 301 13 86
448 270 190 193
75 205 140 201
215 292 59 106
100 308 9 51
78 20 15 16
5 324 36 49
464 46 14 68
477 216 17 150
125 490 78 219
411 238 8 32
386 498 218 240
479 340 85 171
52 475 181 186
99 177 242 246
149 385 33 104
329 342 4 133
384 435 0 170
369 482 49 128
385 267 24 75
212 307 9 26
21 436 16 71
134 450 89 192
283 313 118 160
383 484 72 201
131 146 117 129
273 64 35 58
136 64 17 157
42 380 13 76
439 493 0 7
205 341 41 226
195 366 47 105
6 307 19 106
165 339 148 186
219 223 30 238
195 328 7 18
307 423 29 43
252 60 64 80
396 154 58 62
209 82 79 124
160 409 163 206
179 263 66 214
116 127 14 149
348 35 53 60
362 198 42 46
170 5 110 186
15 474 51 59
431 221 89 135
83 90 166 188
236 73 13 57
337 277 40 43
290 73 5 9
212 459 4 37
115 136 132 213
11 401 9 26
300 128 50 56
74 273 8 8
249 154 157 169
129 199 12 58
45 107 71 103
482 111 25 34
367 4 29 94
189 118 42 106
470 249 31 118
417 150 48 106
84 60 14 25
317 143 16 193
351 55 1 34
287 290 52 106
481 300 36 68
428 95 17 75
338 72 60 168
436 491 85 129
394 83 1 47
300 463 75 117
62 333 83 85
64 384 58 176
411 492 21 56
408 63 209 212
453 67 3 132
224 292 84 125
29 367 40 63
284 83 2 46
231 156 74 118
41 272 161 246
433 252 8 33
78 471 47 71
402 92 71 200
213 451 157 166
421 408 19 69
317 459 71 78
89 285 61 105
148 321 105 151
452 229 180 180
462 165 209 215
371 153 13 170
426 14 16 59
295 328 3 232
287 368 158 196
293 387 72 77
361 141 41 76
38 261 152 221
334 212 6 31
492 429 150 158
467 153 69 69
158 383 50 207
244 429 85 91
21 414 183 184
272 398 3 48
181 233 63 120
198 433 200 201
367 15 81 99
134 42 21 40
121 287 71 162
153 335 21 189
297 275 65 70
469 131 59 113
143 461 45 226
116 30 58 218
184 470 45 177
365 29 139 148
364 182 49 205
3 492 52 227
212 487 0 0
255 422 28 99
9 228 31 140
476 439 162 184
230 483 8 21
208 135 20 100
223 294 28 70
81 405 12 106
181 447 83 124
121 35 124 165
111 373 15 124
471 30 28 155
278 136 141 146
409 266 31 107
316 213 0 1
142 57 6 48
251 496 50 80
474 179 4 36
323 228 3 150
254 82 66 153
323 154 11 125
353 276 48 80
388 60 88 163
226 240 34 47
102 77 1 1
160 437 177 184
394 98 2 111
68 138 101 175
441 356 45 46
122 12 8 15
113 305 43 94
426 379 57 174
353 398 17 25
461 60 45 49
488 458 40 113
431 245 154 155
177 455 55 188
174 342 6 27
497 9 63 156
42 185 19 97
74 280 143 168
489 348 20 51
366 140 76 132
431 376 42 43
293 386 0 4
343 287 89 122
224 320 33 46
239 191 70 160
459 99 20 134
127 130 44 194
248 306 32 98
92 394 240 248
448 388 123 129
158 360 2 120
249 230 130 188
112 181 83 143
62 140 33 90
9 460 66 122
339 287 46 47
350 288 63 98
436 201 2 7
376 482 71 116
347 276 56 68
302 303 10 132
160 37 5 7
443 128 90 139
193 497 18 73
277 143 21 144
0 410 156 183
13 446 73 110
387 156 12 166
274 292 20 59
383 460 214 250
114 253 21 60
156 8 51 236
299 277 20 54
383 257 29 124
141 269 106 206
83 44 99 179
238 104 148 177
41 268 30 110
403 364 81 189
470 194 224 230
426 329 56 110
314 1 99 132
317 33 0 16
228 297 11 98
239 29 95 117
267 394 178 224
318 180 12 27
297 294 176 183
292 189 127 136
386 353 66 152
47 288 0 7
494 190 33 36
468 366 22 71
41 429 0 1
63 3 49 167
384 210 148 218
98 150 104 137
463 389 53 136
423 481 32 154
252 336 32 75
18 115 33 92
421 82 135 144
64 159 66 203
398 423 12 50
29 375 53 82
115 368 58 186
286 468 23 85
69 35 8 11
454 275 28 39
440 449 0 48
14 185 50 124
59 34 43 159
133 379 106 220
378 479 9 226
54 192 37 77
70 417 139 189
362 376 41 70
462 423 4 92
294 93 6 73
98 49 73 103
215 83 45 53
182 110 4 80
232 321 12 30
131 495 34 241
303 87 59 126
74 418 77 231
83 6 153 187
327 362 92 114
371 224 110 189
121 458 117 157
50 295 68 76
48 439 109 130
30 407 94 178
56 125 39 76
363 146 2 3
128 92 29 67
465 400 105 199
483 63 106 233
135 61 134 156
247 291 28 33
230 343 79 190
359 475 55 132
89 278 0 189
8 340 4 215
67 334 41 237
405 104 129 164
199 44 10 214
374 179 176 186
74 182 97 182
124 152 28 215
347 8 15 231
75 374 92 226
136 107 96 99
328 264 6 21
327 411 146 208
160 66 86 135
394 48 122 136
270 99 14 207
476 94 5 8
235 182 149 220
121 41 8 8
88 304 119 173
107 496 7 147
364 71 161 161
476 268 83 93
464 212 25 69
331 362 54 127
197 423 43 222
495 169 31 141
343 87 89 166
117 448 62 110
280 18 140 244
113 215 101 186
319 201 60 89
142 145 62 164
11 409 133 136
284 319 55 221
352 286 56 69
40 96 9 27
287 445 10 48
324 315 95 97
417 47 54 214
302 358 66 67
415 427 75 157
194 400 4 156
174 480 43 102
314 34 9 12
91 203 32 186
218 405 25 74
386 212 85 100
275 80 63 94
356 216 86 166
57 183 13 21
73 10 107 138
248 30 3 3
64 285 223 246
22 343 24 150
241 160 94 96
401 309 31 36
183 40 116 174
132 83 158 227
286 229 79 79
181 126 35 192
303 132 4 72
336 449 153 240
268 401 167 176
257 0 138 156
171 257 59 233
133 183 64 67
167 104 4 231
1 318 139 170
267 90 35 193
76 35 14 143
416 286 38 209
175 288 106 175
252 267 31 36
5 494 26 153
329 327 58 70
297 162 76 229
291 353 30 49
429 314 61 71
228 277 2 11
251 47 92 112
485 80 99 139
367 458 53 143
475 451 209 227
416 304 64 87
48 409 36 112
33 471 10 213
403 268 75 144
164 438 139 164
330 197 62 69
455 17 70 122
300 398 102 155
469 342 22 33
121 156 1 8
136 48 26 28
495 83 104 119
434 410 5 6
477 321 114 157
372 466 6 24
479 437 25 62
258 180 21 107
374 269 23 29
492 304 62 67
48 301 4 5
356 2 45 247
216 192 28 153
410 352 59 94
430 115 0 6
340 247 9 97
456 362 70 113
29 277 100 233
433 279 12 69
282 355 98 154
475 57 48 166
344 183 40 46
155 243 77 126
68 244 91 197
95 307 14 24
417 326 123 152
90 323 6 6
183 385 0 1
55 186 6 14
140 464 107 120
271 71 62 232
304 417 68 101
144 172 7 18
126 182 28 216
410 350 10 130
453 169 57 80
355 181 121 241
340 180 197 235
160 17 43 65
261 275 2 50
223 212 23 147
206 209 195 211
123 71 53 84
306 326 86 147
399 353 8 40
6 179 1 48
477 478 179 191
420 122 17 37
289 46 60 66
182 417 0 173
147 239 2 3
290 413 6 8
375 395 30 72
70 210 40 84
294 126 66 90
321 343 22 202
440 236 7 9
177 103 41 89
169 335 141 160
435 156 24 35
12 254 12 215
185 270 25 162
62 329 18 28
172 430 30 52
387 354 33 187
167 435 11 101
411 184 105 121
379 220 62 222
185 154 33 34
251 373 196 242
223 401 0 10
202 433 10 24
129 284 0 56
147 285 36 202
470 453 53 114
388 189 20 163
359 50 0 43
164 357 1 41
359 202 118 130
415 227 145 185
90 22 114 116
351 139 162 218
453 249 68 165
174 382 46 62
167 434 22 58
59 448 47 93
4 296 8 189
48 260 72 235
260 39 212 216
246 60 14 65
160 79 1 103
128 223 92 153
246 406 34 137
284 422 72 97
473 369 6 25
383 310 76 178
168 379 10 22
405 324 183 217
59 348 196 216
132 22 113 177
338 162 17 122
219 428 96 175
390 356 79 99
318 176 20 200
454 111 8 197
164 104 6 39
419 270 42 79
12 172 39 86
20 165 8 91
133 278 28 142
455 373 9 10
92 193 37 165
246 478 30 50
434 353 9 104
106 32 105 113
363 70 61 87
487 160 40 96
269 371 38 45
450 442 9 17
428 28 134 138
34 182 94 149
450 446 4 36
277 436 22 57
455 335 68 71
316 398 208 208
68 298 5 38
477 235 40 138
488 246 13 142
380 58 56 86
360 494 48 88
3 344 214 240
263 321 97 138
251 464 127 163
41 101 57 123
482 93 57 162
4 372 45 151
384 119 20 36
76 295 62 84
164 175 57 115
264 312 0 32
263 451 54 91
165 240 47 57
251 453 159 212
213 320 16 85
46 424 20 56
62 396 51 102
400 33 94 171
89 337 10 16
314 360 19 45
396 343 153 174
254 452 69 188
353 407 135 155
465 37 56 220
382 378 42 42
366 43 27 176
341 71 123 230
111 65 21 37
376 472 13 61
458 472 27 137
306 470 49 86
104 446 50 173
189 113 14 14
46 397 37 40
480 430 36 179
451 489 111 243
258 379 139 233
63 187 143 226
258 29 11 32
255 290 30 36
118 24 9 18
14 309 60 136
7 170 26 221
222 176 79 133
191 429 108 196
448 261 5 47
231 426 76 216
320 407 43 47
67 147 8 13
176 65 83 105
387 8 55 139
77 383 242 243
468 261 1 23
132 279 9 68
183 368 0 26
485 366 95 98
189 155 69 72
220 207 88 128
152 161 51 87
366 20 157 232
82 110 93 198
454 194 147 216
47 430 24 32
15 432 36 144
105 452 52 53
329 494 91 217
380 21 2 3
24 270 8 26
24 175 26 94
343 149 52 100
3 215 48 69
464 152 10 24
321 403 6 29
28 252 39 79
454 151 236 238
270 105 47 52
34 455 163 187
94 369 57 64
94 88 4 9
389 216 0 4
115 332 5 38
446 478 61 115
330 284 171 189
228 3 54 182
218 29 30 88
315 474 47 120
356 200 123 204
315 60 51 210
275 31 55 80
273 135 0 1
386 65 1 11
368 191 171 185
440 407 23 68
412 58 93 120
41 346 11 48
134 294 203 212
470 183 11 126
165 451 10 132
418 417 58 72
26 478 61 128
240 315 0 0
344 167 21 69
228 114 22 87
449 486 59 71
290 361 15 21
23 258 54 130
232 86 169 197
194 349 105 236
154 472 6 124
212 417 128 149
145 259 1 73
347 53 15 37
498 37 24 33
168 379 76 183
475 174 166 184
253 373 34 45
252 340 58 103
206 384 119 149
346 262 5 31
101 76 18 197
418 417 141 155
187 432 100 154
348 303 168 176
361 219 97 247
486 127 16 141
451 164 150 216
70 142 6 105
384 242 60 164
43 339 102 232
488 26 87 166
101 403 55 76
344 67 80 155
2 371 67 88
320 11 58 80
17 216 92 153
230 270 38 40
406 445 10 122
477 282 59 237
401 67 29 96
79 60 45 47
441 358 73 117
443 339 126 211
129 275 39 211
153 186 6 207
92 402 0 2
139 383 46 67
54 423 123 250
126 97 16 30
3 289 84 123
310 14 197 198
476 365 10 30
128 123 39 166
302 46 58 122
311 401 47 48
285 50 203 220
146 198 7 45
470 187 136 160
133 359 80 185
291 269 63 141
473 435 96 157
393 1 7 29
453 61 42 77
401 35 129 147
1 61 50 99
301 290 94 166
95 435 167 213
138 19 30 47
344 401 153 226
80 378 6 96
291 148 211 236
45 436 56 154
471 199 149 198
470 50 55 129
497 75 16 133
238 231 66 82
83 399 2 32
24 35 93 96
408 413 44 53
461 484 8 8
387 435 52 68
297 320 23 45
45 147 149 219
280 160 17 20
67 15 23 46
67 424 70 176
124 452 141 230
481 400 9 63
275 299 2 5
325 222 16 241
463 439 61 171
407 311 18 77
470 419 21 118
161 248 133 150
178 409 29 93
457 12 49 219
104 100 171 182
411 135 27 239
215 452 76 88
76 169 219 235
300 493 67 120
259 183 32 161
371 482 29 184
186 318 78 203
301 290 97 99
471 274 56 112
247 287 121 205
286 290 92 180
10 476 64 236
40 55 161 245
6 43 23 44
345 26 35 57
336 377 41 179
363 188 111 187
31 497 52 151
385 21 28 220
54 143 19 63
93 452 64 85
335 70 14 124
386 359 11 79
94 288 45 136
336 496 36 171
398 331 44 55
48 214 46 121
351 136 192 249
284 340 50 81
1 385 4 8
240 382 16 205
2 309 124 126
144 168 3 13
443 290 219 223
394 72 2 101
103 91 46 233
200 411 97 100
121 249 13 19
475 181 14 61
495 21 25 87
222 433 140 188
391 102 12 46
241 319 68 108
117 239 51 219
419 369 131 133
235 30 3 25
221 276 3 6
283 455 162 177
130 86 63 245
249 326 138 197
446 299 131 191
375 335 159 169
197 106 78 199
89 359 2 10
28 413 16 66
102 175 58 174
374 301 174 217
247 82 106 169
464 264 17 44
434 401 47 235
76 320 148 226
421 460 1 21
205 479 26 48
160 367 23 69
176 401 111 185
185 165 135 215
346 167 130 145
436 74 45 50
422 57 66 104
331 150 22 34
95 208 202 230
331 157 155 191
250 7 73 128
76 202 87 113
149 66 11 24
494 119 23 79
445 297 22 30
71 419 77 196
283 69 18 136
281 369 44 57
275 416 39 56
213 392 29 65
24 388 4 77
48 85 90 97
342 331 50 74
203 473 36 170
269 290 4 8
194 183 0 82
331 219 163 187
210 390 165 236
63 268 14 201
353 485 42 60
425 416 57 58
408 68 6 47
274 279 20 221
35 296 56 59
345 152 131 190
405 427 55 65
422 389 7 8
274 411 168 184
290 417 179 182
456 136 17 22
44 421 47 82
371 55 134 238
283 493 15 40
76 370 7 21
192 396 138 149
212 36 121 233
392 69 17 33
354 283 63 128
254 172 81 171
170 286 41 43
220 456 0 2
357 113 213 222
21 259 0 8
123 107 58 64
270 276 18 163
6 463 1 71
453 180 1 2
218 28 115 144
283 409 22 77
487 402 5 38
112 225 84 243
409 207 41 41
67 467 115 182
345 399 57 223
323 262 179 215
316 304 43 46
400 52 21 59
19 34 1 4
341 469 155 233
179 304 176 222
488 404 44 149
376 167 6 27
27 479 33 43
262 127 19 144
354 205 13 63
12 168 35 75
491 397 21 42
325 453 37 47
396 67 52 116
283 211 22 127
361 281 62 128
251 493 38 250
162 244 5 32
384 10 76 189
358 162 39 199
227 361 81 146
326 266 25 116
362 72 89 224
42 239 78 207
331 325 2 12
1 387 106 241
72 485 1 1
363 448 51 143
456 488 98 143
416 467 188 209
418 66 54 96
38 234 13 22
279 6 103 146
58 51 6 6
435 213 2 90
164 285 132 247
327 341 1 218
448 449 8 38
443 281 148 200
97 123 191 203
392 438 15 232
481 287 22 56
468 60 97 125
287 258 207 207
365 193 73 167
24 411 111 149
434 371 61 163
324 416 19 59
58 440 1 6
418 432 58 184
266 348 26 82
286 370 35 94
322 88 142 153
232 388 149 164
494 345 23 50
11 248 55 207
204 135 69 95
42 39 29 158
451 452 126 242
49 475 43 141
243 173 0 90
117 447 108 155
38 316 29 125
279 57 20 113
233 25 55 183
391 388 196 232
284 339 55 120
46 246 9 22
261 155 17 142
221 13 15 61
322 2 3 9
52 299 174 197
398 441 68 68
411 468 11 195
42 481 16 122
9 456 75 79
305 495 34 78
37 402 9 10
335 152 128 134
351 243 152 206
233 160 13 21
106 128 22 27
426 479 4 132
321 461 140 165
198 339 109 174
303 174 22 78
87 68 2 9
7 438 86 104
77 126 2 56
406 352 0 0
234 227 65 172
262 260 216 238
248 93 59 98
272 220 69 75
296 334 22 138
465 303 142 213
71 483 115 199
38 41 30 171
287 482 5 108
121 225 83 173
366 91 45 54
290 192 7 71
116 45 36 195
99 444 230 233
26 337 27 47
438 36 3 74
281 358 1 1
215 221 5 108
498 352 39 52
349 311 160 160
70 358 61 178
148 299 28 29
7 66 6 20
124 205 192 227
73 371 30 97
328 139 68 133
185 34 86 241
116 388 181 190
187 10 9 81
259 481 3 21
169 389 90 134
264 382 23 84
180 459 4 5
224 165 21 193
478 401 86 96
378 473 103 143
473 100 10 189
449 309 22 236
425 372 15 153
221 147 42 79
307 171 22 27
20 18 3 18
81 385 26 80
334 437 133 165
283 363 129 174
265 425 21 52
332 73 16 20
289 32 64 76
65 95 46 137
287 378 18 189
88 390 24 132
24 156 19 72
487 260 50 156
139 22 9 66
146 478 7 163
90 36 173 211
332 333 122 160
89 71 92 141
6 300 6 77
414 101 58 220
5 386 190 248
143 415 161 195
372 222 35 143
441 212 1 35
85 102 69 79
235 316 22 92
165 44 28 73
211 429 66 111
323 88 8 153
157 17 32 53
303 181 48 62
410 338 1 28
338 350 46 77
348 223 93 124
349 366 2 122
361 394 105 249
4 8 63 246
157 384 37 109
474 459 103 243
187 429 31 53
329 66 123 135
445 250 80 113
201 225 198 242
36 67 184 209
74 330 37 53
389 444 73 110
29 496 15 42
32 219 40 132
442 289 33 199
381 211 8 9
72 81 37 48
245 208 18 245
340 82 116 241
100 112 127 139
453 235 117 162
12 402 12 68
321 380 89 238
261 378 131 168
201 4 20 167
54 254 0 2
450 280 64 214
61 301 139 195
145 223 123 171
480 421 165 185
472 497 3 39
414 255 97 180
55 107 2 24
154 401 129 177
281 231 0 0
371 168 49 194
8 125 64 123
71 101 43 51
85 74 136 183
374 298 32 79
465 142 198 221
297 177 12 45
104 148 101 235
227 162 79 243
437 361 51 76
338 131 216 216
166 130 191 211
409 114 24 106
98 163 85 91
72 385 68 70
470 68 144 249
421 291 50 64
143 106 221 231
390 155 23 107
125 187 71 234
135 16 166 210
187 113 28 39
379 310 7 144
241 64 73 169
176 319 88 101
40 156 1 1
304 29 76 81
453 230 175 210
468 198 14 15
41 384 23 26
102 174 33 176
284 122 68 129
60 102 52 125
172 361 59 93
471 176 67 151
268 223 75 213
262 244 32 69
289 470 175 212
413 13 59 104
2 249 114 125
258 182 30 183
22 236 49 64
102 448 61 231
168 497 68 176
361 209 27 155
79 166 59 68
475 341 147 174
53 363 9 64
218 375 88 204
422 121 2 2
58 353 6 41
83 497 68 140
493 86 83 178
23 451 56 123
328 265 200 220
404 314 206 244
309 152 19 116
309 361 100 192
460 109 85 124
94 316 154 166
437 125 51 56
16 149 11 27
204 36 72 245
186 29 114 204
73 307 24 71
32 332 111 147
8 90 62 95
59 248 8 44
221 154 32 105
324 267 39 74
194 478 4 4
182 172 6 97
324 153 13 231
78 339 10 207
387 450 49 144
324 157 18 79
241 349 13 58
226 22 105 239
225 160 99 141
299 491 24 54
446 242 4 62
213 453 24 240
274 413 23 59
249 359 13 26
147 201 27 46
442 454 139 192
151 219 21 177
326 45 15 109
59 32 84 199
236 137 97 129
466 79 51 103
365 457 25 29
88 344 5 221
75 292 6 69
392 370 21 154
390 394 239 247
392 282 26 47
375 152 85 242
456 447 128 163
68 44 16 32
489 342 141 193
344 236 125 238
52 253 105 141
176 32 88 172
211 498 3 6
150 234 81 248
407 314 6 79
424 76 5 5
421 75 44 202
59 208 65 244
168 13 185 185
154 276 0 0
389 248 14 15
478 191 16 146
399 176 1 84
433 343 57 221
303 417 171 219
401 284 70 247
408 291 93 179
345 223 200 220
355 329 62 80
230 254 24 27
67 369 37 217
334 422 46 76
218 71 35 105
421 469 52 162
352 142 0 151
487 411 7 105
55 408 35 96
10 312 21 30
319 281 23 133
467 292 52 58
419 92 161 189
376 309 85 169
257 308 15 18
331 330 93 248
282 1 136 195
13 412 53 57
173 157 1 7
71 367 36 120
237 445 47 88
6 414 106 137
228 245 56 165
282 107 52 200
287 455 1 3
461 386 178 179
440 296 43 74
426 100 147 247
77 239 89 212
204 379 41 140
30 332 25 150
114 315 21 48
424 478 10 56
378 313 34 38
488 226 90 94
277 35 10 28
405 170 22 128
98 337 88 160
444 305 22 30
36 154 24 86
255 144 10 17
190 127 3 131
104 332 59 163
74 199 71 154
258 197 124 204
86 398 3 59
44 72 47 155
72 487 63 76
17 327 19 22
34 160 12 76
113 351 17 17
278 73 174 240
121 444 101 182
18 101 21 25
8 348 8 197
393 190 29 88
147 54 172 228
51 159 115 124
334 151 114 219
182 17 0 55
288 448 67 92
397 148 85 92
212 278 20 24
24 58 23 83
161 357 1 165
382 376 50 117
185 269 149 220
1 11 31 67
276 469 75 89
225 206 79 80
230 88 120 138
159 184 15 47
97 419 22 43
174 227 85 235
342 323 37 94
365 319 115 147
218 322 7 13
424 302 11 35
63 213 22 24
238 105 82 203
466 1 21 25
431 220 75 129
179 81 39 39
260 302 30 69
272 448 111 221
181 489 27 158
481 315 126 241
367 267 90 150
200 469 2 2
281 333 44 104
438 245 1 5
431 475 10 78
52 251 114 120
425 344 46 144
183 123 1 59
202 456 18 140
416 100 14 99
365 397 32 127
48 315 22 49
356 152 38 39
328 141 94 189
246 105 5 82
99 164 38 161
470 144 65 141
24 223 179 225
417 96 62 221
327 256 45 111
453 0 7 51
332 189 43 158
38 284 115 159
188 69 22 173
494 442 112 227
131 320 167 196
399 235 117 156
422 171 123 150
416 229 23 53
369 275 161 163
344 460 77 204
304 376 200 231
219 314 95 230
42 182 127 140
472 113 58 65
269 133 22 83
253 216 198 250
153 240 128 131
32 100 182 204
304 42 45 149
77 7 107 127
201 367 25 87
78 440 65 134
99 448 0 1
446 382 29 220
282 159 120 140
182 264 5 6
490 210 87 205
311 312 27 33
398 382 3 7
400 132 60 116
81 203 7 241
494 407 17 23
103 73 13 16
420 313 182 220
181 197 53 206
305 144 181 205
235 220 58 117
122 489 72 107
48 162 73 100
15 427 24 146
323 293 4 182
251 360 126 196
209 120 41 164
368 219 99 141
417 223 95 103
488 295 63 80
450 341 28 71
82 291 17 74
215 191 82 171
430 117 38 191
32 134 2 150
18 152 15 55
303 57 48 48
475 186 42 192
157 361 194 245
32 148 3 3
479 319 7 62
395 3 102 198
231 339 58 180
314 146 3 61
263 45 94 139
84 268 122 146
48 112 114 181
51 173 6 116
434 132 3 101
345 462 29 77
195 68 14 59
480 165 13 23
431 83 132 162
176 429 57 168
448 152 73 172
65 71 0 0
61 110 34 110
182 234 6 30
16 497 77 132
236 434 233 245
186 382 6 125
143 29 1 94
399 303 150 204
166 138 70 243
154 163 28 72
227 31 185 201
231 303 122 250
42 451 11 28
316 454 52 133
184 225 34 204
484 439 37 94
127 156 13 111
315 336 95 188
354 44 13 24
456 418 49 90
280 294 119 141
246 351 37 59
0 112 182 210
14 122 33 192
393 126 77 242
361 44 26 131
32 483 15 26
143 380 198 235
296 445 26 209
414 486 89 136
306 483 124 209
206 389 220 221
394 472 0 194
358 322 130 143
101 458 67 154
234 206 205 211
166 103 39 156
441 103 51 51
227 101 25 173
228 302 107 133
471 237 9 66
423 429 0 0
103 436 28 59
336 272 145 169
90 494 145 220
86 343 101 208
344 143 18 27
405 118 2 17
296 475 146 191
210 8 4 71
416 232 11 68
150 277 0 0
384 93 3 24
148 302 21 34
476 140 32 39
252 382 110 111
252 136 68 204
62 475 102 203
88 34 120 228
405 24 65 111
181 300 33 177
442 410 103 122
93 160 11 12
84 128 6 20
413 489 28 61
208 345 42 246
311 301 83 173
274 458 49 67
155 165 9 177
295 69 95 165
179 277 0 10
387 418 28 90
25 380 4 194
48 229 4 19
250 74 184 221
364 222 184 233
377 23 56 214
69 43 10 29
343 394 90 141
404 482 110 177
145 483 40 222
123 447 1 24
110 170 87 204
272 285 26 69
199 31 35 148
179 323 133 180
493 417 164 195
398 378 41 73
10 57 15 152
160 362 2 72
203 72 11 250
401 158 28 204
475 36 37 103
283 373 165 220
494 446 78 183
479 239 217 233
77 265 21 43
222 304 37 74
122 386 16 23
254 135 49 79
416 440 64 95
333 495 86 158
379 168 98 118
19 486 10 180
211 42 67 67
444 330 29 43
74 186 36 95
284 82 23 109
312 294 91 105
101 402 164 229
428 464 50 67
202 140 59 88
2 165 34 54
104 393 54 93
425 271 78 97
498 326 34 144
29 195 68 69
373 25 5 65
175 373 133 180
49 270 46 228
343 270 22 30
317 14 22 45
96 421 3 33
498 434 5 171
260 301 24 53
64 27 1 151
275 485 29 50
368 79 122 205
42 336 7 79
80 3 132 168
21 76 33 37
410 318 61 76
253 188 34 74
226 111 103 159
80 138 66 170
49 64 197 212
5 342 12 46
38 424 51 190
145 28 8 178
232 427 57 139
480 160 139 163
93 243 5 22
197 321 10 36
302 337 18 104
302 263 98 178
382 82 12 42
123 218 29 97
54 143 74 124
84 194 9 234
155 492 1 13
98 491 194 208
237 96 125 247
328 296 64 67
39 136 22 223
490 220 4 72
354 213 12 200
155 334 15 115
187 452 12 149
52 262 36 59
115 363 166 172
76 460 34 37
453 183 40 140
269 98 117 124
206 20 135 210
137 147 28 120
333 359 106 196
262 485 38 100
397 484 64 77
123 321 131 197
332 292 79 105
55 292 10 124
35 59 69 144
381 104 12 205
233 131 34 145
154 120 65 101
345 90 11 40
282 285 26 176
191 386 137 221
350 272 2 27
78 440 70 117
55 91 56 234
254 186 23 141
189 202 116 136
326 170 1 15
201 480 122 134
87 497 112 164
165 163 17 36
246 324 213 240
364 0 32 49
317 346 118 169
307 232 21 68
316 355 4 27
7 185 6 65
490 80 75 83
111 463 80 116
419 38 22 58
1 370 142 182
142 54 157 202
305 50 80 198
408 362 177 179
120 171 59 67
36 443 29 52
264 402 7 27
52 273 17 99
164 86 3 21
219 41 106 164
407 453 208 238
98 150 22 189
346 424 0 29
361 43 4 5
445 116 73 84
181 402 236 249
96 264 36 78
492 447 25 185
137 334 174 179
313 130 131 143
130 360 52 92
419 304 14 52
352 382 67 245
388 184 1 16
434 18 9 59
452 21 8 77
351 160 163 228
289 474 127 179
448 11 54 66
441 26 5 41
114 279 78 221
177 232 111 199
465 314 9 9
147 476 100 220
259 310 118 147
180 34 6 114
236 445 157 169
29 468 8 9
206 252 36 82
309 487 13 22
419 288 51 171
1 422 13 99
95 460 1 120
85 162 54 72
398 125 95 197
279 218 6 11
433 387 38 70
215 120 108 148
284 58 102 198
220 282 4 151
244 455 80 183
71 368 1 5
70 356 62 63
289 113 4 10
207 426 11 125
260 338 55 248
354 330 0 3
68 93 94 110
62 494 0 1
181 97 0 153
31 44 29 46
376 116 155 178
202 441 22 40
365 348 191 207
156 430 36 51
350 239 3 88
400 292 36 57
451 207 105 202
415 26 67 123
483 355 178 219
154 29 23 32
266 398 118 125
257 220 94 194
46 246 134 246
409 360 5 169
11 235 26 45
261 450 169 190
336 265 0 18
16 322 11 191
38 240 103 207
58 347 80 140
192 33 39 123
87 80 208 235
443 385 0 0
246 370 2 2
148 215 37 63
5 239 0 126
424 137 0 135
81 258 54 93
398 252 54 73
219 273 23 50
338 357 125 200
44 493 38 79
422 369 16 123
157 409 47 203
483 99 150 153
71 462 102 102
109 236 35 44
401 196 3 99
126 113 119 121
125 410 101 248
247 101 28 71
442 484 1 41
78 419 15 55
203 169 27 53
154 395 4 19
121 498 19 91
202 444 64 71
47 492 17 222
352 221 19 195
196 204 19 27
359 278 172 213
130 124 0 27
10 473 83 180
19 28 116 143
129 352 2 21
308 154 22 227
172 59 134 219
189 423 32 211
46 193 69 92
239 183 1 55
197 472 220 250
423 152 86 205
223 108 0 10
158 173 63 93
152 438 121 203
490 164 67 132
479 419 58 62
9 30 116 199
281 466 27 65
182 299 0 0
153 179 43 58
398 215 61 249
4 472 16 164
168 23 55 55
37 288 154 172
263 175 131 172
60 413 130 160
417 388 11 17
487 104 46 60
302 31 104 218
2 146 80 184
423 68 1 42
397 95 7 74
82 181 27 141
257 230 6 207
364 128 3 50
86 123 18 25
57 325 72 95
156 324 178 229
187 114 44 65
387 464 4 27
226 202 10 14
325 264 1 88
267 457 1 9
19 57 37 146
126 458 5 168
30 275 26 115
117 230 54 186
14 159 49 125
469 209 4 176
111 456 21 57
207 357 156 186
454 106 67 125
162 440 133 177
427 402 58 112
341 188 15 126
210 383 9 10
25 183 33 122
218 285 9 35
250 494 29 35
0 137 50 108
466 378 134 144
315 328 40 86
482 121 24 40
472 261 127 186
460 221 182 241
208 241 145 184
402 218 1 19
439 148 93 211
169 192 7 16
457 193 94 109
487 155 128 233
415 26 37 66
440 99 0 32
394 320 34 191
414 162 60 233
357 258 23 81
392 122 44 58
60 471 1 45
457 252 92 241
188 195 79 144
437 92 135 215
221 434 36 77
439 180 6 14
344 312 77 113
197 218 26 51
48 321 38 130
104 137 19 135
310 287 66 73
447 482 41 77
233 109 2 6
437 46 16 105
39 483 55 81
312 35 20 155
307 195 92 215
443 52 84 123
445 430 17 20
155 88 58 234
469 358 197 202
274 437 90 91
107 127 1 83
335 76 14 235
210 294 59 94
378 293 38 159
365 140 88 247
12 386 7 9
290 253 3 78
43 75 13 58
429 38 219 231
403 142 110 138
40 309 1 13
452 48 22 189
474 472 44 171
263 331 117 166
74 313 181 239
249 65 106 219
235 294 180 189
157 232 27 55
62 316 22 34
206 316 36 55
96 314 33 51
71 335 132 142
42 110 85 166
254 22 39 132
227 370 4 14
241 349 35 91
424 219 42 242
321 449 78 174
462 81 14 92
70 28 123 168
5 249 53 66
83 297 12 19
339 352 88 132
58 177 52 72
286 198 14 120
42 194 33 226
341 334 44 163
464 420 0 181
272 212 8 25
79 318 59 120
175 230 88 101
11 474 75 162
175 217 1 72
187 495 34 96
45 438 233 246
69 350 16 28
143 487 9 50
258 431 4 60
421 13 172 174
73 193 21 179
392 369 122 196
54 351 24 95
230 213 130 213
67 215 30 175
451 377 166 179
172 406 58 206
65 178 31 157
200 399 25 105
15 80 3 7
426 410 37 149
316 333 60 141
242 415 93 150
444 372 3 81
112 314 33 139
79 347 6 43
281 330 115 163
496 484 14 17
21 260 159 219
125 133 33 54
378 151 47 73
463 132 21 222
65 355 178 221
441 2 158 209
142 122 58 82
208 204 78 226
251 319 117 193
408 420 90 165
137 244 48 225
314 233 183 196
466 397 9 106
300 31 38 81
452 119 75 98
354 154 12 15
419 131 68 91
333 434 35 88
336 49 4 217
30 64 116 223
25 476 10 241
400 465 28 82
286 13 15 174
149 46 23 158
147 486 42 60
156 140 130 218
222 136 37 53
291 57 118 187
112 332 27 36
4 341 15 26
57 58 85 180
369 288 98 132
150 273 64 111
372 227 152 195
107 442 68 90
177 265 64 214
113 145 124 241
412 346 42 245
103 50 48 69
471 130 55 104
370 212 82 181
406 354 118 224
48 366 17 178
141 224 98 190
452 89 16 221
493 92 76 92
265 420 55 136
304 78 16 134
338 246 99 162
80 456 107 224
106 372 115 150
110 477 202 243
12 76 137 183
74 198 47 104
477 327 113 145
166 370 209 231
177 245 46 155
5 287 34 178
199 120 15 165
469 222 25 84
161 66 14 51
488 208 29 102
96 421 31 37
417 103 71 207
173 378 67 178
355 221 54 100
14 314 3 43
333 80 128 219
195 269 82 160
204 288 54 250
498 136 1 25
177 477 28 61
488 73 4 20
489 320 16 186
62 75 19 40
445 194 114 221
132 173 50 123
395 147 130 132
307 269 6 10
265 94 132 154
204 277 49 57
329 194 42 53
42 399 35 224
380 53 30 222
8 354 0 1
210 164 96 208
6 384 64 226
453 195 67 128
196 421 5 164
55 227 17 192
401 52 15 172
238 224 84 115
84 367 99 143
481 332 96 144
202 163 16 211
372 341 43 60
67 419 168 190
237 440 48 203
206 94 131 200
487 50 71 202
231 53 100 208
119 271 57 104
296 169 126 155
433 134 49 189
285 336 157 193
288 410 129 240
271 144 29 244
278 227 120 141
101 113 75 116
124 330 7 209
450 255 25 55
29 264 60 192
61 429 28 48
300 467 107 148
365 5 59 152
90 207 38 110
197 498 78 217
197 93 31 136
356 271 39 123
443 457 88 104
487 181 11 15
259 219 64 90
246 237 12 23
436 338 42 141
457 233 123 160
287 434 171 192
83 132 156 158
401 153 26 46
47 137 98 188
390 321 98 137
284 474 12 25
456 327 3 6
21 138 14 74
78 244 89 173
16 375 23 234
478 177 95 242
148 411 95 191
466 404 32 73
3 339 102 156
221 178 11 58
38 160 21 188
395 375 35 41
274 338 84 189
232 80 0 218
86 32 60 130
280 50 14 16
476 124 16 112
349 73 141 210
35 425 34 45
303 461 5 9
398 293 163 183
345 312 97 141
6 478 7 10
204 301 119 247
243 133 75 142
102 373 24 146
168 20 159 198
273 334 161 226
55 2 12 15
298 1 12 87
283 203 12 50
252 359 88 116
92 8 8 22
41 294 16 17
476 56 7 75
198 448 187 226
55 489 205 244
152 178 94 191
84 210 0 0
373 280 51 184
476 159 4 5
52 228 38 42
184 64 0 2
304 474 36 37
83 79 99 172
412 43 4 176
275 371 40 93
375 276 29 183
91 62 80 212
34 126 13 32
17 456 8 21
482 3 83 93
158 190 21 101
100 56 27 69
384 19 84 189
282 76 59 80
164 50 124 200
423 415 187 228
56 399 118 128
485 161 19 107
116 276 5 22
149 496 63 68
302 116 45 222
219 138 43 61
482 484 25 155
359 1 1 124
187 257 8 23
53 391 207 225
149 367 2 17
86 1 97 170
79 292 236 243
477 27 90 178
232 234 81 81
248 76 5 18
389 10 42 145
29 92 118 184
299 170 30 90
41 7 52 164
318 391 73 142
304 233 7 8
374 224 155 231
284 181 54 95
281 475 88 95
325 402 155 212
211 391 88 121
59 58 84 113
397 320 93 160
141 319 27 53
467 6 89 132
59 214 60 167
121 36 77 135
181 11 101 177
418 84 11 150
478 489 12 211
82 448 67 220
81 417 13 24
86 251 27 64
278 482 0 13
300 136 26 57
79 25 91 180
459 132 11 19
128 118 23 38
403 100 139 193
91 297 89 111
301 398 18 72
354 258 129 161
231 290 119 222
434 214 7 9
246 245 36 173
23 265 38 167
167 240 163 217
218 9 2 49
97 251 48 178
119 281 18 26
19 55 14 14
185 201 162 170
221 308 5 5
394 206 0 11
358 381 7 9
430 408 8 116
478 255 177 190
289 190 131 249
298 491 10 56
268 44 109 198
108 266 18 199
371 420 156 218
350 441 2 78
493 303 30 33
84 429 191 199
441 466 129 142
223 15 100 104
163 107 10 14
300 363 1 1
479 428 19 79
359 300 28 68
381 364 49 119
145 422 7 231
196 102 1 104
201 190 5 72
111 51 62 212
311 490 63 77
192 414 65 229
307 160 202 216
77 19 6 160
288 74 143 187
138 464 7 39
216 58 122 151
461 379 17 82
100 167 8 122
233 354 6 56
465 445 56 226
337 70 59 103
329 477 57 119
44 84 85 181
309 354 18 30
169 39 108 126
60 245 183 204
69 425 88 170
76 452 53 80
492 481 162 178
2 51 208 234
404 452 175 224
143 117 170 186
380 272 20 66
492 322 43 93
81 88 91 140
477 226 18 95
181 410 42 114
350 403 65 199
439 313 10 26
462 110 19 244
301 176 30 176
492 29 181 217
264 456 170 196
219 244 11 108
51 401 66 236
398 385 3 63
334 418 3 11
210 224 23 24
54 150 16 50
309 377 108 135
18 279 33 56
100 369 124 209
405 449 1 2
154 128 183 187
257 232 76 243
78 94 37 67
89 373 151 156
484 188 112 179
43 201 65 82
149 256 45 108
41 22 138 184
494 109 4 32
371 182 31 36
373 10 68 94
403 291 57 57
353 220 23 77
196 344 10 37
156 422 9 24
73 126 124 229
75 331 36 86
16 197 14 142
184 410 1 137
269 120 102 113
326 108 46 187
274 176 64 83
36 35 123 224
466 487 9 17
473 19 143 144
5 13 47 85
64 228 46 91
475 434 14 76
289 449 117 151
96 144 42 58
60 93 33 73
151 0 21 71
47 455 0 1
92 479 2 93
223 153 4 12
208 473 145 219
430 462 110 181
45 133 4 149
267 194 5 186
123 252 145 226
153 24 77 174
31 488 102 148
14 29 11 31
77 18 28 101
320 21 23 145
254 381 17 151
246 289 88 241
274 138 10 51
261 307 84 166
382 8 42 64
430 486 85 104
57 403 183 243
196 69 44 83
496 259 67 90
393 469 50 110
293 326 3 10
333 243 86 100
258 213 113 155
267 210 63 145
129 45 204 219
22 435 2 160
32 474 68 139
242 209 140 160
456 192 5 11
276 186 54 250
5 222 18 38
112 248 45 105
276 184 38 74
154 371 12 144
137 167 34 140
5 179 53 88
370 208 139 244
307 16 96 188
490 33 3 223
431 172 83 114
147 47 55 150
205 286 31 103
388 169 2 76
85 327 18 131
307 253 15 47
103 437 51 53
148 437 100 128
140 61 3 3
175 18 64 111
34 107 151 250
328 185 123 206
485 196 19 20
166 301 27 164
259 479 55 56
138 387 14 29
252 294 1 87
254 54 132 169
227 424 135 138
147 136 9 11
276 137 104 215
270 45 116 119
251 363 66 215
169 86 3 47
494 414 16 21
135 107 98 129
387 185 108 114
193 459 2 3
91 47 6 9
233 148 11 23
347 404 10 10
325 418 15 44
70 479 84 144
166 56 56 119
80 60 124 245
223 324 7 17
469 490 81 217
457 24 111 145
267 380 86 219
41 232 2 13
160 216 9 24
196 349 14 216
391 320 16 143
160 367 11 140
299 215 2 3
448 300 27 161
191 417 171 212
329 482 42 250
236 70 36 108
30 364 50 78
195 66 38 101
293 323 20 57
91 399 19 56
76 472 99 108
251 361 89 171
248 236 112 165
204 264 55 193
140 366 45 54
476 461 97 182
378 263 179 199
368 266 25 141
185 137 0 116
49 309 14 39
211 188 1 11
65 380 5 116
56 348 104 164
300 288 37 53
379 480 28 100
77 135 28 124
23 131 124 239
378 63 133 220
236 445 204 219
357 140 11 250
268 50 73 194
401 49 24 50
219 50 135 210
61 395 8 41
332 464 185 223
428 60 81 84
481 94 42 72
373 61 108 152
346 471 0 15
245 139 203 227
337 58 32 95
438 493 70 198
165 460 68 178
416 55 32 176
17 316 133 133
419 478 85 117
8 331 17 161
412 151 83 173
107 90 23 59
463 492 12 189
470 206 75 235
397 274 74 204
170 209 148 183
197 25 58 206
332 86 0 1
157 280 14 43
202 158 38 85
335 66 70 184
350 93 2 245
260 66 88 183
25 317 20 120
298 108 131 231
37 356 42 94
122 1 124 161
388 470 0 0
367 330 25 45
482 7 51 74
341 171 49 97
125 411 85 115
242 165 136 199
242 420 33 70
321 158 3 20
390 191 69 130
360 370 165 246
193 50 52 100
486 160 43 64
336 29 23 194
16 24 108 154
71 277 1 1
236 493 131 247
478 118 73 122
136 478 59 76
391 78 121 166
436 299 18 71
417 436 33 116
149 84 41 163
4 220 23 30
163 212 58 117
224 148 91 184
233 196 19 241
164 288 0 5
430 161 50 208
342 296 13 235
0 186 17 247
487 345 70 235
262 168 10 32
5 276 87 222
16 44 27 38
215 95 31 90
91 145 74 90
190 52 48 70
136 70 44 89
3 463 45 136
218 16 11 19
251 414 9 93
91 15 19 146
29 153 26 33
306 231 57 60
484 339 65 78
467 97 3 18
450 497 95 202
335 209 24 66
182 362 59 103
334 390 78 101
467 250 57 76
290 71 14 32
62 277 4 224
36 479 60 171
123 94 43 66
161 362 0 23
407 164 14 30
300 70 50 69
303 293 3 12
26 182 11 36
185 5 72 119
163 237 202 234
146 20 5 108
34 320 112 177
193 376 45 143
57 343 138 245
314 85 14 44
287 330 6 185
271 210 40 87
154 203 126 248
404 219 44 88
167 199 236 245
280 65 183 215
125 102 67 150
183 124 2 6
332 14 6 46
318 335 1 14
291 240 33 198
353 348 8 18
465 21 122 197
105 432 5 7
141 303 29 64
445 39 3 74
420 88 49 141
41 317 23 141
418 153 65 222
405 47 140 159
191 459 35 40
452 141 5 6
367 286 125 191
102 402 31 134
112 316 117 145
424 228 70 103
210 336 9 148
91 455 98 101
66 87 5 111
463 248 35 148
297 486 74 123
190 14 12 14
8 220 81 245
65 136 36 214
348 68 65 95
149 46 94 137
355 4 148 234
230 350 98 99
393 355 44 237
8 309 5 7
358 343 78 187
115 239 108 200
494 460 20 48
279 273 22 40
147 266 84 148
79 171 85 120
410 487 69 147
377 227 3 33
411 61 34 69
10 296 17 17
68 53 20 27
433 398 48 179
460 66 3 6
267 185 19 135
62 138 68 74
7 326 87 217
182 68 110 136
10 114 126 250
261 481 38 140
308 463 52 141
2 157 54 84
30 72 23 63
364 131 15 107
291 300 54 57
429 337 12 17
141 446 87 106
490 264 12 26
439 387 146 181
372 221 42 74
129 218 90 123
394 488 38 49
217 119 32 170
37 479 164 208
66 22 2 55
15 362 1 1
221 405 14 62
405 11 78 157
409 322 29 78
405 17 4 209
433 480 194 214
216 186 69 93
78 127 44 91
327 345 3 4
45 183 101 137
388 422 24 38
217 241 17 28
283 57 7 13
10 481 13 45
11 238 6 39
36 194 0 8
128 262 236 246
271 311 86 165
415 458 3 97
488 132 15 15
146 162 11 11
394 493 189 202
411 422 106 106
291 121 8 27
148 131 21 41
291 132 133 170
357 431 99 107
309 169 18 24
64 17 90 98
220 80 0 11
80 114 28 68
430 253 16 126
423 332 47 114
33 340 47 192
6 229 3 40
321 176 76 128
304 113 20 35
169 486 9 47
131 278 30 102
10 328 19 36
232 119 129 141
450 163 63 114
344 462 227 236
472 346 151 168
324 399 15 25
397 219 120 152
251 191 94 105
379 15 125 125
336 490 129 164
280 64 13 46
88 419 9 90
289 392 107 120
287 401 112 154
226 47 17 71
488 292 113 126
129 194 29 69
416 213 109 143
126 388 10 85
139 355 62 210
118 457 68 172
289 161 121 204
156 358 28 38
8 248 7 46
264 55 101 136
138 398 13 15
307 119 117 135
450 402 9 84
92 401 54 81
217 254 47 57
167 274 1 1
311 52 82 172
285 243 63 188
180 264 43 84
345 30 33 117
384 102 32 200
435 175 142 162
137 111 0 5
204 106 58 71
460 280 226 239
12 338 71 221
191 424 40 81
401 411 151 228
150 429 97 120
200 430 30 50
5 401 56 68
269 375 18 60
215 478 6 13
218 243 74 109
196 391 216 227
92 242 42 131
118 49 70 136
481 219 53 56
98 337 11 11
126 409 31 31
135 100 39 53
426 188 190 219
220 337 130 248
160 228 2 4
406 8 111 111
269 182 51 92
60 407 87 134
263 265 151 154
202 357 23 99
44 52 44 46
63 111 78 146
201 459 6 8
25 90 18 224
179 3 20 161
192 274 8 23
472 187 118 138
294 467 11 32
447 384 6 29
65 494 16 66
340 85 174 191
28 118 175 175
30 34 108 140
262 369 58 64
143 147 40 129
438 301 226 233
89 172 18 46
450 273 12 184
91 356 175 218
178 171 48 168
467 9 44 51
445 18 18 32
248 100 123 129
219 192 0 32
214 193 25 207
404 280 121 131
452 197 15 73
412 338 54 142
151 19 2 65
272 396 140 146
335 48 47 58
391 350 41 54
409 70 29 130
391 316 75 209
260 15 144 161
58 437 6 23
393 77 0 33
450 47 20 97
347 223 2 80
361 147 73 223
320 101 112 223
417 48 0 7
268 383 9 52
167 456 74 97
104 457 24 44
294 229 67 230
56 292 3 47
473 392 25 184
126 279 53 240
432 340 78 119
491 428 133 204
149 322 56 107
360 260 171 204
110 478 114 191
30 310 91 240
275 149 11 84
137 55 51 192
359 333 165 231
466 297 42 203
374 132 203 204
11 197 18 238
393 403 56 72
160 378 21 110
366 115 21 26
208 338 95 220
384 20 79 86
228 403 25 227
396 419 4 51
337 409 19 87
425 471 50 173
482 407 63 231
249 152 147 172
97 486 25 85
40 89 2 10
90 299 47 83
55 177 71 119
3 345 129 183
471 315 105 224
320 247 0 1
193 165 3 19
348 111 64 70
390 350 110 134
41 0 93 134
302 447 106 106
243 159 135 221
180 437 172 182
63 15 9 34
53 179 1 59
314 419 110 126
164 199 65 90
19 346 20 202
357 34 100 105
92 416 22 236
485 103 7 45
343 410 51 121
188 230 108 224
50 496 2 16
41 248 30 70
156 85 17 50
472 131 14 247
300 473 102 117
354 176 125 222
271 54 67 214
203 467 0 26
422 443 80 87
24 36 82 124
159 245 216 220
23 14 58 246
56 321 63 84
37 194 165 196
447 419 185 215
43 225 63 70
65 114 20 49
257 0 148 162
471 113 78 141
383 314 9 38
89 420 173 186
154 65 41 90
38 332 29 151
178 253 0 1
20 342 123 148
18 310 159 184
26 108 20 86
157 368 137 190
355 85 63 107
408 428 32 106
325 150 67 75
84 281 74 186
314 453 187 230
185 82 60 111
20 232 36 247
165 133 117 200
73 325 2 78
467 455 29 58
391 266 87 90
479 136 16 101
97 173 107 124
459 482 2 176
438 384 157 211
346 264 14 14
91 238 8 113
173 124 15 107
307 379 29 106
453 236 22 141
422 70 172 235
303 344 81 82
305 320 234 238
191 63 27 61
355 492 116 137
135 380 65 179
76 60 58 221
462 489 24 196
340 77 236 242
178 474 7 138
7 298 204 227
170 235 156 164
486 274 5 42
450 472 4 7
447 134 86 190
447 316 89 170
3 337 16 72
491 81 25 26
492 44 80 173
265 158 162 188
417 131 132 140
359 235 82 166
182 85 99 101
355 348 27 217
183 112 56 133
359 468 129 224
105 61 160 185
129 171 4 131
447 94 10 180
438 148 20 222
356 282 37 48
184 214 57 107
322 315 204 215
277 477 6 7
349 52 4 33
186 319 29 101
94 169 12 28
126 38 56 182
385 181 92 244
367 217 26 122
487 404 31 241
122 17 19 34
41 193 12 175
47 427 102 146
155 349 186 198
305 16 71 134
93 344 222 245
260 244 50 110
481 248 64 238
483 465 213 230
423 402 49 106
488 385 54 103
60 114 4 5
466 419 98 112
327 103 38 50
309 249 32 84
256 399 57 70
305 254 86 168
98 329 8 110
473 121 128 150
244 109 113 211
44 314 91 209
442 13 21 146
66 285 0 110
238 263 99 100
18 466 10 17
388 321 66 117
147 389 99 101
62 115 35 50
433 480 123 201
240 346 71 175
142 247 222 244
228 2 61 96
431 440 12 104
161 333 7 130
133 170 86 88
42 246 31 136
403 198 142 223
400 335 62 183
416 190 36 51
109 282 110 200
11 55 56 199
493 394 34 200
23 292 35 79
178 410 74 153
135 118 97 163
369 68 27 30
358 417 56 230
274 397 10 92
332 110 147 172
115 92 21 233
449 173 73 169
400 473 27 235
481 34 62 175
177 60 18 42
168 376 64 182
395 199 38 101
45 41 51 79
76 298 172 195
361 11 150 198
341 305 7 238
165 495 34 50
269 339 41 133
122 334 26 193
447 346 2 129
412 87 2 57
202 336 150 249
205 172 194 223
112 430 63 144
96 311 25 135
47 100 30 210
476 278 213 229
236 360 70 205
199 465 79 108
81 172 157 214
110 71 3 56
401 347 62 135
304 258 57 79
39 452 6 30
68 57 25 36
89 233 156 235
25 104 31 48
57 331 155 163
345 392 32 60
423 251 24 131
16 72 2 32
372 114 29 72
374 358 43 100
354 380 89 177
123 50 111 226
17 221 100 107
356 187 147 179
470 382 25 34
330 139 25 25
76 8 12 112
190 335 150 190
359 162 11 58
433 312 50 203
86 304 50 63
493 9 6 21
159 6 113 128
185 230 0 0
97 156 59 177
318 379 38 185
102 340 204 244
384 66 137 166
318 173 11 124
175 117 6 18
321 123 83 134
282 85 8 35
406 8 133 201
216 374 102 144
89 394 12 53
348 408 116 177
409 446 14 83
203 22 145 167
449 452 178 195
9 167 20 21
59 394 25 128
375 127 8 26
459 409 118 163
305 170 78 79
41 166 120 161
168 83 4 12
82 425 129 217
50 45 100 120
174 184 4 199
400 63 16 56
327 405 53 84
495 165 172 191
54 342 189 214
486 316 109 109
95 494 144 233
316 480 44 145
424 359 5 12
216 284 100 113
102 412 32 40
17 189 53 183
342 189 79 87
489 93 37 50
4 412 24 211
122 34 127 205
351 288 7 86
130 157 0 101
469 359 13 15
210 103 15 44
78 194 39 184
159 457 18 142
41 271 151 206
114 286 70 125
66 202 163 192
73 140 62 127
182 409 90 142
456 369 33 46
188 167 86 136
150 493 24 50
42 130 76 139
356 125 20 35
244 69 6 46
274 328 105 191
342 287 9 17
27 72 40 92
352 166 35 220
40 313 20 26
5 284 50 90
206 429 18 28
210 446 216 220
328 342 15 31
447 294 58 63
42 104 6 105
241 288 41 166
374 50 41 86
16 380 23 53
110 492 53 93
358 159 137 143
183 42 31 248
145 261 47 82
237 494 80 90
162 226 32 177
54 57 24 75
240 483 22 87
310 16 70 249
173 198 104 151
402 386 178 208
340 483 0 7
241 134 27 36
365 189 45 182
323 389 10 135
109 410 204 249
103 141 102 124
208 106 53 96
250 195 40 48
112 339 49 148
401 36 147 192
350 320 89 232
256 135 25 34
456 225 0 2
240 120 112 119
0 300 17 45
96 27 115 153
200 207 126 155
263 244 78 102
196 84 154 169
443 134 6 50
455 112 65 202
342 448 0 12
123 271 8 43
455 482 83 246
287 98 82 225
286 443 35 235
178 233 15 228
345 258 75 110
392 9 195 235
293 79 36 59
335 407 5 12
62 314 136 139
206 459 7 78
105 450 70 133
221 448 82 118
261 20 40 121
88 403 111 143
474 168 103 231
130 318 51 59
302 408 34 219
297 10 106 184
193 338 12 19
114 496 77 209
172 495 72 99
70 412 25 84
407 228 0 0
340 446 36 61
60 457 11 172
195 142 47 213
174 194 6 60
320 360 20 93
383 352 24 37
488 451 95 201
412 10 13 179
486 23 144 175
60 411 148 170
496 477 161 223
183 190 122 221
230 183 123 156
309 31 48 72
210 143 101 101
216 489 2 7
476 455 24 230
164 192 165 172
486 430 129 227
215 46 15 75
202 89 1 237
16 94 171 216
6 399 112 222
92 436 0 0
428 131 8 94
226 36 25 30
375 309 203 234
143 251 37 128
419 450 78 122
215 166 89 122
343 112 36 143
93 163 116 136
482 270 15 230
91 366 113 221
343 421 73 196
271 432 63 81
191 49 94 196
275 416 22 36
401 266 33 215
197 317 12 194
193 489 183 194
131 98 73 132
111 406 10 112
185 199 2 56
117 172 123 202
18 132 182 242
106 446 55 136
280 340 15 226
352 25 58 70
297 425 64 129
204 81 13 82
394 387 53 248
306 208 18 62
