500 5000
0 1 104 104
1 2 168 180
2 3 0 0
3 4 75 75
4 5 8 36
5 6 9 23
6 7 18 46
7 8 58 86
8 9 93 99
9 10 115 135
10 11 33 105
11 12 90 171
12 13 23 51
13 14 50 220
14 15 3 6
15 16 154 168
16 17 48 104
17 18 60 140
18 19 33 35
19 20 38 49
20 21 143 200
21 22 195 243
22 23 7 78
23 24 90 173
24 25 190 219
25 26 186 224
26 27 18 21
27 28 2 9
28 29 2 42
29 30 148 220
30 31 14 24
31 32 71 105
32 33 99 240
33 34 26 133
34 35 50 173
35 36 11 79
36 37 135 172
37 38 86 209
38 39 0 4
39 40 117 188
40 41 164 248
41 42 56 187
42 43 31 70
43 44 44 198
44 45 1 25
45 46 53 112
46 47 22 228
47 48 66 73
48 49 8 72
49 50 17 32
50 51 0 4
51 52 156 170
52 53 49 53
53 54 20 66
54 55 72 123
55 56 7 13
56 57 89 144
57 58 35 36
58 59 38 147
59 60 40 175
60 61 13 25
61 62 98 103
62 63 86 174
63 64 56 103
64 65 9 12
65 66 6 134
66 67 23 166
67 68 103 129
68 69 7 237
69 70 130 147
70 71 122 226
71 72 15 34
72 73 31 34
73 74 76 202
74 75 53 99
75 76 27 41
76 77 84 232
77 78 50 87
78 79 120 188
79 80 23 182
80 81 153 221
81 82 101 156
82 83 66 188
83 84 67 87
84 85 24 67
85 86 169 224
86 87 95 107
87 88 2 242
88 89 83 166
89 90 11 156
90 91 22 28
91 92 15 238
92 93 40 112
93 94 137 145
94 95 39 102
95 96 45 59
96 97 175 226
97 98 43 143
98 99 0 0
99 100 23 154
100 101 47 81
101 102 1 132
102 103 158 222
103 104 42 89
104 105 175 228
105 106 73 156
106 107 1 3
107 108 194 233
108 109 95 173
109 110 17 250
110 111 20 43
111 112 25 34
112 113 45 234
113 114 81 174
114 115 3 16
115 116 96 189
116 117 39 189
117 118 11 231
118 119 92 178
119 120 5 31
120 121 1 4
121 122 0 6
122 123 4 7
123 124 6 61
124 125 62 215
125 126 31 135
126 127 134 138
127 128 59 211
128 129 7 31
129 130 6 70
130 131 84 147
131 132 101 243
132 133 51 140
133 134 4 4
134 135 58 200
135 136 42 58
136 137 124 202
137 138 41 97
138 139 163 216
139 140 80 187
140 141 59 139
141 142 12 34
142 143 2 15
143 144 29 30
144 145 10 11
145 146 21 26
146 147 35 56
147 148 6 178
148 149 92 140
149 150 0 3
150 151 5 18
151 152 87 242
152 153 39 142
153 154 3 51
154 155 9 63
155 156 30 186
156 157 46 49
157 158 54 145
158 159 12 243
159 160 157 212
160 161 18 60
161 162 25 123
162 163 153 155
163 164 186 208
164 165 30 39
165 166 3 4
166 167 0 17
167 168 100 122
168 169 116 152
169 170 65 142
170 171 42 79
171 172 27 248
172 173 21 145
173 174 48 95
174 175 29 138
175 176 172 187
176 177 77 167
177 178 8 66
178 179 12 16
179 180 19 92
180 181 11 158
181 182 5 52
182 183 30 188
183 184 6 16
184 185 6 65
185 186 28 201
186 187 45 48
187 188 92 160
188 189 110 131
189 190 145 232
190 191 21 66
191 192 12 16
192 193 96 184
193 194 142 193
194 195 37 227
195 196 160 233
196 197 1 3
197 198 42 58
198 199 117 154
199 200 95 238
200 201 221 238
201 202 28 139
202 203 1 229
203 204 150 161
204 205 28 97
205 206 20 121
206 207 3 151
207 208 62 137
208 209 188 232
209 210 85 230
210 211 60 99
211 212 8 241
212 213 15 43
213 214 2 31
214 215 23 33
215 216 1 126
216 217 2 5
217 218 228 237
218 219 69 207
219 220 1 3
220 221 4 44
221 222 42 83
222 223 29 32
223 224 109 203
224 225 24 86
225 226 83 235
226 227 131 146
227 228 53 220
228 229 5 212
229 230 220 227
230 231 49 115
231 232 47 137
232 233 115 200
233 234 9 71
234 235 117 123
235 236 47 150
236 237 3 3
237 238 32 148
238 239 27 108
239 240 175 202
240 241 18 79
241 242 183 224
242 243 79 145
243 244 8 46
244 245 116 197
245 246 7 153
246 247 0 13
247 248 5 105
248 249 68 170
249 250 133 230
250 251 0 0
251 252 193 245
252 253 24 94
253 254 20 244
254 255 23 151
255 256 43 208
256 257 60 144
257 258 54 157
258 259 50 71
259 260 103 147
260 261 14 188
261 262 7 215
262 263 149 189
263 264 158 175
264 265 1 216
265 266 21 80
266 267 78 168
267 268 41 113
268 269 23 95
269 270 2 103
270 271 53 100
271 272 10 79
272 273 88 156
273 274 18 107
274 275 103 244
275 276 117 170
276 277 13 49
277 278 1 107
278 279 19 86
279 280 6 200
280 281 206 220
281 282 177 226
282 283 86 166
283 284 1 67
284 285 19 63
285 286 116 214
286 287 114 132
287 288 37 201
288 289 12 143
289 290 8 184
290 291 58 130
291 292 3 193
292 293 9 142
293 294 94 116
294 295 55 86
295 296 13 17
296 297 67 94
297 298 4 19
298 299 10 246
299 300 12 45
300 301 176 203
301 302 16 219
302 303 114 172
303 304 26 142
304 305 21 40
305 306 106 117
306 307 41 86
307 308 48 56
308 309 124 148
309 310 11 78
310 311 124 229
311 312 106 228
312 313 14 64
313 314 12 27
314 315 23 48
315 316 41 125
316 317 1 182
317 318 26 52
318 319 42 62
319 320 11 213
320 321 16 104
321 322 93 154
322 323 18 58
323 324 23 25
324 325 102 129
325 326 26 119
326 327 7 38
327 328 106 156
328 329 21 136
329 330 84 164
330 331 36 36
331 332 27 188
332 333 2 55
333 334 117 130
334 335 141 197
335 336 1 5
336 337 32 81
337 338 17 219
338 339 75 212
339 340 0 135
340 341 136 217
341 342 47 238
342 343 130 207
343 344 69 214
344 345 1 24
345 346 118 163
346 347 134 176
347 348 62 153
348 349 141 200
349 350 5 8
350 351 188 193
351 352 55 183
352 353 20 65
353 354 14 64
354 355 106 158
355 356 67 86
356 357 102 199
357 358 68 111
358 359 8 196
359 360 111 248
360 361 73 75
361 362 12 35
362 363 125 226
363 364 55 135
364 365 236 244
365 366 32 159
366 367 248 249
367 368 90 137
368 369 107 132
369 370 15 33
370 371 79 89
371 372 3 6
372 373 23 40
373 374 172 187
374 375 2 7
375 376 67 92
376 377 174 216
377 378 83 173
378 379 84 173
379 380 40 47
380 381 61 110
381 382 39 145
382 383 121 248
383 384 14 51
384 385 14 62
385 386 42 65
386 387 174 188
387 388 23 114
388 389 13 14
389 390 59 127
390 391 39 53
391 392 60 200
392 393 36 74
393 394 1 6
394 395 13 148
395 396 35 211
396 397 48 95
397 398 148 188
398 399 116 128
399 400 29 135
400 401 177 240
401 402 52 201
402 403 5 8
403 404 23 178
404 405 43 116
405 406 19 237
406 407 28 55
407 408 47 67
408 409 9 20
409 410 39 107
410 411 22 27
411 412 7 159
412 413 78 201
413 414 80 174
414 415 141 192
415 416 78 85
416 417 59 212
417 418 88 107
418 419 135 206
419 420 1 157
420 421 26 35
421 422 12 19
422 423 3 4
423 424 9 16
424 425 66 115
425 426 10 28
426 427 6 6
427 428 187 189
428 429 38 99
429 430 157 187
430 431 111 113
431 432 66 112
432 433 80 119
433 434 10 118
434 435 200 201
435 436 79 101
436 437 226 227
437 438 6 9
438 439 7 194
439 440 23 31
440 441 107 155
441 442 1 2
442 443 14 135
443 444 0 0
444 445 185 238
445 446 202 227
446 447 102 199
447 448 164 229
448 449 2 36
449 450 24 39
450 451 40 47
451 452 109 156
452 453 126 227
453 454 214 248
454 455 133 178
455 456 48 183
456 457 228 228
457 458 57 100
458 459 40 62
459 460 21 43
460 461 26 29
461 462 178 203
462 463 31 36
463 464 43 66
464 465 120 205
465 466 21 77
466 467 244 246
467 468 53 66
468 469 67 133
469 470 61 78
470 471 28 228
471 472 85 92
472 473 4 108
473 474 29 128
474 475 198 235
475 476 2 7
476 477 87 179
477 478 145 223
478 479 1 6
479 480 40 131
480 481 72 81
481 482 191 215
482 483 72 140
483 484 46 173
484 485 100 113
485 486 78 157
486 487 24 72
487 488 2 2
488 489 29 144
489 490 64 78
490 491 109 129
491 492 120 230
492 493 17 107
493 494 59 62
494 495 5 93
495 496 207 233
496 497 135 235
497 498 80 211
498 499 148 230
499 0 7 57
242 238 8 21
305 98 20 57
103 384 11 78
314 121 37 43
33 497 15 152
302 60 99 103
187 150 34 204
77 104 20 46
27 405 28 176
145 35 53 60
296 59 69 144
7 286 35 87
317 299 4 14
404 168 2 57
255 468 23 166
470 277 97 124
446 109 23 130
233 448 25 43
245 160 133 143
55 442 27 250
493 369 93 205
187 73 23 149
398 262 74 244
216 458 173 226
466 378 94 149
30 231 6 8
247 126 4 23
208 158 1 16
215 490 100 113
84 186 30 94
409 407 148 244
248 15 41 42
133 183 101 244
373 166 37 192
400 276 34 206
314 233 99 158
425 392 9 167
422 62 39 119
174 264 3 3
156 241 68 88
351 73 25 123
244 405 107 183
317 403 51 117
166 330 70 114
443 365 11 34
222 189 0 2
78 29 59 190
291 255 80 80
99 378 41 247
287 448 25 55
62 157 54 85
495 286 4 131
461 60 48 189
201 439 101 116
391 201 4 31
354 10 1 78
100 13 87 126
230 329 148 169
329 451 68 193
316 240 13 32
11 373 5 5
84 439 122 130
395 443 91 203
260 173 3 3
456 329 117 168
296 13 130 172
365 81 65 112
166 246 30 229
482 393 130 161
121 498 0 1
184 474 40 121
28 465 121 215
291 215 130 208
453 403 74 162
85 416 138 169
439 123 36 145
359 218 29 68
429 174 113 140
437 214 92 168
289 422 22 88
56 101 2 214
420 325 12 48
440 143 46 187
485 475 44 72
455 171 51 194
225 491 56 107
231 418 77 202
111 450 3 88
342 426 45 53
240 359 86 192
207 303 76 77
386 18 10 184
185 402 30 186
310 441 10 55
395 223 29 53
247 112 13 49
270 236 17 35
420 474 69 94
46 123 1 6
451 120 25 27
121 209 112 169
286 454 138 200
417 159 3 20
201 71 40 58
316 52 31 52
155 80 151 230
447 40 92 178
355 358 9 139
456 480 36 76
381 219 101 209
368 31 67 109
32 321 23 231
319 451 5 177
465 271 8 119
494 166 12 31
43 244 189 244
363 154 16 40
0 488 47 50
488 288 58 108
190 444 45 101
314 344 12 36
226 373 63 183
232 13 2 47
69 264 72 161
206 264 171 189
147 268 46 52
167 2 122 150
367 459 180 187
337 363 49 160
491 151 139 149
389 215 3 74
383 443 66 183
68 275 18 237
255 171 99 106
333 392 66 196
339 90 11 14
391 492 157 209
311 12 22 48
205 241 8 99
195 178 15 75
159 197 1 20
52 154 203 227
490 494 67 92
75 186 59 133
377 74 72 124
266 425 6 33
153 86 37 51
29 294 16 19
285 231 72 127
156 300 40 65
39 476 81 89
6 454 25 27
451 179 118 197
377 350 21 26
11 334 195 247
385 478 44 44
275 125 98 143
330 399 11 11
381 408 13 197
309 174 25 47
49 481 77 132
207 484 71 185
388 107 9 37
451 30 62 138
44 277 30 54
431 179 161 190
332 328 148 181
247 104 11 44
47 226 213 216
495 365 4 4
98 418 72 215
257 200 99 140
273 196 66 101
38 189 39 190
323 366 134 179
222 471 242 247
477 164 29 69
2 488 0 0
54 242 61 234
361 339 49 215
108 407 152 182
427 119 68 129
59 346 5 177
38 60 149 195
52 425 40 94
337 413 34 193
273 184 132 188
184 491 92 153
206 104 27 100
161 93 10 175
375 332 0 0
40 204 69 194
297 179 163 225
51 153 32 60
475 103 2 30
434 147 19 55
9 395 69 75
327 363 39 221
319 386 26 136
329 314 14 71
138 157 4 34
456 34 45 72
299 215 147 154
244 446 3 81
158 420 53 114
237 248 7 111
224 442 123 207
21 397 64 107
347 149 30 86
291 157 44 169
200 273 17 55
67 279 106 117
173 208 32 79
266 134 111 157
405 158 121 220
155 23 50 112
5 394 91 196
158 129 11 114
248 283 156 164
184 449 4 33
135 220 14 108
388 434 36 228
32 351 132 151
285 158 190 192
293 467 119 126
422 290 48 125
188 348 102 211
254 383 12 17
472 283 117 143
15 480 217 236
157 212 11 129
41 366 6 48
306 201 156 212
223 330 61 63
422 246 99 175
231 145 128 135
215 245 204 238
184 7 110 156
467 368 38 210
474 488 1 1
353 480 138 248
91 371 1 19
373 114 35 80
189 0 204 237
496 134 0 2
377 144 17 206
385 56 93 216
420 125 65 110
226 315 55 64
303 368 124 201
46 227 63 119
133 191 28 33
41 321 173 232
253 104 73 224
303 190 30 123
234 477 141 215
324 4 64 105
54 25 11 171
77 272 38 99
191 145 68 126
390 264 42 47
490 118 228 242
489 436 16 73
298 433 14 25
133 429 4 36
251 275 2 3
32 246 27 179
249 413 0 141
200 263 2 199
50 116 27 127
453 0 180 198
485 136 11 174
114 18 57 195
380 391 14 102
300 139 106 162
55 317 6 45
68 361 25 80
169 112 42 43
398 339 94 102
376 253 51 60
283 269 54 102
190 240 23 244
48 450 11 80
64 492 102 246
97 484 83 159
196 316 26 94
353 234 56 215
469 126 71 155
461 394 25 63
213 331 145 199
387 202 0 108
438 285 55 89
116 262 2 82
463 101 11 175
466 221 17 67
378 59 120 202
488 59 6 74
107 428 117 136
162 125 8 122
464 331 70 214
354 52 180 222
309 129 43 46
43 305 36 146
30 153 125 225
53 16 62 111
138 191 110 231
84 490 31 70
377 49 143 152
221 149 67 171
115 172 2 57
470 37 1 3
296 243 45 104
220 493 69 235
260 97 47 86
307 129 149 195
143 211 39 43
336 395 66 85
229 472 20 36
346 64 30 179
128 271 74 175
215 114 129 172
200 217 2 63
484 134 83 173
24 366 30 57
429 456 57 106
39 343 15 93
327 90 57 89
284 256 3 14
76 303 24 158
189 313 69 177
343 442 77 154
460 395 26 162
356 414 23 42
68 117 30 37
37 297 17 129
48 353 170 219
397 218 46 46
103 169 110 116
387 54 36 107
230 212 86 124
68 484 27 40
30 75 71 85
166 249 55 65
424 484 117 211
68 25 135 200
108 111 53 107
453 473 1 152
138 296 26 36
136 200 65 127
473 4 14 74
356 43 185 215
282 496 137 168
125 22 115 159
131 217 1 31
50 176 1 118
64 58 243 247
137 159 145 238
334 143 0 161
393 58 18 38
98 368 86 160
169 69 79 141
491 394 108 117
143 292 70 107
121 346 9 150
94 98 65 213
58 483 92 188
282 16 60 145
69 121 74 232
124 51 8 16
331 183 15 248
377 104 1 13
355 366 48 50
10 453 80 106
262 87 2 26
383 299 91 156
182 283 11 12
64 197 46 71
125 415 10 15
106 455 39 176
468 197 13 167
27 343 8 95
359 400 0 47
420 436 179 187
54 497 5 85
311 476 152 199
7 210 67 122
22 146 65 131
388 163 0 7
238 423 2 161
1 424 5 88
420 36 0 57
301 177 105 108
53 4 14 95
406 140 70 117
200 99 101 245
118 394 67 91
258 490 124 194
296 477 128 138
408 41 151 223
63 2 20 89
348 412 27 61
36 405 117 228
426 119 10 10
330 84 0 238
313 335 9 139
297 322 80 94
33 164 236 249
358 479 11 14
56 496 84 129
206 325 6 7
300 433 0 143
375 144 11 45
321 371 52 158
490 450 24 246
213 74 141 219
450 303 94 113
454 63 63 177
82 62 42 195
304 344 59 124
3 278 29 132
166 378 13 37
161 426 68 92
349 39 16 35
77 284 13 182
150 400 40 119
59 138 68 112
283 339 156 222
492 315 115 132
252 291 0 102
402 391 20 67
200 47 14 18
13 296 90 104
164 70 6 6
217 494 29 73
71 249 55 126
92 47 94 242
263 420 6 27
276 37 24 168
102 190 0 125
271 324 150 195
105 258 36 36
478 116 17 20
410 202 18 100
173 313 153 200
58 219 9 48
171 165 65 192
366 48 44 72
429 493 37 54
237 403 1 4
7 84 27 100
230 480 90 95
410 93 50 165
95 290 10 17
255 334 16 38
431 174 1 4
85 235 12 28
345 449 124 163
192 303 87 101
346 165 41 80
352 437 41 140
427 160 53 249
87 468 201 209
107 398 175 175
221 160 127 230
415 157 7 9
86 93 13 17
228 457 35 118
299 287 75 87
379 66 80 235
429 347 97 122
96 109 64 135
410 118 57 224
288 222 10 112
76 385 23 220
94 453 16 63
125 383 27 68
272 472 61 82
103 399 43 137
412 448 27 55
191 436 144 168
212 90 35 35
274 313 1 23
279 268 21 218
282 307 13 59
320 345 34 96
313 355 20 143
243 419 103 131
220 413 7 19
12 339 13 219
83 133 173 238
93 446 71 203
150 3 35 71
138 338 94 132
303 491 46 85
372 283 34 139
335 215 184 244
433 274 33 78
268 140 158 167
171 323 79 81
62 53 6 194
206 467 39 81
425 418 18 223
365 336 79 188
52 95 28 191
186 440 65 117
453 478 35 52
233 149 10 10
398 461 27 80
87 106 5 9
239 173 153 174
363 150 42 168
192 22 70 108
136 201 31 192
442 110 47 134
61 188 8 10
477 203 1 33
209 170 31 48
126 246 64 84
73 193 11 13
338 182 68 151
221 219 91 128
498 52 25 154
56 231 67 108
85 423 185 212
108 256 100 113
55 80 1 3
313 382 60 219
105 164 139 164
200 185 52 206
309 9 20 238
262 4 5 12
6 312 30 59
171 159 1 15
127 75 48 105
318 55 62 216
353 84 10 20
75 29 48 118
238 484 30 31
387 308 102 193
142 402 36 211
116 195 4 10
303 182 43 122
422 118 24 60
391 405 230 239
232 433 231 236
161 83 146 154
45 406 172 244
420 324 2 86
219 63 92 225
345 275 102 109
204 212 49 59
462 291 156 236
161 497 44 171
194 313 8 16
174 110 148 218
90 405 107 176
133 108 75 151
379 166 2 183
217 86 30 63
365 417 40 150
468 119 142 204
456 459 7 13
439 368 25 32
205 381 121 211
20 246 109 155
270 368 112 133
12 97 33 62
425 408 71 74
313 279 68 219
119 299 79 105
259 214 8 16
145 5 17 225
197 110 15 51
478 7 129 207
331 271 143 221
223 271 8 122
405 322 59 150
467 323 7 132
62 365 80 156
324 313 39 214
491 468 52 70
487 143 92 221
72 138 45 142
471 43 18 28
238 12 36 56
448 477 108 149
385 6 54 60
428 469 12 32
90 403 19 40
489 189 180 212
382 236 131 151
243 228 52 241
322 176 54 86
238 419 61 149
470 292 89 150
453 198 84 154
311 355 4 14
53 93 149 188
127 110 123 238
374 58 35 134
416 119 31 48
278 269 124 188
156 25 0 1
115 95 36 82
438 183 41 230
252 18 96 147
345 375 196 214
290 84 7 151
408 79 151 206
392 473 72 220
52 35 73 80
267 361 2 30
8 166 10 181
354 336 58 110
303 12 30 31
254 202 144 148
381 28 2 9
137 462 43 50
225 368 130 197
389 347 2 3
272 6 65 76
74 460 5 5
283 424 109 250
95 326 7 146
188 329 40 73
328 74 47 233
454 114 109 127
392 215 82 114
491 321 137 147
138 240 32 66
330 9 71 76
329 108 83 93
335 419 5 61
360 396 142 146
473 308 23 174
45 486 8 18
93 354 209 243
432 472 86 189
344 474 26 202
289 363 58 188
435 15 9 20
339 103 83 120
73 322 71 111
123 301 49 168
321 190 39 112
369 433 23 176
145 482 88 171
350 185 106 174
40 110 32 155
346 157 37 37
427 291 27 190
86 259 141 196
46 131 146 226
274 243 47 58
376 315 27 44
168 76 71 98
280 33 43 80
201 286 132 204
86 255 49 153
493 436 90 190
36 88 2 107
71 398 10 24
9 224 27 28
439 404 79 93
426 162 45 48
480 114 63 206
175 484 102 150
188 333 105 172
243 288 25 123
324 313 3 22
77 367 17 59
161 461 62 115
184 74 17 49
260 413 3 6
71 160 159 183
337 333 145 181
365 477 45 82
328 354 38 211
270 316 75 107
62 486 170 217
376 332 72 164
29 110 120 145
43 34 19 50
354 80 123 132
323 340 11 224
316 13 37 76
31 15 191 218
487 123 195 228
8 428 66 82
74 334 86 171
179 14 185 225
386 82 9 18
156 349 187 220
109 102 36 47
402 233 91 213
353 2 21 167
115 451 41 86
271 136 3 37
287 187 142 159
135 351 11 212
313 475 173 206
68 152 57 157
36 116 222 240
467 349 120 148
342 469 43 49
121 258 16 107
405 243 72 84
66 379 198 248
313 243 58 95
61 55 211 249
467 204 106 130
41 379 4 43
157 343 7 18
189 292 82 92
58 464 29 30
253 382 75 159
358 494 27 103
304 425 208 248
98 477 221 233
473 67 7 37
310 158 10 99
143 467 11 115
442 7 61 140
42 383 21 195
88 409 70 122
467 124 34 105
105 383 6 65
166 360 145 228
259 380 4 5
466 378 122 206
397 30 19 47
487 439 167 172
401 305 18 89
149 460 123 244
466 100 8 30
493 402 39 47
34 420 54 223
147 485 6 146
132 438 11 77
151 75 0 0
31 71 19 57
7 170 15 36
217 350 36 51
357 361 29 224
327 282 171 219
121 419 46 175
24 417 14 118
170 369 203 207
365 194 62 124
192 471 20 91
112 452 19 69
281 126 228 232
452 267 76 97
102 284 0 123
23 290 0 63
304 17 114 222
436 266 38 96
483 213 14 74
453 3 81 180
357 303 5 47
204 250 5 29
33 445 141 210
164 303 128 186
139 166 36 148
429 115 20 60
62 447 127 156
9 104 129 160
78 213 45 82
204 479 4 16
374 102 217 221
43 358 49 115
460 386 134 191
83 250 55 63
210 94 144 148
144 355 21 107
47 367 10 95
303 51 15 31
174 356 34 61
192 456 0 19
19 185 43 76
450 194 25 186
398 331 44 154
122 465 165 168
370 321 2 2
252 228 161 170
452 429 7 126
293 137 34 57
283 165 3 43
107 430 16 46
183 279 153 211
305 304 18 246
189 227 98 229
33 137 33 87
325 187 81 195
330 65 85 137
150 154 131 204
114 219 44 121
149 135 132 148
471 450 52 197
172 390 1 25
452 481 19 134
470 253 25 91
466 92 86 151
73 371 60 240
318 319 18 98
226 16 93 98
359 385 189 198
118 232 17 161
434 426 62 98
61 84 46 172
164 63 7 101
51 103 10 34
372 291 75 113
107 423 7 83
158 345 31 54
299 165 120 232
265 44 49 173
107 111 63 150
408 476 94 187
83 216 75 136
288 463 69 175
272 18 165 233
190 70 189 216
94 74 29 42
15 314 62 66
300 332 0 17
248 163 89 245
235 339 39 59
257 412 75 165
95 132 17 22
240 164 51 52
119 377 43 126
304 79 24 26
361 33 57 97
322 107 66 135
313 64 2 85
20 351 46 139
433 391 85 134
180 133 66 98
62 421 109 174
179 44 79 170
209 237 27 172
37 228 6 140
261 114 45 89
116 195 101 153
216 146 167 234
331 287 103 149
245 351 141 245
406 471 69 110
277 443 38 185
119 4 1 9
394 89 5 191
24 247 23 130
38 485 1 1
348 136 18 69
32 59 14 134
247 25 137 192
249 187 7 13
411 160 108 137
343 111 84 201
361 450 126 163
87 97 24 233
317 179 14 18
163 282 35 69
439 381 72 230
134 97 176 192
439 317 64 150
148 493 160 209
130 455 141 224
279 369 181 244
235 64 206 250
314 8 10 35
467 206 17 17
146 219 8 18
67 468 0 3
393 376 53 243
290 366 5 23
456 317 81 211
63 451 160 171
253 462 35 122
21 333 25 87
150 101 43 88
334 452 4 63
438 197 136 228
340 473 145 182
166 124 0 6
153 154 4 115
326 158 48 70
494 102 5 7
88 403 191 222
492 179 81 193
338 343 14 82
57 5 167 199
142 401 2 81
494 91 7 77
192 200 198 232
357 201 172 245
238 117 63 131
126 304 94 238
417 343 197 222
47 13 58 130
415 155 31 93
451 454 103 178
210 413 26 114
264 70 112 151
424 375 135 248
337 249 142 194
55 65 50 83
347 344 22 22
176 312 10 46
449 108 103 132
212 182 94 104
398 439 43 200
355 299 139 234
451 24 16 44
251 46 197 215
452 370 195 240
465 215 225 240
412 155 5 9
475 351 4 14
218 450 1 1
171 321 29 78
388 157 5 13
293 301 10 73
359 99 79 89
97 487 159 239
158 434 22 119
191 62 40 69
488 399 57 126
471 39 151 161
498 213 11 27
438 229 83 190
482 130 171 213
268 323 3 211
425 221 182 223
407 411 90 95
318 165 44 111
89 253 23 25
436 321 5 56
423 92 133 243
118 36 32 71
285 386 138 227
261 313 121 223
52 8 160 231
234 108 30 39
222 95 82 220
439 490 57 158
332 456 29 52
39 147 85 86
20 297 19 40
59 388 14 111
445 125 21 21
303 368 7 41
155 379 29 49
281 22 133 173
369 434 60 144
239 16 189 219
262 418 30 61
228 15 76 158
440 477 1 8
255 328 83 129
254 168 27 216
73 307 194 247
440 127 0 2
398 331 17 63
11 74 9 56
176 30 10 11
289 377 2 2
121 274 10 123
180 410 3 11
136 479 25 69
66 222 103 160
170 492 20 73
369 208 22 67
71 131 73 148
174 483 25 95
37 285 86 176
326 4 67 124
180 458 0 158
139 426 30 88
83 165 21 72
237 21 5 33
215 462 47 235
428 232 135 202
490 229 203 235
395 95 39 46
192 270 83 234
311 52 118 234
16 186 28 71
236 129 58 68
230 266 134 138
423 92 34 46
71 380 68 110
195 76 18 46
107 187 64 237
366 416 69 123
15 465 174 241
453 438 158 161
277 207 84 121
343 304 75 242
45 164 6 35
275 321 19 158
88 223 153 166
348 57 99 108
487 163 13 14
459 72 7 123
18 389 13 116
107 431 2 202
474 269 60 64
322 442 98 98
69 294 59 60
432 128 101 172
289 341 22 248
327 443 14 44
148 266 30 206
92 208 36 57
483 7 14 14
387 114 23 34
61 474 117 234
35 376 77 223
72 51 36 72
392 365 150 237
498 158 84 213
476 449 101 109
294 139 99 117
446 323 84 158
205 178 33 39
16 72 0 3
377 345 49 66
351 425 0 3
383 430 68 169
17 75 28 138
191 163 25 80
75 322 13 195
21 343 13 36
455 411 59 61
469 112 0 73
476 319 35 49
199 481 7 22
380 195 72 218
178 38 14 22
65 488 152 171
370 214 4 30
473 25 2 2
72 273 101 139
189 281 100 227
105 182 201 215
293 150 69 84
271 165 2 6
238 338 18 201
316 190 84 202
319 488 166 217
386 400 33 168
20 324 127 202
14 135 75 225
153 364 97 113
121 126 124 140
345 9 23 127
183 375 83 173
47 477 35 171
13 113 6 130
115 113 115 207
123 210 20 126
47 489 34 207
422 96 26 70
21 158 42 44
445 416 98 243
7 74 78 186
245 232 54 65
330 447 11 145
205 195 75 239
140 388 0 20
475 170 10 20
27 459 62 155
336 41 38 56
77 141 33 192
102 95 67 142
204 94 149 167
29 90 22 27
274 244 14 21
133 383 80 156
185 111 98 102
466 287 11 21
102 153 60 93
385 193 93 168
136 487 5 47
372 97 191 224
317 299 63 238
420 158 230 241
343 130 28 183
180 357 69 101
325 376 62 186
131 335 45 72
448 189 18 78
387 164 0 152
273 56 112 149
97 68 204 220
459 73 62 63
374 213 115 192
277 440 163 236
320 415 0 0
186 414 89 119
275 94 27 164
477 154 157 211
85 377 19 46
494 316 156 214
77 123 79 91
7 445 121 223
439 52 5 6
456 429 10 21
161 157 234 246
336 64 105 152
345 146 76 104
154 483 17 42
193 189 31 163
371 15 6 9
125 342 37 78
460 152 71 81
390 420 128 152
473 253 95 163
26 299 15 212
232 272 151 232
44 60 106 165
127 453 104 145
423 313 38 100
396 436 150 242
497 76 14 38
415 33 184 224
493 96 27 78
337 490 61 137
43 21 94 171
18 42 20 59
29 215 33 42
397 144 73 127
93 429 52 198
489 429 164 173
245 136 0 29
64 380 140 226
191 419 34 120
236 379 9 237
227 312 90 138
359 394 18 21
24 418 33 50
486 112 192 214
82 176 53 177
346 44 20 224
448 30 44 82
170 198 111 132
275 494 104 163
53 150 20 149
335 17 19 58
309 154 84 107
458 413 62 62
152 118 211 212
458 321 231 247
191 56 16 16
412 135 80 179
297 158 32 82
254 246 76 156
344 230 3 64
436 105 38 163
443 251 80 93
134 382 46 74
379 446 148 228
319 474 128 236
104 218 89 154
214 96 14 53
70 220 116 235
291 412 2 188
414 382 87 188
158 243 28 53
44 14 172 208
456 0 5 60
197 193 61 158
286 147 48 178
61 133 44 186
7 225 95 97
379 324 80 190
71 222 70 226
184 274 53 147
443 268 14 22
115 272 18 32
299 432 4 26
471 264 30 43
110 326 26 31
389 266 32 195
341 81 6 9
126 36 58 60
376 444 33 220
166 56 163 244
368 133 54 151
312 75 210 245
114 255 2 10
185 429 194 238
28 251 72 78
435 49 73 200
350 439 105 203
481 272 9 215
124 119 1 115
416 380 208 233
181 0 28 64
384 316 222 234
480 177 83 155
475 337 137 247
306 447 4 8
82 90 67 182
15 12 75 141
329 172 105 123
67 213 58 65
452 270 79 82
397 444 38 62
451 113 41 55
307 475 157 200
455 379 31 126
197 479 17 20
68 89 185 195
354 80 72 133
466 386 172 185
491 253 67 129
163 234 24 100
352 438 95 247
477 49 2 7
277 275 114 234
171 424 203 233
86 142 28 98
406 213 39 53
36 49 155 155
308 242 23 44
414 340 192 201
176 82 12 63
434 192 30 72
277 405 86 229
460 450 218 226
320 125 121 134
91 145 130 216
151 184 38 88
44 194 158 250
323 332 52 108
304 27 30 73
71 404 2 10
476 215 180 248
62 286 69 116
390 34 112 184
158 126 61 160
67 330 42 181
121 217 5 12
399 419 224 230
397 292 112 232
122 293 57 138
18 183 136 241
2 256 59 70
269 97 33 151
195 90 49 99
368 37 46 157
344 14 55 75
63 147 166 205
2 332 8 17
240 361 3 10
164 154 6 12
395 469 2 37
176 459 35 99
383 345 170 239
205 243 5 27
412 221 84 162
178 117 14 132
233 205 14 88
15 154 12 49
420 281 26 55
9 184 5 10
213 11 30 179
292 282 1 164
129 209 37 111
400 309 119 180
250 350 4 27
273 301 160 235
44 383 22 212
225 112 151 165
193 415 72 95
2 175 97 104
402 127 119 121
405 129 151 234
456 182 70 216
416 209 23 119
104 419 136 139
224 102 105 219
258 114 136 238
440 498 113 160
87 451 136 187
495 259 3 88
8 226 52 230
369 289 6 210
201 163 14 138
234 164 179 217
103 163 3 213
399 49 116 202
289 498 31 32
245 281 107 134
226 225 17 226
286 199 187 193
376 446 75 105
156 218 160 245
225 370 20 62
55 479 80 83
443 9 39 239
329 269 128 202
395 196 188 225
164 257 1 2
405 117 36 95
184 327 54 59
240 196 22 74
222 82 149 185
354 367 137 181
219 349 72 115
431 341 25 91
167 294 129 146
331 228 32 133
419 85 68 138
376 221 18 154
406 478 19 99
446 483 70 193
290 469 34 63
148 345 62 164
331 333 51 241
265 59 0 0
4 425 164 181
53 208 22 27
481 378 88 136
4 457 64 157
240 399 14 60
224 272 156 229
132 328 110 156
216 404 4 58
176 113 92 193
128 60 15 26
393 238 109 139
56 366 22 23
151 107 34 145
41 68 61 63
232 250 61 163
206 106 45 179
156 334 31 131
447 262 75 165
436 186 23 204
255 246 87 202
2 486 8 155
69 476 63 113
241 280 68 102
281 293 25 219
212 456 4 176
205 252 24 46
398 390 53 141
66 173 64 228
489 213 14 37
194 110 83 212
230 42 108 205
194 406 14 125
417 311 1 9
251 97 5 37
138 183 84 231
422 194 4 11
155 443 10 93
485 314 49 155
400 375 15 49
455 239 0 246
182 95 16 39
8 335 57 135
489 202 129 155
97 338 5 57
418 474 9 117
259 46 25 123
349 22 161 192
276 447 88 159
407 446 100 117
398 393 143 167
337 76 13 113
476 410 49 131
457 107 45 165
9 13 22 45
132 213 61 197
467 272 135 151
322 79 130 246
344 94 54 55
122 232 95 117
192 340 190 224
72 401 119 150
285 498 166 182
31 180 60 103
296 48 118 171
446 451 159 237
257 453 46 50
130 324 77 202
60 3 47 243
93 336 0 3
409 482 41 54
262 355 16 29
493 486 186 192
467 420 13 20
213 199 110 250
456 432 56 97
243 88 142 227
311 409 23 47
62 440 110 110
254 174 199 212
132 205 76 149
310 20 83 116
25 231 34 128
238 249 79 144
124 373 70 110
358 177 26 48
224 50 16 28
33 265 31 37
450 491 12 13
182 109 81 140
277 122 102 212
439 223 68 90
464 65 4 18
68 397 35 106
214 381 48 151
274 79 67 106
317 387 3 203
445 485 236 236
78 167 120 218
289 338 30 176
176 217 19 118
410 6 39 171
120 178 0 3
153 27 216 246
28 349 22 43
335 219 73 227
210 494 50 202
266 92 104 200
158 248 44 67
295 438 49 55
345 262 82 107
227 54 78 213
380 445 39 113
225 5 100 234
224 263 1 88
2 28 34 155
114 483 126 246
273 38 127 161
137 253 2 11
287 255 63 116
58 353 67 84
425 90 43 133
64 138 12 71
369 255 16 30
471 303 120 167
449 173 43 171
21 395 153 217
381 97 10 33
274 242 62 200
311 483 135 207
243 350 67 162
134 243 42 51
103 52 22 65
296 20 2 105
354 494 79 135
491 111 79 119
328 53 75 117
496 67 0 210
346 434 131 218
61 410 89 205
405 59 9 220
473 24 100 143
372 248 127 241
267 46 54 152
231 155 97 151
193 486 66 80
140 495 153 170
103 7 9 13
1 393 31 33
256 473 27 32
14 67 25 164
111 329 5 44
448 385 45 85
443 254 9 11
436 250 45 58
460 136 39 242
270 278 107 127
199 308 23 37
121 394 112 131
461 494 202 236
398 76 209 217
470 344 15 98
38 484 3 71
130 380 99 191
293 453 42 60
309 341 1 63
132 464 9 21
140 185 13 216
349 327 93 112
42 285 73 141
40 89 172 184
347 452 24 199
337 239 76 112
137 374 11 46
299 475 94 208
280 283 5 7
115 38 90 237
458 195 95 144
97 332 130 219
325 43 44 152
9 42 39 63
472 381 39 74
160 236 9 133
55 303 214 241
40 413 40 46
19 64 105 127
317 201 13 86
57 117 190 193
395 109 140 201
85 347 59 106
473 458 9 51
128 231 15 16
170 114 36 49
178 172 14 68
403 269 17 150
71 296 78 219
106 460 8 32
350 171 218 240
209 120 85 171
129 230 181 186
208 31 242 246
478 466 33 104
372 304 4 133
74 158 0 170
461 143 49 128
7 95 24 75
238 37 9 26
276 275 16 71
396 201 89 192
304 490 118 160
216 137 72 201
93 278 117 129
302 145 35 58
275 52 17 157
395 162 13 76
236 175 0 7
276 370 41 226
20 476 47 105
247 144 19 106
436 211 148 186
339 211 30 238
125 6 7 18
289 485 29 43
320 172 64 80
462 344 58 62
145 124 79 124
4 158 163 206
107 172 66 214
309 73 14 149
86 400 53 60
334 384 42 46
146 349 110 186
5 394 51 59
341 225 89 135
101 75 166 188
93 187 13 57
289 148 40 43
172 194 5 9
355 285 4 37
69 442 132 213
192 218 9 26
214 331 50 56
179 498 8 8
426 214 157 169
480 188 12 58
219 39 71 103
325 75 25 34
328 296 29 94
252 242 42 106
177 428 31 118
228 356 48 106
342 304 14 25
6 452 16 193
248 222 1 34
275 347 52 106
139 203 36 68
286 399 17 75
479 239 60 168
446 100 85 129
393 274 1 47
311 121 75 117
313 165 83 85
278 273 58 176
267 148 21 56
494 410 209 212
371 174 3 132
84 362 84 125
498 45 40 63
150 323 2 46
226 443 74 118
17 150 161 246
490 70 8 33
286 79 47 71
347 214 71 200
169 193 157 166
46 309 19 69
298 430 71 78
31 140 61 105
394 17 105 151
297 207 180 180
190 141 209 215
417 59 13 170
480 405 16 59
389 47 3 232
146 64 158 196
154 76 72 77
421 114 41 76
186 272 152 221
131 318 6 31
453 248 150 158
184 467 69 69
376 465 50 207
119 157 85 91
274 491 183 184
169 421 3 48
462 276 63 120
119 348 200 201
271 134 81 99
119 353 21 40
357 496 71 162
489 338 21 189
97 90 65 70
465 28 59 113
108 173 45 226
158 19 58 218
341 92 45 177
464 329 139 148
90 132 49 205
110 419 52 227
15 475 0 0
234 161 28 99
413 143 31 140
266 14 162 184
278 149 8 21
117 259 20 100
357 42 28 70
269 308 12 106
363 40 83 124
326 355 124 165
409 331 15 124
412 197 28 155
84 347 141 146
60 183 31 107
214 234 0 1
25 337 6 48
409 59 50 80
97 429 4 36
348 141 3 150
381 400 66 153
19 61 11 125
199 169 48 80
315 275 88 163
148 142 34 47
69 409 1 1
42 236 177 184
449 282 2 111
96 235 101 175
430 266 45 46
204 207 8 15
481 39 43 94
46 9 57 174
410 167 17 25
297 438 45 49
4 196 40 113
289 482 154 155
390 292 55 188
221 337 6 27
363 322 63 156
25 411 19 97
466 97 143 168
58 5 20 51
463 205 76 132
23 216 42 43
42 459 0 4
35 43 89 122
329 282 33 46
22 328 70 160
65 50 20 134
31 33 44 194
201 275 32 98
75 471 240 248
264 206 123 129
176 13 2 120
88 76 130 188
101 389 83 143
7 127 33 90
440 45 66 122
242 131 46 47
426 482 63 98
387 262 2 7
314 357 71 116
423 397 56 68
414 385 10 132
191 121 5 7
283 490 90 139
469 145 18 73
228 319 21 144
23 289 156 183
355 13 73 110
423 113 12 166
72 243 20 59
64 202 214 250
58 301 21 60
65 363 51 236
474 58 20 54
373 469 29 124
73 229 106 206
89 134 99 179
433 207 148 177
138 112 30 110
1 81 81 189
230 372 224 230
363 86 56 110
290 0 99 132
342 272 0 16
333 337 11 98
193 137 95 117
268 180 178 224
8 271 12 27
150 270 176 183
335 52 127 136
278 173 66 152
100 280 0 7
15 353 33 36
322 105 22 71
311 411 0 1
349 442 49 167
70 449 148 218
100 50 104 137
210 275 53 136
466 58 32 154
390 381 32 75
413 263 33 92
406 99 135 144
84 293 66 203
373 114 12 50
156 197 53 82
49 430 58 186
180 30 23 85
129 300 8 11
287 377 28 39
172 416 0 48
90 355 50 124
106 492 43 159
219 442 106 220
42 163 9 226
429 59 37 77
413 314 139 189
338 285 41 70
316 331 4 92
79 450 6 73
27 86 73 103
297 133 45 53
51 482 4 80
0 384 12 30
21 126 34 241
35 134 59 126
395 268 77 231
116 492 153 187
444 405 92 114
196 197 110 189
443 64 117 157
219 31 68 76
276 184 109 130
216 225 94 178
232 483 39 76
191 420 2 3
361 204 29 67
181 86 105 199
324 256 106 233
129 240 134 156
297 467 28 33
402 492 79 190
392 317 55 132
199 189 0 189
248 424 4 215
198 89 41 237
229 46 129 164
17 198 10 214
30 443 176 186
201 286 97 182
27 138 28 215
352 74 15 231
173 242 92 226
102 62 96 99
428 370 6 21
6 115 146 208
256 351 86 135
53 405 122 136
376 159 14 207
455 330 5 8
412 471 149 220
170 150 8 8
432 227 119 173
233 113 7 147
463 294 161 161
100 130 83 93
287 28 25 69
247 163 54 127
206 346 43 222
345 207 31 141
432 382 89 166
324 271 62 110
244 237 140 244
209 384 101 186
191 115 60 89
112 415 62 164
370 212 133 136
83 241 55 221
2 189 56 69
351 159 9 27
248 488 10 48
347 105 95 97
185 272 54 214
307 399 66 67
103 26 75 157
484 444 4 156
137 486 43 102
245 277 9 12
114 461 32 186
417 369 25 74
75 479 85 100
72 363 63 94
18 248 86 166
475 170 13 21
435 397 107 138
240 392 3 3
286 125 223 246
411 445 24 150
58 244 94 96
496 259 31 36
185 145 116 174
180 30 158 227
85 408 79 79
348 441 35 192
130 398 4 72
291 2 153 240
61 420 167 176
344 141 138 156
282 348 59 233
365 225 64 67
189 118 4 231
90 434 139 170
401 483 35 193
384 441 14 143
189 192 38 209
149 326 106 175
313 117 31 36
358 172 26 153
442 205 58 70
230 65 76 229
224 102 30 49
245 67 61 71
227 345 2 11
372 274 92 112
334 134 99 139
151 28 53 143
166 293 209 227
156 86 64 87
8 435 36 112
464 84 10 213
185 209 75 144
158 495 139 164
74 442 62 69
107 325 70 122
303 212 102 155
168 476 22 33
481 238 1 8
161 353 26 28
462 122 104 119
283 326 5 6
450 135 114 157
88 59 6 24
115 358 25 62
448 369 21 107
381 462 23 29
64 209 62 67
436 159 4 5
311 353 45 247
72 263 28 153
143 311 59 94
15 352 0 6
266 268 9 97
238 87 70 113
488 199 100 233
461 479 12 69
126 392 98 154
36 134 48 166
461 275 40 46
262 479 77 126
61 211 91 197
175 333 14 24
268 130 123 152
81 139 6 6
57 67 0 1
61 89 6 14
203 384 107 120
61 44 62 232
495 196 68 101
169 396 7 18
252 464 28 216
148 451 10 130
112 203 57 80
318 199 121 241
33 163 197 235
480 181 43 65
269 420 2 50
307 472 23 147
372 272 195 211
418 118 53 84
481 89 86 147
200 376 8 40
206 383 1 48
109 419 179 191
32 189 17 37
256 400 60 66
421 212 0 173
207 210 2 3
409 390 6 8
213 340 30 72
388 147 40 84
335 347 66 90
99 206 22 202
352 57 7 9
222 331 41 89
239 310 141 160
306 6 24 35
162 106 12 215
54 107 25 162
255 100 18 28
327 397 30 52
20 256 33 187
151 334 11 101
428 150 105 121
31 497 62 222
379 180 33 34
264 206 196 242
317 71 0 10
496 380 10 24
78 384 0 56
90 436 36 202
491 419 53 114
173 349 20 163
375 36 0 43
392 23 1 41
69 240 118 130
312 250 145 185
382 228 114 116
347 387 162 218
64 60 68 165
344 296 46 62
457 75 22 58
472 100 47 93
80 323 8 189
288 488 72 235
243 55 212 216
295 350 14 65
241 336 1 103
20 186 92 153
148 284 34 137
220 478 72 97
490 67 6 25
141 436 76 178
70 371 10 22
41 407 183 217
378 244 196 216
262 481 113 177
16 80 17 122
20 81 96 175
12 426 79 99
78 29 20 200
312 490 8 197
330 204 6 39
368 396 42 79
335 316 39 86
430 415 8 91
165 16 28 142
150 153 9 10
409 293 37 165
411 34 30 50
47 437 9 104
109 446 105 113
125 325 61 87
196 192 40 96
10 475 38 45
456 304 9 17
251 465 134 138
196 353 94 149
173 268 4 36
453 300 22 57
68 389 68 71
479 184 208 208
299 431 5 38
191 141 40 138
249 2 13 142
439 138 56 86
51 226 48 88
414 98 214 240
341 239 97 138
271 187 127 163
18 189 57 123
482 422 57 162
245 220 45 151
383 53 20 36
283 475 62 84
295 143 57 115
267 258 0 32
112 177 54 91
230 375 47 57
140 19 159 212
80 365 16 85
171 209 20 56
111 1 51 102
477 194 94 171
44 35 10 16
53 229 19 45
312 321 153 174
321 408 69 188
483 438 135 155
206 7 56 220
345 195 42 42
227 114 27 176
449 232 123 230
50 59 21 37
80 264 13 61
36 346 27 137
84 241 49 86
307 177 50 173
35 36 14 14
467 451 37 40
369 447 36 179
180 30 111 243
325 496 139 233
456 223 143 226
54 404 11 32
138 30 30 36
356 34 9 18
52 134 60 136
379 321 26 221
399 353 79 133
420 382 108 196
433 360 5 47
483 221 76 216
38 34 43 47
309 390 8 13
352 415 83 105
332 360 55 139
155 12 242 243
268 37 1 23
423 95 9 68
229 76 0 26
44 47 95 98
50 286 69 72
418 395 88 128
462 137 51 87
148 302 157 232
348 230 93 198
453 318 147 216
145 85 24 32
18 297 36 144
30 340 52 53
415 424 91 217
473 330 2 3
125 170 8 26
266 93 26 94
433 399 52 100
121 421 48 69
268 19 10 24
102 173 6 29
425 176 39 79
99 76 236 238
391 117 47 52
27 70 163 187
220 387 57 64
20 432 4 9
65 230 0 4
268 228 5 38
349 159 61 115
494 25 171 189
61 3 54 182
340 367 30 88
449 337 47 120
397 310 123 204
246 340 51 210
333 30 55 80
40 165 0 1
446 291 1 11
336 206 171 185
100 314 23 68
96 261 93 120
143 165 11 48
199 479 203 212
243 458 11 126
97 148 10 132
33 277 58 72
453 249 61 128
436 274 0 0
405 145 21 69
294 8 22 87
129 207 59 71
293 43 15 21
45 356 54 130
201 399 169 197
119 209 105 236
107 131 6 124
224 349 128 149
269 404 1 73
441 326 15 37
480 49 24 33
489 251 76 183
411 23 166 184
67 348 34 45
25 147 58 103
60 215 119 149
318 370 5 31
473 213 18 197
324 476 141 155
344 428 100 154
249 481 168 176
302 42 97 247
138 174 16 141
297 305 150 216
17 477 6 105
294 200 60 164
323 101 102 232
184 392 87 166
137 363 55 76
361 168 80 155
72 18 67 88
246 381 58 80
252 275 92 153
398 234 38 40
91 417 10 122
63 466 59 237
324 221 29 96
272 383 45 47
245 469 73 117
24 450 126 211
355 32 39 211
474 415 6 207
413 49 0 2
228 349 46 67
234 85 123 250
306 326 16 30
340 261 84 123
153 376 197 198
43 267 10 30
419 304 39 166
21 481 58 122
327 331 47 48
391 367 203 220
148 151 7 45
418 78 136 160
203 421 80 185
202 98 63 141
268 416 96 157
235 377 7 29
413 9 42 77
197 101 129 147
89 46 50 99
260 96 94 166
277 351 167 213
173 484 30 47
282 207 153 226
297 93 6 96
349 458 211 236
65 299 56 154
27 383 149 198
63 22 55 129
255 237 16 133
160 157 66 82
111 24 2 32
168 75 93 96
50 297 44 53
118 195 8 8
193 19 52 68
21 87 23 45
282 480 149 219
175 204 17 20
112 1 23 46
396 293 70 176
418 300 141 230
11 82 9 63
260 367 2 5
16 59 16 241
225 223 61 171
8 81 18 77
203 169 21 118
229 34 133 150
285 325 29 93
237 80 49 219
311 391 171 182
143 455 27 239
30 302 76 88
117 162 219 235
451 196 67 120
77 22 32 161
214 185 29 184
317 264 78 203
479 374 97 99
132 364 56 112
270 189 121 205
35 354 92 180
481 72 64 236
167 75 161 245
117 286 23 44
124 260 35 57
19 461 41 179
342 27 111 187
21 463 52 151
438 264 28 220
255 318 19 63
244 315 64 85
294 390 14 124
305 201 11 79
34 348 45 136
486 193 36 171
134 283 44 55
330 440 46 121
283 364 192 249
72 300 50 81
218 150 4 8
235 231 16 205
158 194 124 126
455 125 3 13
29 39 219 223
469 326 2 101
417 75 46 233
93 364 97 100
173 218 13 19
255 123 14 61
64 396 25 87
231 98 140 188
117 435 12 46
123 179 68 108
3 120 51 219
158 470 131 133
220 188 3 25
58 7 3 6
393 156 162 177
231 255 63 245
163 76 138 197
491 480 131 191
390 365 159 169
450 381 78 199
336 352 2 10
29 242 16 66
391 449 58 174
138 267 174 217
48 303 106 169
274 103 17 44
66 263 47 235
395 104 148 226
73 372 1 21
78 480 26 48
364 476 23 69
270 365 111 185
129 42 135 215
189 371 130 145
478 344 45 50
232 223 66 104
106 309 22 34
65 135 202 230
420 415 155 191
380 54 73 128
275 134 87 113
32 53 11 24
61 352 23 79
144 474 22 30
127 184 77 196
292 144 18 136
383 422 44 57
398 37 39 56
442 332 29 65
347 283 4 77
371 284 90 97
423 206 50 74
224 237 36 170
213 164 4 8
252 206 0 82
79 271 163 187
172 455 165 236
131 473 14 201
315 194 42 60
454 238 57 58
64 368 6 47
495 157 20 221
139 207 56 59
278 400 131 190
353 2 55 65
144 328 7 8
480 441 168 184
498 72 179 182
37 391 17 22
404 196 47 82
206 473 134 238
163 318 15 40
165 17 7 21
364 276 138 149
264 279 121 233
218 347 17 33
307 184 63 128
65 276 81 171
333 114 41 43
24 113 0 2
242 385 213 222
390 327 0 8
166 171 58 64
198 40 18 163
168 42 1 71
111 380 1 2
437 406 115 144
73 211 22 77
307 380 5 38
204 148 84 243
418 4 41 41
294 470 115 182
51 177 57 223
470 167 179 215
208 60 43 46
124 212 21 59
239 271 1 4
67 15 155 233
404 15 176 222
71 387 44 149
60 120 6 27
88 228 33 43
354 447 19 144
350 83 13 63
390 96 35 75
92 185 21 42
259 169 37 47
321 109 52 116
37 27 22 127
246 78 62 128
398 175 38 250
471 160 5 32
328 298 76 189
7 209 39 199
478 467 81 146
199 22 25 116
267 392 89 224
369 278 78 207
26 275 2 12
166 238 106 241
105 353 1 1
487 253 51 143
367 218 98 143
338 95 188 209
211 484 54 96
125 420 13 22
68 25 103 146
258 412 6 6
196 223 2 90
93 67 132 247
267 186 1 218
20 465 8 38
386 445 148 200
495 76 191 203
275 403 15 232
297 306 22 56
263 40 97 125
285 426 207 207
127 204 73 167
406 186 111 149
395 478 61 163
97 226 19 59
260 55 1 6
55 316 58 184
79 245 26 82
296 65 35 94
183 331 142 153
161 221 149 164
1 269 23 50
437 247 55 207
156 256 69 95
121 99 29 158
87 114 126 242
197 420 43 141
304 446 0 90
384 431 108 155
103 380 29 125
84 19 20 113
423 374 55 183
346 175 196 232
368 31 55 120
419 347 9 22
352 287 17 142
194 442 15 61
30 237 3 9
218 415 174 197
6 56 68 68
142 204 11 195
69 206 16 122
197 376 75 79
339 370 34 78
20 16 9 10
136 15 128 134
486 89 152 206
43 473 13 21
324 280 22 27
232 117 4 132
406 47 140 165
90 486 109 174
229 376 22 78
356 265 2 9
183 214 86 104
271 394 2 56
118 413 0 0
419 361 65 172
150 393 216 238
150 497 59 98
25 274 69 75
98 416 22 138
312 192 142 213
332 477 115 199
209 250 30 171
8 354 5 108
49 247 83 173
251 61 45 54
266 3 7 71
126 437 36 195
414 168 230 233
302 323 27 47
286 53 3 74
98 343 1 1
192 188 5 108
295 63 39 52
299 79 160 160
443 394 61 178
106 172 28 29
427 38 6 20
411 479 192 227
130 45 30 97
456 186 68 133
23 45 86 241
206 332 181 190
88 391 9 81
252 185 3 21
308 321 90 134
268 261 23 84
447 407 4 5
2 264 21 193
291 235 86 96
465 277 103 143
213 443 10 189
435 10 22 236
33 465 15 153
304 37 42 79
346 451 22 27
143 360 3 18
229 360 26 80
447 293 133 165
379 254 129 174
409 423 21 52
177 492 16 20
165 322 64 76
431 456 46 137
31 472 18 189
420 425 24 132
379 396 19 72
74 19 50 156
134 326 9 66
454 205 7 163
401 310 173 211
480 336 122 160
64 140 92 141
221 310 6 77
476 171 58 220
109 412 190 248
149 297 161 195
337 342 35 143
397 95 1 35
484 3 69 79
325 349 22 92
345 149 28 73
274 294 66 111
309 248 8 153
31 328 32 53
476 251 48 62
242 239 1 28
493 192 46 77
478 48 93 124
415 304 2 122
364 22 105 249
152 403 63 246
8 365 37 109
386 483 103 243
314 120 31 53
488 334 123 135
8 111 80 113
341 418 198 242
219 459 184 209
378 84 37 53
406 209 73 110
25 108 15 42
246 445 40 132
123 329 33 199
473 318 8 9
62 49 37 48
89 35 18 245
15 230 116 241
38 375 127 139
142 126 117 162
131 477 12 68
366 319 89 238
53 192 131 168
490 161 20 167
33 156 0 2
187 467 64 214
392 20 139 195
51 397 123 171
351 80 165 185
322 491 3 39
3 381 97 180
303 419 2 24
95 255 129 177
172 372 0 0
42 212 49 194
356 206 64 123
213 459 43 51
327 242 136 183
435 203 32 79
125 105 198 221
337 106 12 45
205 20 101 235
40 7 79 243
100 219 51 76
218 214 216 216
298 151 191 211
295 395 24 106
99 250 85 91
2 149 68 70
240 298 144 249
282 4 50 64
244 490 221 231
260 131 23 107
248 103 71 234
262 200 166 210
372 152 28 39
405 399 7 144
52 305 73 169
285 436 88 101
496 344 1 1
271 90 76 81
372 159 175 210
487 468 14 15
83 262 23 26
377 416 33 176
387 243 68 129
141 163 52 125
59 32 59 93
425 350 67 151
206 281 75 213
486 143 32 69
96 170 175 212
465 345 59 104
192 219 114 125
46 407 30 183
92 380 49 64
404 52 61 231
436 404 68 176
326 201 27 155
427 355 59 68
495 40 147 174
351 81 9 64
200 94 88 204
380 298 2 2
403 313 6 41
179 484 68 140
312 419 83 178
74 218 56 123
129 434 200 220
373 21 206 244
160 152 19 116
28 472 100 192
92 473 85 124
266 158 154 166
290 168 51 56
284 4 11 27
478 470 72 245
447 36 114 204
230 348 24 71
332 359 111 147
33 205 62 95
402 403 8 44
380 335 32 105
217 163 39 74
111 131 4 4
433 58 6 97
412 347 13 231
450 170 10 207
238 20 49 144
437 254 18 79
495 1 13 58
364 459 105 239
251 442 99 141
466 53 24 54
51 470 4 62
414 448 24 240
451 10 23 59
418 459 13 26
341 433 27 46
160 155 139 192
400 168 21 177
120 226 15 109
355 443 84 199
137 38 97 129
27 34 51 103
119 280 25 29
216 174 5 221
245 9 6 69
221 311 21 154
315 104 239 247
254 294 26 47
145 282 85 242
342 69 128 163
288 103 16 32
426 38 141 193
43 471 125 238
41 69 105 141
38 197 88 172
171 495 3 6
449 133 81 248
68 398 6 79
476 438 5 5
393 151 44 202
451 1 65 244
85 410 185 185
313 226 0 0
249 459 14 15
206 468 16 146
305 446 1 84
18 28 57 221
103 400 171 219
292 163 70 247
199 59 93 179
380 455 200 220
276 45 62 80
104 438 24 27
133 174 37 217
472 238 46 76
472 2 35 105
402 375 52 162
188 337 0 151
13 65 7 105
128 387 35 96
305 362 21 30
401 170 23 133
164 261 52 58
420 336 161 189
245 17 85 169
172 84 15 18
59 184 93 248
430 13 136 195
159 354 53 57
267 342 1 7
302 191 36 120
413 146 47 88
279 417 106 137
353 120 56 165
417 234 52 200
303 488 1 3
414 217 178 179
401 429 43 74
160 3 147 247
163 225 89 212
410 284 41 140
5 129 25 150
367 35 21 48
40 153 10 56
195 352 34 38
61 469 90 94
224 165 10 28
242 339 22 128
394 463 88 160
77 231 22 30
6 265 24 86
416 353 10 17
120 495 3 131
286 289 59 163
350 161 71 154
383 263 124 204
207 175 3 59
380 19 47 155
323 332 63 76
399 54 19 22
122 391 12 76
383 117 17 17
53 70 174 240
485 39 101 182
126 287 21 25
24 361 8 197
420 439 29 88
480 188 172 228
252 173 115 124
28 495 114 219
251 478 0 55
446 356 67 92
490 66 85 92
442 415 20 24
302 234 23 83
109 189 1 165
58 206 50 117
350 309 149 220
66 31 31 67
339 289 75 89
491 391 79 80
227 427 120 138
215 293 15 47
236 244 22 43
494 394 85 235
194 446 37 94
40 165 115 147
163 29 7 13
188 430 11 35
225 188 22 24
123 401 82 203
368 45 21 25
225 50 75 129
329 395 39 39
76 215 30 69
423 248 111 221
427 435 27 158
403 238 126 241
41 88 90 150
201 11 2 2
186 341 44 104
424 388 1 5
280 465 10 78
133 226 114 120
367 445 46 144
335 367 1 59
183 212 18 140
396 319 14 99
316 15 32 127
262 106 22 49
439 479 38 39
481 495 94 189
348 14 5 82
309 280 38 161
160 23 65 141
386 424 179 225
478 152 62 221
306 417 45 111
401 53 7 51
380 409 43 158
56 254 115 159
80 371 22 173
309 55 112 227
188 200 167 196
259 18 117 156
103 135 123 150
254 5 23 53
363 253 161 163
57 29 77 204
36 53 200 231
154 0 95 230
157 345 127 140
81 249 58 65
182 353 22 83
423 188 198 250
405 313 128 131
129 370 182 204
170 193 45 149
436 249 107 127
347 238 25 87
352 59 65 134
147 78 0 1
492 69 29 220
156 150 120 140
68 371 5 6
176 418 87 205
236 202 27 33
209 76 3 7
256 428 60 116
458 58 7 241
447 31 17 23
229 248 13 16
95 199 182 220
189 258 53 206
254 117 181 205
209 311 58 117
180 349 72 107
58 15 73 100
348 139 24 146
306 164 4 182
427 141 126 196
260 389 41 164
16 302 99 141
155 153 95 103
287 55 63 80
417 257 28 71
418 47 17 74
54 345 82 171
84 136 38 191
482 141 2 150
453 267 15 55
494 203 48 48
292 420 42 192
361 102 194 245
39 432 3 3
88 379 7 62
90 127 102 198
382 311 58 180
132 76 3 61
168 204 94 139
89 225 122 146
92 458 114 181
159 397 6 116
126 100 3 101
381 240 29 77
127 330 14 59
205 110 13 23
204 284 132 162
63 298 57 168
211 448 73 172
330 125 0 0
267 178 34 110
420 293 6 30
435 393 77 132
115 199 233 245
191 97 6 125
178 243 1 94
247 16 150 204
192 246 70 243
419 131 28 72
297 452 185 201
152 244 122 250
5 146 11 28
497 328 52 133
184 367 34 204
210 136 37 94
35 352 13 111
314 20 95 188
406 465 13 24
361 11 49 90
367 53 119 141
163 155 37 59
189 261 182 210
488 415 33 192
359 380 77 242
215 5 26 131
227 323 15 26
176 195 198 235
16 86 26 209
267 440 89 136
251 4 124 209
78 170 220 221
244 189 0 194
19 418 130 143
129 476 67 154
331 247 205 211
155 277 39 156
250 194 51 51
127 436 25 173
51 361 107 133
239 82 9 66
209 29 0 0
193 246 28 59
112 488 145 169
41 314 145 220
151 140 101 208
364 94 18 27
442 211 2 17
59 248 146 191
353 272 4 71
87 478 11 68
275 104 0 0
472 407 3 24
64 136 21 34
57 460 32 39
305 222 110 111
363 131 68 204
222 394 102 203
200 153 120 228
124 362 65 111
262 250 33 177
189 74 103 122
206 31 11 12
67 383 6 20
62 90 28 61
441 158 42 246
420 147 83 173
174 336 49 67
180 355 9 177
327 460 95 165
433 302 0 10
16 410 28 90
270 396 4 194
140 42 4 19
234 172 184 221
475 446 184 233
374 146 56 214
375 387 10 29
35 302 90 141
274 495 110 177
302 76 40 222
480 240 1 24
129 24 87 204
21 353 26 69
296 25 35 148
477 249 133 180
247 31 164 195
392 277 41 73
364 386 15 152
158 137 2 72
205 198 11 250
463 465 28 204
246 361 37 103
307 261 165 220
42 256 78 183
390 487 217 233
49 358 21 43
472 420 37 74
325 196 16 23
370 120 49 79
317 372 64 95
182 78 86 158
198 57 98 118
476 66 10 180
114 202 67 67
453 50 29 43
168 370 36 95
71 341 23 109
248 138 91 105
179 107 164 229
17 153 50 67
455 426 59 88
61 147 34 54
107 351 54 93
129 63 78 97
400 34 34 144
452 176 68 69
235 30 5 65
90 150 133 180
397 25 46 228
93 295 22 30
378 202 22 45
144 431 3 33
21 431 5 171
371 438 24 53
334 442 1 151
263 113 29 50
35 368 122 205
143 439 7 79
160 470 132 168
239 401 33 37
378 184 61 76
166 315 34 74
319 59 103 159
132 81 66 170
42 230 197 212
366 453 12 46
271 177 51 190
344 434 8 178
397 65 57 139
279 370 139 163
103 453 5 22
217 47 10 36
378 413 18 104
242 355 98 178
250 160 12 42
275 468 29 97
465 467 74 124
390 347 9 234
109 493 1 13
353 249 194 208
168 197 125 247
230 409 64 67
494 473 22 223
144 290 4 72
481 92 12 200
411 239 15 115
162 243 12 149
200 181 36 59
256 264 166 172
334 260 34 37
311 185 40 140
451 353 117 124
262 0 135 210
312 178 28 120
188 419 106 196
320 129 38 100
14 346 64 77
318 7 131 197
302 285 79 105
99 114 10 124
488 135 69 144
293 271 12 205
132 282 34 145
277 274 65 101
221 117 11 40
375 324 26 176
120 35 137 221
155 318 2 27
15 251 70 117
105 94 56 234
258 193 23 141
352 405 116 136
431 396 1 15
76 331 122 134
128 186 112 164
351 365 17 36
345 239 213 240
158 42 32 49
144 66 118 169
130 131 21 68
121 200 4 27
57 200 6 65
251 300 75 83
492 353 80 116
391 377 22 58
480 472 142 182
118 370 157 202
432 141 80 198
89 256 177 179
120 217 59 67
407 107 29 52
216 243 7 27
196 108 17 99
39 156 3 21
99 487 106 164
425 9 208 238
129 285 22 189
135 460 0 29
293 226 4 5
389 159 73 84
255 175 236 249
476 438 36 78
392 276 25 185
7 325 174 179
275 482 131 143
476 40 52 92
29 491 14 52
302 319 67 245
285 136 1 16
447 207 9 59
352 434 8 77
100 23 163 228
85 487 127 179
88 482 54 66
180 55 5 41
296 299 78 221
319 107 111 199
313 267 9 9
475 1 100 220
370 160 118 147
355 377 6 114
219 225 157 169
14 4 8 9
453 393 36 82
382 421 13 22
280 65 51 171
46 111 13 99
18 152 1 120
442 175 54 72
361 428 95 197
0 322 6 11
84 245 38 70
139 349 108 148
249 313 102 198
178 59 4 151
334 437 80 183
405 289 1 5
9 366 62 63
36 173 4 10
360 28 11 125
425 457 55 248
78 31 0 3
310 102 94 110
445 447 0 1
108 309 0 153
452 483 29 46
125 204 155 178
190 32 22 40
315 302 191 207
287 271 36 51
49 482 3 88
365 348 36 57
75 199 105 202
45 387 67 123
372 367 178 219
140 257 23 32
29 197 118 125
281 385 94 194
77 188 134 246
283 35 5 169
455 36 26 45
102 37 169 190
6 81 0 18
98 262 11 191
353 13 103 207
130 34 80 140
350 104 39 123
399 88 208 235
206 153 0 0
428 143 2 2
392 471 37 63
223 445 0 126
34 189 0 135
103 390 54 93
206 405 54 73
6 32 23 50
314 351 125 200
338 441 38 79
6 421 16 123
202 176 47 203
69 440 150 153
261 457 102 102
158 276 35 44
23 102 3 99
259 108 119 121
460 385 101 248
182 145 28 71
347 251 1 41
259 478 15 55
165 263 27 53
182 372 4 19
253 462 19 91
217 159 64 71
150 39 17 222
97 147 19 195
143 21 19 27
475 44 172 213
34 315 0 27
70 307 83 180
205 328 116 143
75 274 2 21
366 10 22 227
413 63 134 219
2 206 32 211
122 466 69 92
13 174 1 55
78 388 220 250
23 285 86 205
187 32 0 10
20 97 63 93
294 85 121 203
186 441 67 132
51 88 58 62
157 220 116 199
494 344 27 65
307 276 0 0
24 19 43 58
465 486 61 249
53 0 16 164
124 352 55 55
279 422 154 172
162 304 131 172
36 304 130 160
394 123 11 17
372 14 46 60
101 342 104 218
165 158 80 184
190 125 1 42
300 164 7 74
452 326 27 141
496 488 6 207
24 314 3 50
60 387 18 25
290 393 72 95
7 157 178 229
373 442 44 65
471 355 4 27
292 2 10 14
477 181 1 88
253 305 1 9
300 274 37 146
283 233 5 168
272 442 26 115
271 412 54 186
45 331 49 125
273 75 4 176
183 375 21 57
480 0 156 186
247 342 67 125
159 478 133 177
324 107 58 112
310 158 15 126
222 424 9 10
233 70 33 122
276 243 9 35
436 329 29 35
44 432 50 108
403 145 134 144
398 220 40 86
203 125 24 40
320 342 127 186
461 288 182 241
92 497 145 184
181 305 1 19
275 256 93 211
220 141 7 16
36 235 94 109
293 335 128 233
59 90 37 66
367 237 0 32
115 129 34 191
264 324 60 233
97 373 23 81
368 140 44 58
404 163 1 45
133 307 92 241
337 400 79 144
231 398 135 215
76 15 36 77
475 105 6 14
7 259 77 113
460 266 26 51
241 78 38 130
413 171 19 135
418 205 66 73
87 346 41 77
258 454 2 6
389 134 16 105
242 384 55 81
433 470 20 155
72 281 92 215
195 138 84 123
378 382 17 20
357 100 58 234
148 319 197 202
281 256 90 91
113 487 1 83
204 322 14 235
49 415 59 94
291 386 38 159
407 239 88 247
433 285 7 9
467 189 3 78
422 122 13 58
197 416 219 231
413 487 110 138
293 267 1 13
75 215 22 189
78 483 44 171
55 206 117 166
267 102 181 239
220 144 106 219
306 322 180 189
89 125 27 55
468 24 22 34
57 318 36 55
71 325 33 51
66 225 132 142
280 358 85 166
262 281 39 132
333 309 4 14
63 127 35 91
435 373 42 242
101 453 78 174
480 221 14 92
427 18 123 168
43 193 53 66
381 23 12 19
241 170 88 132
50 199 52 72
347 457 14 120
327 425 33 226
346 333 44 163
164 181 0 181
382 80 8 25
91 278 59 120
255 281 88 101
405 113 75 162
257 444 1 72
442 315 34 96
297 246 233 246
379 468 16 28
336 418 9 50
410 22 4 60
96 377 172 174
297 131 21 179
470 245 122 196
6 183 24 95
351 159 130 213
429 452 30 175
299 434 166 179
473 10 58 206
29 23 31 157
245 78 25 105
210 252 3 7
468 108 37 149
275 409 60 141
354 361 93 150
225 240 3 81
103 160 33 139
391 326 6 43
315 352 115 163
411 392 14 17
225 333 159 219
187 428 33 54
300 466 47 73
139 191 21 222
7 282 178 221
345 200 158 209
144 225 58 82
489 252 78 226
351 64 117 193
92 31 90 165
302 464 48 225
323 438 183 196
220 219 9 106
78 303 38 81
371 241 75 98
237 57 12 15
251 480 68 91
405 307 35 88
11 79 4 217
104 381 116 223
460 219 10 241
420 196 28 82
103 228 15 174
179 406 23 158
476 441 42 60
192 297 130 218
250 268 37 53
419 91 118 187
197 329 27 36
433 192 15 26
59 477 85 180
178 294 98 132
169 0 64 111
312 118 152 195
136 357 68 90
3 245 64 214
365 491 124 241
395 404 42 245
210 18 48 69
336 194 55 104
235 363 82 181
474 269 118 224
355 183 17 178
420 96 98 190
462 123 16 221
306 75 76 92
375 51 55 136
354 248 16 134
173 242 99 162
274 453 107 224
256 396 115 150
484 39 202 243
479 476 137 183
60 402 47 104
27 119 113 145
387 455 209 231
266 127 46 155
251 406 34 178
329 479 15 165
65 29 25 84
51 299 14 51
245 308 29 102
341 344 31 37
166 173 71 207
277 3 67 178
179 487 54 100
363 198 3 43
240 227 128 219
93 444 82 160
155 323 54 250
440 205 1 25
163 187 28 61
217 207 4 20
386 78 16 186
117 247 19 40
398 48 114 221
199 456 50 123
64 140 130 132
168 205 6 10
441 170 132 154
273 241 49 57
231 172 42 53
154 160 35 224
362 65 30 222
103 378 0 1
69 234 96 208
280 41 64 226
439 433 67 128
98 180 5 164
32 4 17 192
206 170 15 172
473 141 84 115
142 51 99 143
360 441 96 144
490 414 16 211
457 14 43 60
244 19 168 190
234 20 48 203
327 206 131 200
129 63 71 202
316 23 100 208
201 367 57 104
413 461 126 155
332 404 49 189
297 299 157 193
374 53 129 240
456 397 29 244
256 456 120 141
282 312 75 116
46 126 7 209
164 477 25 55
422 464 60 192
473 139 28 48
28 173 107 148
41 104 59 152
406 369 38 110
413 266 78 217
290 492 31 136
115 66 39 123
394 447 88 104
326 440 11 15
306 369 64 90
331 316 12 23
221 471 42 141
434 492 123 160
418 319 171 192
128 135 156 158
28 437 26 46
49 457 98 188
247 438 98 137
138 6 12 25
422 56 3 6
31 464 14 74
489 277 89 173
442 284 23 234
274 10 95 242
367 153 95 191
433 257 32 73
408 495 102 156
99 272 11 58
355 284 21 188
316 359 35 41
365 21 84 189
165 416 0 218
490 353 60 130
62 2 14 16
291 247 16 112
119 314 141 210
393 291 34 45
484 443 5 9
390 480 163 183
272 228 97 141
194 36 7 10
339 260 119 247
61 103 75 142
264 185 24 146
224 261 159 198
395 188 161 226
440 381 12 15
426 498 12 87
237 319 12 50
60 3 88 116
186 452 8 22
314 92 16 17
458 233 7 75
438 38 187 226
73 262 205 244
167 266 94 191
36 166 0 0
10 411 51 184
183 80 4 5
238 28 38 42
297 202 0 2
64 209 36 37
141 262 99 172
460 444 4 176
275 163 40 93
449 177 29 183
391 479 80 212
409 155 13 32
4 328 8 21
56 148 83 93
200 147 21 101
150 55 27 69
450 316 84 189
346 63 59 80
352 365 124 200
277 240 187 228
423 137 118 128
123 187 19 107
223 79 5 22
315 121 63 68
276 287 45 222
235 247 43 61
29 241 25 155
358 89 1 124
108 233 8 23
54 370 207 225
94 266 2 17
215 34 97 170
285 169 236 243
169 269 90 178
305 453 81 81
27 139 5 18
101 472 42 145
140 247 118 184
269 487 30 90
355 222 52 164
25 31 73 142
23 275 7 8
396 447 155 231
128 256 54 95
470 248 88 95
325 361 155 212
15 265 88 121
372 69 84 113
285 271 93 160
126 152 27 53
104 80 89 132
222 72 60 167
299 57 77 135
104 54 101 177
171 475 11 150
350 152 12 211
476 40 67 220
143 158 13 24
163 307 27 64
380 209 0 13
21 376 26 57
94 289 91 180
50 119 11 19
143 137 23 38
450 43 139 193
197 91 89 111
316 19 18 72
212 389 129 161
14 328 119 222
236 34 7 9
69 236 36 173
436 269 38 167
156 367 163 217
464 237 2 49
223 360 48 178
59 356 18 26
36 77 14 14
2 189 162 170
65 364 5 5
469 213 0 11
415 44 7 9
434 154 8 116
382 210 177 190
271 36 131 249
226 395 10 56
133 91 109 198
90 13 18 199
71 438 156 218
290 243 2 78
312 267 30 33
22 80 191 199
333 287 129 142
11 30 100 104
236 412 10 14
259 78 1 1
162 493 19 79
268 321 28 68
439 486 49 119
430 295 7 231
361 490 1 104
293 450 5 72
425 35 62 212
365 473 63 77
169 345 65 229
256 308 202 216
477 236 6 160
262 238 143 187
301 449 7 39
263 137 122 151
190 334 17 82
393 376 8 122
87 221 6 56
162 224 56 226
98 213 59 103
134 451 57 119
291 43 85 181
335 255 18 30
223 481 108 126
311 133 183 204
306 272 88 170
56 93 53 80
439 255 162 178
160 105 208 234
289 88 175 224
184 254 170 186
274 354 20 66
369 169 43 93
35 251 91 140
322 345 18 95
93 418 42 114
327 203 65 199
34 118 10 26
476 14 19 244
183 79 30 176
291 216 181 217
424 468 170 196
70 181 11 108
35 369 66 236
156 389 3 63
3 291 3 11
408 312 23 24
360 389 16 50
234 127 108 135
346 301 33 56
160 392 124 209
46 343 1 2
192 385 183 187
37 339 76 243
117 237 37 67
469 393 151 156
119 256 112 179
240 109 65 82
162 87 45 108
190 308 138 184
172 4 4 32
162 68 31 36
481 191 68 94
258 396 57 57
372 471 23 77
66 14 10 37
402 495 9 24
326 467 124 229
37 26 36 86
187 490 14 142
184 154 1 137
339 133 102 113
124 254 46 187
107 388 64 83
350 19 123 224
16 138 9 17
28 353 143 144
395 14 47 85
129 227 46 91
426 89 14 76
79 274 117 151
242 462 42 58
290 69 33 73
323 231 21 71
115 32 0 1
247 283 2 93
38 193 4 12
238 244 145 219
315 20 110 181
326 115 4 149
58 382 5 186
327 337 145 226
414 5 77 174
189 428 102 148
457 14 11 31
92 185 28 101
182 462 23 145
8 261 17 151
273 349 88 241
210 452 10 51
74 300 84 166
132 298 42 64
229 248 85 104
417 365 183 243
129 169 44 83
88 312 67 90
151 491 50 110
496 29 3 10
393 129 86 100
403 369 113 155
210 148 63 145
87 95 204 219
393 192 2 160
486 356 68 139
139 481 140 160
362 70 5 11
402 494 54 250
342 394 18 38
264 57 45 105
418 128 38 74
5 242 12 144
137 171 34 140
176 323 53 88
46 69 139 244
253 241 96 188
371 282 3 223
324 332 83 114
74 94 55 150
212 215 31 103
241 65 2 76
400 386 18 131
392 256 15 47
376 155 51 53
348 153 100 128
160 482 3 3
119 490 64 111
61 452 151 250
143 132 123 206
281 294 19 20
337 356 27 164
106 240 55 56
293 123 14 29
416 447 1 87
10 410 132 169
137 282 135 138
337 11 9 11
317 372 104 215
192 312 116 119
197 87 66 215
209 412 3 47
444 59 16 21
479 279 98 129
255 333 108 114
90 448 2 3
224 317 6 9
25 297 11 23
29 374 10 10
104 107 15 44
470 61 84 144
353 479 56 119
256 425 124 245
6 131 7 17
315 45 81 217
131 244 111 145
155 476 86 219
60 98 2 13
267 302 9 24
213 455 14 216
469 369 16 143
479 27 11 140
198 289 2 3
119 79 27 161
324 385 171 212
253 39 42 250
136 193 36 108
496 104 50 78
435 479 38 101
455 318 20 57
292 416 19 56
461 394 99 108
123 229 89 171
150 31 112 165
223 367 55 193
99 117 45 54
462 245 97 182
135 387 179 199
246 180 25 141
32 382 0 116
453 25 14 39
297 147 1 11
495 109 5 116
397 286 104 164
278 193 37 53
374 274 28 100
326 143 28 124
82 12 124 239
211 487 133 220
94 414 204 219
34 52 11 250
171 228 73 194
142 276 24 50
400 53 135 210
25 389 8 41
435 153 185 223
239 207 81 84
216 402 42 72
197 430 108 152
386 495 0 15
67 272 203 227
142 136 32 95
305 284 70 198
209 140 68 178
393 331 32 176
487 201 133 133
225 213 85 117
13 105 17 161
92 162 83 173
16 182 23 59
160 25 12 189
301 87 75 235
381 486 74 204
377 224 148 183
326 361 58 206
121 120 0 1
367 219 14 43
313 455 38 85
458 26 70 184
114 222 2 245
441 111 88 183
71 19 20 120
426 122 131 231
371 153 42 94
313 122 124 161
462 288 0 0
468 279 25 45
456 434 51 74
376 123 49 97
60 277 85 115
307 327 136 199
361 291 33 70
315 212 3 20
99 148 69 130
246 482 165 246
280 48 52 100
402 52 43 64
372 338 23 194
300 404 108 154
361 416 1 1
56 301 131 247
333 418 73 122
60 448 59 76
289 442 121 166
424 57 18 71
249 430 33 116
191 197 41 163
338 333 23 30
94 409 58 117
131 240 91 184
375 160 19 241
77 457 0 5
69 165 50 208
299 97 13 235
378 214 17 247
76 35 70 235
297 286 10 32
49 389 87 222
42 223 27 38
462 141 31 90
134 219 74 90
148 389 48 70
235 327 44 89
147 464 45 136
157 164 11 19
262 472 9 93
436 366 19 146
121 489 26 33
381 279 57 60
181 166 65 78
10 143 3 18
38 241 95 202
85 457 24 66
277 28 59 103
302 284 78 101
92 208 57 76
46 498 14 32
427 367 4 224
19 226 60 171
142 285 43 66
195 84 0 23
426 187 14 30
187 372 50 69
417 111 3 12
204 146 11 36
404 220 72 119
386 394 202 234
220 81 5 108
337 82 112 177
173 463 45 143
208 323 138 245
127 464 14 44
112 15 6 185
24 260 40 87
87 423 126 248
194 248 44 88
53 49 236 245
59 332 183 215
289 209 67 150
333 430 2 6
197 27 6 46
75 340 1 14
388 214 33 198
446 386 8 18
346 323 122 197
77 232 5 7
210 422 29 64
296 464 3 74
246 93 49 141
157 383 23 141
401 257 65 222
179 297 140 159
187 318 35 40
139 331 5 6
402 144 125 191
462 59 31 134
28 486 117 145
466 35 70 103
414 35 9 148
318 50 98 101
476 418 5 111
377 478 35 148
219 353 74 123
220 5 12 14
58 347 81 245
384 92 36 214
433 410 65 95
465 135 94 137
393 495 148 234
82 119 98 99
130 348 44 237
382 23 5 7
58 271 78 187
402 107 108 200
426 0 20 48
447 456 22 40
483 199 84 148
194 135 85 120
221 206 69 147
275 22 3 33
239 411 34 69
123 380 17 17
168 50 20 27
149 289 48 179
116 455 3 6
41 79 19 135
217 169 68 74
173 36 87 217
494 8 110 136
284 261 126 250
243 412 38 140
8 476 52 141
50 340 54 84
186 50 23 63
296 56 15 107
365 434 54 57
341 310 12 17
87 67 87 106
327 362 12 26
291 137 146 181
227 384 42 74
182 107 90 123
434 474 38 49
88 413 32 170
465 14 164 208
427 272 2 55
134 194 1 1
103 433 14 62
136 226 78 157
322 37 29 78
209 342 4 209
218 446 194 214
152 5 69 93
92 163 44 91
92 323 3 4
428 53 101 137
108 62 24 38
24 20 17 28
42 11 7 13
256 407 13 45
8 446 6 39
439 74 0 8
243 418 236 246
480 476 86 165
253 302 3 97
422 331 15 15
230 187 11 11
337 372 189 202
415 97 106 106
161 30 8 27
113 15 21 41
106 346 133 170
384 13 99 107
389 46 18 24
255 212 90 98
310 275 0 11
449 67 28 68
299 138 16 126
387 487 47 114
72 249 47 192
253 310 3 40
293 421 76 128
355 312 20 35
266 9 9 47
109 217 30 102
393 425 19 36
102 303 129 141
187 148 63 114
177 165 227 236
54 121 151 168
135 413 15 25
298 343 120 152
142 371 94 105
362 458 125 125
259 28 129 164
390 283 13 46
249 283 9 90
281 238 107 120
86 283 112 154
257 97 17 71
9 85 113 126
19 35 29 69
288 220 109 143
209 417 10 85
208 151 62 210
155 214 68 172
303 407 121 204
286 376 28 38
42 347 7 46
467 36 101 136
87 69 13 15
279 31 117 135
250 177 9 84
56 171 54 81
434 243 47 57
25 416 1 1
280 274 82 172
105 100 63 188
33 335 43 84
27 220 33 117
123 373 32 200
440 407 142 162
399 302 0 5
29 33 58 71
102 110 226 239
348 174 71 221
275 83 40 81
22 439 151 228
130 36 97 120
460 398 30 50
318 369 56 68
173 50 18 60
291 165 6 13
354 235 74 109
393 472 216 227
24 462 42 131
378 480 70 136
410 465 53 56
205 103 11 11
78 190 31 31
462 186 39 53
43 467 190 219
85 446 130 248
331 498 2 4
19 59 111 111
222 2 51 92
10 209 87 134
461 345 151 154
417 116 23 99
426 46 44 46
414 67 78 146
121 221 6 8
38 379 18 224
440 111 20 161
335 489 8 23
226 440 118 138
403 184 11 32
5 318 6 29
367 404 16 66
209 157 174 191
224 464 175 175
374 332 108 140
301 118 58 64
27 138 40 129
20 335 226 233
249 132 18 46
450 496 12 184
369 355 175 218
346 411 48 168
449 239 44 51
415 213 18 32
167 42 123 129
46 137 0 32
95 339 25 207
414 96 121 131
197 38 15 73
288 20 54 142
185 132 2 65
50 486 140 146
189 249 47 58
360 493 41 54
252 100 29 130
298 203 75 209
360 51 144 161
412 344 6 23
172 299 0 33
166 69 20 97
243 101 2 80
279 246 73 223
163 491 112 223
449 221 0 7
23 349 9 52
264 139 74 97
428 353 24 44
273 445 67 230
498 313 3 47
158 50 25 184
463 167 53 240
431 419 78 119
233 458 133 204
367 284 56 107
130 56 171 204
294 391 114 191
180 302 91 240
381 301 11 84
409 307 51 192
302 417 165 231
143 428 42 203
342 407 203 204
309 177 18 238
450 254 56 72
123 466 21 110
20 325 21 26
436 469 95 220
129 334 79 86
14 112 25 227
343 169 4 51
348 481 19 87
124 6 50 173
176 446 63 231
318 34 147 172
220 61 25 85
309 412 2 10
206 309 47 83
396 439 71 119
367 200 129 183
198 63 105 224
237 445 0 1
475 325 3 19
423 172 64 70
276 1 110 134
64 255 93 134
128 455 106 106
398 482 135 221
355 96 172 182
242 108 9 34
191 151 1 59
178 217 110 126
472 25 65 90
424 242 20 202
81 437 100 105
183 262 22 236
480 238 7 45
31 114 51 121
339 306 108 224
262 482 2 16
147 325 30 70
387 278 17 50
342 143 14 247
340 195 102 117
400 424 125 222
162 182 67 214
320 323 0 26
432 33 80 87
427 85 82 124
375 73 216 220
52 335 58 246
194 395 63 84
33 464 165 196
472 486 185 215
122 111 63 70
411 170 20 49
435 438 148 162
56 399 78 141
490 266 9 38
127 82 173 186
171 349 41 90
468 131 29 151
425 368 0 1
140 148 123 148
238 345 159 184
238 400 20 86
440 419 137 190
455 373 63 107
132 297 32 106
463 264 67 75
231 274 74 186
89 191 187 230
337 286 60 111
2 273 36 247
249 482 117 200
49 52 2 78
263 92 29 58
308 196 87 90
390 398 16 101
153 19 107 124
90 454 2 176
470 426 157 211
159 297 14 14
160 328 8 113
418 369 15 107
12 424 29 106
174 404 22 141
442 25 172 235
469 246 81 82
455 183 234 238
322 394 27 61
281 328 116 137
441 190 65 179
85 384 58 221
90 189 24 196
168 57 236 242
381 49 7 138
432 400 204 227
158 105 156 164
230 425 5 42
392 460 4 7
62 421 86 190
493 344 89 170
216 318 16 72
411 105 25 26
265 473 80 173
241 69 162 188
288 200 132 140
91 139 82 166
7 156 99 101
20 459 27 217
307 66 56 133
62 177 129 224
96 459 160 185
337 211 4 131
63 431 10 180
98 342 20 222
17 246 37 48
138 416 57 107
443 266 204 215
198 260 6 7
411 103 4 33
82 292 29 101
13 347 12 28
324 428 56 182
63 257 92 244
252 186 26 122
31 237 31 241
287 324 19 34
203 187 12 175
174 130 102 146
66 162 186 198
409 333 71 134
281 398 222 245
286 85 50 110
66 452 64 238
55 486 213 230
110 414 49 106
116 201 54 103
263 64 4 5
199 110 98 112
254 198 38 50
403 345 32 84
38 206 57 70
298 131 86 168
85 352 8 110
192 358 128 150
378 370 113 211
405 306 91 209
325 322 21 146
316 311 0 110
331 290 99 100
345 492 10 17
199 140 66 117
259 359 99 101
112 30 35 50
474 120 123 201
428 177 71 175
461 159 222 244
127 88 61 96
263 377 12 104
280 264 7 130
352 497 86 88
194 126 31 136
398 452 142 223
274 132 62 183
170 167 36 51
267 8 110 200
470 26 56 199
400 264 34 200
127 192 35 79
457 125 74 153
450 467 97 163
226 354 27 30
216 45 56 230
473 50 10 92
257 239 147 172
189 378 21 233
127 283 73 169
32 214 27 235
248 27 62 175
37 455 18 42
412 122 64 182
498 200 38 101
101 369 51 79
171 401 172 195
37 472 150 198
144 291 7 238
413 462 34 50
234 400 41 133
351 321 26 193
329 305 2 129
114 436 2 57
340 299 150 249
166 355 194 223
216 376 63 144
128 51 25 135
412 491 30 210
270 209 213 229
393 146 70 205
493 284 79 108
81 5 157 214
183 325 3 56
428 89 62 135
400 247 57 79
425 84 6 30
65 201 25 36
377 476 156 235
406 470 31 48
168 239 155 163
380 249 32 60
246 159 24 131
10 305 2 32
64 209 29 72
21 4 43 100
216 3 89 177
399 337 111 226
87 183 100 107
95 277 147 179
493 406 25 34
205 199 25 25
180 226 12 112
463 231 150 190
98 462 11 58
118 157 50 203
199 379 50 63
320 393 6 21
25 128 113 128
62 440 0 0
408 267 59 177
216 324 38 185
414 258 204 244
390 78 137 166
364 345 11 124
32 401 6 18
260 366 83 134
89 343 8 35
173 346 133 201
5 349 102 144
491 453 12 53
75 198 116 177
78 79 14 83
240 409 145 167
429 213 178 195
158 66 20 21
448 216 25 128
272 65 8 26
126 330 118 163
421 51 78 79
373 333 120 161
438 91 4 12
215 423 129 217
135 335 100 120
418 323 4 199
228 229 16 56
21 204 53 84
217 1 172 191
328 373 189 214
220 491 109 109
200 434 144 233
185 175 44 145
99 61 5 12
414 78 100 113
7 186 32 40
441 119 53 183
303 272 79 87
88 495 37 50
474 152 24 211
188 157 127 205
259 370 7 86
49 56 0 101
112 224 13 15
266 491 15 44
280 215 39 184
249 169 18 142
116 260 151 206
357 242 70 125
43 246 163 192
1 24 62 127
0 374 90 142
391 62 33 46
77 309 86 136
55 178 24 50
320 253 76 139
333 87 20 35
92 175 6 46
355 418 105 191
72 497 9 17
370 133 40 92
65 388 35 220
118 224 20 26
444 379 50 90
216 362 18 28
146 145 216 220
220 93 15 31
114 348 58 63
392 446 6 105
72 452 41 166
149 2 41 86
429 268 23 53
352 88 53 93
120 0 137 143
188 475 31 248
273 375 47 82
292 380 80 90
102 61 32 177
49 79 24 75
137 115 22 87
25 266 70 249
487 104 104 151
176 26 178 208
353 458 0 7
449 231 27 36
220 188 45 182
436 316 10 135
28 16 204 249
103 173 102 124
410 76 53 96
235 49 40 48
462 272 49 148
213 304 147 192
481 407 89 232
396 404 25 34
241 263 0 2
250 80 112 119
30 142 17 45
370 330 115 153
361 10 126 155
492 81 78 102
158 90 154 169
491 465 6 50
187 265 65 202
269 384 0 12
65 108 8 43
420 326 83 246
29 292 82 225
220 98 35 235
166 244 15 228
351 281 75 110
18 97 195 235
322 162 36 59
473 338 5 12
84 127 136 139
410 245 7 78
82 378 70 133
82 106 82 118
0 151 40 121
3 142 111 143
430 465 103 231
271 208 51 59
338 323 34 219
105 435 106 184
48 207 12 19
421 139 77 209
483 165 72 99
233 303 25 84
366 389 0 0
337 21 36 61
171 23 11 172
319 171 47 213
81 401 6 60
476 215 20 93
353 212 24 37
364 281 95 201
389 338 13 179
39 83 144 175
283 275 148 170
334 489 161 223
148 298 122 221
386 420 123 156
47 477 48 72
99 107 101 101
111 231 2 7
298 279 24 230
271 436 165 172
414 68 129 227
135 144 15 75
388 160 1 237
374 335 171 216
65 237 112 222
203 484 0 0
410 289 8 94
139 119 25 30
167 274 203 234
150 302 37 128
204 50 78 122
399 81 89 122
342 339 36 143
161 458 116 136
332 418 15 230
445 280 113 221
121 102 73 196
264 257 63 81
389 433 94 196
289 254 22 36
453 152 33 215
370 334 12 194
420 384 183 194
396 236 73 132
32 332 10 112
295 251 2 56
124 284 123 202
441 451 182 242
385 214 55 136
333 356 15 226
202 388 58 70
249 427 64 129
300 404 13 82
394 90 53 248
417 242 18 62
