400 3200
0 1 104 104
1 2 168 180
2 3 0 0
3 4 75 75
4 5 8 36
5 6 9 23
6 7 18 46
7 8 58 86
8 9 93 99
9 10 115 135
10 11 33 105
11 12 90 171
12 13 23 51
13 14 50 220
14 15 3 6
15 16 154 168
16 17 48 104
17 18 60 140
18 19 33 35
19 20 38 49
20 21 143 200
21 22 195 243
22 23 7 78
23 24 90 173
24 25 190 219
25 26 186 224
26 27 18 21
27 28 2 9
28 29 2 42
29 30 148 220
30 31 14 24
31 32 71 105
32 33 99 240
33 34 26 133
34 35 50 173
35 36 11 79
36 37 135 172
37 38 86 209
38 39 0 4
39 40 117 188
40 41 164 248
41 42 56 187
42 43 31 70
43 44 44 198
44 45 1 25
45 46 53 112
46 47 22 228
47 48 66 73
48 49 8 72
49 50 17 32
50 51 0 4
51 52 156 170
52 53 49 53
53 54 20 66
54 55 72 123
55 56 7 13
56 57 89 144
57 58 35 36
58 59 38 147
59 60 40 175
60 61 13 25
61 62 98 103
62 63 86 174
63 64 56 103
64 65 9 12
65 66 6 134
66 67 23 166
67 68 103 129
68 69 7 237
69 70 130 147
70 71 122 226
71 72 15 34
72 73 31 34
73 74 76 202
74 75 53 99
75 76 27 41
76 77 84 232
77 78 50 87
78 79 120 188
79 80 23 182
80 81 153 221
81 82 101 156
82 83 66 188
83 84 67 87
84 85 24 67
85 86 169 224
86 87 95 107
87 88 2 242
88 89 83 166
89 90 11 156
90 91 22 28
91 92 15 238
92 93 40 112
93 94 137 145
94 95 39 102
95 96 45 59
96 97 175 226
97 98 43 143
98 99 0 0
99 100 23 154
100 101 47 81
101 102 1 132
102 103 158 222
103 104 42 89
104 105 175 228
105 106 73 156
106 107 1 3
107 108 194 233
108 109 95 173
109 110 17 250
110 111 20 43
111 112 25 34
112 113 45 234
113 114 81 174
114 115 3 16
115 116 96 189
116 117 39 189
117 118 11 231
118 119 92 178
119 120 5 31
120 121 1 4
121 122 0 6
122 123 4 7
123 124 6 61
124 125 62 215
125 126 31 135
126 127 134 138
127 128 59 211
128 129 7 31
129 130 6 70
130 131 84 147
131 132 101 243
132 133 51 140
133 134 4 4
134 135 58 200
135 136 42 58
136 137 124 202
137 138 41 97
138 139 163 216
139 140 80 187
140 141 59 139
141 142 12 34
142 143 2 15
143 144 29 30
144 145 10 11
145 146 21 26
146 147 35 56
147 148 6 178
148 149 92 140
149 150 0 3
150 151 5 18
151 152 87 242
152 153 39 142
153 154 3 51
154 155 9 63
155 156 30 186
156 157 46 49
157 158 54 145
158 159 12 243
159 160 157 212
160 161 18 60
161 162 25 123
162 163 153 155
163 164 186 208
164 165 30 39
165 166 3 4
166 167 0 17
167 168 100 122
168 169 116 152
169 170 65 142
170 171 42 79
171 172 27 248
172 173 21 145
173 174 48 95
174 175 29 138
175 176 172 187
176 177 77 167
177 178 8 66
178 179 12 16
179 180 19 92
180 181 11 158
181 182 5 52
182 183 30 188
183 184 6 16
184 185 6 65
185 186 28 201
186 187 45 48
187 188 92 160
188 189 110 131
189 190 145 232
190 191 21 66
191 192 12 16
192 193 96 184
193 194 142 193
194 195 37 227
195 196 160 233
196 197 1 3
197 198 42 58
198 199 117 154
199 200 95 238
200 201 221 238
201 202 28 139
202 203 1 229
203 204 150 161
204 205 28 97
205 206 20 121
206 207 3 151
207 208 62 137
208 209 188 232
209 210 85 230
210 211 60 99
211 212 8 241
212 213 15 43
213 214 2 31
214 215 23 33
215 216 1 126
216 217 2 5
217 218 228 237
218 219 69 207
219 220 1 3
220 221 4 44
221 222 42 83
222 223 29 32
223 224 109 203
224 225 24 86
225 226 83 235
226 227 131 146
227 228 53 220
228 229 5 212
229 230 220 227
230 231 49 115
231 232 47 137
232 233 115 200
233 234 9 71
234 235 117 123
235 236 47 150
236 237 3 3
237 238 32 148
238 239 27 108
239 240 175 202
240 241 18 79
241 242 183 224
242 243 79 145
243 244 8 46
244 245 116 197
245 246 7 153
246 247 0 13
247 248 5 105
248 249 68 170
249 250 133 230
250 251 0 0
251 252 193 245
252 253 24 94
253 254 20 244
254 255 23 151
255 256 43 208
256 257 60 144
257 258 54 157
258 259 50 71
259 260 103 147
260 261 14 188
261 262 7 215
262 263 149 189
263 264 158 175
264 265 1 216
265 266 21 80
266 267 78 168
267 268 41 113
268 269 23 95
269 270 2 103
270 271 53 100
271 272 10 79
272 273 88 156
273 274 18 107
274 275 103 244
275 276 117 170
276 277 13 49
277 278 1 107
278 279 19 86
279 280 6 200
280 281 206 220
281 282 177 226
282 283 86 166
283 284 1 67
284 285 19 63
285 286 116 214
286 287 114 132
287 288 37 201
288 289 12 143
289 290 8 184
290 291 58 130
291 292 3 193
292 293 9 142
293 294 94 116
294 295 55 86
295 296 13 17
296 297 67 94
297 298 4 19
298 299 10 246
299 300 12 45
300 301 176 203
301 302 16 219
302 303 114 172
303 304 26 142
304 305 21 40
305 306 106 117
306 307 41 86
307 308 48 56
308 309 124 148
309 310 11 78
310 311 124 229
311 312 106 228
312 313 14 64
313 314 12 27
314 315 23 48
315 316 41 125
316 317 1 182
317 318 26 52
318 319 42 62
319 320 11 213
320 321 16 104
321 322 93 154
322 323 18 58
323 324 23 25
324 325 102 129
325 326 26 119
326 327 7 38
327 328 106 156
328 329 21 136
329 330 84 164
330 331 36 36
331 332 27 188
332 333 2 55
333 334 117 130
334 335 141 197
335 336 1 5
336 337 32 81
337 338 17 219
338 339 75 212
339 340 0 135
340 341 136 217
341 342 47 238
342 343 130 207
343 344 69 214
344 345 1 24
345 346 118 163
346 347 134 176
347 348 62 153
348 349 141 200
349 350 5 8
350 351 188 193
351 352 55 183
352 353 20 65
353 354 14 64
354 355 106 158
355 356 67 86
356 357 102 199
357 358 68 111
358 359 8 196
359 360 111 248
360 361 73 75
361 362 12 35
362 363 125 226
363 364 55 135
364 365 236 244
365 366 32 159
366 367 248 249
367 368 90 137
368 369 107 132
369 370 15 33
370 371 79 89
371 372 3 6
372 373 23 40
373 374 172 187
374 375 2 7
375 376 67 92
376 377 174 216
377 378 83 173
378 379 84 173
379 380 40 47
380 381 61 110
381 382 39 145
382 383 121 248
383 384 14 51
384 385 14 62
385 386 42 65
386 387 174 188
387 388 23 114
388 389 13 14
389 390 59 127
390 391 39 53
391 392 60 200
392 393 36 74
393 394 1 6
394 395 13 148
395 396 35 211
396 397 48 95
397 398 148 188
398 399 116 128
399 0 29 135
31 344 177 240
192 273 52 201
91 172 5 8
116 159 23 178
119 43 43 116
142 130 19 237
97 295 28 55
389 53 47 67
218 358 9 20
74 118 39 107
97 62 22 27
347 323 7 159
282 22 78 201
291 395 80 174
108 277 141 192
2 36 78 85
281 390 59 212
123 320 88 107
273 151 135 206
32 94 1 157
96 207 26 35
55 160 12 19
185 187 3 4
158 357 9 16
75 254 66 115
164 9 10 28
390 173 6 6
191 343 187 189
78 274 38 99
234 256 157 187
149 136 111 113
250 69 66 112
99 180 80 119
164 343 10 118
308 272 200 201
338 320 79 101
239 41 226 227
122 185 6 9
143 71 7 194
10 359 23 31
252 321 107 155
105 287 1 2
116 69 14 135
313 325 0 0
390 53 185 238
291 93 202 227
127 368 102 199
331 392 164 229
215 328 2 36
267 183 24 39
171 230 40 47
232 382 109 156
87 306 126 227
263 198 214 248
318 149 133 178
169 227 48 183
115 169 228 228
81 198 57 100
260 194 40 62
283 139 21 43
335 109 26 29
348 12 178 203
75 12 31 36
28 94 43 66
328 205 120 205
304 361 21 77
217 300 244 246
74 53 53 66
143 237 67 133
384 136 61 78
29 45 28 228
265 291 85 92
288 346 4 108
216 201 29 128
313 240 198 235
195 388 2 7
53 69 87 179
44 379 145 223
102 352 1 6
330 266 40 131
388 222 72 81
200 106 191 215
186 42 72 140
359 223 46 173
277 225 100 113
88 57 78 157
287 359 24 72
32 146 2 2
258 248 29 144
304 361 64 78
294 381 109 129
308 19 120 230
200 113 17 107
13 166 59 62
158 46 5 93
354 383 207 233
173 52 135 235
192 28 80 211
83 185 148 230
282 339 7 57
392 90 8 21
314 222 20 57
253 198 11 78
10 5 37 43
38 390 15 152
172 108 99 103
358 182 34 204
211 311 20 46
334 120 28 176
217 384 53 60
62 129 69 144
33 8 35 87
13 156 4 14
334 222 2 57
38 353 23 166
237 158 97 124
317 35 23 130
119 355 25 43
190 191 133 143
298 202 27 250
166 241 93 205
11 357 23 149
94 383 74 244
80 68 173 226
152 381 94 149
387 72 6 8
3 232 4 23
60 359 1 16
323 11 100 113
388 137 30 94
259 37 148 244
285 62 41 42
278 135 101 244
230 116 37 192
164 140 34 206
270 352 99 158
276 382 9 167
12 117 39 119
9 24 3 3
225 397 68 88
334 357 25 123
10 276 107 183
131 143 51 117
187 250 70 114
385 6 11 34
29 163 0 2
186 254 59 190
121 112 80 80
109 275 41 247
225 50 25 55
73 24 54 85
106 77 4 131
121 188 48 189
222 157 101 116
113 103 4 31
292 297 1 78
160 347 87 126
83 291 148 169
227 38 68 193
122 76 13 32
61 394 5 5
94 116 122 130
328 140 91 203
155 67 3 3
155 385 117 168
137 284 130 172
213 294 65 112
242 1 30 229
72 203 130 161
371 289 0 1
110 241 40 121
310 253 121 215
238 178 130 208
93 16 74 162
69 322 138 169
146 387 36 145
60 294 29 68
13 156 113 140
330 272 92 168
78 158 22 88
21 89 2 214
136 208 12 48
395 191 46 187
13 119 44 72
188 393 51 194
186 15 56 107
98 344 77 202
168 244 3 88
313 164 45 53
15 270 86 192
301 10 76 77
97 343 10 184
55 86 30 186
141 103 10 55
341 190 29 53
85 37 13 49
131 7 17 35
322 397 69 94
18 11 1 6
361 260 25 27
79 258 112 169
329 292 138 200
287 124 3 20
87 182 40 58
117 44 31 52
385 153 151 230
7 156 92 178
233 146 9 139
272 231 36 76
139 299 101 209
3 318 67 109
350 94 23 231
249 238 5 177
240 55 8 119
291 59 12 31
309 125 189 244
236 384 16 40
96 196 47 50
241 93 58 108
291 368 45 101
395 362 12 36
287 67 63 183
392 111 2 47
228 367 72 161
222 263 171 189
116 392 46 52
172 143 122 150
336 166 180 187
313 270 49 160
173 396 139 149
237 212 3 74
59 25 66 183
285 221 18 237
390 200 99 106
148 67 66 196
44 391 11 14
93 380 157 209
250 287 22 48
394 287 8 99
199 279 15 75
235 133 1 20
79 372 203 227
72 59 67 92
297 222 59 133
151 204 72 124
224 66 6 33
49 35 37 51
16 228 16 19
11 54 72 127
132 263 40 65
230 19 81 89
222 64 25 27
31 199 118 197
321 132 21 26
10 391 195 247
39 83 44 44
243 114 98 143
16 234 11 11
176 316 13 197
182 50 25 47
215 394 77 132
31 216 71 185
242 165 9 37
202 6 62 138
216 367 30 54
194 60 161 190
391 91 148 181
43 5 11 44
251 366 213 216
333 373 4 4
355 56 72 215
144 355 99 140
276 217 66 101
139 217 39 190
353 124 134 179
312 140 242 247
320 162 29 69
339 120 0 0
183 113 61 234
160 294 49 215
68 174 152 182
242 315 68 129
217 221 5 177
82 274 149 195
174 275 40 94
195 358 34 193
266 382 132 188
202 7 92 153
327 122 27 100
31 382 10 175
348 301 0 0
207 373 69 194
109 267 163 225
69 168 32 60
5 394 2 30
206 284 19 55
392 283 69 75
162 207 39 221
224 200 26 136
202 274 14 71
318 193 4 34
33 98 45 72
43 158 147 154
339 63 3 81
36 188 53 114
210 269 7 111
129 146 123 207
338 331 64 107
226 242 30 86
100 306 44 169
328 144 17 55
135 224 106 117
361 303 32 79
250 182 111 157
80 194 121 220
139 307 50 112
364 246 91 196
31 369 11 114
139 34 156 164
98 183 4 33
248 141 14 108
62 212 36 228
397 324 132 151
14 208 190 192
344 38 119 126
213 373 48 125
181 117 102 211
239 368 12 17
249 155 117 143
267 343 217 236
278 168 11 129
162 11 6 48
287 12 156 212
186 300 61 63
212 46 99 175
320 8 128 135
124 398 204 238
53 247 110 156
367 29 38 210
143 166 1 1
205 276 138 248
15 390 1 19
326 239 35 80
339 356 204 237
88 66 0 2
296 179 17 206
200 231 93 216
356 68 65 110
134 8 55 64
209 278 124 201
336 167 63 119
244 249 28 33
219 244 173 232
169 185 73 224
321 227 30 123
92 311 141 215
221 206 64 105
281 60 11 171
12 11 38 99
98 144 68 126
106 247 42 47
345 164 228 242
242 353 16 73
332 7 14 25
4 364 4 36
211 57 2 3
183 52 27 179
57 33 0 141
32 192 2 199
109 396 27 127
51 44 180 198
191 308 11 174
213 12 57 195
346 334 14 102
329 110 106 162
297 381 6 45
383 216 25 80
7 216 42 43
143 258 94 102
333 86 51 60
168 358 54 102
7 296 23 244
376 79 11 80
19 193 102 246
39 363 83 159
350 70 26 94
286 85 56 215
283 44 71 155
15 184 25 63
367 305 145 199
219 320 0 108
370 150 55 89
394 156 2 82
327 347 11 175
392 350 17 67
319 78 120 202
110 86 6 74
55 217 117 136
228 251 8 122
17 230 70 214
299 227 180 222
48 92 43 46
215 166 36 146
294 329 125 225
129 221 62 111
105 272 110 231
296 127 31 70
259 364 143 152
286 269 67 171
66 207 2 57
95 364 1 3
159 381 45 104
356 287 69 235
397 155 47 86
258 85 149 195
231 123 39 43
301 276 66 85
122 28 20 36
50 251 30 179
278 117 74 175
139 25 129 172
246 324 2 63
284 145 83 173
346 146 30 57
240 149 57 106
298 229 15 93
270 364 57 89
303 363 3 14
99 118 24 158
199 17 69 177
51 106 77 154
269 364 26 162
387 296 23 42
193 222 30 37
236 88 17 129
323 34 170 219
285 183 46 46
345 77 110 116
125 94 36 107
270 398 86 124
9 275 27 40
376 115 71 85
354 226 55 65
197 334 117 211
144 97 135 200
45 245 53 107
245 267 1 152
181 301 26 36
129 86 65 127
22 150 14 74
235 332 185 215
324 268 137 168
120 189 115 159
339 215 1 31
103 219 1 118
196 333 243 247
47 1 145 238
246 247 0 161
246 13 18 38
72 350 86 160
282 44 79 141
39 342 108 117
106 168 70 107
227 275 9 150
65 199 65 213
360 12 92 188
152 246 60 145
134 338 74 232
260 171 8 16
393 364 15 248
331 194 1 13
391 212 48 50
125 280 80 106
59 111 2 26
369 45 91 156
71 69 11 12
63 244 46 71
361 307 10 15
16 214 39 176
348 353 13 167
164 361 8 95
365 291 0 47
219 281 179 187
57 118 5 85
64 264 152 199
279 297 67 122
229 360 65 131
47 179 0 7
100 1 2 161
102 309 5 88
184 273 0 57
141 0 105 108
225 143 14 95
100 308 70 117
181 9 101 245
121 142 67 91
29 116 124 194
126 135 128 138
97 138 151 223
188 120 20 89
225 378 27 61
296 275 117 228
21 329 10 10
292 387 0 238
179 59 9 139
18 111 80 94
346 187 236 249
74 44 11 14
44 110 84 129
375 258 6 7
102 347 0 143
313 381 11 45
130 295 52 158
313 314 24 246
190 140 141 219
50 178 94 113
284 134 63 177
369 238 42 195
398 14 59 124
225 274 29 132
287 209 13 37
272 373 68 92
130 117 16 35
93 58 13 182
258 175 40 119
30 55 68 112
128 185 156 222
157 361 115 132
279 101 0 102
114 97 20 67
394 170 14 18
329 264 90 104
108 282 6 6
176 8 29 73
312 266 55 126
248 23 94 242
82 84 6 27
38 157 24 168
160 378 0 125
385 357 150 195
84 61 36 36
102 89 17 20
43 326 18 100
31 382 153 200
296 198 9 48
190 68 65 192
117 47 44 72
117 378 37 54
41 112 1 4
355 288 27 100
382 265 90 95
233 29 50 165
20 175 10 17
24 91 16 38
77 326 1 4
8 119 12 28
369 388 124 163
186 392 87 101
3 394 41 80
75 95 41 140
272 253 53 249
230 206 201 209
195 364 175 175
264 33 127 230
398 145 7 9
61 256 13 17
292 8 35 118
2 220 75 87
262 213 80 235
36 373 97 122
369 168 64 135
339 387 57 224
198 189 10 112
96 6 23 220
359 46 16 63
29 346 27 68
198 96 61 82
252 92 43 137
151 91 27 55
256 268 144 168
190 230 35 35
110 301 1 23
80 270 21 218
53 244 13 59
170 321 34 96
208 103 20 143
2 389 103 131
330 31 7 19
199 213 13 219
310 146 173 238
109 161 71 203
7 177 35 71
338 122 94 132
397 118 46 85
199 342 34 139
12 333 184 244
141 350 33 78
192 121 158 167
64 389 79 81
16 371 6 194
7 369 39 81
61 201 18 223
273 58 79 188
302 173 28 191
260 348 65 117
253 365 35 52
75 204 10 10
319 177 27 80
145 150 5 9
398 200 153 174
262 226 42 168
10 352 70 108
316 228 31 192
176 332 47 134
134 221 8 10
356 124 1 33
0 130 31 48
349 222 64 84
133 51 11 13
356 235 68 151
120 252 91 128
255 70 25 154
183 273 67 108
38 255 185 212
273 321 100 113
249 57 1 3
202 170 60 219
360 121 139 164
202 256 52 206
0 197 20 238
337 234 5 12
36 86 30 59
364 33 1 15
254 125 48 105
191 76 62 216
155 316 10 20
118 303 48 118
270 184 30 31
148 19 102 193
16 243 36 211
299 70 4 10
50 344 43 122
307 239 24 60
215 154 230 239
346 253 231 236
166 24 146 154
289 87 172 244
22 306 2 86
260 339 92 225
72 90 102 109
247 322 49 59
114 243 156 236
191 382 44 171
379 150 8 16
94 181 148 218
73 158 107 176
310 349 75 151
184 325 2 183
279 51 30 63
129 323 40 150
228 142 142 204
129 49 7 13
146 63 25 32
165 338 121 211
51 135 109 155
362 266 112 133
376 219 33 62
383 25 71 74
390 384 68 219
163 228 79 105
57 100 8 16
46 172 17 225
145 338 15 51
172 159 129 207
122 178 143 221
377 211 8 122
242 269 59 150
214 360 7 132
265 96 80 156
155 337 39 214
83 340 52 70
101 317 92 221
1 344 45 142
57 38 18 28
202 366 36 56
384 290 108 149
89 152 54 60
12 301 12 32
81 217 19 40
170 285 180 212
398 81 131 151
237 109 52 241
79 268 54 86
322 58 61 149
289 363 89 150
37 257 84 154
317 165 4 14
11 268 149 188
168 342 123 238
173 79 35 134
354 248 31 48
37 288 124 188
299 83 0 1
190 262 36 82
331 39 41 230
263 390 96 147
53 28 196 214
38 6 7 151
178 165 151 206
292 219 72 220
376 186 73 80
223 169 2 30
43 385 10 181
9 110 58 110
291 111 30 31
164 11 144 148
392 158 2 9
222 370 43 50
163 175 130 197
231 316 2 3
349 279 65 76
311 33 5 5
62 60 109 250
180 276 7 146
144 243 40 73
359 64 47 233
120 10 109 127
94 339 82 114
11 80 137 147
133 62 32 66
158 308 71 76
110 335 83 93
99 141 5 61
313 235 142 146
31 217 23 174
5 333 8 18
105 94 209 243
300 206 86 189
315 255 26 202
150 221 58 188
395 171 9 20
176 91 83 120
276 3 71 111
284 92 49 168
208 200 39 112
319 169 23 176
50 241 88 171
45 228 106 174
50 328 32 155
247 97 37 37
163 32 27 190
370 316 141 196
333 73 146 226
365 339 47 58
384 155 27 44
108 178 71 98
140 291 43 80
52 373 132 204
46 45 49 153
183 96 90 190
16 215 2 107
351 305 10 24
206 390 27 28
289 158 79 93
172 277 45 48
20 53 63 206
233 107 102 150
70 6 105 172
316 305 25 123
30 381 3 22
386 397 17 59
73 134 62 115
344 388 17 49
65 188 3 6
228 256 159 183
131 296 145 181
369 2 45 82
176 79 38 211
62 19 75 107
46 229 170 217
1 189 72 164
229 224 120 145
218 110 19 50
22 395 123 132
201 164 11 224
222 89 37 76
197 26 191 218
115 180 195 228
390 34 66 82
297 363 86 171
179 15 185 225
243 133 9 18
271 13 187 220
318 111 36 47
79 339 91 213
230 179 21 167
304 310 41 86
325 58 3 37
15 210 142 159
331 10 11 212
11 205 173 206
28 371 57 157
24 117 222 240
149 131 120 148
298 216 43 49
267 131 16 107
120 237 72 84
139 69 198 248
53 322 58 95
155 171 211 249
226 76 106 130
175 153 4 43
170 24 7 18
26 368 82 92
309 191 29 30
133 347 75 159
354 202 27 103
133 386 208 248
186 1 221 233
335 45 7 37
385 369 10 99
387 252 11 115
304 60 61 140
312 261 21 195
171 345 70 122
213 54 34 105
315 294 6 65
194 198 145 228
15 128 4 5
144 99 122 206
39 98 19 47
353 135 167 172
199 109 18 89
108 66 123 244
322 305 8 30
312 169 39 47
260 90 54 223
335 215 6 146
198 287 11 77
220 214 0 0
305 247 19 57
240 274 15 36
239 142 36 51
19 3 29 224
227 228 171 219
304 191 46 175
163 176 14 118
315 32 203 207
292 371 62 124
302 150 20 91
263 311 19 69
240 54 228 232
220 67 76 97
369 65 0 123
384 364 0 63
228 32 114 222
350 252 38 96
397 61 14 74
136 362 81 180
313 7 5 47
294 332 5 29
181 131 141 210
288 262 128 186
280 195 36 148
15 375 20 60
289 217 127 156
397 245 129 160
285 152 45 82
139 321 4 16
57 265 217 221
338 22 49 115
84 314 134 191
77 43 55 63
157 140 144 148
114 245 21 107
74 233 10 95
117 154 15 31
127 370 34 61
276 378 0 19
47 357 43 76
249 260 25 186
231 385 44 154
165 386 165 168
342 51 2 2
123 258 161 170
71 168 7 126
394 358 34 57
249 117 3 43
248 78 16 46
220 175 153 211
369 47 18 246
322 343 98 229
378 48 33 87
249 182 81 195
157 289 85 137
96 38 131 204
41 77 44 121
317 362 132 148
101 35 52 197
191 249 1 25
18 251 19 134
304 62 25 91
246 314 86 151
0 17 60 240
369 207 18 98
57 356 93 98
124 170 189 198
87 78 17 161
64 259 62 98
185 155 46 172
84 175 7 101
200 110 10 34
27 329 75 113
220 343 7 83
81 197 31 54
315 29 120 232
53 45 49 173
372 198 63 150
292 84 94 187
167 106 75 136
250 223 69 175
383 213 165 233
219 330 189 216
298 386 29 42
392 19 62 66
232 91 0 17
74 182 89 245
0 181 39 59
33 270 75 165
147 212 17 22
366 256 51 52
367 340 43 126
94 104 24 26
140 158 57 97
190 237 66 135
75 350 2 85
172 119 46 139
362 136 85 134
190 374 66 98
389 1 109 174
65 365 79 170
97 294 27 172
38 201 6 140
58 193 45 89
195 389 101 153
224 353 167 234
121 61 103 149
305 239 141 245
190 0 69 110
346 358 38 185
112 103 1 9
135 342 5 191
19 294 23 130
67 289 1 1
261 22 18 69
8 168 14 134
283 222 137 192
306 233 7 13
261 38 108 137
283 279 84 201
211 277 126 163
176 133 24 233
391 114 14 18
389 197 35 69
306 347 72 230
179 266 176 192
265 153 64 150
33 278 160 209
181 289 141 224
366 388 181 244
286 356 206 250
254 280 10 35
56 21 17 17
154 153 8 18
38 115 0 3
251 122 53 243
82 282 5 23
67 144 81 211
210 100 160 171
260 34 35 122
298 391 25 87
242 306 43 88
194 377 4 63
2 192 136 228
196 265 145 182
3 236 0 6
67 354 4 115
52 330 48 70
230 383 5 7
20 25 191 222
219 90 81 193
310 222 14 82
141 170 167 199
36 300 2 81
44 17 7 77
97 383 198 232
44 164 172 245
203 42 63 131
188 169 94 238
293 79 197 222
299 232 58 130
387 80 31 93
284 83 103 178
43 130 26 114
370 171 112 151
331 206 135 248
178 310 142 194
389 331 50 83
142 372 22 22
213 240 10 46
9 160 103 132
60 241 94 104
374 98 43 200
333 18 139 234
347 100 16 44
347 336 197 215
298 41 195 240
310 294 225 240
65 239 5 9
32 8 4 14
139 199 1 1
226 207 29 78
145 299 5 13
211 263 10 73
390 265 79 89
342 146 159 239
303 226 22 119
231 306 40 69
330 222 57 126
239 232 151 161
20 340 11 27
370 357 83 190
111 326 171 213
280 257 3 211
27 75 182 223
372 141 90 95
69 134 44 111
150 317 23 25
232 391 5 56
210 324 133 243
304 241 32 71
292 45 138 227
71 181 121 223
53 273 160 231
176 236 30 39
17 235 82 220
341 70 57 158
30 304 29 52
383 231 85 86
287 290 19 40
26 177 14 111
110 34 21 21
215 66 7 41
279 115 29 49
282 306 133 173
78 186 60 144
172 21 189 219
196 73 30 61
135 355 76 158
272 178 1 8
97 160 83 129
286 219 27 216
228 239 194 247
166 292 0 2
345 94 17 63
310 175 9 56
34 144 10 11
280 69 2 2
353 281 10 123
195 193 3 11
271 395 25 69
221 246 103 160
306 385 20 73
182 197 22 67
234 226 73 148
2 358 25 95
32 96 86 176
377 95 67 124
126 47 0 158
233 28 30 88
100 127 21 72
157 92 5 33
189 28 47 235
378 294 135 202
220 316 203 235
78 325 39 46
201 132 83 234
262 289 118 234
161 342 28 71
49 256 58 68
191 127 134 138
289 125 34 46
132 368 68 110
304 331 18 46
273 272 64 237
174 307 69 123
119 78 174 241
370 288 158 161
37 389 84 121
396 335 75 242
264 28 6 35
89 25 19 158
7 382 153 166
262 296 99 108
3 133 13 14
48 21 7 123
40 166 13 116
31 114 2 202
134 183 60 64
197 334 98 98
187 240 59 60
229 237 101 172
325 87 22 248
367 147 14 44
207 231 30 206
40 398 36 57
205 159 14 14
167 286 23 34
12 44 117 234
392 217 77 223
105 90 36 72
315 135 150 237
148 183 84 213
391 17 101 109
311 87 99 117
52 151 84 158
126 354 33 39
194 380 0 3
357 138 49 66
366 131 0 3
146 51 68 169
326 76 28 138
258 327 25 80
129 106 13 195
69 370 13 36
361 362 59 61
64 147 0 73
134 44 35 49
374 220 7 22
385 244 72 218
308 356 14 22
228 86 152 171
34 168 4 30
34 81 2 2
174 326 101 139
55 102 100 227
337 90 201 215
383 90 69 84
332 327 2 6
302 127 18 201
306 374 84 202
281 11 166 217
2 105 33 168
166 244 127 202
157 0 75 225
36 48 97 113
200 226 124 140
391 287 23 127
344 76 83 173
380 97 35 171
133 348 6 130
275 120 115 207
215 145 20 126
111 125 34 207
269 144 26 70
235 18 42 44
14 309 98 243
19 246 78 186
80 321 54 65
136 364 11 145
347 393 75 239
38 270 0 20
333 117 10 20
226 11 62 155
4 382 38 56
111 197 33 192
128 256 67 142
86 48 149 167
350 382 22 27
123 174 14 21
36 64 80 156
362 33 98 102
268 349 11 21
254 67 60 93
78 368 93 168
63 200 5 47
62 251 191 224
341 10 63 238
42 40 230 241
271 145 28 183
81 180 69 101
121 395 62 186
261 236 45 72
256 53 18 78
256 231 0 152
237 28 112 149
15 172 204 220
151 280 62 63
19 327 115 192
165 49 163 236
369 230 0 0
397 276 89 119
324 233 27 164
270 360 157 211
174 391 19 46
130 52 156 214
155 7 79 91
346 155 121 223
387 280 5 6
295 68 10 21
115 84 234 246
251 288 105 152
164 325 76 104
39 301 17 42
81 351 31 163
255 283 6 9
129 147 37 78
22 6 71 81
111 396 128 152
5 149 95 163
154 184 15 212
245 334 151 232
275 139 106 165
112 45 104 145
177 398 38 100
294 114 150 242
334 389 14 38
8 325 184 224
370 397 27 78
5 22 61 137
268 52 94 171
9 156 20 59
144 282 33 42
30 70 73 127
40 307 52 198
67 355 164 173
354 300 0 29
26 155 140 226
42 209 34 120
228 179 9 237
353 39 90 138
111 262 18 21
137 211 33 50
1 85 192 214
129 391 53 177
256 124 20 224
275 15 44 82
283 324 111 132
288 253 104 163
146 22 20 149
62 350 19 58
319 304 84 107
219 143 62 62
247 335 211 212
190 254 231 247
306 373 16 16
208 331 80 179
355 366 32 82
362 128 76 156
110 75 3 64
87 70 38 163
245 153 80 93
185 219 46 74
96 247 148 228
108 128 128 236
189 367 89 154
149 227 14 53
227 374 116 235
181 303 2 188
30 194 87 188
95 359 28 53
34 106 172 208
131 327 5 60
298 144 61 158
241 374 48 178
41 369 44 186
339 371 95 97
201 79 80 190
84 372 70 226
261 266 53 147
28 47 14 22
65 148 18 32
379 43 4 26
160 317 30 43
203 97 26 31
382 73 32 195
65 15 6 9
293 253 58 60
87 185 33 220
30 25 163 244
288 234 54 151
221 309 210 245
133 87 2 10
198 257 194 238
267 260 72 78
350 6 73 200
334 15 105 203
209 264 9 215
392 199 1 115
277 249 208 233
185 31 28 64
343 260 222 234
126 285 83 155
364 203 137 247
175 266 4 8
161 7 67 182
312 280 75 141
313 162 105 123
376 31 58 65
162 309 79 82
311 213 38 62
204 80 41 55
247 234 157 200
379 370 31 126
193 291 17 20
353 215 185 195
262 62 72 133
104 260 172 185
158 300 67 129
271 308 24 100
204 287 95 247
387 144 2 7
315 278 114 234
98 50 203 233
33 189 28 98
219 260 39 53
101 197 155 155
77 92 23 44
217 323 192 201
311 365 12 63
298 18 30 72
308 190 86 229
218 87 218 226
332 333 121 134
278 372 130 216
133 67 38 88
0 297 158 250
206 301 52 108
73 356 30 73
284 206 2 10
171 79 180 248
394 59 69 116
287 34 112 184
254 296 61 160
189 181 42 181
128 316 5 12
389 305 224 230
389 12 112 232
63 334 57 138
103 36 136 241
347 43 59 70
367 13 33 151
193 20 49 99
305 7 46 157
363 239 55 75
4 248 166 205
363 185 8 17
266 25 3 10
57 53 6 12
211 311 2 37
148 58 35 99
31 251 170 239
69 66 5 27
368 322 84 162
184 114 14 132
226 91 14 88
273 175 12 49
209 103 26 55
17 336 5 10
322 33 30 179
39 175 1 164
148 354 37 111
17 331 119 180
386 331 4 27
102 296 160 235
158 266 22 212
88 178 151 165
362 36 72 95
92 381 97 104
299 390 119 121
324 174 151 234
7 333 70 216
13 183 23 119
5 162 136 139
227 249 105 219
290 139 136 238
314 329 113 160
94 14 136 187
86 35 3 88
66 80 52 230
262 359 6 210
235 157 14 138
135 286 179 217
347 383 3 213
51 322 116 202
212 314 31 32
199 318 107 134
211 38 17 226
128 324 187 193
318 395 75 105
107 286 160 245
258 198 20 62
55 288 80 83
193 39 39 239
215 313 128 202
137 81 188 225
124 395 1 2
211 393 36 95
349 260 54 59
234 20 22 74
116 218 149 185
78 266 137 181
195 360 72 115
276 185 25 91
197 138 129 146
137 325 32 133
258 113 68 138
215 359 18 154
244 237 19 99
358 322 70 193
300 384 34 63
96 276 62 164
61 177 51 241
142 131 0 0
147 329 164 181
33 110 22 27
172 115 88 136
276 356 64 157
41 3 14 60
376 192 156 229
154 250 110 156
149 397 4 58
93 323 92 193
247 18 15 26
265 42 109 139
215 104 22 23
328 56 34 145
340 284 61 63
326 104 61 163
346 152 45 179
392 222 31 131
46 28 75 165
33 340 23 204
29 298 87 202
393 305 8 155
350 91 63 113
373 160 68 102
87 127 25 219
164 157 4 176
61 262 24 46
162 11 53 141
7 42 64 228
362 336 14 37
379 332 83 212
218 92 108 205
256 66 14 125
202 45 1 9
41 33 5 37
228 0 84 231
149 396 4 11
194 122 10 93
4 189 49 155
221 3 15 49
116 151 0 246
177 94 16 39
378 149 57 135
139 369 129 155
396 311 5 57
181 172 9 117
276 93 25 123
263 284 161 192
57 390 88 159
3 189 100 117
59 223 143 167
75 314 13 113
72 383 49 131
359 355 45 165
282 108 22 45
284 341 61 197
57 345 135 151
269 54 130 246
318 0 54 55
70 333 95 117
26 331 190 224
231 349 119 150
191 255 166 182
278 108 60 103
158 270 118 171
353 365 159 237
18 168 46 50
152 139 77 202
366 250 47 243
351 273 0 3
40 39 41 54
140 41 16 29
4 328 186 192
205 325 13 20
68 159 110 250
58 13 56 97
363 337 142 227
355 306 23 47
374 63 110 110
46 207 199 212
300 212 76 149
70 332 83 116
276 175 34 128
165 102 79 144
197 48 70 110
242 179 26 48
21 15 16 28
177 105 31 37
274 389 12 13
266 270 81 140
234 27 102 212
342 0 68 90
18 381 4 18
90 185 35 106
0 250 48 151
174 288 67 106
336 341 3 203
309 343 236 236
366 0 120 218
92 208 30 176
206 162 19 118
92 341 39 171
287 62 0 3
121 34 216 246
65 181 22 43
226 145 73 227
26 17 50 202
141 236 104 200
159 6 44 67
47 384 49 55
360 4 82 107
164 345 78 213
52 271 39 113
179 210 100 234
136 76 1 88
24 261 34 155
301 157 126 246
302 366 127 161
219 394 2 11
164 132 63 116
384 172 67 84
177 310 43 133
312 122 12 71
242 108 16 30
335 83 120 167
244 189 43 171
164 79 153 217
183 106 10 33
215 195 62 200
218 238 135 207
334 314 67 162
112 6 42 51
217 301 22 65
201 375 2 105
227 7 79 135
214 398 79 119
63 65 75 117
163 126 0 210
385 311 131 218
146 81 89 205
361 353 9 220
57 252 100 143
245 249 127 241
259 324 54 152
228 387 97 151
120 140 66 80
61 325 153 170
12 352 9 13
350 281 31 33
106 193 27 32
301 14 25 164
358 230 5 44
397 398 45 85
372 392 9 11
58 42 45 58
175 34 39 242
357 141 107 127
17 127 23 37
232 33 112 131
196 352 202 236
172 345 209 217
240 387 15 98
110 128 3 71
44 192 99 191
330 2 42 60
133 313 1 63
137 101 9 21
61 365 13 216
31 319 93 112
54 43 73 141
323 124 172 184
137 197 24 199
236 168 76 112
140 16 11 46
110 59 94 208
322 19 5 7
210 354 90 237
51 101 95 144
65 390 130 219
276 140 44 152
25 188 39 63
208 28 39 74
351 43 9 133
382 110 214 241
37 150 40 46
100 146 105 127
220 209 13 86
170 239 190 193
287 171 140 201
229 319 59 106
384 219 9 51
371 252 15 16
352 304 36 49
296 344 14 68
133 73 17 150
130 153 78 219
48 96 8 32
122 95 218 240
347 240 85 171
351 63 181 186
398 149 242 246
263 312 33 104
314 346 4 133
162 31 0 170
179 226 49 128
6 176 24 75
215 382 9 26
206 75 16 71
343 146 89 192
14 114 118 160
391 116 72 201
310 323 117 129
56 27 35 58
102 139 17 157
330 34 13 76
172 186 0 7
256 69 41 226
362 189 47 105
56 270 19 106
154 16 148 186
27 87 30 238
132 162 7 18
11 200 29 43
96 0 64 80
262 2 58 62
357 301 79 124
51 236 163 206
87 207 66 214
317 363 14 149
352 150 53 60
227 151 42 46
386 240 110 186
308 121 51 59
32 308 89 135
211 68 166 188
136 323 13 57
29 43 40 43
378 339 5 9
246 181 4 37
238 264 132 213
24 339 9 26
8 109 50 56
175 292 8 8
105 4 157 169
34 32 12 58
11 275 71 103
231 48 25 34
97 20 29 94
147 353 42 106
359 190 31 118
31 300 48 106
39 153 14 25
339 5 16 193
390 31 1 34
221 187 52 106
54 329 36 68
341 204 17 75
96 1 60 168
96 59 85 129
160 127 1 47
287 86 75 117
388 274 83 85
101 93 58 176
147 25 21 56
110 252 209 212
0 365 3 132
359 6 84 125
328 155 40 63
69 323 2 46
115 107 74 118
86 295 161 246
141 74 8 33
163 334 47 71
219 71 71 200
138 86 157 166
117 82 19 69
309 132 71 78
146 28 61 105
357 151 105 151
381 387 180 180
24 357 209 215
276 209 13 170
344 269 16 59
14 149 3 232
286 248 158 196
133 160 72 77
285 198 41 76
203 319 152 221
324 341 6 31
295 313 150 158
101 287 69 69
200 8 50 207
139 100 85 91
56 75 183 184
94 132 3 48
73 303 63 120
36 122 200 201
272 261 81 99
145 199 21 40
63 110 71 162
306 327 21 189
175 152 65 70
122 83 59 113
262 317 45 226
38 386 58 218
207 65 45 177
121 116 139 148
44 184 49 205
360 255 52 227
219 368 0 0
140 53 28 99
238 178 31 140
291 198 162 184
33 119 8 21
99 164 20 100
246 342 28 70
148 264 12 106
47 111 83 124
4 362 124 165
53 222 15 124
371 138 28 155
12 313 141 146
143 186 31 107
331 260 0 1
2 368 6 48
181 212 50 80
313 363 4 36
141 339 3 150
262 175 66 153
52 178 11 125
366 361 48 80
211 384 88 163
35 131 34 47
52 269 1 1
280 0 177 184
307 190 2 111
112 238 101 175
244 147 45 46
243 395 8 15
398 320 43 94
58 150 57 174
10 384 17 25
279 112 45 49
294 128 40 113
92 364 154 155
395 309 55 188
282 359 6 27
381 176 63 156
228 42 19 97
338 12 143 168
11 387 20 51
48 130 76 132
191 255 42 43
297 225 0 4
18 3 89 122
39 329 33 46
155 246 70 160
389 10 20 134
360 85 44 194
256 19 32 98
343 240 240 248
20 148 123 129
250 80 2 120
308 210 130 188
75 203 83 143
254 17 33 90
198 148 66 122
375 143 46 47
51 364 63 98
15 153 2 7
91 323 71 116
95 77 56 68
197 311 10 132
187 375 5 7
223 91 90 139
342 180 18 73
136 143 21 144
35 75 156 183
203 261 73 110
60 203 12 166
335 35 20 59
343 386 214 250
8 184 21 60
71 288 51 236
332 41 20 54
250 284 29 124
289 330 106 206
160 261 99 179
261 40 148 177
255 148 30 110
339 341 81 189
129 344 224 230
52 113 56 110
378 384 99 132
83 27 0 16
225 129 11 98
280 210 95 117
326 161 178 224
375 208 12 27
200 225 176 183
223 391 127 136
170 266 66 152
336 61 0 7
135 177 33 36
9 236 22 71
146 178 0 1
73 142 49 167
82 313 148 218
35 386 104 137
75 341 53 136
385 40 32 154
207 266 32 75
0 240 33 92
167 364 135 144
37 3 66 203
336 27 12 50
43 321 53 82
84 287 58 186
80 68 23 85
371 366 8 11
195 25 28 39
374 4 0 48
204 340 50 124
269 300 43 159
176 380 106 220
60 69 9 226
152 268 37 77
165 136 139 189
358 199 41 70
109 311 4 92
327 331 6 73
96 121 73 103
305 79 45 53
85 51 4 80
16 215 12 30
126 25 34 241
22 38 59 126
73 123 77 231
326 157 153 187
8 91 92 114
193 361 110 189
88 89 117 157
310 312 68 76
268 382 109 130
326 131 94 178
72 219 39 76
343 110 2 3
36 311 29 67
349 182 105 199
305 265 106 233
329 393 134 156
387 144 28 33
277 118 79 190
394 325 55 132
36 78 0 189
391 168 4 215
148 284 41 237
250 62 129 164
101 327 10 214
288 200 176 186
176 327 97 182
226 305 28 215
264 114 15 231
357 174 92 226
154 1 96 99
66 154 6 21
343 237 146 208
160 303 86 135
101 377 122 136
244 19 14 207
286 109 5 8
332 54 149 220
381 156 8 8
74 323 119 173
396 319 7 147
42 109 161 161
156 21 83 93
78 346 25 69
313 299 54 127
389 210 43 222
9 155 31 141
111 342 89 166
135 113 62 110
116 314 140 244
56 103 101 186
336 252 60 89
263 210 62 164
137 58 133 136
29 198 55 221
323 395 56 69
316 180 9 27
280 103 10 48
106 10 95 97
1 53 54 214
114 384 66 67
46 291 75 157
21 185 4 156
71 360 43 102
93 265 9 12
107 93 32 186
395 204 25 74
89 391 85 100
43 158 63 94
220 323 86 166
204 19 13 21
86 309 107 138
348 227 3 3
177 186 223 246
84 68 24 150
140 197 94 96
238 268 31 36
350 232 116 174
312 105 158 227
11 72 79 79
134 367 35 192
365 140 4 72
307 166 153 240
252 325 167 176
386 356 138 156
364 228 59 233
81 67 64 67
95 286 4 231
345 107 139 170
319 357 35 193
177 122 14 143
397 243 38 209
73 179 106 175
23 7 31 36
179 284 26 153
374 116 58 70
118 114 76 229
134 328 30 49
110 303 61 71
326 252 2 11
378 161 92 112
155 31 99 139
277 393 53 143
7 292 209 227
218 70 64 87
74 320 36 112
124 263 10 213
139 326 75 144
322 233 139 164
252 257 62 69
304 0 70 122
82 251 102 155
372 159 22 33
293 330 1 8
0 41 26 28
85 280 104 119
105 385 5 6
91 393 114 157
106 70 6 24
297 73 25 62
321 292 21 107
21 188 23 29
128 20 62 67
224 258 4 5
194 169 45 247
1 126 28 153
168 266 59 94
228 172 0 6
394 324 9 97
292 22 70 113
386 342 100 233
358 273 12 69
111 196 98 154
199 63 48 166
138 35 40 46
259 113 77 126
350 120 91 197
123 257 14 24
39 152 123 152
36 300 6 6
339 169 0 1
300 174 6 14
208 131 107 120
122 240 62 232
87 80 68 101
339 153 7 18
273 337 28 216
268 279 10 130
109 289 57 80
12 87 121 241
231 319 197 235
230 396 43 65
127 41 2 50
379 338 23 147
328 34 195 211
132 233 53 84
255 78 86 147
377 196 8 40
240 372 1 48
327 362 179 191
329 307 17 37
215 347 60 66
96 221 0 173
140 280 2 3
225 269 6 8
171 159 30 72
341 212 40 84
155 164 66 90
49 391 22 202
333 303 7 9
307 72 41 89
310 64 141 160
395 309 24 35
88 89 12 215
93 166 25 162
263 44 18 28
58 155 30 52
56 328 33 187
266 53 11 101
75 382 105 121
65 122 62 222
297 260 33 34
246 308 196 242
173 312 0 10
188 5 10 24
172 350 0 56
197 214 36 202
97 82 53 114
100 171 20 163
298 363 0 43
363 268 1 41
218 241 118 130
233 375 145 185
71 241 114 116
236 147 162 218
208 182 68 165
66 103 46 62
203 386 22 58
326 222 47 93
159 71 8 189
229 3 72 235
197 264 212 216
102 21 14 65
271 24 1 103
11 88 92 153
83 201 34 137
280 171 72 97
68 158 6 25
180 318 76 178
361 63 10 22
274 75 183 217
44 281 196 216
138 330 113 177
348 267 17 122
94 55 96 175
376 280 79 99
348 306 20 200
137 106 8 197
125 77 6 39
248 73 42 79
250 54 39 86
12 37 8 91
344 123 28 142
153 275 9 10
181 322 37 165
64 272 30 50
164 80 9 104
220 335 105 113
237 394 61 87
3 297 40 96
60 220 38 45
390 75 9 17
346 112 134 138
258 190 94 149
176 318 4 36
269 394 22 57
187 322 68 71
338 220 208 208
34 42 5 38
111 372 40 138
65 171 13 142
343 320 56 86
136 54 48 88
133 313 214 240
248 165 97 138
327 173 127 163
246 239 57 123
370 318 57 162
320 337 45 151
233 254 20 36
288 396 62 84
383 134 57 115
159 347 0 32
385 21 54 91
379 148 47 57
338 15 159 212
367 19 16 85
153 61 20 56
339 54 51 102
166 370 94 171
30 11 10 16
96 145 19 45
235 72 153 174
152 366 69 188
58 374 135 155
214 290 56 220
269 199 42 42
109 50 27 176
99 14 123 230
52 377 21 37
212 322 13 61
377 80 27 137
186 272 49 86
53 26 50 173
237 239 14 14
286 272 37 40
373 286 36 179
145 43 111 243
155 131 139 233
49 30 143 226
29 341 11 32
338 186 30 36
88 101 9 18
365 119 60 136
187 319 26 221
394 357 79 133
354 331 108 196
69 171 5 47
219 259 76 216
254 395 43 47
8 355 8 13
232 286 83 105
168 307 55 139
12 135 242 243
364 313 1 23
220 290 9 68
198 218 0 26
43 6 95 98
216 255 69 72
355 28 88 128
379 193 51 87
326 279 157 232
26 235 93 198
134 148 147 216
140 14 24 32
122 289 36 144
309 324 52 53
395 4 91 217
112 310 2 3
131 2 8 26
281 195 26 94
125 0 52 100
23 323 48 69
133 10 10 24
132 234 6 29
34 326 39 79
189 336 236 238
395 275 47 52
227 237 163 187
12 9 57 64
122 129 4 9
237 275 0 4
68 130 5 38
131 262 61 115
88 200 171 189
354 13 54 182
100 270 30 88
98 222 47 120
43 267 123 204
103 289 51 210
7 196 55 80
333 392 0 1
24 142 1 11
252 344 171 185
51 83 23 68
385 4 93 120
306 185 11 48
91 211 203 212
345 361 11 126
225 106 10 132
102 134 58 72
397 32 61 128
377 117 0 0
283 273 21 69
284 293 22 87
373 338 59 71
265 360 15 21
67 182 54 130
203 106 169 197
359 252 105 236
264 66 6 124
227 20 128 149
31 303 1 73
87 127 15 37
338 14 24 33
252 349 76 183
291 371 166 184
175 334 34 45
25 169 58 103
151 315 119 149
265 170 5 31
335 67 18 197
48 369 141 155
18 303 100 154
134 163 168 176
155 131 97 247
149 137 16 141
192 90 150 216
218 341 6 105
146 237 60 164
379 116 102 232
355 105 87 166
306 215 55 76
14 173 80 155
62 183 67 88
227 155 58 80
221 333 92 153
278 151 38 40
47 135 10 122
389 173 59 237
179 394 29 96
17 146 45 47
322 388 73 117
198 308 126 211
337 75 39 211
380 218 6 207
370 173 0 2
177 215 46 67
380 275 123 250
334 166 16 30
106 262 84 123
76 319 197 198
346 33 10 30
87 49 39 166
366 118 58 122
105 29 47 48
304 114 203 220
40 68 7 45
321 205 136 160
211 371 80 185
135 89 63 141
132 223 96 157
133 1 7 29
69 370 42 77
386 295 129 147
360 335 50 99
137 346 94 166
156 248 167 213
72 0 30 47
384 357 153 226
71 261 6 96
111 129 211 236
16 180 56 154
186 329 149 198
91 149 55 129
86 231 16 133
352 310 66 82
44 175 2 32
113 333 93 96
124 241 44 53
388 363 8 8
258 0 52 68
96 27 23 45
387 61 149 219
170 381 17 20
209 249 23 46
262 325 70 176
17 112 141 230
105 169 9 63
4 196 2 5
134 278 16 241
271 104 61 171
227 316 18 77
254 210 21 118
103 392 133 150
152 200 29 93
196 142 49 219
273 112 171 182
282 171 27 239
267 368 76 88
108 255 219 235
95 271 67 120
159 26 32 161
187 270 29 184
291 23 78 203
83 234 97 99
292 157 56 112
28 87 121 205
388 344 92 180
191 8 64 236
39 185 161 245
126 385 23 44
224 349 35 57
60 272 41 179
296 253 111 187
144 170 52 151
239 268 28 220
248 17 19 63
24 146 64 85
233 88 14 124
77 219 11 79
241 310 45 136
292 263 36 171
182 53 44 55
158 346 46 121
251 296 192 249
120 128 50 81
245 54 4 8
373 326 16 205
162 201 124 126
291 53 3 13
106 100 219 223
54 331 2 101
298 192 46 233
396 213 97 100
26 206 13 19
121 85 14 61
212 297 25 87
36 57 140 188
252 67 12 46
250 1 68 108
41 240 51 219
322 167 131 133
134 394 3 25
20 305 3 6
56 290 162 177
279 13 63 245
102 276 138 197
91 293 131 191
301 159 159 169
296 309 78 199
160 364 2 10
232 295 16 66
222 316 58 174
372 394 174 217
170 378 106 169
285 227 17 44
260 26 47 235
151 181 148 226
309 343 1 21
243 237 26 48
309 237 23 69
68 134 111 185
126 16 135 215
305 327 130 145
277 85 45 50
233 208 66 104
15 289 22 34
101 370 202 230
38 116 155 191
325 381 73 128
37 66 87 113
131 338 11 24
121 343 23 79
281 241 22 30
258 172 77 196
181 183 18 136
55 360 44 57
357 99 39 56
102 252 29 65
121 170 4 77
369 385 90 97
307 211 50 74
320 58 36 170
56 28 4 8
255 383 0 82
312 324 163 187
145 162 165 236
54 143 14 201
157 74 42 60
170 123 57 58
236 384 6 47
222 119 20 221
155 221 56 59
379 84 131 190
296 348 55 65
153 329 7 8
95 378 168 184
32 71 179 182
384 131 17 22
371 394 47 82
35 12 134 238
131 86 15 40
290 340 7 21
316 345 138 149
345 285 121 233
63 235 17 33
339 306 63 128
351 174 81 171
33 327 41 43
216 164 0 2
288 114 213 222
14 13 0 8
381 53 58 64
148 380 18 163
88 377 1 71
21 334 1 2
231 111 115 144
55 101 22 77
207 204 5 38
5 172 84 243
176 248 41 41
274 162 115 182
374 295 57 223
335 342 179 215
162 363 43 46
365 175 21 59
134 324 1 4
219 75 155 233
61 56 176 222
284 3 44 149
2 267 6 27
180 297 33 43
128 391 19 144
206 360 13 63
170 234 35 75
98 346 21 42
185 375 37 47
193 181 52 116
46 352 22 127
78 294 62 128
187 118 38 250
303 323 5 32
154 180 76 189
178 163 39 199
103 211 81 146
314 335 25 116
141 378 89 224
202 145 78 207
346 299 2 12
150 219 106 241
371 268 1 1
191 360 51 143
17 187 98 143
261 365 188 209
208 265 54 96
31 312 13 22
259 133 103 146
203 27 6 6
168 149 2 90
296 336 132 247
81 64 1 218
74 382 8 38
293 183 148 200
151 171 191 203
103 130 15 232
274 327 22 56
129 144 97 125
279 152 207 207
102 219 73 167
189 222 111 149
308 72 61 163
381 6 19 59
370 289 1 6
369 50 58 184
223 287 26 82
187 341 35 94
127 168 142 153
94 213 149 164
55 260 23 50
10 146 55 207
211 124 69 95
113 360 29 158
334 384 126 242
191 340 43 141
28 368 0 90
265 313 108 155
364 212 29 125
199 111 20 113
106 320 55 183
242 280 196 232
47 302 55 120
41 92 9 22
20 376 17 142
395 295 15 61
296 117 3 9
32 213 174 197
340 303 68 68
220 51 11 195
361 187 16 122
335 112 75 79
385 254 34 78
107 134 9 10
25 52 128 134
265 68 152 206
191 176 13 21
341 293 22 27
62 316 4 132
136 167 140 165
144 287 109 174
183 321 22 78
229 354 2 9
371 129 86 104
122 178 2 56
9 148 0 0
213 177 65 172
66 202 216 238
227 273 59 98
36 178 69 75
119 195 22 138
303 5 142 213
228 388 115 199
123 394 30 171
360 238 5 108
326 304 83 173
231 11 45 54
33 179 7 71
292 223 36 195
20 106 230 233
364 145 27 47
37 14 3 74
354 197 1 1
241 364 5 108
367 75 39 52
269 252 160 160
324 396 61 178
8 147 28 29
119 304 6 20
384 19 192 227
244 390 30 97
15 381 68 133
50 288 86 241
44 77 181 190
111 271 9 81
12 87 3 21
178 151 90 134
152 390 23 84
54 328 4 5
96 175 21 193
175 357 86 96
67 225 103 143
243 204 10 189
57 358 22 236
79 335 15 153
255 209 42 79
311 59 22 27
317 195 3 18
216 239 26 80
282 313 133 165
215 146 129 174
27 23 21 52
366 259 16 20
84 215 64 76
113 379 46 137
328 114 18 189
64 361 24 132
77 83 19 72
344 361 50 156
254 84 9 66
292 7 7 163
278 212 173 211
271 113 122 160
77 107 92 141
354 246 6 77
199 301 58 220
120 350 190 248
261 297 161 195
120 52 35 143
60 138 1 35
323 324 69 79
191 55 22 92
327 311 28 73
105 276 66 111
121 388 8 153
247 64 32 53
344 175 48 62
393 113 1 28
204 41 46 77
242 197 93 124
131 167 2 122
291 229 105 249
324 167 63 246
355 19 37 109
129 208 103 243
199 105 31 53
349 178 123 135
35 383 80 113
353 253 198 242
75 352 184 209
179 23 37 53
262 109 73 110
222 368 15 42
258 25 40 132
123 379 33 199
128 296 8 9
275 299 37 48
16 373 18 245
395 38 116 241
194 25 127 139
124 225 117 162
346 86 12 68
284 120 89 238
259 319 131 168
336 111 20 167
383 288 0 2
251 199 64 214
82 364 139 195
296 160 123 171
216 346 165 185
299 315 3 39
279 40 97 180
308 137 2 24
316 249 129 177
93 269 0 0
217 279 49 194
57 188 64 123
47 278 43 51
357 26 136 183
388 398 32 79
384 194 198 221
201 119 12 45
265 63 101 235
97 343 79 243
97 318 51 76
389 380 216 216
7 245 191 211
297 108 24 106
60 346 85 91
360 226 68 70
77 361 144 249
75 95 50 64
117 133 221 231
313 275 23 107
27 398 71 234
17 62 166 210
332 202 28 39
331 290 7 144
43 73 73 169
272 356 88 101
75 269 1 1
160 226 76 81
332 275 175 210
328 205 14 15
100 190 23 26
54 206 33 176
374 22 68 129
51 52 52 125
392 128 59 93
107 306 67 151
323 275 75 213
136 111 32 69
368 328 175 212
386 310 59 104
362 103 114 125
39 29 30 183
169 380 49 64
347 56 61 231
320 28 68 176
172 140 27 155
184 231 59 68
324 364 147 174
347 161 9 64
94 61 88 204
195 215 2 2
372 73 6 41
109 94 68 140
193 194 83 178
172 121 56 123
67 137 200 220
172 205 206 244
164 131 19 116
179 31 100 192
341 73 85 124
99 364 154 166
321 346 51 56
19 158 11 27
349 172 72 245
320 145 114 204
81 36 24 71
229 120 111 147
139 261 62 95
92 302 8 44
205 271 32 105
280 325 39 74
336 281 4 4
277 117 6 97
21 0 13 231
147 362 10 207
80 64 49 144
253 377 18 79
75 226 13 58
250 344 105 239
118 294 99 141
232 388 24 54
143 18 4 62
42 291 24 240
352 257 23 59
61 86 13 26
57 206 27 46
184 127 139 192
261 259 21 177
289 6 15 109
85 387 84 199
165 274 97 129
358 250 51 103
289 246 25 29
258 250 5 221
395 192 6 69
291 384 21 154
254 160 239 247
300 227 26 47
334 176 85 242
325 361 128 163
398 198 16 32
111 69 141 193
58 242 125 238
95 169 105 141
360 119 88 172
298 21 3 6
198 172 81 248
143 343 6 79
255 141 5 5
67 181 44 202
398 273 65 244
162 159 185 185
348 101 0 0
211 276 14 15
156 80 16 146
86 10 1 84
129 278 57 221
81 71 171 219
234 280 70 247
1 229 93 179
92 227 200 220
129 93 62 80
149 12 24 27
371 109 37 217
377 148 46 76
382 172 35 105
144 117 52 162
82 387 0 151
103 116 7 105
292 22 35 96
183 125 21 30
302 311 23 133
145 234 52 58
271 317 161 189
122 9 85 169
183 257 15 18
146 142 93 248
148 179 136 195
352 169 53 57
128 353 1 7
353 201 36 120
281 304 47 88
17 264 106 137
342 376 56 165
216 130 52 200
222 93 1 3
84 259 178 179
275 8 43 74
292 66 147 247
136 117 89 212
287 150 41 140
215 322 25 150
140 183 21 48
176 203 10 56
316 59 34 38
266 31 90 94
376 199 10 28
273 110 22 128
19 20 88 160
93 174 22 30
182 398 24 86
75 172 10 17
389 29 3 131
64 354 59 163
142 122 71 154
276 206 124 204
189 350 3 59
132 148 47 155
354 90 63 76
202 330 19 22
316 247 12 76
364 378 17 17
332 98 174 240
193 42 101 182
158 335 21 25
264 89 8 197
322 30 29 88
98 260 172 228
58 56 115 124
44 38 114 219
