200 800
0 1 208 208
1 2 336 360
2 3 0 0
3 4 151 151
4 5 17 73
5 6 18 46
6 7 36 93
7 8 116 173
8 9 186 198
9 10 228 269
10 11 66 210
11 12 180 343
12 13 45 102
13 14 101 439
14 15 7 13
15 16 307 335
16 17 96 209
17 18 120 279
18 19 66 70
19 20 77 99
20 21 287 401
21 22 390 485
22 23 14 157
23 24 179 346
24 25 380 439
25 26 372 448
26 27 35 42
27 28 5 19
28 29 5 85
29 30 295 439
30 31 29 49
31 32 141 210
32 33 197 479
33 34 52 267
34 35 100 346
35 36 22 158
36 37 269 343
37 38 172 418
38 39 0 9
39 40 234 375
40 41 327 495
41 42 111 374
42 43 62 140
43 44 87 395
44 45 3 51
45 46 105 224
46 47 43 455
47 48 133 147
48 49 17 144
49 50 34 65
50 51 0 9
51 52 312 340
52 53 97 106
53 54 40 133
54 55 144 246
55 56 15 26
56 57 176 287
57 58 70 73
58 59 77 295
59 60 81 350
60 61 27 51
61 62 197 207
62 63 171 347
63 64 112 207
64 65 19 25
65 66 12 268
66 67 46 332
67 68 204 257
68 69 14 473
69 70 259 293
70 71 244 452
71 72 30 68
72 73 62 69
73 74 152 404
74 75 107 199
75 76 54 82
76 77 167 464
77 78 99 174
78 79 240 376
79 80 45 363
80 81 305 442
81 82 202 312
82 83 133 376
83 84 133 174
84 85 48 135
85 86 338 448
86 87 189 214
87 88 5 483
88 89 165 332
89 90 23 311
90 91 45 57
91 92 30 475
92 93 80 225
93 94 273 289
94 95 77 204
95 96 90 118
96 97 349 452
97 98 86 287
98 99 1 1
99 100 47 309
100 101 94 163
101 102 2 264
102 103 314 443
103 104 84 178
104 105 348 455
105 106 146 312
106 107 2 7
107 108 387 465
108 109 191 346
109 110 35 499
110 111 41 86
111 112 51 68
112 113 89 467
113 114 162 349
114 115 7 33
115 116 192 378
116 117 78 377
117 118 22 462
118 119 185 356
119 120 10 62
120 121 3 9
121 122 1 13
122 123 7 14
123 124 12 123
124 125 124 430
125 126 62 269
126 127 268 276
127 128 117 421
128 129 14 62
129 130 12 139
130 131 167 293
131 132 203 485
132 133 103 281
133 134 8 9
134 135 116 401
135 136 83 116
136 137 248 404
137 138 83 194
138 139 325 432
139 140 160 374
140 141 119 278
141 142 24 68
142 143 4 30
143 144 57 60
144 145 21 22
145 146 42 53
146 147 70 113
147 148 12 357
148 149 183 280
149 150 0 6
150 151 10 36
151 152 174 484
152 153 78 284
153 154 7 101
154 155 19 126
155 156 60 372
156 157 91 97
157 158 108 291
158 159 24 485
159 160 314 424
160 161 36 120
161 162 50 247
162 163 305 310
163 164 371 415
164 165 59 78
165 166 6 9
166 167 1 35
167 168 198 243
168 169 231 303
169 170 129 284
170 171 84 158
171 172 54 495
172 173 42 290
173 174 97 190
174 175 59 276
175 176 342 373
176 177 155 335
177 178 17 132
178 179 25 33
179 180 39 185
180 181 23 315
181 182 10 105
182 183 61 377
183 184 12 33
184 185 12 130
185 186 57 403
186 187 90 96
187 188 185 320
188 189 220 262
189 190 289 463
190 191 42 131
191 192 24 33
192 193 192 368
193 194 285 386
194 195 75 454
195 196 320 466
196 197 2 6
197 198 85 117
198 199 234 309
199 0 189 475
190 17 441 476
189 107 56 278
90 14 3 458
145 68 298 321
76 18 57 195
108 19 40 243
91 33 7 302
93 150 124 275
4 104 375 464
2 77 169 460
76 48 120 197
53 150 16 482
151 5 31 87
27 63 5 63
77 22 47 67
26 119 3 253
188 85 5 10
79 45 456 474
31 111 138 414
193 52 3 7
181 64 9 88
117 55 84 166
148 40 58 65
60 196 216 405
150 96 48 172
91 14 167 470
53 116 261 291
113 131 106 440
52 152 10 423
164 67 438 453
14 142 99 230
154 25 94 273
141 103 231 400
166 135 18 143
157 76 233 245
14 177 94 300
118 28 7 7
59 1 65 297
81 184 54 217
156 41 349 404
26 11 37 157
74 193 365 447
7 75 157 289
115 174 17 92
126 176 232 394
66 119 14 306
150 56 0 27
12 103 10 210
99 71 136 340
10 132 265 460
173 71 0 0
190 117 385 489
63 107 48 188
93 31 40 487
111 166 47 302
83 81 87 415
60 12 120 287
135 14 109 314
84 148 100 143
65 60 205 294
191 17 28 375
38 102 15 430
99 82 299 378
110 118 315 349
168 137 2 433
106 147 42 161
63 104 157 336
187 161 81 225
47 75 46 191
57 40 4 205
111 16 107 201
35 92 20 159
112 81 175 311
51 187 36 215
178 10 205 487
82 22 232 339
173 189 27 99
2 125 2 213
15 105 38 172
34 4 12 399
108 133 412 440
1 191 354 452
112 62 172 332
196 44 2 135
6 5 37 126
59 34 231 428
90 50 227 264
38 132 74 401
89 164 23 286
90 152 16 367
178 79 115 260
71 153 7 386
132 175 19 284
82 163 189 233
180 170 109 171
1 31 27 34
86 76 134 189
172 145 9 39
36 111 21 492
71 65 25 90
37 75 352 406
170 69 32 438
26 47 227 344
171 187 53 285
84 12 42 80
117 17 211 233
146 98 82 172
186 145 95 112
144 42 249 296
129 78 21 156
124 11 248 459
20 76 212 455
148 164 28 128
7 15 24 55
125 130 46 96
0 42 83 250
33 36 3 365
152 54 53 104
17 134 84 124
157 116 23 426
37 156 32 208
112 194 186 308
84 121 37 117
5 147 46 51
129 187 204 258
39 27 52 239
113 121 15 76
21 13 212 311
73 197 42 272
161 148 167 327
192 11 72 72
117 136 54 376
55 103 5 111
172 128 234 260
160 104 281 393
186 197 3 11
127 59 64 162
97 116 35 437
128 100 149 423
142 152 0 269
70 91 271 434
116 94 95 475
157 191 259 414
148 71 137 427
161 143 2 49
13 72 236 326
22 99 268 352
101 82 124 305
23 75 282 400
80 143 10 17
137 49 374 385
58 69 111 366
131 33 41 130
87 157 29 128
4 186 213 316
39 82 134 172
97 132 205 399
138 142 137 223
180 75 17 392
178 16 221 496
61 185 146 150
101 11 25 71
84 9 250 451
180 85 111 271
64 34 472 488
174 139 64 318
104 30 494 497
126 152 180 273
143 195 213 263
57 168 31 67
183 128 158 178
39 172 7 13
105 175 46 80
172 104 343 373
71 123 5 15
52 172 133 183
141 180 348 432
77 161 167 347
58 84 169 346
172 94 79 94
109 20 123 221
32 157 78 291
70 71 241 495
113 138 28 102
87 57 28 124
133 162 85 131
194 100 346 375
100 57 45 228
168 176 25 28
193 138 118 254
91 74 77 106
91 150 121 400
140 42 72 148
39 192 2 13
83 138 26 297
192 131 70 422
93 57 96 190
132 91 296 375
163 193 232 256
78 55 59 271
25 190 355 480
11 132 103 402
115 131 9 16
55 113 47 355
16 113 86 232
169 54 39 474
143 104 56 110
91 181 93 133
196 11 18 40
15 153 77 214
152 127 44 54
166 71 14 317
97 62 156 402
93 38 160 349
184 168 282 383
65 130 156 171
0 54 117 423
150 121 175 214
68 172 271 412
94 83 3 313
103 68 52 71
28 70 24 39
40 176 6 9
98 48 19 33
25 36 131 229
111 194 20 56
153 123 13 13
43 30 374 378
76 116 76 197
51 91 313 374
5 11 222 226
133 135 132 225
19 32 161 239
140 27 20 237
43 121 399 402
11 118 157 201
181 179 451 453
26 120 12 18
139 61 14 387
82 29 45 62
23 95 213 309
77 6 3 5
149 115 28 269
123 114 0 1
48 108 370 476
57 12 404 453
146 112 203 398
106 189 328 458
166 171 5 72
58 141 49 79
193 164 79 94
74 4 217 311
39 163 251 453
142 135 427 495
48 191 266 356
53 179 97 366
14 34 455 455
44 28 115 200
171 54 80 125
165 182 42 86
181 171 53 59
178 24 356 407
30 19 62 73
135 83 86 132
194 93 240 410
65 79 43 155
177 91 488 492
71 189 107 133
171 188 134 267
78 5 122 157
117 88 56 456
118 163 169 183
131 176 9 217
48 141 58 256
118 6 396 470
181 152 4 15
91 48 174 359
35 55 290 446
159 150 2 13
136 157 80 261
187 47 145 163
36 45 382 430
80 6 144 279
124 12 92 345
180 84 199 226
26 133 156 314
193 140 48 145
172 76 4 4
88 6 59 288
68 110 128 156
108 163 218 259
133 136 240 459
44 34 34 213
162 37 117 123
168 138 11 186
61 101 413 466
64 147 269 469
158 139 160 423
55 158 296 461
28 80 14 114
80 175 17 43
22 65 40 113
109 172 23 157
139 125 75 87
142 153 31 304
106 117 198 207
75 73 68 408
29 148 40 92
60 118 56 351
8 70 106 120
128 95 137 287
172 140 69 174
196 57 7 28
157 47 5 114
54 88 46 332
66 186 194 249
123 111 46 260
141 137 51 87
38 105 265 285
3 138 53 499
112 8 185 409
29 30 46 297
19 47 148 488
45 47 345 451
52 161 187 298
196 123 12 16
157 154 9 46
37 79 2 32
117 69 199 226
195 197 60 188
130 13 295 488
89 36 81 84
35 163 202 487
108 79 75 384
18 180 68 412
60 96 198 316
162 193 18 335
53 11 78 238
194 67 6 6
195 166 136 176
195 61 51 246
27 174 214 365
83 7 103 234
155 94 141 229
116 52 22 68
97 44 0 5
97 3 118 379
94 84 160 160
7 41 81 493
84 180 51 110
42 36 108 169
97 91 9 262
173 183 95 378
137 146 202 232
111 102 8 62
10 64 2 156
157 73 174 252
46 176 294 337
46 82 137 385
51 155 26 65
148 164 10 11
147 106 243 260
119 174 183 405
159 63 6 6
190 135 235 336
94 130 259 344
107 198 130 225
154 91 61 458
107 34 260 322
71 36 0 2
154 141 81 242
137 185 243 430
96 133 259 416
32 58 149 325
33 55 274 337
29 13 71 289
128 143 58 137
50 174 226 280
52 154 184 336
179 159 43 176
87 90 4 428
120 186 24 97
126 54 93 374
126 27 89 145
126 104 101 387
197 20 112 214
116 12 154 404
21 121 6 177
40 176 91 107
147 162 173 384
148 30 151 154
101 82 21 367
172 191 60 372
118 44 20 110
173 171 58 107
129 76 27 99
60 151 35 71
68 141 138 188
171 161 2 13
162 108 51 55
14 155 223 337
112 168 276 400
128 118 6 40
24 59 80 116
52 172 63 104
154 100 301 459
75 52 184 356
140 28 19 277
50 107 72 152
91 160 203 418
103 194 135 218
112 121 46 462
14 179 10 353
158 143 16 239
44 138 24 63
18 157 377 488
151 181 32 80
58 61 95 101
20 117 115 216
77 178 90 202
38 88 24 73
43 85 125 365
181 178 4 94
59 23 144 322
102 51 341 377
103 10 93 105
66 20 245 301
193 113 361 375
74 142 98 319
55 137 278 299
196 44 6 148
13 192 132 366
31 56 36 473
180 54 198 213
172 8 132 391
17 77 22 28
61 25 313 418
19 58 45 96
162 39 16 197
21 93 30 150
32 127 3 40
53 178 405 453
27 88 134 185
83 159 119 265
118 125 142 247
195 97 13 66
3 118 74 103
105 197 33 38
23 36 144 254
168 97 80 131
76 132 161 178
171 177 49 54
110 46 237 394
7 95 42 53
76 46 389 493
105 194 87 88
172 138 197 286
5 73 21 22
41 46 27 394
122 5 50 94
26 62 154 264
28 80 143 370
130 86 19 75
1 11 124 276
102 13 59 108
29 128 322 380
39 183 296 362
173 129 23 88
83 18 424 431
88 4 9 9
57 173 144 430
45 40 197 280
42 83 131 202
70 23 79 380
123 10 268 359
60 13 483 494
74 2 58 139
38 91 0 1
26 102 122 467
14 44 98 429
19 150 304 365
133 126 136 258
64 92 11 354
154 151 298 391
125 160 79 187
48 8 68 385
4 66 264 376
37 102 184 307
167 161 55 201
8 137 21 349
186 159 1 1
55 75 139 388
168 135 325 449
68 164 63 119
57 149 5 60
190 180 39 110
40 192 138 151
82 58 79 442
120 100 52 272
89 113 28 143
94 52 8 69
30 26 91 145
86 189 292 307
58 31 6 162
10 55 106 229
179 57 15 222
161 17 246 414
10 107 128 213
124 192 60 173
1 68 88 338
119 147 34 110
18 167 212 234
146 105 63 157
111 180 222 314
48 109 242 439
62 125 101 224
86 166 182 393
79 47 23 228
179 8 312 328
95 100 8 66
165 38 28 216
104 164 73 455
37 23 264 303
54 26 380 384
76 20 237 252
117 27 95 249
60 7 203 422
28 29 22 33
1 110 234 287
6 142 434 472
116 184 22 259
8 20 12 97
189 102 312 424
181 113 122 126
87 77 199 351
103 129 256 270
65 100 407 475
58 3 220 312
141 4 75 419
89 75 2 3
64 165 276 495
7 79 2 38
120 69 71 161
14 38 408 474
177 180 0 4
43 153 35 412
60 119 185 431
108 94 129 220
13 178 110 128
170 190 247 402
36 59 127 239
83 37 56 67
39 103 345 464
46 177 147 448
98 74 60 246
189 163 281 429
81 167 127 209
54 192 23 342
174 143 77 199
170 91 136 253
68 115 84 94
58 139 454 483
133 120 32 147
104 162 29 51
138 187 9 72
61 55 5 7
15 107 55 358
8 88 0 282
81 189 5 398
195 26 55 254
159 143 359 396
57 0 22 348
152 61 113 389
190 70 29 203
196 56 211 324
166 63 13 90
118 70 50 161
175 65 83 86
18 160 188 204
77 148 102 120
71 159 107 203
115 129 47 488
8 30 23 160
104 150 204 492
13 104 167 318
131 38 53 187
3 69 112 429
174 123 142 310
186 59 50 126
190 120 290 397
86 171 1 216
128 99 110 179
149 88 5 165
163 196 21 349
190 149 34 134
126 149 239 404
57 44 13 147
163 124 235 272
145 1 17 244
180 84 141 428
