500 5000
0 1 208 208
1 2 336 360
2 3 0 0
3 4 151 151
4 5 17 73
5 6 18 46
6 7 36 93
7 8 116 173
8 9 186 198
9 10 228 269
10 11 66 210
11 12 180 343
12 13 45 102
13 14 101 439
14 15 7 13
15 16 307 335
16 17 96 209
17 18 120 279
18 19 66 70
19 20 77 99
20 21 287 401
21 22 390 485
22 23 14 157
23 24 179 346
24 25 380 439
25 26 372 448
26 27 35 42
27 28 5 19
28 29 5 85
29 30 295 439
30 31 29 49
31 32 141 210
32 33 197 479
33 34 52 267
34 35 100 346
35 36 22 158
36 37 269 343
37 38 172 418
38 39 0 9
39 40 234 375
40 41 327 495
41 42 111 374
42 43 62 140
43 44 87 395
44 45 3 51
45 46 105 224
46 47 43 455
47 48 133 147
48 49 17 144
49 50 34 65
50 51 0 9
51 52 312 340
52 53 97 106
53 54 40 133
54 55 144 246
55 56 15 26
56 57 176 287
57 58 70 73
58 59 77 295
59 60 81 350
60 61 27 51
61 62 197 207
62 63 171 347
63 64 112 207
64 65 19 25
65 66 12 268
66 67 46 332
67 68 204 257
68 69 14 473
69 70 259 293
70 71 244 452
71 72 30 68
72 73 62 69
73 74 152 404
74 75 107 199
75 76 54 82
76 77 167 464
77 78 99 174
78 79 240 376
79 80 45 363
80 81 305 442
81 82 202 312
82 83 133 376
83 84 133 174
84 85 48 135
85 86 338 448
86 87 189 214
87 88 5 483
88 89 165 332
89 90 23 311
90 91 45 57
91 92 30 475
92 93 80 225
93 94 273 289
94 95 77 204
95 96 90 118
96 97 349 452
97 98 86 287
98 99 1 1
99 100 47 309
100 101 94 163
101 102 2 264
102 103 314 443
103 104 84 178
104 105 348 455
105 106 146 312
106 107 2 7
107 108 387 465
108 109 191 346
109 110 35 499
110 111 41 86
111 112 51 68
112 113 89 467
113 114 162 349
114 115 7 33
115 116 192 378
116 117 78 377
117 118 22 462
118 119 185 356
119 120 10 62
120 121 3 9
121 122 1 13
122 123 7 14
123 124 12 123
124 125 124 430
125 126 62 269
126 127 268 276
127 128 117 421
128 129 14 62
129 130 12 139
130 131 167 293
131 132 203 485
132 133 103 281
133 134 8 9
134 135 116 401
135 136 83 116
136 137 248 404
137 138 83 194
138 139 325 432
139 140 160 374
140 141 119 278
141 142 24 68
142 143 4 30
143 144 57 60
144 145 21 22
145 146 42 53
146 147 70 113
147 148 12 357
148 149 183 280
149 150 0 6
150 151 10 36
151 152 174 484
152 153 78 284
153 154 7 101
154 155 19 126
155 156 60 372
156 157 91 97
157 158 108 291
158 159 24 485
159 160 314 424
160 161 36 120
161 162 50 247
162 163 305 310
163 164 371 415
164 165 59 78
165 166 6 9
166 167 1 35
167 168 198 243
168 169 231 303
169 170 129 284
170 171 84 158
171 172 54 495
172 173 42 290
173 174 97 190
174 175 59 276
175 176 342 373
176 177 155 335
177 178 17 132
178 179 25 33
179 180 39 185
180 181 23 315
181 182 10 105
182 183 61 377
183 184 12 33
184 185 12 130
185 186 57 403
186 187 90 96
187 188 185 320
188 189 220 262
189 190 289 463
190 191 42 131
191 192 24 33
192 193 192 368
193 194 285 386
194 195 75 454
195 196 320 466
196 197 2 6
197 198 85 117
198 199 234 309
199 200 189 475
200 201 441 476
201 202 56 278
202 203 3 458
203 204 298 321
204 205 57 195
205 206 40 243
206 207 7 302
207 208 124 275
208 209 375 464
209 210 169 460
210 211 120 197
211 212 16 482
212 213 31 87
213 214 5 63
214 215 47 67
215 216 3 253
216 217 5 10
217 218 456 474
218 219 138 414
219 220 3 7
220 221 9 88
221 222 84 166
222 223 58 65
223 224 216 405
224 225 48 172
225 226 167 470
226 227 261 291
227 228 106 440
228 229 10 423
229 230 438 453
230 231 99 230
231 232 94 273
232 233 231 400
233 234 18 143
234 235 233 245
235 236 94 300
236 237 7 7
237 238 65 297
238 239 54 217
239 240 349 404
240 241 37 157
241 242 365 447
242 243 157 289
243 244 17 92
244 245 232 394
245 246 14 306
246 247 0 27
247 248 10 210
248 249 136 340
249 250 265 460
250 251 0 0
251 252 385 489
252 253 48 188
253 254 40 487
254 255 47 302
255 256 87 415
256 257 120 287
257 258 109 314
258 259 100 143
259 260 205 294
260 261 28 375
261 262 15 430
262 263 299 378
263 264 315 349
264 265 2 433
265 266 42 161
266 267 157 336
267 268 81 225
268 269 46 191
269 270 4 205
270 271 107 201
271 272 20 159
272 273 175 311
273 274 36 215
274 275 205 487
275 276 232 339
276 277 27 99
277 278 2 213
278 279 38 172
279 280 12 399
280 281 412 440
281 282 354 452
282 283 172 332
283 284 2 135
284 285 37 126
285 286 231 428
286 287 227 264
287 288 74 401
288 289 23 286
289 290 16 367
290 291 115 260
291 292 7 386
292 293 19 284
293 294 189 233
294 295 109 171
295 296 27 34
296 297 134 189
297 298 9 39
298 299 21 492
299 300 25 90
300 301 352 406
301 302 32 438
302 303 227 344
303 304 53 285
304 305 42 80
305 306 211 233
306 307 82 172
307 308 95 112
308 309 249 296
309 310 21 156
310 311 248 459
311 312 212 455
312 313 28 128
313 314 24 55
314 315 46 96
315 316 83 250
316 317 3 365
317 318 53 104
318 319 84 124
319 320 23 426
320 321 32 208
321 322 186 308
322 323 37 117
323 324 46 51
324 325 204 258
325 326 52 239
326 327 15 76
327 328 212 311
328 329 42 272
329 330 167 327
330 331 72 72
331 332 54 376
332 333 5 111
333 334 234 260
334 335 281 393
335 336 3 11
336 337 64 162
337 338 35 437
338 339 149 423
339 340 0 269
340 341 271 434
341 342 95 475
342 343 259 414
343 344 137 427
344 345 2 49
345 346 236 326
346 347 268 352
347 348 124 305
348 349 282 400
349 350 10 17
350 351 374 385
351 352 111 366
352 353 41 130
353 354 29 128
354 355 213 316
355 356 134 172
356 357 205 399
357 358 137 223
358 359 17 392
359 360 221 496
360 361 146 150
361 362 25 71
362 363 250 451
363 364 111 271
364 365 472 488
365 366 64 318
366 367 494 497
367 368 180 273
368 369 213 263
369 370 31 67
370 371 158 178
371 372 7 13
372 373 46 80
373 374 343 373
374 375 5 15
375 376 133 183
376 377 348 432
377 378 167 347
378 379 169 346
379 380 79 94
380 381 123 221
381 382 78 291
382 383 241 495
383 384 28 102
384 385 28 124
385 386 85 131
386 387 346 375
387 388 45 228
388 389 25 28
389 390 118 254
390 391 77 106
391 392 121 400
392 393 72 148
393 394 2 13
394 395 26 297
395 396 70 422
396 397 96 190
397 398 296 375
398 399 232 256
399 400 59 271
400 401 355 480
401 402 103 402
402 403 9 16
403 404 47 355
404 405 86 232
405 406 39 474
406 407 56 110
407 408 93 133
408 409 18 40
409 410 77 214
410 411 44 54
411 412 14 317
412 413 156 402
413 414 160 349
414 415 282 383
415 416 156 171
416 417 117 423
417 418 175 214
418 419 271 412
419 420 3 313
420 421 52 71
421 422 24 39
422 423 6 9
423 424 19 33
424 425 131 229
425 426 20 56
426 427 13 13
427 428 374 378
428 429 76 197
429 430 313 374
430 431 222 226
431 432 132 225
432 433 161 239
433 434 20 237
434 435 399 402
435 436 157 201
436 437 451 453
437 438 12 18
438 439 14 387
439 440 45 62
440 441 213 309
441 442 3 5
442 443 28 269
443 444 0 1
444 445 370 476
445 446 404 453
446 447 203 398
447 448 328 458
448 449 5 72
449 450 49 79
450 451 79 94
451 452 217 311
452 453 251 453
453 454 427 495
454 455 266 356
455 456 97 366
456 457 455 455
457 458 115 200
458 459 80 125
459 460 42 86
460 461 53 59
461 462 356 407
462 463 62 73
463 464 86 132
464 465 240 410
465 466 43 155
466 467 488 492
467 468 107 133
468 469 134 267
469 470 122 157
470 471 56 456
471 472 169 183
472 473 9 217
473 474 58 256
474 475 396 470
475 476 4 15
476 477 174 359
477 478 290 446
478 479 2 13
479 480 80 261
480 481 145 163
481 482 382 430
482 483 144 279
483 484 92 345
484 485 199 226
485 486 156 314
486 487 48 145
487 488 4 4
488 489 59 288
489 490 128 156
490 491 218 259
491 492 240 459
492 493 34 213
493 494 117 123
494 495 11 186
495 496 413 466
496 497 269 469
497 498 160 423
498 499 296 461
499 0 14 114
375 266 17 43
88 415 40 113
346 219 23 157
207 127 75 87
246 61 31 304
303 223 198 207
26 19 68 408
221 131 40 92
343 486 56 351
333 338 106 120
293 33 137 287
428 0 69 174
23 477 7 28
113 231 5 114
0 313 46 332
218 361 194 249
420 426 46 260
387 429 51 87
457 0 265 285
115 260 53 499
258 203 185 409
115 427 46 297
359 77 148 488
151 42 345 451
81 227 187 298
283 181 12 16
33 22 9 46
177 296 2 32
199 7 199 226
58 481 60 188
450 5 295 488
206 431 81 84
65 340 202 487
224 262 75 384
170 95 68 412
31 326 198 316
376 196 18 335
378 458 78 238
274 492 6 6
205 165 136 176
480 215 51 246
222 388 214 365
390 153 103 234
302 135 141 229
419 104 22 68
305 237 0 5
205 99 118 379
229 132 160 160
269 244 81 493
273 298 51 110
418 393 108 169
140 8 9 262
272 377 95 378
251 469 202 232
284 9 8 62
267 498 2 156
79 82 174 252
204 157 294 337
481 389 137 385
183 101 26 65
451 441 10 11
71 315 243 260
306 311 183 405
324 405 6 6
286 485 235 336
150 175 259 344
76 407 130 225
15 441 61 458
437 352 260 322
132 241 0 2
377 18 81 242
448 288 243 430
497 498 259 416
465 490 149 325
73 52 274 337
219 43 71 289
447 177 58 137
21 159 226 280
291 42 184 336
245 440 43 176
215 431 4 428
301 484 24 97
138 161 93 374
55 240 89 145
412 3 101 387
167 391 112 214
171 126 154 404
77 457 6 177
39 399 91 107
68 55 173 384
404 155 151 154
172 247 21 367
295 210 60 372
175 20 20 110
137 73 58 107
403 24 27 99
263 442 35 71
64 126 138 188
82 488 2 13
346 176 51 55
31 235 223 337
260 35 276 400
439 54 6 40
478 137 80 116
47 188 63 104
125 182 301 459
275 261 184 356
213 299 19 277
359 214 72 152
287 399 203 418
480 274 135 218
464 315 46 462
441 380 10 353
371 430 16 239
167 92 24 63
163 192 377 488
60 120 32 80
152 119 95 101
434 301 115 216
439 78 90 202
498 187 24 73
328 390 125 365
393 433 4 94
203 39 144 322
224 283 341 377
8 220 93 105
269 478 245 301
258 94 361 375
429 182 98 319
17 143 278 299
490 145 6 148
388 404 132 366
70 33 36 473
128 174 198 213
413 42 132 391
215 232 22 28
321 87 313 418
453 236 45 96
71 337 16 197
193 20 30 150
34 109 3 40
165 203 405 453
14 250 134 185
120 0 119 265
328 3 142 247
446 377 13 66
64 296 74 103
108 259 33 38
397 454 144 254
440 188 80 131
285 188 161 178
483 300 49 54
385 151 237 394
40 385 42 53
265 85 389 493
170 404 87 88
36 54 197 286
473 424 21 22
308 227 27 394
297 331 50 94
30 424 154 264
10 137 143 370
219 365 19 75
131 6 124 276
43 41 59 108
13 344 322 380
289 60 296 362
121 25 23 88
184 442 424 431
449 237 9 9
39 375 144 430
49 191 197 280
424 6 131 202
488 39 79 380
276 234 268 359
68 412 483 494
427 256 58 139
120 1 0 1
120 74 122 467
200 159 98 429
359 107 304 365
485 343 136 258
127 116 11 354
185 31 298 391
137 315 79 187
0 456 68 385
449 7 264 376
411 193 184 307
87 404 55 201
144 134 21 349
108 369 1 1
177 93 139 388
204 418 325 449
274 89 63 119
173 108 5 60
147 103 39 110
386 165 138 151
182 35 79 442
447 188 52 272
477 484 28 143
31 447 8 69
345 261 91 145
430 337 292 307
18 187 6 162
358 310 106 229
167 201 15 222
356 247 246 414
254 399 128 213
405 427 60 173
368 391 88 338
127 359 34 110
250 10 212 234
173 126 63 157
70 94 222 314
118 166 242 439
92 379 101 224
45 153 182 393
340 326 23 228
181 249 312 328
78 138 8 66
383 409 28 216
219 190 73 455
152 103 264 303
328 397 380 384
48 482 237 252
259 82 95 249
152 145 203 422
56 230 22 33
451 319 234 287
274 460 434 472
176 66 22 259
298 223 12 97
364 248 312 424
42 148 122 126
123 205 199 351
307 427 256 270
185 331 407 475
59 139 220 312
5 452 75 419
66 278 2 3
464 173 276 495
15 392 2 38
180 233 71 161
414 325 408 474
2 460 0 4
227 265 35 412
392 454 185 431
177 424 129 220
327 219 110 128
66 222 247 402
458 451 127 239
263 480 56 67
44 164 345 464
65 337 147 448
350 0 60 246
384 237 281 429
140 297 127 209
305 184 23 342
304 494 77 199
498 400 136 253
73 188 84 94
13 480 454 483
349 140 32 147
368 160 29 51
115 456 9 72
495 387 5 7
353 450 55 358
477 221 0 282
285 53 5 398
423 15 55 254
14 485 359 396
61 163 22 348
239 319 113 389
371 281 29 203
23 4 211 324
49 412 13 90
194 308 50 161
486 13 83 86
451 106 188 204
321 23 102 120
429 301 107 203
25 185 47 488
312 100 23 160
386 263 204 492
93 254 167 318
318 22 53 187
247 185 112 429
469 179 142 310
64 456 50 126
19 192 290 397
113 404 1 216
119 97 110 179
247 389 5 165
235 469 21 349
279 114 34 134
428 226 239 404
170 179 13 147
44 94 235 272
254 326 17 244
75 254 141 428
419 44 361 445
430 483 86 92
10 231 72 293
88 90 250 450
176 415 125 223
89 312 220 461
432 361 62 139
65 200 286 305
132 326 133 341
440 319 5 114
211 424 1 6
432 161 90 208
47 65 138 470
345 473 93 171
353 104 297 390
332 282 79 87
125 351 132 171
66 408 41 72
150 469 61 359
392 250 149 350
388 280 258 344
339 212 4 126
424 421 167 346
48 169 59 113
400 11 114 212
241 183 30 186
214 91 114 178
477 103 6 28
142 44 49 316
177 94 137 354
168 481 154 307
36 259 53 324
434 0 47 85
250 209 60 74
160 47 35 257
288 420 340 438
380 54 91 92
196 105 218 231
137 100 72 214
298 464 173 249
180 244 53 80
126 468 142 171
223 255 111 131
197 337 235 423
376 220 269 400
297 75 106 213
106 191 2 304
359 206 51 72
305 447 130 255
87 136 28 148
163 409 371 430
202 121 274 336
135 382 229 317
303 107 3 62
15 20 2 235
404 157 486 494
270 27 289 475
466 92 0 323
23 407 36 76
219 11 173 320
356 242 159 283
261 110 216 234
258 388 139 214
334 335 19 300
324 408 129 425
212 91 185 376
294 429 119 290
468 45 147 463
446 437 16 32
335 381 31 496
282 411 3 26
385 484 94 99
238 346 159 211
233 493 5 53
50 45 183 312
464 490 22 24
97 186 91 142
114 313 20 30
143 126 79 352
248 361 27 334
227 220 17 189
172 283 0 94
144 330 359 374
142 65 11 170
218 496 305 398
1 281 133 244
193 310 131 263
296 15 1 14
379 110 4 322
472 194 11 175
24 171 1 114
136 21 211 217
68 74 28 191
195 44 141 235
404 98 202 490
399 441 135 182
137 366 246 387
26 234 255 276
433 131 300 445
374 361 40 177
263 211 54 123
194 66 233 456
428 251 21 21
142 98 1 476
393 344 18 278
129 102 159 188
315 100 471 498
263 465 22 29
73 266 168 258
247 63 13 15
494 250 0 286
225 173 23 90
129 23 104 316
12 75 49 491
67 282 283 438
481 224 187 226
365 64 126 354
232 330 84 389
451 308 117 247
332 254 59 264
116 308 27 75
255 305 137 185
490 484 33 71
198 423 26 364
404 3 80 238
24 368 137 224
387 314 311 443
284 47 230 264
232 7 1 204
85 138 40 134
247 210 27 36
335 59 181 209
290 52 11 12
131 220 58 145
90 268 110 252
459 178 187 483
175 130 12 54
208 78 49 337
407 37 0 250
446 17 298 389
285 334 70 71
84 62 34 41
357 336 37 200
134 281 305 399
447 23 18 96
153 307 130 384
304 444 88 145
224 146 75 108
9 67 3 8
356 36 53 199
145 284 180 190
142 7 100 330
411 124 21 35
379 319 32 76
315 370 3 8
201 121 24 57
38 220 248 326
491 110 174 201
366 282 83 160
88 450 81 279
401 79 107 497
330 108 401 418
408 42 350 350
291 178 253 460
322 11 14 19
0 347 26 35
314 465 71 237
29 366 150 174
408 0 160 469
161 107 195 245
423 132 128 270
350 114 115 448
27 132 21 223
325 372 46 439
268 402 33 127
312 27 54 137
460 160 122 164
6 280 87 274
483 242 55 110
124 2 288 336
136 211 71 71
204 286 2 47
173 493 43 435
493 365 26 118
458 483 69 193
458 447 40 286
391 139 207 263
66 249 14 38
213 172 27 437
447 323 345 476
8 438 142 407
263 154 69 142
147 49 187 264
402 45 92 170
264 424 69 277
462 375 368 488
122 260 67 156
36 152 316 335
14 109 158 163
182 424 12 388
222 342 78 163
403 335 36 445
128 136 159 376
209 16 57 382
435 290 131 235
161 288 70 105
38 160 19 20
319 475 54 161
44 411 9 18
298 165 304 347
343 319 84 335
314 471 139 215
405 301 63 384
373 409 94 268
62 411 15 19
409 269 2 67
450 121 61 96
483 175 129 168
460 282 22 26
242 214 137 303
344 426 182 256
398 194 50 309
287 61 133 216
53 416 370 424
429 384 201 227
97 388 3 7
173 494 119 437
12 110 279 328
258 117 104 412
455 329 40 476
414 72 11 25
118 71 60 117
347 333 2 31
0 94 96 211
349 81 125 432
491 372 20 40
323 307 96 237
291 217 60 62
69 235 204 387
383 215 73 421
479 246 8 21
31 122 86 243
488 125 48 119
156 373 458 477
127 454 462 472
358 273 290 307
243 291 344 487
225 88 4 172
195 296 183 449
394 260 202 217
355 82 98 118
176 253 311 471
437 408 89 342
114 199 16 32
62 286 296 436
153 246 214 351
270 127 151 303
186 339 4 366
59 14 59 126
199 103 80 300
252 60 283 408
214 164 15 27
197 353 51 65
398 176 243 422
79 165 216 309
94 310 223 266
351 57 66 124
413 349 140 147
334 403 136 437
69 379 159 211
350 13 17 32
383 249 35 449
132 128 30 101
97 29 258 413
92 71 286 441
67 474 17 243
46 198 119 299
154 262 15 264
344 241 160 313
403 335 79 428
340 209 105 141
101 387 184 442
419 247 90 284
493 183 37 57
371 256 73 113
275 65 216 298
94 74 107 119
141 391 25 65
238 134 38 81
397 449 359 423
493 108 260 301
403 225 105 482
275 97 108 173
52 142 123 298
465 293 178 300
214 24 169 308
400 362 8 29
67 299 298 375
391 295 245 475
206 232 70 267
216 103 62 96
299 384 249 377
398 387 1 3
422 114 71 164
317 118 82 459
495 445 191 294
168 305 391 428
435 107 15 302
27 202 303 412
185 246 144 440
19 389 146 160
24 406 5 61
76 93 20 361
68 309 116 220
463 450 60 63
14 302 287 295
182 113 4 18
90 247 85 100
458 460 259 394
468 210 4 6
363 210 130 151
249 85 10 10
63 182 219 499
18 134 15 291
471 175 80 146
403 410 94 465
100 117 217 254
340 242 164 227
32 130 274 294
300 61 64 132
341 158 141 152
357 169 166 186
53 474 11 122
164 140 283 292
38 398 46 348
426 76 15 36
233 336 418 486
126 378 171 377
149 449 52 403
400 197 116 376
447 36 19 40
414 227 167 241
214 422 143 223
323 113 99 336
494 81 78 224
444 149 46 352
357 124 176 341
384 298 212 349
168 185 63 309
392 407 75 75
363 309 54 381
272 85 281 391
8 208 293 452
318 327 94 117
36 76 54 88
242 104 142 195
349 382 86 160
294 137 264 408
185 206 99 307
18 175 181 380
362 490 5 214
406 342 21 49
5 472 55 57
388 487 158 187
2 285 91 97
244 135 127 411
0 335 203 300
404 25 210 345
13 450 50 246
293 70 7 44
407 424 35 117
420 137 124 231
345 75 34 99
296 138 6 12
11 341 317 365
161 147 291 363
344 365 90 165
163 465 76 422
328 87 150 214
250 219 339 433
17 234 145 329
338 269 241 291
278 32 39 100
334 45 246 265
362 164 22 448
246 382 75 152
490 322 381 436
178 173 389 455
430 322 132 165
104 482 173 342
6 99 370 450
232 205 18 37
265 217 373 440
452 454 72 95
133 228 182 425
167 75 41 334
40 62 82 172
146 117 6 75
342 327 283 318
367 62 22 424
423 206 345 411
450 281 115 314
228 390 442 479
132 461 239 295
316 76 87 99
83 259 32 215
25 446 145 168
379 6 397 496
159 150 116 190
18 79 421 497
437 50 210 259
464 15 9 86
418 472 15 37
212 349 164 185
394 286 59 61
213 67 150 317
84 474 55 207
462 1 416 496
379 12 441 465
204 108 14 74
164 139 20 197
172 222 22 231
113 210 123 281
426 16 42 390
297 47 139 244
145 354 68 210
131 108 13 131
269 335 290 456
216 75 8 11
229 140 243 411
194 404 38 94
417 279 332 343
189 1 35 177
169 92 246 488
217 277 17 61
493 352 77 93
183 417 108 445
486 277 13 292
386 55 21 154
94 348 0 0
272 379 38 114
216 146 30 72
269 446 71 101
344 154 58 449
207 374 342 437
328 83 91 350
400 156 28 235
41 90 406 414
61 113 124 248
148 403 41 182
37 250 39 138
142 196 455 463
85 217 151 193
256 485 1 246
464 286 1 127
111 304 228 443
279 187 76 192
1 469 29 149
462 391 162 359
370 208 11 95
419 229 10 59
433 5 281 419
310 34 257 372
1 243 71 295
446 490 41 121
327 206 253 312
162 427 258 319
225 461 90 164
412 5 9 33
187 473 433 441
290 433 97 230
388 308 268 382
219 269 111 127
417 1 288 296
301 133 42 214
454 308 21 191
0 398 31 63
34 324 69 122
76 295 0 39
477 207 85 151
312 378 49 371
407 213 89 308
140 222 330 336
211 348 4 4
245 45 320 339
348 144 14 252
130 84 69 115
395 438 6 87
263 113 33 92
490 299 305 422
251 197 37 492
178 267 196 457
140 373 66 174
214 76 162 390
460 141 169 273
319 162 263 409
339 243 87 242
33 261 262 295
338 333 104 394
29 54 3 50
293 334 38 269
196 46 50 183
109 471 173 302
431 245 120 480
11 120 36 196
231 252 186 196
481 432 378 396
437 106 34 323
341 137 124 197
317 236 92 345
213 66 15 202
335 70 21 68
22 196 149 225
183 398 14 167
110 357 62 109
274 33 239 463
388 235 98 345
329 317 125 300
67 268 188 374
433 54 150 271
370 149 138 350
160 256 330 466
68 76 377 432
408 383 57 83
252 25 123 131
67 487 0 35
125 95 178 490
415 259 78 118
240 420 150 330
267 152 34 44
257 476 103 105
107 467 85 251
371 230 48 52
71 59 114 194
84 69 132 269
1 444 3 169
300 422 92 278
210 132 170 268
493 35 131 195
382 452 219 348
363 358 157 339
16 52 53 344
346 137 13 281
367 473 90 179
199 444 203 307
387 221 333 468
456 97 206 299
369 16 281 490
395 216 137 220
493 26 77 370
472 48 2 18
284 105 10 383
32 344 45 259
226 281 2 2
430 461 36 138
297 460 29 267
296 497 273 384
168 223 14 26
20 181 216 275
409 334 168 401
107 7 252 325
260 357 48 466
361 269 28 37
462 404 70 138
145 235 144 460
476 36 350 383
82 254 127 300
423 258 318 417
429 247 282 448
301 112 360 487
215 241 412 500
229 433 19 69
451 486 35 35
124 233 15 36
315 68 0 7
212 148 107 486
482 330 10 47
263 194 162 421
73 259 320 343
35 441 70 244
479 82 49 173
406 459 87 177
202 32 8 127
179 350 272 456
93 134 289 363
154 204 0 12
480 470 8 231
149 240 96 140
276 460 10 14
106 88 380 443
435 47 162 386
412 24 29 165
473 79 335 399
89 275 4 162
164 103 15 154
493 27 396 464
15 173 344 489
108 178 126 262
426 34 188 476
432 200 394 444
357 427 116 259
294 269 62 186
382 66 205 355
217 275 53 228
409 472 224 303
205 1 270 496
142 368 283 387
16 234 101 167
66 295 44 44
475 48 20 92
471 15 204 263
418 210 188 208
139 114 86 401
127 399 278 467
255 312 32 89
215 299 394 430
311 290 388 479
202 367 449 480
370 53 9 18
428 175 8 28
454 399 2 2
219 58 57 156
406 120 11 27
95 257 21 147
70 104 158 178
4 69 318 477
334 488 43 238
371 388 81 139
490 371 114 252
450 212 302 322
292 461 23 55
433 474 166 379
468 34 342 426
227 417 6 422
440 190 364 446
367 380 181 191
147 100 89 222
404 252 46 50
225 34 10 113
203 467 265 486
264 468 64 142
419 199 276 454
473 449 242 446
181 196 320 462
374 457 60 78
274 253 164 440
335 277 113 316
451 85 59 105
234 167 169 172
457 7 37 80
332 491 29 222
391 378 40 41
167 490 15 82
33 13 58 98
187 9 267 346
420 401 120 287
80 292 376 437
478 16 60 122
229 304 152 315
213 174 3 17
163 52 166 258
409 382 54 432
181 437 387 493
191 462 1 4
274 128 34 126
277 486 18 112
90 265 21 23
7 434 5 5
362 188 21 245
62 363 5 22
359 52 50 139
427 49 206 320
210 155 41 147
266 235 45 135
326 243 146 295
183 271 51 190
156 468 171 351
450 237 135 248
481 143 1 317
425 296 60 177
460 222 41 143
331 392 10 66
455 265 94 469
249 139 268 403
133 400 404 469
303 351 77 92
58 377 166 467
52 116 236 468
25 470 57 142
494 369 117 137
371 147 267 276
40 266 67 92
425 380 136 221
275 64 36 92
452 234 128 474
419 140 138 247
481 318 348 482
134 168 316 323
31 65 167 242
332 86 150 484
239 220 12 71
427 366 39 316
78 395 305 331
171 209 199 217
180 360 27 29
228 401 15 246
287 443 26 233
465 161 5 404
153 222 120 128
12 185 195 196
266 222 118 120
83 252 201 343
284 342 45 495
45 223 28 88
149 244 60 411
379 7 72 115
285 486 28 29
153 493 46 69
450 298 234 468
407 381 153 445
289 14 73 144
42 224 300 474
365 279 168 425
26 133 201 217
455 182 198 234
46 17 167 315
443 247 67 79
302 456 0 7
460 94 99 133
336 315 1 7
406 495 135 337
10 184 56 276
149 380 51 161
481 24 26 390
305 488 26 73
19 476 118 122
62 360 0 146
55 97 69 98
138 339 15 44
16 109 143 435
223 189 28 44
191 488 303 342
67 410 8 60
120 218 5 5
219 447 203 279
84 281 200 454
303 255 402 431
71 448 138 169
99 419 5 13
318 261 37 401
389 75 167 403
396 244 333 435
270 299 66 335
353 392 253 404
269 183 150 449
34 29 194 227
458 324 247 279
106 269 46 253
141 475 165 346
410 143 71 342
80 452 13 260
97 104 231 415
430 452 41 253
317 105 68 413
365 8 53 141
348 266 84 89
340 142 197 485
96 134 156 371
443 308 108 130
249 376 22 291
151 437 150 478
326 372 1 40
151 65 20 41
76 173 124 310
405 441 76 112
69 328 67 383
390 8 134 284
345 494 297 333
486 453 44 54
80 489 28 42
219 418 161 313
141 81 197 205
52 245 22 43
247 354 119 185
209 253 186 336
287 415 10 94
209 190 381 448
24 238 125 475
260 348 459 481
131 496 55 365
223 71 138 203
479 37 125 372
317 298 91 144
441 160 36 157
29 64 1 303
136 138 225 298
460 306 407 440
31 250 124 127
474 342 229 383
370 320 325 471
374 279 0 0
466 111 177 238
47 10 54 329
31 497 313 422
282 267 37 92
108 312 312 428
150 206 158 182
399 310 242 447
139 276 11 13
360 63 20 42
249 477 466 491
456 484 210 305
200 347 153 209
433 65 35 84
394 75 62 325
50 153 12 18
172 441 75 156
311 116 142 162
187 271 256 304
315 72 190 326
227 59 31 423
131 447 302 464
421 486 211 330
408 480 208 289
298 251 76 199
116 332 300 484
114 122 29 77
489 122 367 448
301 486 54 155
448 9 123 274
112 371 188 341
395 76 40 118
466 450 65 84
212 96 145 254
44 94 105 396
109 146 328 346
358 392 0 59
491 34 280 451
125 22 68 240
307 416 18 474
304 415 181 277
339 54 35 42
387 341 66 101
258 94 383 427
345 200 106 353
237 415 41 448
275 410 89 164
458 125 221 264
199 68 207 325
339 468 41 297
485 64 37 115
152 491 167 213
30 134 124 124
474 404 421 423
241 170 461 494
422 461 32 33
94 483 159 357
301 453 65 165
108 49 153 313
331 211 7 129
281 435 75 326
403 400 158 185
53 215 91 147
61 230 296 456
200 405 255 472
471 434 178 307
476 118 29 107
51 244 232 470
86 465 4 375
67 137 174 376
61 241 56 106
420 215 343 415
328 84 11 120
173 215 122 316
313 206 96 356
163 224 89 371
405 427 190 195
143 124 161 380
345 401 141 452
372 23 107 294
277 437 28 45
321 400 36 64
80 101 9 52
345 286 60 86
43 174 53 63
358 116 64 389
21 257 12 19
465 350 116 121
292 421 66 440
331 347 325 487
432 27 108 303
264 184 419 489
271 100 4 21
368 317 387 475
472 95 143 155
460 313 147 400
262 148 209 406
141 290 19 430
202 179 2 229
444 53 416 466
197 440 56 129
339 76 444 468
172 71 166 310
270 230 273 493
17 326 8 16
395 362 134 363
145 106 151 283
495 206 211 246
4 448 114 129
142 361 158 163
416 323 75 124
139 495 82 109
362 364 314 400
431 318 63 251
176 375 35 41
136 418 368 389
86 406 145 267
106 498 344 370
89 139 134 258
267 73 48 200
317 119 191 494
130 451 4 14
332 373 228 467
473 248 406 466
392 179 56 195
89 319 79 107
340 84 309 310
324 498 46 89
403 202 384 402
397 435 25 127
298 264 60 145
394 196 171 458
252 107 435 452
244 161 242 268
492 102 261 432
297 293 76 176
318 1 315 499
131 115 104 217
1 161 60 147
86 187 4 20
435 464 358 495
336 472 138 232
372 478 224 368
495 180 123 321
286 102 85 362
327 129 10 25
481 365 447 460
210 229 224 464
245 377 114 276
200 182 271 482
321 340 118 140
124 153 65 301
45 230 98 198
190 183 93 314
61 186 110 150
64 440 331 410
46 160 16 34
6 442 7 20
161 352 12 24
368 21 5 75
469 428 70 198
59 270 341 478
129 278 10 55
163 106 167 324
325 343 28 264
406 366 29 176
33 171 25 99
156 360 52 110
136 269 10 21
274 175 60 357
332 220 3 327
124 396 74 222
102 332 238 360
301 470 8 55
228 342 320 470
374 24 45 424
314 116 301 330
194 227 143 189
373 94 194 208
484 487 236 241
294 81 302 468
478 178 141 432
369 345 47 239
217 236 270 277
266 165 209 438
12 443 272 475
183 252 226 320
120 395 272 375
49 455 7 176
245 416 104 459
103 242 12 419
52 197 29 276
94 331 359 434
218 403 7 425
326 122 232 405
312 73 63 65
409 55 213 268
235 161 34 451
374 18 374 386
210 101 150 210
329 369 319 489
125 51 41 125
157 420 160 167
208 47 78 478
240 122 256 405
82 49 376 451
265 109 2 5
455 492 72 190
1 129 107 117
209 428 44 148
443 479 296 369
374 192 274 362
325 446 145 231
374 124 51 183
386 338 257 292
38 494 65 267
468 225 136 275
194 314 37 308
497 8 37 198
491 114 141 386
212 129 67 125
399 208 124 328
391 19 102 481
176 92 1 1
466 89 327 362
276 180 44 54
162 65 176 272
335 53 127 314
7 455 29 121
55 414 312 457
287 351 220 311
130 372 8 116
19 362 185 385
192 478 29 52
429 288 217 278
117 235 45 47
97 272 69 291
6 398 121 126
421 390 122 325
75 424 91 358
116 390 62 262
412 336 149 329
433 476 47 407
22 132 174 404
59 185 17 310
195 97 127 226
266 347 136 204
412 414 51 438
428 207 8 352
192 447 49 92
97 24 107 283
310 248 129 455
359 230 29 75
96 384 166 423
448 282 217 410
344 296 28 250
173 319 2 18
406 154 11 73
288 398 169 462
253 232 9 22
420 216 20 186
277 366 97 310
337 468 31 98
68 232 1 491
352 259 31 78
35 193 114 270
372 6 257 309
351 479 11 115
350 442 18 233
363 72 51 245
90 403 323 384
10 4 175 317
177 369 199 234
168 63 286 334
2 203 26 227
203 281 98 263
468 256 89 329
497 78 44 90
319 27 122 394
467 264 270 302
495 450 259 491
158 313 109 111
41 230 188 233
389 28 380 448
230 99 239 301
290 268 331 363
43 63 120 207
362 191 236 342
62 35 317 473
6 493 92 100
390 54 155 404
345 308 94 485
448 212 0 7
174 89 81 107
493 105 33 58
360 157 371 384
189 128 26 40
448 33 219 500
421 450 112 195
496 103 282 453
411 428 46 94
404 398 220 220
429 112 396 423
406 300 152 298
16 139 165 231
16 235 69 256
150 145 158 287
487 349 140 220
481 202 52 96
1 370 33 57
93 341 62 75
167 470 24 26
118 417 162 279
199 347 204 424
43 39 135 179
366 433 8 37
58 283 70 213
58 412 96 301
457 385 135 213
350 32 6 406
489 2 470 471
402 28 240 435
14 303 60 352
263 329 38 235
51 413 78 342
24 309 1 6
0 96 431 492
320 78 45 86
138 244 146 454
106 487 100 404
100 277 208 400
408 94 88 134
460 249 98 109
386 421 165 214
152 365 157 425
484 467 79 225
134 102 200 468
61 380 2 176
203 293 68 310
85 188 251 491
308 158 254 322
84 179 4 22
296 448 127 232
1 342 134 167
291 95 87 266
247 79 25 142
360 333 33 61
46 248 240 334
232 494 86 341
422 371 306 434
238 333 19 66
20 224 125 400
352 139 269 414
311 389 134 323
478 247 84 102
324 279 44 130
400 472 5 209
314 297 158 271
429 0 158 239
416 189 150 234
38 327 1 420
249 468 261 435
239 156 177 409
399 52 19 439
18 374 199 286
188 175 254 482
377 364 107 303
209 196 193 302
139 82 132 159
226 222 306 341
425 114 17 26
207 442 63 67
178 490 54 65
116 438 50 328
152 162 9 87
250 102 90 170
428 26 17 22
72 319 90 117
323 125 79 483
150 380 215 255
109 395 47 75
370 13 224 262
217 89 404 472
152 193 417 433
137 467 30 196
247 92 6 142
45 199 198 381
432 181 84 120
403 439 3 127
412 464 17 42
385 134 27 432
405 81 186 224
427 417 146 281
376 59 345 369
137 251 49 399
291 53 152 224
278 219 23 92
127 57 187 415
128 183 11 15
151 236 180 474
420 189 191 289
281 88 259 438
146 372 88 304
24 345 78 126
66 154 78 148
27 176 19 266
201 262 428 482
197 112 80 92
140 356 211 255
404 301 27 172
448 270 379 385
75 205 280 402
215 292 119 212
100 308 18 102
78 20 31 33
5 324 72 99
464 46 28 136
477 216 34 299
125 490 157 437
411 238 17 64
386 498 436 480
479 340 170 342
52 475 360 371
99 177 483 492
149 385 66 208
329 342 9 266
384 435 1 340
369 482 99 256
385 267 47 149
212 307 18 52
21 436 33 142
134 450 178 385
283 313 236 321
383 484 144 401
131 146 234 259
273 64 70 116
136 64 34 314
42 380 26 152
439 493 0 14
205 341 83 452
195 366 93 210
6 307 38 213
165 339 294 371
219 223 61 475
195 328 15 36
307 423 58 86
252 60 128 161
396 154 115 124
209 82 157 248
160 409 326 413
179 263 131 427
116 127 29 298
348 35 106 120
362 198 85 93
170 5 220 372
15 474 103 118
431 221 178 270
83 90 331 375
236 73 27 114
337 277 81 87
290 73 11 19
212 459 8 73
115 136 265 426
11 401 18 52
300 128 100 112
74 273 15 16
249 154 314 338
129 199 25 116
45 107 142 207
482 111 50 69
367 4 57 188
189 118 84 212
470 249 62 236
417 150 95 211
84 60 28 51
317 143 32 387
351 55 3 68
287 290 104 212
481 300 72 136
428 95 34 150
338 72 120 336
436 491 171 259
394 83 3 95
300 463 151 235
62 333 166 170
64 384 116 352
411 492 43 113
408 63 416 423
453 67 7 263
224 292 168 250
29 367 80 127
284 83 4 93
231 156 148 236
41 272 322 491
433 252 17 66
78 471 93 142
402 92 142 401
213 451 315 333
421 408 38 139
317 459 142 157
89 285 123 210
148 321 210 301
452 229 360 360
462 165 416 429
371 153 27 341
426 14 32 118
295 328 7 463
287 368 314 391
293 387 143 153
361 141 82 152
38 261 302 441
334 212 12 63
492 429 301 317
467 153 138 139
158 383 100 414
244 429 170 182
21 414 364 367
272 398 7 96
181 233 126 241
198 433 400 402
367 15 161 198
134 42 43 80
121 287 142 325
153 335 41 377
297 275 130 140
469 131 118 226
143 461 90 451
116 30 116 436
184 470 90 354
365 29 278 296
364 182 98 409
3 492 105 454
212 487 1 1
255 422 56 199
9 228 63 281
476 439 323 367
230 483 17 43
208 135 40 200
223 294 57 140
81 405 24 212
181 447 167 249
121 35 247 330
111 373 30 248
471 30 56 310
278 136 280 291
409 266 63 214
316 213 1 2
142 57 12 97
251 496 101 160
474 179 8 73
323 228 7 299
254 82 132 306
323 154 22 250
353 276 97 160
388 60 177 327
226 240 69 95
102 77 2 2
160 437 354 368
394 98 4 222
68 138 202 349
441 356 90 92
122 12 17 31
113 305 86 189
426 379 114 348
353 398 35 51
461 60 89 98
488 458 81 227
431 245 308 311
177 455 110 375
174 342 13 54
497 9 127 312
42 185 38 194
74 280 284 335
489 348 40 101
366 140 151 264
431 376 84 86
293 386 1 9
343 287 176 243
224 320 66 92
239 191 139 319
459 99 41 268
127 130 88 388
248 306 64 196
92 394 478 495
448 388 246 258
158 360 4 239
249 230 259 375
112 181 165 286
62 140 66 181
9 460 132 245
339 287 91 94
350 288 127 197
436 201 5 15
376 482 142 231
347 276 112 137
302 303 20 263
160 37 9 14
443 128 180 278
193 497 36 146
277 143 42 289
0 410 313 367
13 446 146 220
387 156 24 332
274 292 40 119
383 460 427 500
114 253 42 121
156 8 102 471
299 277 40 108
383 257 58 249
141 269 211 411
83 44 198 359
238 104 295 353
41 268 61 220
403 364 162 377
470 194 448 460
426 329 112 221
314 1 197 264
317 33 1 33
228 297 21 195
239 29 189 234
267 394 355 448
318 180 24 55
297 294 351 366
292 189 255 273
386 353 132 303
47 288 1 14
494 190 66 73
468 366 44 142
41 429 0 2
63 3 98 335
384 210 295 435
98 150 208 274
463 389 106 272
423 481 64 308
252 336 65 151
18 115 66 183
421 82 269 288
64 159 132 405
398 423 24 100
29 375 105 164
115 368 115 372
286 468 45 170
69 35 16 23
454 275 57 78
440 449 0 97
14 185 101 248
59 34 87 318
133 379 212 440
378 479 18 452
54 192 73 153
70 417 277 377
362 376 83 141
462 423 9 184
294 93 13 146
98 49 147 207
215 83 90 107
182 110 8 159
232 321 25 61
131 495 68 482
303 87 119 252
74 418 153 462
83 6 306 373
327 362 185 229
371 224 219 378
121 458 233 314
50 295 136 152
48 439 219 261
30 407 187 356
56 125 79 152
363 146 5 6
128 92 58 134
465 400 211 399
483 63 212 465
135 61 269 313
247 291 56 66
230 343 158 379
359 475 110 263
89 278 0 377
8 340 8 430
67 334 82 474
405 104 258 327
199 44 21 427
374 179 352 372
74 182 194 364
124 152 57 430
347 8 31 462
75 374 184 451
136 107 191 198
328 264 11 42
327 411 291 415
160 66 171 270
394 48 242 271
270 99 29 413
476 94 9 16
235 182 297 439
121 41 17 17
88 304 239 347
107 496 15 294
364 71 321 321
476 268 166 187
464 212 51 138
331 362 108 255
197 423 86 443
495 169 62 283
343 87 179 332
117 448 125 221
280 18 279 487
113 215 202 372
319 201 118 177
142 145 125 327
11 409 265 271
284 319 110 442
352 286 111 137
40 96 18 54
287 445 20 95
324 315 188 193
417 47 107 427
302 358 132 135
415 427 150 313
194 400 8 312
174 480 86 204
314 34 19 25
91 203 65 373
218 405 50 148
386 212 168 199
275 80 125 188
356 216 172 332
57 183 26 43
73 10 214 275
248 30 7 7
64 285 446 492
22 343 48 299
241 160 188 192
401 309 62 73
183 40 233 349
132 83 314 453
286 229 159 159
181 126 71 384
303 132 8 144
336 449 306 479
268 401 333 351
257 0 277 313
171 257 118 466
133 183 128 134
167 104 8 462
1 318 276 339
267 90 70 386
76 35 28 286
416 286 76 417
175 288 211 349
252 267 63 73
5 494 53 306
329 327 116 139
297 162 153 458
291 353 60 99
429 314 123 143
228 277 5 23
251 47 183 224
485 80 199 279
367 458 107 287
475 451 418 453
416 304 128 174
48 409 72 224
33 471 20 426
403 268 151 288
164 438 277 327
330 197 125 139
455 17 139 244
300 398 205 311
469 342 43 66
121 156 2 16
136 48 51 56
495 83 209 239
434 410 9 12
477 321 226 313
372 466 13 48
479 437 51 125
258 180 42 213
374 269 46 58
492 304 124 135
48 301 8 10
356 2 89 493
216 192 57 306
410 352 119 189
430 115 0 13
340 247 18 195
456 362 140 226
29 277 199 466
433 279 25 139
282 355 196 308
475 57 96 333
344 183 81 93
155 243 154 253
68 244 182 394
95 307 28 48
417 326 245 303
90 323 13 13
183 385 1 3
55 186 12 29
140 464 214 241
271 71 124 463
304 417 137 203
144 172 14 37
126 182 57 431
410 350 20 260
453 169 112 159
355 181 242 482
340 180 394 470
160 17 85 130
261 275 4 100
223 212 46 295
206 209 390 422
123 71 107 168
306 326 170 293
399 353 17 81
6 179 2 97
477 478 357 381
420 122 34 75
289 46 121 133
182 417 1 345
147 239 4 7
290 413 12 16
375 395 59 144
70 210 81 168
294 126 132 181
321 343 43 404
440 236 13 18
177 103 82 179
169 335 281 319
435 156 48 71
12 254 24 429
185 270 50 323
62 329 36 57
172 430 60 104
387 354 67 373
167 435 23 202
411 184 210 242
379 220 125 444
185 154 66 68
251 373 392 483
223 401 0 21
202 433 20 49
129 284 0 111
147 285 72 404
470 453 105 228
388 189 41 327
359 50 1 87
164 357 3 83
359 202 235 260
415 227 289 370
90 22 227 231
351 139 323 435
453 249 137 330
174 382 92 124
167 434 44 117
59 448 94 187
4 296 16 379
48 260 145 469
260 39 422 431
246 60 28 131
160 79 3 206
128 223 184 306
246 406 68 273
284 422 145 195
473 369 12 50
383 310 152 356
168 379 20 44
405 324 365 433
59 348 392 432
132 22 226 354
338 162 34 243
219 428 192 350
390 356 157 197
318 176 40 399
454 111 17 393
164 104 12 77
419 270 84 159
12 172 79 172
20 165 16 182
133 278 56 283
455 373 17 20
92 193 75 330
246 478 60 101
434 353 18 208
106 32 209 225
363 70 122 174
487 160 79 192
269 371 75 90
450 442 17 34
428 28 267 276
34 182 188 298
450 446 9 72
277 436 45 115
455 335 136 143
316 398 416 416
68 298 11 76
477 235 80 276
488 246 27 284
380 58 111 172
360 494 96 175
3 344 427 480
263 321 194 277
251 464 255 327
41 101 115 245
482 93 113 323
4 372 91 303
384 119 39 72
76 295 122 167
164 175 114 230
264 312 0 64
263 451 107 181
165 240 93 114
251 453 319 424
213 320 32 171
46 424 40 113
62 396 103 204
400 33 188 342
89 337 20 32
314 360 39 90
396 343 305 347
254 452 139 376
353 407 270 309
465 37 112 440
382 378 84 84
366 43 54 352
341 71 246 459
111 65 42 75
376 472 26 122
458 472 54 273
306 470 98 172
104 446 100 346
189 113 27 28
46 397 75 80
480 430 72 358
451 489 223 486
258 379 278 465
63 187 286 451
258 29 22 63
255 290 61 73
118 24 17 36
14 309 120 271
7 170 52 442
222 176 159 266
191 429 215 391
448 261 10 94
231 426 151 432
320 407 84 93
67 147 16 27
176 65 167 211
387 8 111 278
77 383 483 486
468 261 2 45
132 279 18 137
183 368 0 52
485 366 188 195
189 155 138 144
220 207 177 257
152 161 102 174
366 20 314 465
82 110 185 395
454 194 292 431
47 430 47 64
15 432 73 288
105 452 105 107
329 494 183 434
380 21 5 7
24 270 16 52
24 175 52 188
343 149 104 201
3 215 96 138
464 152 21 48
321 403 13 59
28 252 78 159
454 151 471 476
270 105 93 103
34 455 326 374
94 369 114 129
94 88 9 18
389 216 0 8
115 332 10 76
446 478 122 231
330 284 342 378
228 3 109 365
218 29 60 176
315 474 94 240
356 200 245 407
315 60 102 420
275 31 109 160
273 135 0 2
386 65 3 23
368 191 341 369
440 407 47 136
412 58 187 241
41 346 22 96
134 294 406 424
470 183 23 252
165 451 20 264
418 417 115 144
26 478 122 256
240 315 0 0
344 167 41 138
228 114 45 174
449 486 117 142
290 361 30 43
23 258 109 261
232 86 339 395
194 349 209 472
154 472 13 249
212 417 256 297
145 259 2 145
347 53 29 74
498 37 48 66
168 379 151 366
475 174 330 367
253 373 67 89
252 340 117 207
206 384 236 297
346 262 11 62
101 76 36 393
418 417 282 310
187 432 201 308
348 303 335 351
361 219 195 494
486 127 33 281
451 164 300 433
70 142 12 209
384 242 120 327
43 339 204 463
488 26 174 332
101 403 110 151
344 67 159 310
2 371 135 176
320 11 116 161
17 216 183 305
230 270 76 80
406 445 21 243
477 282 118 473
401 67 58 192
79 60 89 94
441 358 145 234
443 339 251 421
129 275 78 422
153 186 12 414
92 402 1 5
139 383 91 133
54 423 245 500
126 97 32 59
3 289 167 245
310 14 393 395
476 365 21 61
128 123 79 331
302 46 117 244
311 401 94 97
285 50 405 440
146 198 14 90
470 187 271 320
133 359 161 371
291 269 125 281
473 435 192 315
393 1 14 59
453 61 84 154
401 35 258 294
1 61 101 198
301 290 187 332
95 435 335 426
138 19 61 95
344 401 305 452
80 378 13 191
291 148 421 472
45 436 112 309
471 199 297 395
470 50 110 257
497 75 32 266
238 231 131 164
83 399 5 64
24 35 186 192
408 413 89 107
461 484 16 16
387 435 104 137
297 320 47 90
45 147 298 438
280 160 34 40
67 15 46 92
67 424 140 352
124 452 281 460
481 400 18 125
275 299 5 10
325 222 32 481
463 439 122 341
407 311 37 155
470 419 43 236
161 248 265 300
178 409 58 187
457 12 99 438
104 100 341 363
411 135 53 478
215 452 150 175
76 169 436 469
300 493 134 240
259 183 65 321
371 482 59 369
186 318 155 405
301 290 194 198
471 274 113 224
247 287 242 409
286 290 183 359
10 476 128 471
40 55 321 490
6 43 46 89
345 26 71 114
336 377 83 358
363 188 221 374
31 497 104 302
385 21 56 439
54 143 38 126
93 452 127 170
335 70 28 247
386 359 22 157
94 288 91 273
336 496 72 341
398 331 88 110
48 214 93 243
351 136 382 497
284 340 100 162
1 385 8 17
240 382 33 409
2 309 248 252
144 168 6 26
443 290 438 446
394 72 4 202
103 91 92 465
200 411 195 201
121 249 27 38
475 181 29 122
495 21 50 175
222 433 280 376
391 102 24 92
241 319 136 215
117 239 102 437
419 369 262 267
235 30 6 51
221 276 6 12
283 455 322 353
130 86 127 490
249 326 275 393
446 299 262 383
375 335 317 338
197 106 157 398
89 359 5 20
28 413 33 132
102 175 116 348
374 301 349 434
247 82 212 337
464 264 35 88
434 401 94 469
76 320 295 452
421 460 2 43
205 479 53 96
160 367 45 137
176 401 222 369
185 165 270 430
346 167 259 289
436 74 90 100
422 57 131 207
331 150 45 69
95 208 402 459
331 157 310 383
250 7 145 255
76 202 175 227
149 66 22 49
494 119 46 159
445 297 43 60
71 419 153 391
283 69 36 272
281 369 86 113
275 416 78 112
213 392 58 130
24 388 8 154
48 85 179 194
342 331 100 149
203 473 72 340
269 290 8 17
194 183 0 164
331 219 326 373
210 390 329 472
63 268 29 402
353 485 83 120
425 416 114 116
408 68 13 95
274 279 41 442
35 296 112 119
345 152 261 379
405 427 110 130
422 389 14 16
274 411 334 367
290 417 356 363
456 136 34 44
44 421 94 163
371 55 268 475
283 493 30 81
76 370 15 43
192 396 274 297
212 36 241 466
392 69 35 67
354 283 126 257
254 172 162 342
170 286 81 86
220 456 1 5
357 113 425 444
21 259 1 17
123 107 117 128
270 276 37 326
6 463 2 143
453 180 2 4
218 28 229 288
283 409 45 154
487 402 10 75
112 225 168 486
409 207 81 82
67 467 230 364
345 399 114 446
323 262 358 430
316 304 85 92
400 52 43 118
19 34 3 9
341 469 309 466
179 304 352 444
488 404 89 298
376 167 13 54
27 479 67 86
262 127 38 289
354 205 27 126
12 168 70 150
491 397 42 85
325 453 74 94
396 67 104 232
283 211 44 255
361 281 123 256
251 493 75 499
162 244 9 64
384 10 152 378
358 162 78 397
227 361 162 293
326 266 49 231
362 72 179 447
42 239 157 414
331 325 4 25
1 387 212 482
72 485 2 3
363 448 102 287
456 488 196 286
416 467 376 418
418 66 108 192
38 234 27 45
279 6 204 291
58 51 12 12
435 213 5 181
164 285 264 493
327 341 2 435
448 449 15 76
443 281 296 400
97 123 382 406
392 438 30 465
481 287 43 112
468 60 193 249
287 258 413 414
365 193 147 334
24 411 221 297
434 371 122 326
324 416 39 119
58 440 2 12
418 432 117 368
266 348 53 163
286 370 70 188
322 88 283 306
232 388 299 329
494 345 46 101
11 248 110 413
204 135 138 190
42 39 58 316
451 452 253 484
49 475 85 282
243 173 0 179
117 447 216 310
38 316 58 251
279 57 40 226
233 25 110 366
391 388 391 463
284 339 109 240
46 246 18 44
261 155 35 285
221 13 30 122
322 2 7 19
52 299 348 394
398 441 136 136
411 468 22 389
42 481 31 244
9 456 151 159
305 495 69 157
37 402 18 21
335 152 255 267
351 243 304 412
233 160 25 42
106 128 45 54
426 479 9 265
321 461 279 330
198 339 219 348
303 174 44 156
87 68 4 18
7 438 171 207
77 126 4 113
406 352 0 0
234 227 129 343
262 260 432 476
248 93 118 195
272 220 137 150
296 334 45 277
465 303 284 426
71 483 229 398
38 41 60 343
287 482 10 216
121 225 165 345
366 91 91 108
290 192 15 142
116 45 72 389
99 444 459 465
26 337 55 95
438 36 7 148
281 358 3 3
215 221 11 216
498 352 78 105
349 311 321 321
70 358 121 355
148 299 57 59
7 66 13 41
124 205 384 454
73 371 60 195
328 139 136 267
185 34 172 482
116 388 361 380
187 10 19 163
259 481 6 43
169 389 181 268
264 382 46 168
180 459 7 10
224 165 43 386
478 401 172 192
378 473 206 286
473 100 21 378
449 309 44 471
425 372 31 306
221 147 85 158
307 171 44 55
20 18 7 37
81 385 53 160
334 437 266 331
283 363 259 348
265 425 42 104
332 73 32 41
289 32 128 153
65 95 91 274
287 378 37 378
88 390 49 265
24 156 38 143
487 260 100 312
139 22 19 132
146 478 14 326
90 36 345 421
332 333 244 320
89 71 184 283
6 300 12 153
414 101 115 439
5 386 378 495
143 415 321 389
372 222 70 287
441 212 2 70
85 102 136 157
235 316 43 183
165 44 55 146
211 429 132 223
323 88 17 305
157 17 63 106
303 181 96 125
410 338 2 56
338 350 92 154
348 223 187 249
349 366 5 245
361 394 210 498
4 8 125 491
157 384 75 218
474 459 207 486
187 429 63 107
329 66 246 271
445 250 160 227
201 225 396 484
36 67 367 418
74 330 75 107
389 444 145 220
29 496 30 84
32 219 80 265
442 289 67 397
381 211 15 17
72 81 74 95
245 208 36 489
340 82 232 481
100 112 253 278
453 235 233 323
12 402 25 136
321 380 178 476
261 378 261 335
201 4 40 334
54 254 1 5
450 280 128 427
61 301 278 389
145 223 246 343
480 421 330 371
472 497 7 78
414 255 193 360
55 107 5 48
154 401 257 354
281 231 1 1
371 168 98 388
8 125 129 246
71 101 85 102
85 74 271 365
374 298 63 158
465 142 396 442
297 177 24 90
104 148 203 470
227 162 159 486
437 361 101 152
338 131 432 432
166 130 381 421
409 114 48 212
98 163 170 182
72 385 136 141
470 68 287 497
421 291 99 128
143 106 441 461
390 155 45 214
125 187 143 468
135 16 332 420
187 113 56 78
379 310 14 287
241 64 146 337
176 319 177 203
40 156 2 2
304 29 151 162
453 230 351 420
468 198 28 31
41 384 45 52
102 174 66 351
284 122 136 257
60 102 103 249
172 361 119 187
471 176 135 302
268 223 150 426
262 244 65 138
289 470 348 423
413 13 117 208
2 249 227 250
258 182 61 365
22 236 99 129
102 448 121 461
168 497 136 351
361 209 55 310
79 166 118 136
475 341 294 348
53 363 18 128
218 375 176 409
422 121 5 5
58 353 12 83
83 497 135 279
493 86 165 356
23 451 111 246
328 265 398 439
404 314 412 488
309 152 39 232
309 361 200 384
460 109 168 247
94 316 308 333
437 125 101 112
16 149 22 54
204 36 143 490
186 29 228 408
73 307 47 142
32 332 222 293
8 90 124 190
59 248 17 88
221 154 64 209
324 267 78 148
194 478 7 8
182 172 12 194
324 153 26 461
78 339 21 414
387 450 99 287
324 157 36 159
241 349 26 115
226 22 210 478
225 160 198 282
299 491 48 109
446 242 9 124
213 453 48 480
274 413 46 119
249 359 26 53
147 201 55 92
442 454 277 383
151 219 42 355
326 45 30 219
59 32 167 397
236 137 195 259
466 79 102 207
365 457 50 58
88 344 10 442
75 292 12 138
392 370 43 308
390 394 477 493
392 282 53 94
375 152 170 483
456 447 256 327
68 44 31 64
489 342 281 386
344 236 249 476
52 253 209 281
176 32 177 344
211 498 6 13
150 234 163 495
407 314 13 159
424 76 11 11
421 75 88 405
59 208 130 487
168 13 369 369
154 276 1 1
389 248 28 31
478 191 32 292
399 176 3 168
433 343 115 441
303 417 340 437
401 284 140 494
408 291 186 358
345 223 399 439
355 329 123 160
230 254 49 55
67 369 74 433
334 422 93 152
218 71 71 210
421 469 104 323
352 142 0 303
487 411 13 210
55 408 71 193
10 312 43 61
319 281 47 267
467 292 103 116
419 92 322 378
376 309 169 338
257 308 29 36
331 330 186 495
282 1 272 391
13 412 105 114
173 157 3 15
71 367 73 239
237 445 93 176
6 414 211 273
228 245 112 330
282 107 104 399
287 455 3 6
461 386 355 357
440 296 85 147
426 100 294 494
77 239 177 423
204 379 82 280
30 332 50 299
114 315 42 96
424 478 20 113
378 313 68 77
488 226 180 189
277 35 21 56
405 170 44 256
98 337 176 319
444 305 45 61
36 154 48 172
255 144 20 35
190 127 6 263
104 332 118 325
74 199 142 308
258 197 248 407
86 398 6 118
44 72 93 309
72 487 125 151
17 327 37 44
34 160 24 152
113 351 34 35
278 73 347 480
121 444 202 364
18 101 41 50
8 348 16 393
393 190 59 176
147 54 344 456
51 159 229 248
334 151 228 437
182 17 0 110
288 448 132 183
397 148 169 183
212 278 41 48
24 58 45 165
161 357 3 330
382 376 99 233
185 269 298 440
1 11 63 135
276 469 148 177
225 206 157 160
230 88 240 276
159 184 31 94
97 419 44 86
174 227 171 470
342 323 74 188
365 319 229 294
218 322 15 27
424 302 22 70
63 213 44 48
238 105 164 406
466 1 42 51
431 220 150 258
179 81 77 77
260 302 61 139
272 448 223 442
181 489 55 316
481 315 252 482
367 267 181 300
200 469 3 4
281 333 88 208
438 245 3 11
431 475 21 157
52 251 229 241
425 344 93 288
183 123 2 119
202 456 36 279
416 100 27 197
365 397 64 253
48 315 45 98
356 152 75 78
328 141 188 378
246 105 11 165
99 164 77 322
470 144 130 283
24 223 358 450
417 96 124 441
327 256 89 221
453 0 15 102
332 189 85 316
38 284 230 319
188 69 45 346
494 442 223 454
131 320 333 392
399 235 235 313
422 171 247 301
416 229 46 106
369 275 322 326
344 460 154 408
304 376 399 462
219 314 190 459
42 182 255 281
472 113 115 130
269 133 44 167
253 216 395 499
153 240 257 263
32 100 363 408
304 42 91 299
77 7 213 253
201 367 49 174
78 440 130 269
99 448 0 3
446 382 57 439
282 159 240 281
182 264 9 12
490 210 174 409
311 312 55 67
398 382 7 15
400 132 119 231
81 203 14 481
494 407 34 46
103 73 26 32
420 313 364 440
181 197 106 411
305 144 362 410
235 220 116 234
122 489 144 214
48 162 146 200
15 427 47 291
323 293 8 365
251 360 253 392
209 120 82 328
368 219 197 281
417 223 190 206
488 295 125 160
450 341 57 143
82 291 34 148
215 191 165 342
430 117 77 381
32 134 5 299
18 152 30 111
303 57 96 97
475 186 85 383
157 361 388 490
32 148 7 7
479 319 15 124
395 3 204 396
231 339 115 360
314 146 7 123
263 45 187 278
84 268 244 293
48 112 226 361
51 173 12 232
434 132 6 202
345 462 58 154
195 68 29 119
480 165 26 46
431 83 263 323
176 429 113 335
448 152 146 344
65 71 0 1
61 110 69 219
182 234 12 61
16 497 153 263
236 434 465 490
186 382 13 250
143 29 2 187
399 303 299 407
166 138 139 485
154 163 55 143
227 31 370 402
231 303 244 499
42 451 22 56
316 454 104 266
184 225 67 407
484 439 73 188
127 156 26 223
315 336 191 376
354 44 26 49
456 418 97 180
280 294 238 282
246 351 74 119
0 112 364 420
14 122 65 383
393 126 154 483
361 44 52 262
32 483 30 53
143 380 395 469
296 445 52 417
414 486 177 272
306 483 248 418
206 389 439 441
394 472 0 388
358 322 261 286
101 458 134 308
234 206 410 423
166 103 77 311
441 103 103 103
227 101 51 346
228 302 213 266
471 237 19 131
423 429 0 0
103 436 55 117
336 272 290 337
90 494 290 440
86 343 203 416
344 143 37 54
405 118 5 35
296 475 291 381
210 8 9 142
416 232 23 136
150 277 1 1
384 93 6 49
148 302 42 67
476 140 65 79
252 382 221 223
252 136 136 407
62 475 204 406
88 34 239 455
405 24 129 222
181 300 66 355
442 410 205 244
93 160 22 24
84 128 13 40
413 489 56 123
208 345 84 491
311 301 165 346
274 458 97 134
155 165 18 353
295 69 191 331
179 277 0 21
387 418 56 181
25 380 8 387
48 229 8 39
250 74 369 443
364 222 369 466
377 23 112 427
69 43 20 58
343 394 181 283
404 482 220 354
145 483 80 444
123 447 2 47
110 170 174 408
272 285 53 139
199 31 71 296
179 323 265 360
493 417 327 389
398 378 82 147
10 57 29 304
160 362 5 144
203 72 23 500
401 158 57 408
475 36 75 207
283 373 330 440
494 446 156 366
479 239 433 465
77 265 41 85
222 304 73 147
122 386 32 46
254 135 99 159
416 440 129 190
333 495 172 316
379 168 197 236
19 486 20 359
211 42 133 134
444 330 57 86
74 186 71 189
284 82 46 219
312 294 182 211
101 402 326 457
428 464 101 135
202 140 118 176
2 165 68 107
104 393 108 186
425 271 157 195
498 326 67 288
29 195 137 139
373 25 10 130
175 373 266 360
49 270 93 455
343 270 44 61
317 14 45 91
96 421 7 66
498 434 10 342
260 301 49 107
64 27 2 302
275 485 58 101
368 79 243 409
42 336 15 158
80 3 264 335
21 76 65 74
410 318 123 153
253 188 67 148
226 111 205 318
80 138 133 341
49 64 393 423
5 342 24 91
38 424 102 380
145 28 16 356
232 427 114 279
480 160 278 325
93 243 11 45
197 321 21 73
302 337 36 208
302 263 196 356
382 82 24 84
123 218 59 194
54 143 149 249
84 194 19 468
155 492 2 27
98 491 386 415
237 96 249 493
328 296 126 133
39 136 45 445
490 220 9 145
354 213 25 400
155 334 31 230
187 452 25 299
52 262 71 118
115 363 331 344
76 460 68 74
453 183 81 280
269 98 233 247
206 20 270 419
137 147 57 241
333 359 213 393
262 485 76 200
397 484 127 154
123 321 262 394
332 292 157 209
55 292 20 248
35 59 138 289
381 104 24 410
233 131 68 291
154 120 130 203
345 90 21 80
282 285 52 351
191 386 273 442
350 272 5 54
78 440 139 233
55 91 112 468
254 186 46 282
189 202 232 273
326 170 2 31
201 480 244 268
87 497 223 327
165 163 34 73
246 324 424 479
364 0 63 98
317 346 235 337
307 232 42 137
316 355 8 54
7 185 13 130
490 80 151 167
111 463 161 232
419 38 44 117
1 370 284 364
142 54 314 404
305 50 160 396
408 362 353 358
120 171 118 135
36 443 58 105
264 402 15 54
52 273 33 198
164 86 7 43
219 41 213 328
407 453 416 475
98 150 45 378
346 424 1 58
361 43 7 10
445 116 145 167
181 402 470 497
96 264 72 156
492 447 50 369
137 334 348 358
313 130 261 286
130 360 105 184
419 304 28 104
352 382 133 490
388 184 3 33
434 18 18 118
452 21 17 154
351 160 325 455
289 474 253 357
448 11 108 132
441 26 11 82
114 279 156 441
177 232 222 397
465 314 18 19
147 476 201 440
259 310 236 294
180 34 12 229
236 445 312 337
29 468 16 19
206 252 73 165
309 487 26 44
419 288 102 342
1 422 26 199
95 460 3 239
85 162 109 145
398 125 191 394
279 218 12 23
433 387 75 140
215 120 216 295
284 58 203 395
220 282 9 301
244 455 159 365
71 368 3 11
70 356 124 127
289 113 8 21
207 426 23 250
260 338 109 495
354 330 0 6
68 93 187 220
62 494 0 2
181 97 1 307
31 44 57 91
376 116 311 357
202 441 44 79
365 348 383 415
156 430 72 103
350 239 6 176
400 292 72 115
451 207 209 404
415 26 134 245
483 355 354 437
154 29 46 65
266 398 235 249
257 220 189 389
46 246 268 491
409 360 10 337
11 235 52 91
261 450 338 380
336 265 0 37
16 322 23 382
38 240 206 414
58 347 160 280
192 33 77 246
87 80 414 469
443 385 0 0
246 370 4 4
148 215 73 126
5 239 0 253
424 137 0 270
81 258 107 186
398 252 108 146
219 273 47 101
338 357 250 400
44 493 75 158
422 369 32 246
157 409 94 406
483 99 300 306
71 462 204 204
109 236 71 88
401 196 6 199
126 113 239 243
125 410 201 496
247 101 57 142
442 484 3 82
78 419 30 110
203 169 53 105
154 395 9 38
121 498 38 182
202 444 127 142
47 492 35 444
352 221 38 390
196 204 39 54
359 278 343 426
130 124 0 54
10 473 166 360
19 28 232 286
129 352 4 43
308 154 44 453
172 59 269 438
189 423 64 422
46 193 138 185
239 183 2 111
197 472 438 499
423 152 172 409
223 108 0 21
158 173 127 187
152 438 242 406
490 164 133 264
479 419 115 123
9 30 232 397
281 466 55 131
182 299 0 0
153 179 86 115
398 215 123 497
4 472 31 328
168 23 109 110
37 288 306 343
263 175 261 344
60 413 261 321
417 388 22 35
487 104 93 121
302 31 209 436
2 146 160 368
423 68 3 84
397 95 14 149
82 181 54 281
257 230 12 414
364 128 6 100
86 123 37 50
57 325 144 191
156 324 355 457
187 114 87 130
387 464 8 54
226 202 20 28
325 264 2 176
267 457 2 18
19 57 74 292
126 458 10 336
30 275 52 230
117 230 107 371
14 159 99 251
469 209 8 351
111 456 43 115
207 357 313 373
454 106 134 251
162 440 266 353
427 402 116 223
341 188 30 253
210 383 18 20
25 183 67 245
218 285 19 71
250 494 59 71
0 137 100 217
466 378 268 288
315 328 79 171
482 121 49 80
472 261 253 371
460 221 364 482
208 241 288 367
402 218 2 38
439 148 185 421
169 192 15 33
457 193 188 218
487 155 255 465
415 26 74 131
440 99 1 64
394 320 68 381
414 162 119 465
357 258 46 163
392 122 87 116
60 471 3 91
457 252 183 482
188 195 158 288
437 92 269 430
221 434 72 154
439 180 13 28
344 312 155 227
197 218 53 103
48 321 77 260
104 137 39 269
310 287 132 147
447 482 82 154
233 109 4 12
437 46 32 210
39 483 110 162
312 35 40 310
307 195 185 430
443 52 168 246
445 430 35 41
155 88 117 467
469 358 393 404
274 437 180 183
107 127 3 165
335 76 29 469
210 294 118 187
378 293 76 318
365 140 176 493
12 386 13 18
290 253 7 157
43 75 26 115
429 38 437 462
403 142 219 276
40 309 2 26
452 48 45 378
474 472 89 342
263 331 233 331
74 313 361 478
249 65 212 438
235 294 359 377
157 232 55 111
62 316 44 69
206 316 71 110
96 314 65 102
71 335 263 284
42 110 169 332
254 22 78 264
227 370 9 28
241 349 70 181
424 219 84 484
321 449 156 348
462 81 29 185
70 28 246 336
5 249 105 132
83 297 23 38
339 352 175 264
58 177 104 145
286 198 29 241
42 194 67 451
341 334 88 326
464 420 0 362
272 212 17 51
79 318 118 240
175 230 175 202
11 474 150 324
175 217 3 144
187 495 67 191
45 438 465 491
69 350 32 57
143 487 19 100
258 431 7 119
421 13 344 349
73 193 42 357
392 369 245 393
54 351 49 190
230 213 260 427
67 215 60 349
451 377 331 357
172 406 116 411
65 178 62 315
200 399 50 211
15 80 7 15
426 410 75 298
316 333 121 282
242 415 186 301
444 372 6 161
112 314 66 277
79 347 13 85
281 330 229 325
496 484 28 35
21 260 317 438
125 133 65 108
378 151 95 147
463 132 43 443
65 355 355 442
441 2 315 418
142 122 115 163
208 204 157 452
251 319 233 386
408 420 179 329
137 244 97 450
314 233 366 392
466 397 19 212
300 31 77 162
452 119 150 197
354 154 24 30
419 131 136 182
333 434 70 176
336 49 9 433
30 64 232 445
25 476 21 482
400 465 57 164
286 13 30 347
149 46 47 317
147 486 85 121
156 140 259 435
222 136 75 107
291 57 236 374
112 332 54 72
4 341 30 53
57 58 169 360
369 288 195 263
150 273 128 221
372 227 303 389
107 442 134 179
177 265 129 427
113 145 247 482
412 346 85 490
103 50 97 139
471 130 109 207
370 212 164 363
406 354 236 448
48 366 35 356
141 224 196 379
452 89 32 442
493 92 150 183
265 420 110 271
304 78 33 267
338 246 197 324
80 456 214 448
106 372 231 301
110 477 404 485
12 76 274 366
74 198 94 208
477 327 226 291
166 370 418 462
177 245 92 309
5 287 68 355
199 120 30 331
469 222 51 168
161 66 28 101
488 208 59 204
96 421 63 75
417 103 142 413
173 378 134 355
355 221 109 200
14 314 7 85
333 80 256 438
195 269 165 320
204 288 108 499
498 136 2 50
177 477 57 122
488 73 8 41
489 320 33 373
62 75 38 79
445 194 227 441
132 173 101 246
395 147 258 263
307 269 12 21
265 94 264 307
204 277 97 114
329 194 84 106
42 399 70 448
380 53 60 444
8 354 0 2
210 164 192 416
6 384 128 452
453 195 134 256
196 421 10 328
55 227 34 384
401 52 31 343
238 224 169 230
84 367 199 287
481 332 191 287
202 163 32 421
372 341 86 120
67 419 335 379
237 440 96 406
206 94 262 399
487 50 142 404
231 53 199 415
119 271 114 209
296 169 252 309
433 134 98 378
285 336 312 385
288 410 259 480
271 144 58 488
278 227 240 282
101 113 151 233
124 330 14 418
450 255 51 110
29 264 119 383
61 429 56 96
300 467 215 296
365 5 118 304
90 207 76 221
197 498 156 433
197 93 63 272
356 271 78 246
443 457 176 209
487 181 23 31
259 219 128 181
246 237 23 46
436 338 84 283
457 233 246 320
287 434 341 384
83 132 312 316
401 153 52 93
47 137 195 375
390 321 197 274
284 474 25 51
456 327 5 12
21 138 28 149
78 244 177 345
16 375 47 467
478 177 190 484
148 411 190 383
466 404 65 146
3 339 203 311
221 178 21 115
38 160 43 376
395 375 71 83
274 338 168 378
232 80 0 435
86 32 120 260
280 50 28 32
476 124 31 224
349 73 282 419
35 425 67 90
303 461 11 19
398 293 326 367
345 312 195 282
6 478 15 21
204 301 238 493
243 133 150 285
102 373 49 293
168 20 318 395
273 334 323 452
55 2 24 30
298 1 24 174
283 203 25 100
252 359 176 233
92 8 16 45
41 294 32 34
476 56 14 150
198 448 374 453
55 489 411 488
152 178 189 382
84 210 0 0
373 280 103 368
476 159 8 11
52 228 75 84
184 64 1 5
304 474 71 74
83 79 198 344
412 43 9 351
275 371 79 185
375 276 58 366
91 62 160 424
34 126 27 65
17 456 16 43
482 3 166 186
158 190 42 202
100 56 55 138
384 19 169 377
282 76 119 161
164 50 247 400
423 415 373 456
56 399 236 257
485 161 38 215
116 276 11 45
149 496 127 137
302 116 91 444
219 138 86 123
482 484 51 311
359 1 3 247
187 257 17 47
53 391 414 450
149 367 5 33
86 1 194 341
79 292 471 486
477 27 180 355
232 234 163 163
248 76 10 36
389 10 85 290
29 92 235 367
299 170 60 179
41 7 103 327
318 391 145 283
304 233 15 17
374 224 309 461
284 181 108 190
281 475 176 190
325 402 309 424
211 391 176 242
59 58 166 225
397 320 185 320
141 319 54 106
467 6 178 264
59 214 120 334
121 36 154 269
181 11 203 355
418 84 22 299
478 489 25 421
82 448 135 440
81 417 27 49
86 251 54 129
278 482 0 27
300 136 51 114
79 25 183 361
459 132 23 39
128 118 47 77
403 100 279 386
91 297 178 222
301 398 37 145
354 258 258 322
231 290 237 444
434 214 14 18
246 245 72 347
23 265 77 334
167 240 326 434
218 9 5 98
97 251 97 357
119 281 36 52
19 55 27 28
185 201 324 341
221 308 10 11
394 206 1 22
358 381 14 18
430 408 16 233
478 255 352 379
289 190 262 497
298 491 20 113
268 44 217 396
108 266 36 398
371 420 311 436
350 441 4 157
493 303 59 66
84 429 383 399
441 466 257 284
223 15 199 207
163 107 20 29
300 363 3 3
479 428 38 158
359 300 56 136
381 364 98 238
145 422 15 462
196 102 2 208
201 190 11 144
111 51 123 423
311 490 124 153
192 414 131 458
307 160 404 432
77 19 12 320
288 74 286 374
138 464 14 78
216 58 243 302
461 379 34 163
100 167 17 244
233 354 12 112
465 445 112 451
337 70 117 206
329 477 114 238
44 84 170 361
309 354 37 61
169 39 215 252
60 245 365 407
69 425 176 339
76 452 106 161
492 481 324 356
2 51 416 468
404 452 350 448
143 117 339 371
380 272 40 133
492 322 87 186
81 88 181 279
477 226 36 190
181 410 84 228
350 403 130 397
439 313 20 52
462 110 39 487
301 176 61 353
492 29 360 433
264 456 338 391
219 244 22 216
51 401 132 472
398 385 6 126
334 418 6 23
210 224 46 48
54 150 32 100
309 377 216 270
18 279 65 112
100 369 247 418
405 449 1 4
154 128 364 373
257 232 153 485
78 94 73 133
89 373 301 312
484 188 223 358
43 201 129 163
149 256 90 216
41 22 275 367
494 109 9 65
371 182 60 71
373 10 135 188
403 291 113 114
353 220 46 153
196 344 20 75
156 422 19 48
73 126 248 458
75 331 72 173
16 197 29 283
184 410 3 274
269 120 203 225
326 108 91 374
274 176 127 166
36 35 246 447
466 487 18 34
473 19 285 288
5 13 93 169
64 228 93 182
475 434 28 152
289 449 233 302
96 144 85 117
60 93 67 147
151 0 43 143
47 455 0 3
92 479 4 186
223 153 9 24
208 473 290 438
430 462 219 361
45 133 9 298
267 194 11 372
123 252 289 451
153 24 153 347
31 488 203 295
14 29 22 62
77 18 55 202
320 21 47 290
254 381 35 302
246 289 176 481
274 138 20 102
261 307 168 332
382 8 84 128
430 486 171 209
57 403 366 486
196 69 87 165
496 259 134 181
393 469 100 220
293 326 7 20
333 243 172 199
258 213 227 310
267 210 126 289
129 45 407 437
22 435 4 321
32 474 137 279
242 209 279 320
456 192 11 23
276 186 107 499
5 222 36 76
112 248 89 209
276 184 75 147
154 371 25 289
137 167 68 280
5 179 105 176
370 208 277 487
307 16 191 376
490 33 6 445
431 172 167 228
147 47 110 300
205 286 63 207
388 169 5 152
85 327 36 263
307 253 31 95
103 437 102 107
148 437 198 255
140 61 6 6
175 18 129 223
34 107 302 499
328 185 245 412
485 196 38 41
166 301 54 328
259 479 110 112
138 387 29 59
252 294 3 174
254 54 265 339
227 424 269 275
147 136 18 22
276 137 209 429
270 45 233 239
251 363 131 429
169 86 7 94
494 414 31 41
135 107 195 258
387 185 214 227
193 459 4 6
91 47 12 19
233 148 22 46
347 404 19 20
325 418 30 88
70 479 168 288
166 56 112 238
80 60 249 490
223 324 14 35
469 490 161 434
457 24 220 289
267 380 172 439
41 232 5 27
160 216 18 49
196 349 28 432
391 320 33 285
160 367 23 279
299 215 5 6
448 300 54 321
191 417 342 424
329 482 85 499
236 70 73 216
30 364 100 156
195 66 77 202
293 323 40 114
91 399 39 113
76 472 199 217
251 361 178 342
248 236 225 331
204 264 111 387
140 366 90 108
476 461 194 365
378 263 358 398
368 266 50 281
185 137 0 233
49 309 29 79
211 188 3 23
65 380 11 232
56 348 207 327
300 288 75 106
379 480 56 200
77 135 56 249
23 131 249 478
378 63 265 439
236 445 407 437
357 140 23 499
268 50 146 387
401 49 49 101
219 50 269 420
61 395 17 83
332 464 370 445
428 60 162 169
481 94 83 144
373 61 215 303
346 471 1 30
245 139 405 454
337 58 65 190
438 493 141 395
165 460 136 355
416 55 65 352
17 316 265 266
419 478 169 233
8 331 34 323
412 151 166 346
107 90 46 118
463 492 24 377
470 206 150 469
397 274 148 408
170 209 295 366
197 25 116 411
332 86 0 3
157 280 29 87
202 158 77 171
335 66 139 367
350 93 5 490
260 66 177 367
25 317 41 239
298 108 261 461
37 356 84 189
122 1 248 321
388 470 0 0
367 330 49 89
482 7 101 147
341 171 97 193
125 411 169 230
242 165 272 399
242 420 66 140
321 158 6 41
390 191 138 261
360 370 330 491
193 50 104 200
486 160 86 128
336 29 46 388
16 24 216 308
71 277 2 3
236 493 263 494
478 118 146 244
136 478 117 152
391 78 243 333
436 299 37 143
417 436 66 232
149 84 83 326
4 220 47 61
163 212 117 234
224 148 183 368
233 196 39 481
164 288 0 10
430 161 101 417
342 296 26 470
0 186 35 493
487 345 140 469
262 168 21 64
5 276 174 443
16 44 54 76
215 95 61 180
91 145 148 180
190 52 95 140
136 70 88 177
3 463 90 272
218 16 23 39
251 414 18 186
91 15 39 292
29 153 53 67
306 231 115 121
484 339 129 156
467 97 6 37
450 497 191 404
335 209 48 131
182 362 117 205
334 390 156 203
467 250 113 152
290 71 28 63
62 277 9 447
36 479 120 341
123 94 86 133
161 362 0 46
407 164 29 61
300 70 101 138
303 293 7 24
26 182 22 72
185 5 144 237
163 237 403 468
146 20 11 217
34 320 225 355
193 376 90 285
57 343 275 489
314 85 29 89
287 330 13 370
271 210 80 175
154 203 252 496
404 219 88 176
167 199 472 490
280 65 367 431
125 102 133 299
183 124 5 13
332 14 13 92
318 335 3 28
291 240 66 397
353 348 17 37
465 21 244 394
105 432 10 14
141 303 58 127
445 39 6 149
420 88 99 282
41 317 46 281
418 153 130 444
405 47 281 319
191 459 70 80
452 141 10 13
367 286 248 381
102 402 62 268
112 316 234 289
424 228 141 207
210 336 19 295
91 455 197 203
66 87 11 223
463 248 71 296
297 486 147 246
190 14 25 29
8 220 161 489
65 136 72 428
348 68 130 189
149 46 187 273
355 4 295 467
230 350 197 199
393 355 87 473
8 309 11 15
358 343 156 373
115 239 215 399
494 460 41 97
279 273 44 81
147 266 169 296
79 171 170 240
410 487 138 293
377 227 6 66
411 61 68 139
10 296 33 34
68 53 41 54
433 398 97 358
460 66 6 13
267 185 39 270
62 138 136 149
7 326 175 435
182 68 221 273
10 114 251 499
261 481 77 281
308 463 104 281
2 157 108 167
30 72 45 126
364 131 29 214
291 300 106 113
429 337 25 35
141 446 173 212
490 264 25 53
439 387 292 362
372 221 85 149
129 218 179 245
394 488 76 97
217 119 64 341
37 479 328 416
66 22 5 110
15 362 3 3
221 405 28 125
405 11 156 314
409 322 58 155
405 17 9 418
433 480 387 427
216 186 139 186
78 127 88 183
327 345 6 8
45 183 203 275
388 422 49 77
217 241 34 56
283 57 14 26
10 481 26 89
11 238 13 78
36 194 1 17
128 262 472 492
271 311 172 329
415 458 7 193
488 132 30 31
146 162 23 23
394 493 377 403
411 422 211 211
291 121 17 54
148 131 42 83
291 132 265 340
357 431 198 214
309 169 35 48
64 17 179 196
220 80 1 22
80 114 56 135
430 253 32 252
423 332 94 229
33 340 95 385
6 229 6 80
321 176 151 255
304 113 39 70
169 486 18 94
131 278 61 205
10 328 38 73
232 119 257 281
450 163 125 228
344 462 452 471
472 346 301 335
324 399 31 51
397 219 240 304
251 191 187 210
379 15 249 250
336 490 257 328
280 64 27 93
88 419 18 180
289 392 214 240
287 401 225 308
226 47 35 143
488 292 225 251
129 194 58 139
416 213 218 286
126 388 20 171
139 355 125 420
118 457 136 343
289 161 242 408
156 358 56 77
8 248 15 92
264 55 201 271
138 398 25 30
307 119 234 269
450 402 19 168
92 401 107 162
217 254 95 115
167 274 1 2
311 52 164 344
285 243 127 377
180 264 87 169
345 30 67 235
384 102 64 399
435 175 284 324
137 111 0 11
204 106 116 142
460 280 452 478
12 338 142 442
191 424 81 162
401 411 301 456
150 429 193 240
200 430 61 101
5 401 112 135
269 375 37 120
215 478 13 27
218 243 149 219
196 391 431 453
92 242 84 263
118 49 141 273
481 219 106 113
98 337 22 23
126 409 62 63
135 100 78 107
426 188 379 437
220 337 259 495
160 228 4 8
406 8 221 222
269 182 102 184
60 407 174 268
263 265 302 308
202 357 47 198
44 52 88 92
63 111 156 293
201 459 13 16
25 90 36 447
179 3 40 322
192 274 16 47
472 187 236 276
294 467 23 64
447 384 12 59
65 494 32 133
340 85 348 382
28 118 349 349
30 34 216 279
262 369 115 127
143 147 81 259
438 301 451 465
89 172 36 92
450 273 25 367
91 356 350 436
178 171 95 335
467 9 87 102
445 18 36 64
248 100 245 258
219 192 1 65
214 193 50 413
404 280 242 262
452 197 31 146
412 338 108 284
151 19 4 130
272 396 280 292
335 48 94 116
391 350 83 109
409 70 58 259
391 316 151 418
260 15 289 323
58 437 13 47
393 77 1 67
450 47 40 195
347 223 4 160
361 147 145 446
320 101 224 446
417 48 1 14
268 383 19 105
167 456 148 194
104 457 48 88
294 229 134 460
56 292 7 94
473 392 51 367
126 279 106 479
432 340 157 239
491 428 265 407
149 322 112 214
360 260 342 407
110 478 227 381
30 310 182 480
275 149 23 168
137 55 101 384
359 333 330 461
466 297 84 406
374 132 404 407
11 197 36 475
393 403 112 145
160 378 43 220
366 115 43 53
208 338 191 439
384 20 157 172
228 403 50 453
396 419 9 102
337 409 38 175
425 471 100 345
482 407 127 462
249 152 294 344
97 486 49 170
40 89 4 20
90 299 94 166
55 177 142 238
3 345 258 365
471 315 210 447
320 247 0 3
193 165 7 38
348 111 128 141
390 350 220 268
41 0 186 268
302 447 213 213
243 159 269 442
180 437 343 364
63 15 19 68
53 179 3 117
314 419 221 253
164 199 130 181
19 346 40 405
357 34 201 210
92 416 45 471
485 103 14 91
343 410 102 241
188 230 217 448
50 496 3 32
41 248 60 139
156 85 35 101
472 131 28 493
300 473 203 234
354 176 251 444
271 54 134 427
203 467 1 52
422 443 161 175
24 36 163 248
159 245 431 440
23 14 115 491
56 321 125 168
37 194 328 391
447 419 370 430
43 225 125 140
65 114 41 99
257 0 295 323
471 113 157 282
383 314 19 77
89 420 345 371
154 65 82 180
38 332 59 302
178 253 0 3
20 342 245 295
18 310 316 367
26 108 40 173
157 368 273 380
355 85 125 213
408 428 65 212
325 150 133 149
84 281 148 371
314 453 373 459
185 82 120 221
20 232 72 494
165 133 234 400
73 325 4 155
467 455 59 116
391 266 172 179
479 136 32 202
97 173 214 248
459 482 4 351
438 384 313 421
346 264 29 29
91 238 16 226
173 124 29 214
307 379 58 212
453 236 44 282
422 70 344 470
303 344 162 165
305 320 467 475
191 63 55 123
355 492 232 274
135 380 130 357
76 60 116 441
462 489 48 391
340 77 470 483
178 474 14 276
7 298 406 453
170 235 310 327
486 274 10 84
450 472 8 15
447 134 172 381
447 316 177 339
3 337 31 144
491 81 50 53
492 44 161 345
265 158 323 375
417 131 262 279
359 235 165 333
182 85 197 202
355 348 55 433
183 112 112 266
359 468 258 448
105 61 319 370
129 171 8 261
447 94 20 360
438 148 41 444
356 282 74 97
184 214 114 215
322 315 407 430
277 477 13 15
349 52 8 66
186 319 58 203
94 169 25 56
126 38 111 363
385 181 184 488
367 217 53 245
487 404 61 481
122 17 38 68
41 193 24 350
47 427 203 292
155 349 372 396
305 16 143 269
93 344 444 490
260 244 101 220
481 248 127 476
483 465 425 460
423 402 98 212
488 385 107 205
60 114 7 9
466 419 195 224
327 103 75 99
309 249 64 168
256 399 114 141
305 254 171 335
98 329 16 220
473 121 255 300
244 109 225 422
44 314 181 417
442 13 43 293
66 285 1 220
238 263 197 200
18 466 21 35
388 321 131 234
147 389 197 201
62 115 71 100
433 480 245 402
240 346 141 349
142 247 444 488
228 2 122 193
431 440 24 208
161 333 15 260
133 170 172 176
42 246 63 273
403 198 282 445
400 335 124 365
416 190 73 103
109 282 219 400
11 55 112 398
493 394 68 400
23 292 69 158
178 410 149 307
135 118 193 326
369 68 53 60
358 417 113 460
274 397 21 184
332 110 294 344
115 92 43 465
449 173 146 338
400 473 54 470
481 34 123 350
177 60 36 85
168 376 129 365
395 199 76 203
45 41 102 159
76 298 344 391
361 11 300 396
341 305 15 475
165 495 69 101
269 339 82 266
122 334 52 386
447 346 5 258
412 87 5 114
202 336 299 498
205 172 387 445
112 430 127 289
96 311 51 269
47 100 60 420
476 278 426 458
236 360 140 410
199 465 158 216
81 172 313 428
110 71 6 113
401 347 125 270
304 258 113 157
39 452 12 59
68 57 50 72
89 233 312 469
25 104 62 97
57 331 310 325
345 392 64 119
423 251 48 263
16 72 4 65
372 114 59 145
374 358 86 200
354 380 178 354
123 50 222 451
17 221 199 214
356 187 293 357
470 382 51 69
330 139 50 50
76 8 25 224
190 335 300 381
359 162 23 116
433 312 100 405
86 304 101 126
493 9 11 41
159 6 226 257
185 230 0 0
97 156 119 354
318 379 76 370
102 340 406 487
384 66 274 332
318 173 23 247
175 117 12 36
321 123 166 267
282 85 17 71
406 8 265 401
216 374 204 288
89 394 25 106
348 408 231 354
409 446 29 166
203 22 291 335
449 452 356 390
9 167 41 43
59 394 49 255
375 127 17 51
459 409 236 325
305 170 155 158
41 166 240 322
168 83 7 24
82 425 257 434
50 45 199 239
174 184 9 397
400 63 33 113
327 405 104 167
495 165 343 382
54 342 377 427
486 316 217 218
95 494 288 466
316 480 89 290
424 359 10 24
216 284 199 226
102 412 63 80
17 189 106 367
342 189 158 174
489 93 73 100
4 412 49 422
122 34 254 409
351 288 14 172
130 157 1 202
469 359 26 30
210 103 30 89
78 194 78 368
159 457 35 283
41 271 302 412
114 286 140 251
66 202 326 384
73 140 125 255
182 409 179 284
456 369 66 92
188 167 172 272
150 493 47 100
42 130 153 278
356 125 40 70
244 69 13 93
274 328 210 383
342 287 19 35
27 72 80 185
352 166 70 439
40 313 39 52
5 284 100 179
206 429 36 57
210 446 431 439
328 342 30 63
447 294 116 127
42 104 13 211
241 288 82 333
374 50 82 172
16 380 47 106
110 492 106 187
358 159 274 286
183 42 63 496
145 261 94 163
237 494 160 181
162 226 64 353
54 57 47 149
240 483 45 175
310 16 139 498
173 198 207 302
402 386 354 415
340 483 0 15
241 134 53 72
365 189 91 364
323 389 21 270
109 410 407 498
103 141 204 248
208 106 105 192
250 195 81 97
112 339 98 295
401 36 294 384
350 320 177 463
256 135 49 68
456 225 0 4
240 120 224 239
0 300 34 91
96 27 228 305
200 207 251 310
263 244 156 205
196 84 308 339
443 134 13 100
455 112 130 405
342 448 1 25
123 271 17 86
455 482 165 491
287 98 164 451
286 443 71 470
178 233 30 455
345 258 150 221
392 9 389 470
293 79 72 118
335 407 11 24
62 314 272 279
206 459 14 156
105 450 140 266
221 448 165 236
261 20 79 242
88 403 221 285
474 168 206 462
130 318 101 118
302 408 69 438
297 10 212 367
193 338 25 39
114 496 155 418
172 495 144 199
70 412 51 168
407 228 0 0
340 446 73 123
60 457 22 344
195 142 94 426
174 194 13 120
320 360 41 185
383 352 48 75
488 451 191 402
412 10 27 359
486 23 289 350
60 411 296 340
496 477 322 446
183 190 245 442
230 183 247 313
309 31 95 144
210 143 201 201
216 489 5 14
476 455 49 459
164 192 330 344
486 430 259 454
215 46 30 151
202 89 2 473
16 94 343 432
6 399 223 443
92 436 0 0
428 131 17 188
226 36 50 61
375 309 405 467
143 251 74 257
419 450 156 245
215 166 177 243
343 112 72 285
93 163 232 272
482 270 31 459
91 366 227 443
343 421 146 392
271 432 124 161
191 49 189 393
275 416 44 72
401 266 65 430
197 317 25 387
193 489 365 388
131 98 146 264
111 406 21 225
185 199 4 113
117 172 247 405
18 132 362 483
106 446 110 272
280 340 31 452
352 25 116 141
297 425 129 259
204 81 27 164
394 387 107 496
306 208 36 125
