400 3200
0 1 208 208
1 2 336 360
2 3 0 0
3 4 151 151
4 5 17 73
5 6 18 46
6 7 36 93
7 8 116 173
8 9 186 198
9 10 228 269
10 11 66 210
11 12 180 343
12 13 45 102
13 14 101 439
14 15 7 13
15 16 307 335
16 17 96 209
17 18 120 279
18 19 66 70
19 20 77 99
20 21 287 401
21 22 390 485
22 23 14 157
23 24 179 346
24 25 380 439
25 26 372 448
26 27 35 42
27 28 5 19
28 29 5 85
29 30 295 439
30 31 29 49
31 32 141 210
32 33 197 479
33 34 52 267
34 35 100 346
35 36 22 158
36 37 269 343
37 38 172 418
38 39 0 9
39 40 234 375
40 41 327 495
41 42 111 374
42 43 62 140
43 44 87 395
44 45 3 51
45 46 105 224
46 47 43 455
47 48 133 147
48 49 17 144
49 50 34 65
50 51 0 9
51 52 312 340
52 53 97 106
53 54 40 133
54 55 144 246
55 56 15 26
56 57 176 287
57 58 70 73
58 59 77 295
59 60 81 350
60 61 27 51
61 62 197 207
62 63 171 347
63 64 112 207
64 65 19 25
65 66 12 268
66 67 46 332
67 68 204 257
68 69 14 473
69 70 259 293
70 71 244 452
71 72 30 68
72 73 62 69
73 74 152 404
74 75 107 199
75 76 54 82
76 77 167 464
77 78 99 174
78 79 240 376
79 80 45 363
80 81 305 442
81 82 202 312
82 83 133 376
83 84 133 174
84 85 48 135
85 86 338 448
86 87 189 214
87 88 5 483
88 89 165 332
89 90 23 311
90 91 45 57
91 92 30 475
92 93 80 225
93 94 273 289
94 95 77 204
95 96 90 118
96 97 349 452
97 98 86 287
98 99 1 1
99 100 47 309
100 101 94 163
101 102 2 264
102 103 314 443
103 104 84 178
104 105 348 455
105 106 146 312
106 107 2 7
107 108 387 465
108 109 191 346
109 110 35 499
110 111 41 86
111 112 51 68
112 113 89 467
113 114 162 349
114 115 7 33
115 116 192 378
116 117 78 377
117 118 22 462
118 119 185 356
119 120 10 62
120 121 3 9
121 122 1 13
122 123 7 14
123 124 12 123
124 125 124 430
125 126 62 269
126 127 268 276
127 128 117 421
128 129 14 62
129 130 12 139
130 131 167 293
131 132 203 485
132 133 103 281
133 134 8 9
134 135 116 401
135 136 83 116
136 137 248 404
137 138 83 194
138 139 325 432
139 140 160 374
140 141 119 278
141 142 24 68
142 143 4 30
143 144 57 60
144 145 21 22
145 146 42 53
146 147 70 113
147 148 12 357
148 149 183 280
149 150 0 6
150 151 10 36
151 152 174 484
152 153 78 284
153 154 7 101
154 155 19 126
155 156 60 372
156 157 91 97
157 158 108 291
158 159 24 485
159 160 314 424
160 161 36 120
161 162 50 247
162 163 305 310
163 164 371 415
164 165 59 78
165 166 6 9
166 167 1 35
167 168 198 243
168 169 231 303
169 170 129 284
170 171 84 158
171 172 54 495
172 173 42 290
173 174 97 190
174 175 59 276
175 176 342 373
176 177 155 335
177 178 17 132
178 179 25 33
179 180 39 185
180 181 23 315
181 182 10 105
182 183 61 377
183 184 12 33
184 185 12 130
185 186 57 403
186 187 90 96
187 188 185 320
188 189 220 262
189 190 289 463
190 191 42 131
191 192 24 33
192 193 192 368
193 194 285 386
194 195 75 454
195 196 320 466
196 197 2 6
197 198 85 117
198 199 234 309
199 200 189 475
200 201 441 476
201 202 56 278
202 203 3 458
203 204 298 321
204 205 57 195
205 206 40 243
206 207 7 302
207 208 124 275
208 209 375 464
209 210 169 460
210 211 120 197
211 212 16 482
212 213 31 87
213 214 5 63
214 215 47 67
215 216 3 253
216 217 5 10
217 218 456 474
218 219 138 414
219 220 3 7
220 221 9 88
221 222 84 166
222 223 58 65
223 224 216 405
224 225 48 172
225 226 167 470
226 227 261 291
227 228 106 440
228 229 10 423
229 230 438 453
230 231 99 230
231 232 94 273
232 233 231 400
233 234 18 143
234 235 233 245
235 236 94 300
236 237 7 7
237 238 65 297
238 239 54 217
239 240 349 404
240 241 37 157
241 242 365 447
242 243 157 289
243 244 17 92
244 245 232 394
245 246 14 306
246 247 0 27
247 248 10 210
248 249 136 340
249 250 265 460
250 251 0 0
251 252 385 489
252 253 48 188
253 254 40 487
254 255 47 302
255 256 87 415
256 257 120 287
257 258 109 314
258 259 100 143
259 260 205 294
260 261 28 375
261 262 15 430
262 263 299 378
263 264 315 349
264 265 2 433
265 266 42 161
266 267 157 336
267 268 81 225
268 269 46 191
269 270 4 205
270 271 107 201
271 272 20 159
272 273 175 311
273 274 36 215
274 275 205 487
275 276 232 339
276 277 27 99
277 278 2 213
278 279 38 172
279 280 12 399
280 281 412 440
281 282 354 452
282 283 172 332
283 284 2 135
284 285 37 126
285 286 231 428
286 287 227 264
287 288 74 401
288 289 23 286
289 290 16 367
290 291 115 260
291 292 7 386
292 293 19 284
293 294 189 233
294 295 109 171
295 296 27 34
296 297 134 189
297 298 9 39
298 299 21 492
299 300 25 90
300 301 352 406
301 302 32 438
302 303 227 344
303 304 53 285
304 305 42 80
305 306 211 233
306 307 82 172
307 308 95 112
308 309 249 296
309 310 21 156
310 311 248 459
311 312 212 455
312 313 28 128
313 314 24 55
314 315 46 96
315 316 83 250
316 317 3 365
317 318 53 104
318 319 84 124
319 320 23 426
320 321 32 208
321 322 186 308
322 323 37 117
323 324 46 51
324 325 204 258
325 326 52 239
326 327 15 76
327 328 212 311
328 329 42 272
329 330 167 327
330 331 72 72
331 332 54 376
332 333 5 111
333 334 234 260
334 335 281 393
335 336 3 11
336 337 64 162
337 338 35 437
338 339 149 423
339 340 0 269
340 341 271 434
341 342 95 475
342 343 259 414
343 344 137 427
344 345 2 49
345 346 236 326
346 347 268 352
347 348 124 305
348 349 282 400
349 350 10 17
350 351 374 385
351 352 111 366
352 353 41 130
353 354 29 128
354 355 213 316
355 356 134 172
356 357 205 399
357 358 137 223
358 359 17 392
359 360 221 496
360 361 146 150
361 362 25 71
362 363 250 451
363 364 111 271
364 365 472 488
365 366 64 318
366 367 494 497
367 368 180 273
368 369 213 263
369 370 31 67
370 371 158 178
371 372 7 13
372 373 46 80
373 374 343 373
374 375 5 15
375 376 133 183
376 377 348 432
377 378 167 347
378 379 169 346
379 380 79 94
380 381 123 221
381 382 78 291
382 383 241 495
383 384 28 102
384 385 28 124
385 386 85 131
386 387 346 375
387 388 45 228
388 389 25 28
389 390 118 254
390 391 77 106
391 392 121 400
392 393 72 148
393 394 2 13
394 395 26 297
395 396 70 422
396 397 96 190
397 398 296 375
398 399 232 256
399 0 59 271
198 274 355 480
89 207 103 402
298 397 9 16
86 109 47 355
378 360 86 232
197 102 39 474
39 196 56 110
391 7 93 133
321 270 18 40
93 239 77 214
302 272 44 54
3 187 14 317
291 234 156 402
85 197 160 349
12 73 282 383
3 71 156 171
141 148 117 423
267 61 175 214
147 386 271 412
249 101 3 313
7 255 52 71
274 325 24 39
385 54 6 9
13 107 19 33
120 146 131 229
347 310 20 56
185 242 13 13
295 21 374 378
295 48 76 197
228 317 313 374
62 140 222 226
193 277 132 225
52 96 161 239
318 91 20 237
118 165 399 402
389 108 157 201
256 221 451 453
343 140 12 18
191 9 14 387
84 112 45 62
129 159 213 309
204 232 3 5
56 220 28 269
249 124 0 1
356 19 370 476
308 203 404 453
313 72 203 398
294 129 328 458
100 233 5 72
324 265 49 79
199 20 79 94
273 263 217 311
1 223 251 453
134 389 427 495
77 236 266 356
155 19 97 366
129 0 455 455
317 261 115 200
149 14 80 125
344 351 42 86
198 114 53 59
380 222 356 407
52 90 62 73
308 61 86 132
335 265 240 410
284 53 43 155
275 371 488 492
195 135 107 133
356 379 134 267
171 201 122 157
397 8 56 456
100 154 169 183
352 309 9 217
60 263 58 256
117 315 396 470
242 87 4 15
125 328 174 359
31 229 290 446
267 12 2 13
213 52 80 261
94 320 145 163
154 212 382 430
273 355 144 279
375 258 92 345
183 202 199 226
9 375 156 314
206 272 48 145
21 253 4 4
172 147 59 288
289 194 128 156
98 339 218 259
48 272 240 459
279 314 34 213
87 15 117 123
34 192 11 186
156 267 413 466
395 89 269 469
266 363 160 423
302 327 296 461
75 193 14 114
258 79 17 43
164 10 40 113
124 172 23 157
353 130 75 87
88 80 31 304
392 200 198 207
319 249 68 408
114 51 40 92
354 243 56 351
390 287 106 120
393 92 137 287
149 50 69 174
65 211 7 28
19 136 5 114
369 110 46 332
173 158 194 249
176 273 46 260
180 286 51 87
394 208 265 285
55 308 53 499
356 271 185 409
101 386 46 297
224 363 148 488
135 73 345 451
384 359 187 298
242 347 12 16
6 213 9 46
100 203 2 32
294 222 199 226
152 154 60 188
361 76 295 488
141 308 81 84
294 302 202 487
149 208 75 384
355 352 68 412
222 270 198 316
103 12 18 335
270 211 78 238
354 326 6 6
172 224 136 176
267 128 51 246
159 13 214 365
274 212 103 234
382 91 141 229
284 135 22 68
267 313 0 5
104 58 118 379
357 153 160 160
280 158 81 493
222 132 51 110
236 373 108 169
338 115 9 262
297 100 95 378
357 396 202 232
42 143 8 62
285 103 2 156
234 237 174 252
182 23 294 337
154 322 137 385
157 287 26 65
381 130 10 11
90 63 243 260
187 236 183 405
146 289 6 6
66 311 235 336
70 355 259 344
58 252 130 225
196 1 61 458
103 366 260 322
273 342 0 2
194 145 81 242
285 46 243 430
340 103 259 416
262 328 149 325
104 327 274 337
322 205 71 289
225 291 58 137
32 131 226 280
122 4 184 336
370 166 43 176
386 226 4 428
361 350 24 97
218 125 93 374
346 66 89 145
79 44 101 387
285 134 112 214
134 229 154 404
29 111 6 177
143 146 91 107
134 178 173 384
326 196 151 154
257 266 21 367
131 173 60 372
299 159 20 110
69 5 58 107
22 281 27 99
273 215 35 71
244 49 138 188
295 81 2 13
169 84 51 55
264 296 223 337
227 266 276 400
161 75 6 40
84 391 80 116
315 261 63 104
60 192 301 459
41 154 184 356
299 391 19 277
311 85 72 152
74 206 203 418
191 314 135 218
99 256 46 462
289 275 10 353
276 81 16 239
112 34 24 63
346 259 377 488
252 50 32 80
282 316 95 101
1 86 115 216
26 219 90 202
106 114 24 73
138 371 125 365
131 173 4 94
111 367 144 322
64 236 341 377
301 370 93 105
130 329 245 301
250 181 361 375
329 149 98 319
82 397 278 299
340 55 6 148
63 351 132 366
279 328 36 473
334 153 198 213
61 82 132 391
131 175 22 28
58 197 313 418
103 17 45 96
282 216 16 197
107 376 30 150
234 243 3 40
289 221 405 453
299 347 134 185
256 84 119 265
31 351 142 247
230 377 13 66
216 191 74 103
121 88 33 38
222 85 144 254
215 313 80 131
328 152 161 178
100 92 49 54
279 106 237 394
314 29 42 53
142 145 389 493
215 267 87 88
188 333 197 286
240 265 21 22
38 286 27 394
143 342 50 94
331 172 154 264
370 231 143 370
164 109 19 75
162 156 124 276
206 219 59 108
306 216 322 380
56 332 296 362
334 390 23 88
130 164 424 431
351 183 9 9
288 81 144 430
66 250 197 280
327 25 131 202
73 63 79 380
331 225 268 359
185 311 483 494
184 11 58 139
273 38 0 1
252 32 122 467
21 327 98 429
178 395 304 365
106 140 136 258
297 17 11 354
156 146 298 391
46 333 79 187
114 165 68 385
307 75 264 376
188 55 184 307
10 243 55 201
240 340 21 349
192 227 1 1
166 222 139 388
161 141 325 449
194 5 63 119
87 175 5 60
314 172 39 110
201 105 138 151
311 397 79 442
81 250 52 272
59 209 28 143
15 22 8 69
19 343 91 145
347 324 292 307
186 225 6 162
185 341 106 229
147 174 15 222
271 321 246 414
372 311 128 213
376 233 60 173
79 283 88 338
276 151 34 110
197 356 212 234
15 133 63 157
265 24 222 314
283 174 242 439
57 215 101 224
195 233 182 393
147 278 23 228
15 165 312 328
173 342 8 66
214 266 28 216
152 316 73 455
377 386 264 303
172 271 380 384
92 290 237 252
186 239 95 249
62 172 203 422
386 292 22 33
330 183 234 287
68 129 434 472
22 193 22 259
229 83 12 97
48 283 312 424
326 258 122 126
276 152 199 351
151 25 256 270
317 71 407 475
200 231 220 312
220 91 75 419
299 253 2 3
371 178 276 495
270 32 2 38
105 312 71 161
90 251 408 474
152 373 0 4
207 115 35 412
287 225 185 431
167 229 129 220
374 49 110 128
100 152 247 402
8 72 127 239
123 196 56 67
130 314 345 464
156 31 147 448
319 242 60 246
144 254 281 429
396 167 127 209
82 206 23 342
296 87 77 199
13 90 136 253
391 304 84 94
355 127 454 483
356 193 32 147
29 337 29 51
241 2 9 72
356 263 5 7
8 142 55 358
162 196 0 282
254 29 5 398
86 90 55 254
4 112 359 396
142 320 22 348
397 92 113 389
355 172 29 203
392 192 211 324
76 312 13 90
70 202 50 161
196 322 83 86
114 306 188 204
302 106 102 120
365 395 107 203
353 46 47 488
120 264 23 160
21 227 204 492
80 170 167 318
346 310 53 187
233 72 112 429
196 2 142 310
187 328 50 126
221 42 290 397
127 278 1 216
36 392 110 179
183 257 5 165
344 337 21 349
210 311 34 134
200 211 239 404
148 238 13 147
315 194 235 272
292 180 17 244
311 292 141 428
363 58 361 445
139 244 86 92
184 121 72 293
214 280 250 450
289 205 125 223
211 325 220 461
221 207 62 139
16 105 286 305
309 244 133 341
195 342 5 114
393 26 1 6
171 112 90 208
337 241 138 470
133 357 93 171
393 184 297 390
47 343 79 87
237 315 132 171
381 16 41 72
107 51 61 359
75 10 149 350
232 245 258 344
12 349 4 126
122 233 167 346
357 381 59 113
251 352 114 212
384 248 30 186
343 364 114 178
49 134 6 28
99 350 49 316
358 382 137 354
38 60 154 307
154 379 53 324
344 208 47 85
356 67 60 74
213 192 35 257
333 99 340 438
190 247 91 92
118 289 218 231
315 2 72 214
200 225 173 249
170 109 53 80
288 68 142 171
136 362 111 131
337 55 235 423
78 88 269 400
9 157 106 213
30 277 2 304
163 18 51 72
160 84 130 255
389 72 28 148
108 123 371 430
168 260 274 336
162 18 229 317
144 88 3 62
215 177 2 235
186 227 486 494
325 319 289 475
246 392 0 323
275 197 36 76
149 34 173 320
229 272 159 283
174 330 216 234
274 333 139 214
87 277 19 300
5 40 129 425
22 226 185 376
102 276 119 290
273 374 147 463
53 352 16 32
157 159 31 496
296 189 3 26
309 397 94 99
277 129 159 211
144 380 5 53
18 124 183 312
81 105 22 24
9 364 91 142
355 208 20 30
176 266 79 352
287 299 27 334
209 298 17 189
321 80 0 94
133 212 359 374
16 76 11 170
57 285 305 398
167 330 133 244
271 343 131 263
301 56 1 14
233 100 4 322
19 229 11 175
329 117 1 114
365 74 211 217
85 13 28 191
116 275 141 235
357 218 202 490
136 138 135 182
322 18 246 387
199 92 255 276
35 103 300 445
138 214 40 177
310 189 54 123
162 336 233 456
362 145 21 21
373 308 1 476
42 222 18 278
348 318 159 188
195 151 471 498
169 46 22 29
379 223 168 258
170 68 13 15
137 93 0 286
286 353 23 90
48 31 104 316
176 308 49 491
77 1 283 438
338 208 187 226
5 359 126 354
213 315 84 389
287 303 117 247
115 43 59 264
89 160 27 75
68 3 137 185
222 281 33 71
374 219 26 364
2 354 80 238
301 29 137 224
389 166 311 443
147 342 230 264
379 222 1 204
273 114 40 134
308 228 27 36
229 130 181 209
132 276 11 12
226 214 58 145
200 266 110 252
144 368 187 483
391 242 12 54
385 232 49 337
257 91 0 250
130 164 298 389
247 341 70 71
238 71 34 41
221 309 37 200
173 127 305 399
223 258 18 96
264 267 130 384
42 259 88 145
160 350 75 108
55 144 3 8
88 168 53 199
214 343 180 190
345 43 100 330
173 97 21 35
44 190 32 76
170 243 3 8
290 240 24 57
279 359 248 326
58 298 174 201
291 277 83 160
185 342 81 279
188 359 107 497
154 386 401 418
3 245 350 350
38 374 253 460
66 326 14 19
164 343 26 35
330 276 71 237
66 4 150 174
188 245 160 469
79 120 195 245
101 115 128 270
38 160 115 448
228 132 21 223
268 188 46 439
18 322 33 127
105 352 54 137
25 36 122 164
343 262 87 274
74 134 55 110
239 94 288 336
142 278 71 71
109 316 2 47
222 105 43 435
99 347 26 118
90 357 69 193
151 126 40 286
139 251 207 263
205 145 14 38
127 85 27 437
130 95 345 476
285 183 142 407
339 24 69 142
191 284 187 264
129 196 92 170
381 151 69 277
317 305 368 488
250 178 67 156
334 84 316 335
282 393 158 163
259 279 12 388
322 266 78 163
83 338 36 445
141 3 159 376
397 99 57 382
242 161 131 235
370 176 70 105
104 107 19 20
192 282 54 161
31 360 9 18
398 327 304 347
229 389 84 335
16 100 139 215
398 74 63 384
107 372 94 268
189 75 15 19
346 373 2 67
3 266 61 96
272 205 129 168
20 309 22 26
225 235 137 303
392 97 182 256
43 212 50 309
27 374 133 216
333 4 370 424
245 223 201 227
378 146 3 7
231 68 119 437
290 380 279 328
218 143 104 412
215 334 40 476
1 153 11 25
309 60 60 117
297 387 2 31
239 306 96 211
55 373 125 432
144 185 20 40
230 166 96 237
98 198 60 62
385 159 204 387
114 345 73 421
131 159 8 21
286 150 86 243
174 210 48 119
53 316 458 477
241 69 462 472
177 311 290 307
24 343 344 487
220 90 4 172
354 353 183 449
148 72 202 217
332 190 98 118
222 11 311 471
73 198 89 342
215 397 16 32
351 197 296 436
143 64 214 351
85 307 151 303
146 64 4 366
321 315 59 126
335 384 80 300
276 357 283 408
334 145 15 27
83 86 51 65
258 92 243 422
86 331 216 309
183 374 223 266
56 81 66 124
336 176 140 147
257 285 136 437
247 334 159 211
266 119 17 32
136 149 35 449
230 366 30 101
227 359 258 413
317 352 286 441
386 18 17 243
245 377 119 299
392 317 15 264
17 204 160 313
110 163 79 428
71 189 105 141
213 390 184 442
266 2 90 284
88 284 37 57
207 161 73 113
44 200 216 298
69 93 107 119
21 105 25 65
71 213 38 81
158 291 359 423
202 254 260 301
201 289 105 482
70 343 108 173
363 6 123 298
47 252 178 300
5 222 169 308
73 143 8 29
210 94 298 375
291 159 245 475
373 22 70 267
391 294 62 96
205 169 249 377
251 44 1 3
340 202 71 164
38 121 82 459
167 13 191 294
73 261 391 428
391 79 15 302
396 53 303 412
268 120 144 440
28 219 146 160
365 47 5 61
38 130 20 361
287 191 116 220
254 117 60 63
90 145 287 295
349 62 4 18
322 293 85 100
175 102 259 394
322 45 4 6
215 103 130 151
315 353 10 10
133 268 219 499
314 137 15 291
323 366 80 146
155 225 94 465
234 34 217 254
312 150 164 227
274 389 274 294
392 48 64 132
385 328 141 152
299 134 166 186
374 45 11 122
62 59 283 292
178 335 46 348
56 172 15 36
332 261 418 486
378 253 171 377
48 335 52 403
142 281 116 376
328 256 19 40
384 208 167 241
299 338 143 223
3 393 99 336
268 170 78 224
129 206 46 352
264 58 176 341
142 343 212 349
25 225 63 309
41 292 75 75
303 223 54 381
347 236 281 391
289 78 293 452
221 212 94 117
142 116 54 88
200 167 142 195
167 211 86 160
151 385 264 408
141 380 99 307
220 106 181 380
47 265 5 214
359 77 21 49
302 55 55 57
27 94 158 187
260 311 91 97
274 86 127 411
82 329 203 300
297 74 210 345
113 127 50 246
134 156 7 44
174 155 35 117
79 48 124 231
331 26 34 99
172 127 6 12
307 78 317 365
226 203 291 363
343 289 90 165
236 175 76 422
240 327 150 214
376 312 339 433
361 377 145 329
318 240 241 291
201 228 39 100
175 22 246 265
215 135 22 448
182 94 75 152
213 30 381 436
4 367 389 455
42 156 132 165
336 276 173 342
377 116 370 450
64 266 18 37
267 392 373 440
131 285 72 95
143 170 182 425
263 184 41 334
44 47 82 172
90 285 6 75
90 338 283 318
13 388 22 424
31 76 345 411
23 344 115 314
157 260 442 479
197 212 239 295
357 263 87 99
236 253 32 215
36 343 145 168
344 297 397 496
341 323 116 190
108 146 421 497
262 13 210 259
221 14 9 86
312 398 15 37
309 182 164 185
247 130 59 61
320 24 150 317
335 231 55 207
254 111 416 496
11 178 441 465
321 252 14 74
189 155 20 197
155 314 22 231
266 294 123 281
96 90 42 390
4 346 139 244
4 21 68 210
76 238 13 131
343 155 290 456
271 37 8 11
322 165 243 411
153 346 38 94
132 316 332 343
97 95 35 177
334 1 246 488
268 286 17 61
318 212 77 93
190 312 108 445
62 256 13 292
88 128 21 154
102 333 0 0
243 125 38 114
364 147 30 72
41 129 71 101
385 222 58 449
248 287 342 437
258 222 91 350
188 113 28 235
383 153 406 414
366 52 124 248
153 49 41 182
128 78 39 138
339 83 455 463
315 30 151 193
176 242 1 246
264 216 1 127
323 2 228 443
60 67 76 192
301 41 29 149
397 93 162 359
162 22 11 95
25 171 10 59
85 292 281 419
396 170 257 372
229 159 71 295
78 123 41 121
287 49 253 312
61 263 258 319
289 329 90 164
11 357 9 33
250 235 433 441
226 50 97 230
14 140 268 382
219 44 111 127
319 239 288 296
144 333 42 214
154 39 21 191
144 127 31 63
108 250 69 122
115 313 0 39
311 166 85 151
232 86 49 371
15 150 89 308
78 369 330 336
274 309 4 4
46 262 320 339
325 110 14 252
22 306 69 115
340 190 6 87
202 392 33 92
174 259 305 422
124 315 37 492
228 95 196 457
295 312 66 174
282 375 162 390
114 264 169 273
180 231 263 409
168 82 87 242
127 124 262 295
219 260 104 394
73 140 3 50
134 16 38 269
131 141 50 183
345 354 173 302
104 188 120 480
200 103 36 196
211 160 186 196
153 183 378 396
380 34 34 323
332 68 124 197
76 169 92 345
67 61 15 202
269 335 21 68
374 9 149 225
16 65 14 167
200 140 62 109
125 46 239 463
155 198 98 345
263 332 125 300
66 234 188 374
375 151 150 271
75 292 138 350
254 278 330 466
114 83 377 432
206 236 57 83
332 375 123 131
259 219 0 35
188 394 178 490
41 305 78 118
347 12 150 330
68 117 34 44
339 392 103 105
154 14 85 251
332 349 48 52
319 279 114 194
278 174 132 269
252 1 3 169
327 286 92 278
86 137 170 268
155 159 131 195
195 222 219 348
52 297 157 339
368 181 53 344
268 174 13 281
306 267 90 179
356 371 203 307
48 396 333 468
312 213 206 299
325 186 281 490
176 53 137 220
325 39 77 370
327 306 2 18
337 149 10 383
189 2 45 259
377 290 2 2
321 362 36 138
378 351 29 267
180 11 273 384
397 360 14 26
140 157 216 275
116 391 168 401
16 310 252 325
99 307 48 466
243 386 28 37
245 35 70 138
337 70 144 460
233 93 350 383
24 34 127 300
151 75 318 417
286 334 282 448
144 92 360 487
355 42 412 500
212 69 19 69
164 238 35 35
73 376 15 36
397 310 0 7
243 236 107 486
132 395 10 47
249 15 162 421
287 381 320 343
308 332 70 244
396 325 49 173
218 89 87 177
281 101 8 127
78 222 272 456
192 75 289 363
348 375 0 12
383 67 8 231
11 113 96 140
185 295 10 14
281 390 380 443
214 161 162 386
49 39 29 165
311 84 335 399
244 72 4 162
18 292 15 154
302 358 396 464
325 357 344 489
166 27 126 262
19 29 188 476
61 158 394 444
314 240 116 259
140 18 62 186
38 242 205 355
248 129 53 228
65 137 224 303
385 391 270 496
178 239 283 387
266 58 101 167
271 345 44 44
365 313 20 92
212 174 204 263
374 30 188 208
224 350 86 401
385 330 278 467
371 41 32 89
312 24 394 430
335 177 388 479
170 34 449 480
364 153 9 18
312 371 8 28
231 121 2 2
156 179 57 156
265 275 11 27
179 345 21 147
396 148 158 178
379 370 318 477
365 51 43 238
195 73 81 139
289 193 114 252
72 59 302 322
45 229 23 55
239 244 166 379
256 132 342 426
342 300 6 422
90 334 364 446
115 164 181 191
261 140 89 222
325 355 46 50
197 306 10 113
126 26 265 486
365 232 64 142
345 108 276 454
192 176 242 446
288 47 320 462
285 394 60 78
257 276 164 440
193 335 113 316
323 340 59 105
330 167 169 172
117 202 37 80
348 83 29 222
246 157 40 41
47 377 15 82
236 10 58 98
70 245 267 346
294 197 120 287
36 337 376 437
61 118 60 122
93 64 152 315
231 133 3 17
60 358 166 258
199 371 54 432
40 236 387 493
274 151 1 4
7 119 34 126
273 64 18 112
282 167 21 23
197 60 5 5
114 374 21 245
220 175 5 22
21 140 50 139
271 139 206 320
139 69 41 147
170 360 45 135
42 123 146 295
168 259 51 190
12 196 171 351
326 398 135 248
181 139 1 317
119 80 60 177
102 260 41 143
306 371 10 66
55 238 94 469
328 160 268 403
106 167 404 469
112 296 77 92
65 86 166 467
118 158 236 468
174 200 57 142
265 36 117 137
380 56 267 276
74 394 67 92
25 341 136 221
259 326 36 92
384 26 128 474
250 44 138 247
304 210 348 482
123 250 316 323
281 26 167 242
336 242 150 484
40 39 12 71
303 141 39 316
115 106 305 331
110 373 199 217
358 298 27 29
218 369 15 246
178 281 26 233
92 239 5 404
109 73 120 128
258 127 195 196
147 315 118 120
242 293 201 343
53 244 45 495
87 317 28 88
49 259 60 411
343 263 72 115
225 289 28 29
7 38 46 69
235 184 234 468
266 209 153 445
345 122 73 144
296 132 300 474
99 265 168 425
333 368 201 217
340 69 198 234
177 201 167 315
256 114 67 79
171 266 0 7
77 226 99 133
12 307 1 7
272 182 135 337
44 279 56 276
44 360 51 161
208 364 26 390
388 226 26 73
395 147 118 122
230 201 0 146
61 80 69 98
337 43 15 44
217 89 143 435
132 121 28 44
393 48 303 342
31 230 8 60
176 24 5 5
328 204 203 279
61 291 200 454
353 144 402 431
119 246 138 169
196 227 5 13
12 377 37 401
125 134 167 403
202 89 333 435
123 257 66 335
27 139 253 404
182 6 150 449
133 61 194 227
12 355 247 279
23 281 46 253
85 152 165 346
382 31 71 342
393 300 13 260
157 275 231 415
79 159 41 253
179 376 68 413
222 217 53 141
226 100 84 89
284 170 197 485
164 295 156 371
227 64 108 130
62 336 22 291
152 45 150 478
306 140 1 40
338 266 20 41
58 318 124 310
72 153 76 112
129 240 67 383
97 317 134 284
67 208 297 333
345 102 44 54
238 281 28 42
310 159 161 313
97 171 197 205
350 205 22 43
334 48 119 185
102 209 186 336
102 72 10 94
82 322 381 448
54 104 125 475
148 320 459 481
362 18 55 365
67 114 138 203
221 226 125 372
6 300 91 144
345 379 36 157
232 29 1 303
371 391 225 298
386 10 407 440
260 161 124 127
325 12 229 383
186 398 325 471
229 171 0 0
375 355 177 238
85 359 54 329
288 108 313 422
142 44 37 92
154 394 312 428
248 243 158 182
350 134 242 447
339 86 11 13
335 238 20 42
5 299 466 491
378 269 210 305
298 94 153 209
194 260 35 84
377 3 62 325
234 155 12 18
194 342 75 156
311 1 142 162
181 321 256 304
103 137 190 326
222 134 31 423
93 112 302 464
322 75 211 330
200 194 208 289
388 266 76 199
176 21 300 484
394 391 29 77
81 107 367 448
105 266 54 155
54 51 123 274
315 184 188 341
165 266 40 118
168 240 65 84
110 392 145 254
318 372 105 396
243 104 328 346
380 117 0 59
37 54 280 451
165 121 68 240
382 165 18 474
150 197 181 277
231 5 35 42
113 76 66 101
90 43 383 427
266 151 106 353
369 56 41 448
150 305 89 164
203 160 221 264
26 326 207 325
159 225 41 297
163 393 37 115
326 248 167 213
142 298 124 124
154 291 421 423
316 172 461 494
124 54 32 33
290 291 159 357
95 184 65 165
348 241 153 313
80 359 7 129
347 179 75 326
295 193 158 185
197 200 91 147
57 384 296 456
375 75 255 472
283 24 178 307
5 337 29 107
225 301 232 470
183 317 4 375
270 136 174 376
204 211 56 106
242 271 343 415
133 214 11 120
173 388 122 316
220 249 96 356
388 25 89 371
45 352 190 195
272 19 161 380
377 79 141 452
154 318 107 294
238 111 28 45
396 255 36 64
136 305 9 52
40 266 60 86
117 256 53 63
329 3 64 389
334 338 12 19
335 188 116 121
187 229 66 440
9 38 325 487
326 303 108 303
378 223 419 489
332 74 4 21
215 76 387 475
369 168 143 155
324 106 147 400
45 259 209 406
152 28 19 430
65 217 2 229
313 64 416 466
52 221 56 129
61 178 444 468
324 74 166 310
329 29 273 493
114 105 8 16
340 326 134 363
99 18 151 283
339 3 211 246
364 322 114 129
60 351 158 163
281 56 75 124
360 397 82 109
133 61 314 400
198 114 63 251
180 54 35 41
117 305 368 389
333 100 145 267
3 156 344 370
227 20 134 258
283 230 48 200
35 256 191 494
155 15 4 14
262 180 228 467
252 314 406 466
210 256 56 195
294 355 79 107
280 155 309 310
11 308 46 89
82 115 384 402
276 373 25 127
200 5 60 145
117 262 171 458
260 224 435 452
170 139 242 268
116 181 261 432
369 370 76 176
389 388 315 499
298 303 104 217
229 147 60 147
383 390 4 20
359 319 358 495
234 208 138 232
42 3 224 368
230 275 123 321
354 187 85 362
152 375 10 25
358 200 447 460
29 341 224 464
213 226 114 276
62 378 271 482
111 311 118 140
324 305 65 301
332 388 98 198
331 172 93 314
268 26 110 150
177 321 331 410
310 285 16 34
102 12 7 20
280 369 12 24
15 3 5 75
283 275 70 198
33 235 341 478
102 138 10 55
196 127 167 324
155 182 28 264
3 299 29 176
286 77 25 99
59 302 52 110
134 205 10 21
209 391 60 357
116 228 3 327
47 260 74 222
213 382 238 360
150 186 8 55
24 162 320 470
169 38 45 424
132 333 301 330
10 309 143 189
142 265 194 208
199 178 236 241
334 129 302 468
368 326 141 432
365 332 47 239
350 355 270 277
17 290 209 438
12 267 272 475
317 38 226 320
259 126 272 375
222 276 7 176
76 316 104 459
123 96 12 419
37 207 29 276
245 12 359 434
256 124 7 425
48 85 232 405
127 348 63 65
289 209 213 268
229 361 34 451
140 240 374 386
123 268 150 210
360 84 319 489
159 283 41 125
333 74 160 167
201 174 78 478
230 252 256 405
278 304 376 451
168 317 2 5
165 314 72 190
114 203 107 117
60 133 44 148
208 274 296 369
311 98 274 362
238 38 145 231
247 118 51 183
333 98 257 292
162 205 65 267
91 180 136 275
120 202 37 308
325 195 37 198
299 8 141 386
111 365 67 125
273 259 124 328
204 382 102 481
21 6 1 1
6 252 327 362
306 22 44 54
37 135 176 272
384 204 127 314
9 65 29 121
133 366 312 457
304 78 220 311
239 375 8 116
103 242 185 385
11 125 29 52
264 317 217 278
32 25 45 47
206 104 69 291
369 347 121 126
216 8 122 325
350 254 91 358
177 281 62 262
2 114 149 329
321 62 47 407
118 38 174 404
221 87 17 310
170 108 127 226
167 284 136 204
185 155 51 438
125 314 8 352
304 50 49 92
76 67 107 283
304 70 129 455
186 328 29 75
309 245 166 423
376 188 217 410
114 183 28 250
306 98 2 18
263 376 11 73
381 356 169 462
93 181 9 22
55 52 20 186
299 307 97 310
105 333 31 98
277 107 1 491
281 378 31 78
45 277 114 270
86 375 257 309
35 73 11 115
16 45 18 233
183 217 51 245
220 298 323 384
362 62 175 317
183 131 199 234
364 388 286 334
316 80 26 227
267 192 98 263
344 334 89 329
292 27 44 90
60 275 122 394
294 3 270 302
156 236 259 491
378 169 109 111
248 119 188 233
10 267 380 448
356 159 239 301
129 258 331 363
148 368 120 207
208 205 236 342
269 255 317 473
51 382 92 100
240 52 155 404
86 66 94 485
324 214 0 7
96 379 81 107
188 237 33 58
199 296 371 384
216 143 26 40
207 2 219 500
245 106 112 195
267 155 282 453
135 377 46 94
112 120 220 220
225 166 396 423
55 214 152 298
379 359 165 231
332 300 69 256
363 111 158 287
197 398 140 220
355 134 52 96
276 144 33 57
49 227 62 75
192 167 24 26
11 274 162 279
371 260 204 424
131 330 135 179
60 208 8 37
215 209 70 213
296 265 96 301
59 258 135 213
26 274 6 406
306 121 470 471
158 189 240 435
220 328 60 352
229 223 38 235
169 83 78 342
53 65 1 6
118 274 431 492
315 379 45 86
371 266 146 454
365 272 100 404
9 380 208 400
255 283 88 134
92 215 98 109
123 175 165 214
343 289 157 425
367 164 79 225
218 229 200 468
374 76 2 176
114 292 68 310
280 301 251 491
154 63 254 322
34 68 4 22
6 332 127 232
139 73 134 167
68 94 87 266
392 147 25 142
15 122 33 61
37 338 240 334
159 81 86 341
180 41 306 434
241 64 19 66
168 74 125 400
263 130 269 414
380 239 134 323
263 170 84 102
189 51 44 130
21 193 5 209
362 39 158 271
156 148 158 239
299 129 150 234
124 340 1 420
370 325 261 435
297 159 177 409
151 219 19 439
54 50 199 286
199 266 254 482
398 241 107 303
354 113 193 302
17 133 132 159
84 31 306 341
332 42 17 26
225 296 63 67
378 12 54 65
172 369 50 328
210 89 9 87
48 232 90 170
244 311 17 22
288 287 90 117
265 376 79 483
160 113 215 255
41 278 47 75
52 31 224 262
158 261 404 472
124 181 417 433
389 152 30 196
157 144 6 142
23 25 198 381
69 16 84 120
345 136 3 127
269 123 17 42
21 359 27 432
152 273 186 224
173 60 146 281
321 339 345 369
397 73 49 399
361 33 152 224
338 282 23 92
287 114 187 415
361 291 11 15
365 281 180 474
244 122 191 289
19 107 259 438
208 90 88 304
133 65 78 126
333 220 78 148
139 246 19 266
94 384 428 482
126 2 80 92
18 360 211 255
314 21 27 172
279 384 379 385
226 338 280 402
144 209 119 212
287 46 18 102
326 6 31 33
27 177 72 99
340 354 28 136
119 281 34 299
104 81 157 437
86 74 17 64
334 388 436 480
380 52 170 342
232 190 360 371
327 392 483 492
374 316 66 208
238 247 9 266
163 114 1 340
15 41 99 256
63 108 47 149
158 384 18 52
360 214 33 142
184 45 178 385
40 91 236 321
358 140 144 401
338 25 234 259
216 277 70 116
41 82 34 314
87 11 26 152
380 374 0 14
284 217 83 452
276 218 93 210
17 343 38 213
121 73 294 371
217 108 61 475
100 150 15 36
75 182 58 86
22 134 128 161
172 228 115 124
214 107 157 248
40 131 326 413
207 70 131 427
124 72 29 298
324 285 106 120
268 283 85 93
33 82 220 372
216 95 103 118
207 152 178 270
347 273 331 375
86 226 27 114
296 126 81 87
121 352 11 19
361 33 8 73
274 306 265 426
125 161 18 52
166 18 100 112
352 61 15 16
211 130 314 338
365 285 25 116
25 292 142 207
30 15 50 69
196 376 57 188
289 312 84 212
203 380 62 236
109 16 95 211
41 364 28 51
158 309 32 387
130 364 3 68
34 378 104 212
157 389 72 136
291 147 34 150
18 156 120 336
0 143 171 259
132 159 3 95
328 125 151 235
346 151 166 170
196 37 116 352
291 39 43 113
180 281 416 423
275 367 7 263
362 10 168 250
60 207 80 127
238 41 4 93
91 272 148 236
299 265 322 491
108 201 17 66
280 74 93 142
383 261 142 401
186 23 315 333
150 347 38 139
379 196 142 157
33 364 123 210
317 0 210 301
364 366 360 360
283 326 416 429
390 105 27 341
163 200 32 118
271 27 7 463
34 117 314 391
218 178 143 153
329 203 82 152
156 43 302 441
182 342 12 63
360 51 301 317
347 329 138 139
74 162 100 414
356 179 170 182
11 388 364 367
131 162 7 96
194 22 126 241
345 84 400 402
33 186 161 198
175 20 43 80
19 120 142 325
159 288 41 377
276 306 130 140
198 350 118 226
348 299 90 451
334 300 116 436
72 317 90 354
53 66 278 296
157 325 98 409
44 122 105 454
277 292 1 1
209 84 56 199
83 82 63 281
54 179 323 367
185 298 17 43
106 32 40 200
313 228 57 140
161 67 24 212
18 207 167 249
306 68 247 330
392 320 30 248
89 246 56 310
388 22 280 291
73 393 63 214
204 244 1 2
98 358 12 97
118 328 101 160
82 38 8 73
103 357 7 299
155 287 132 306
151 173 22 250
359 373 97 160
54 0 177 327
367 387 69 95
79 384 2 2
189 48 354 368
302 200 4 222
320 301 202 349
69 25 90 92
22 111 17 31
23 191 86 189
277 214 114 348
22 376 35 51
157 178 89 98
183 330 81 227
260 234 308 311
65 266 110 375
321 319 13 54
91 14 127 312
17 108 38 194
288 148 284 335
18 281 40 101
222 242 151 264
52 219 84 86
138 121 1 9
384 190 176 243
321 348 66 92
234 86 139 319
5 22 41 268
129 104 88 388
214 153 64 196
272 37 478 495
305 214 246 258
74 112 4 239
22 76 259 375
318 116 165 286
296 194 66 181
97 270 132 245
15 140 91 94
343 224 127 197
146 34 5 15
326 280 142 231
325 20 112 137
121 282 20 263
283 3 9 14
193 231 180 278
165 305 36 146
23 349 42 289
248 321 313 367
355 176 146 220
199 270 24 332
323 241 40 119
265 120 427 500
69 324 42 121
390 261 102 471
200 144 40 108
129 215 58 249
299 114 211 411
392 312 198 359
268 393 295 353
221 208 61 220
166 25 162 377
178 109 448 460
43 18 112 221
2 149 197 264
368 51 1 33
224 300 21 195
225 139 189 234
161 197 355 448
329 382 24 55
168 242 351 366
59 140 255 273
116 327 132 303
48 357 1 14
312 8 66 73
394 189 44 142
282 174 0 2
23 108 98 335
224 111 295 435
56 195 208 274
331 241 106 272
233 184 64 308
25 208 65 151
389 136 66 183
158 365 269 288
159 365 132 405
227 117 24 100
8 293 105 164
190 37 115 372
223 221 45 170
370 304 16 23
1 205 57 78
135 21 0 97
150 84 101 248
116 148 87 318
115 127 212 440
32 262 18 452
109 102 73 153
374 377 277 377
329 16 83 141
304 216 9 184
280 127 13 146
364 362 147 207
300 350 90 107
171 1 8 159
208 373 25 61
256 165 68 482
3 225 119 252
10 210 153 462
30 302 306 373
243 85 185 229
171 67 219 378
358 388 233 314
375 93 136 152
156 345 219 261
310 127 187 356
378 104 79 152
339 199 5 6
10 86 58 134
105 85 211 399
307 89 212 465
359 83 269 313
97 356 56 66
68 208 158 379
74 60 110 263
54 206 0 377
212 246 8 430
211 18 82 474
158 24 258 327
94 340 21 427
40 301 352 372
227 389 194 364
51 359 57 430
232 184 31 462
188 149 184 451
71 382 191 198
50 296 11 42
76 323 291 415
299 296 171 270
99 273 242 271
132 187 29 413
378 275 9 16
184 138 297 439
325 169 17 17
127 281 239 347
132 236 15 294
261 3 321 321
15 392 166 187
308 345 51 138
166 22 108 255
123 43 86 443
242 310 62 283
309 211 179 332
301 168 125 221
82 208 279 487
334 302 202 372
392 20 118 177
325 219 125 327
82 71 265 271
63 126 110 442
231 297 111 137
190 192 18 54
174 202 20 95
246 154 188 193
247 318 107 427
371 156 132 135
245 110 150 313
90 262 8 312
240 92 86 204
263 215 19 25
174 300 65 373
110 148 50 148
30 348 168 199
231 29 125 188
247 291 172 332
33 388 26 43
317 228 214 275
106 300 7 7
68 95 446 492
378 322 48 299
187 259 188 192
169 237 62 73
194 330 233 349
216 57 314 453
386 198 159 159
250 359 71 384
368 259 8 144
144 232 306 479
273 68 333 351
57 136 277 313
333 223 118 466
296 387 128 134
340 194 8 462
263 159 276 339
124 295 70 386
92 212 28 286
21 211 76 417
100 392 211 349
395 78 63 73
89 72 53 306
9 253 116 139
248 55 153 458
207 376 60 99
8 312 123 143
358 261 5 23
264 104 183 224
16 27 199 279
127 141 107 287
258 11 418 453
299 204 128 174
200 42 72 224
393 49 20 426
140 299 151 288
21 291 277 327
202 32 125 139
150 295 139 244
36 72 205 311
226 397 43 66
278 19 2 16
20 196 51 56
261 388 209 239
56 77 9 12
297 288 226 313
72 221 13 48
392 188 51 125
125 71 42 213
115 142 46 58
334 200 124 135
269 182 8 10
68 41 89 493
353 290 57 306
275 180 119 189
264 32 0 13
287 152 18 195
8 325 140 226
46 187 199 466
155 135 25 139
98 25 196 308
187 35 96 333
87 306 81 93
323 227 154 253
57 323 182 394
117 370 28 48
386 181 245 303
332 82 13 13
214 141 1 3
378 248 12 29
124 165 214 241
239 18 124 463
90 262 137 203
232 72 14 37
31 244 57 431
126 74 20 260
23 219 112 159
346 91 242 482
291 207 394 470
320 290 85 130
78 273 4 100
28 8 46 295
361 209 390 422
285 367 107 168
98 129 170 293
276 274 17 81
142 170 2 97
51 328 357 381
141 170 34 75
26 371 121 133
348 33 1 345
59 295 4 7
223 356 12 16
73 378 59 144
111 40 81 168
157 292 132 181
216 239 43 404
321 241 13 18
96 100 82 179
255 227 281 319
50 350 48 71
287 387 24 429
372 325 50 323
74 368 36 57
374 79 60 104
64 348 67 373
5 51 23 202
54 176 210 242
238 379 125 444
396 162 66 68
347 237 392 483
131 71 0 21
71 143 20 49
48 335 0 111
386 273 72 404
302 6 105 228
222 79 41 327
132 330 1 87
237 28 3 83
276 209 235 260
209 94 289 370
10 277 227 231
356 13 323 435
75 13 137 330
45 7 92 124
95 259 44 117
351 68 94 187
330 291 16 379
266 22 145 469
53 262 422 431
12 53 28 131
346 148 3 206
317 25 184 306
279 255 68 273
29 200 145 195
151 53 12 50
315 358 152 356
202 292 20 44
7 269 365 433
380 115 392 432
154 24 226 354
180 203 34 243
38 153 192 350
172 145 157 197
261 335 40 399
1 120 17 393
309 53 12 77
385 112 84 159
30 55 79 172
253 30 16 182
93 32 56 283
264 275 17 20
263 340 75 330
326 378 60 101
127 44 18 208
266 84 209 225
25 348 122 174
53 184 79 192
108 61 75 90
236 292 17 34
111 46 267 276
62 223 188 298
361 213 9 72
338 204 45 115
303 166 136 143
136 353 416 416
33 296 11 76
92 290 80 276
295 170 27 284
145 147 111 172
266 271 96 175
242 243 427 480
292 313 194 277
110 359 255 327
235 58 115 245
45 312 113 323
183 364 91 303
162 191 39 72
238 286 122 167
43 102 114 230
313 335 0 64
263 118 107 181
308 107 93 114
344 95 319 424
194 193 32 171
178 109 40 113
296 21 103 204
378 383 188 342
330 189 20 32
373 149 39 90
169 95 305 347
202 312 139 376
43 129 270 309
63 126 112 440
163 332 84 84
339 204 54 352
281 73 246 459
89 385 42 75
186 8 26 122
29 353 54 273
287 42 98 172
207 139 100 346
164 268 27 28
365 165 75 80
244 183 72 358
325 111 223 486
311 319 278 465
133 352 286 451
116 312 22 63
359 199 61 73
260 33 17 36
172 381 120 271
221 128 52 442
392 222 159 266
383 272 215 391
72 84 10 94
360 173 151 432
288 49 84 93
289 29 16 27
389 351 167 211
396 351 111 278
346 222 483 486
320 185 2 45
249 144 18 137
115 17 0 52
77 133 188 195
322 370 138 144
243 271 177 257
330 356 102 174
226 367 314 465
375 97 185 395
139 179 292 431
311 396 47 64
152 372 73 288
277 203 105 107
389 10 183 434
386 41 5 7
308 348 16 52
314 45 52 188
176 276 104 201
269 272 96 138
146 114 21 48
278 91 13 59
139 82 78 159
327 202 471 476
368 364 93 103
318 164 326 374
76 251 114 129
343 333 9 18
76 264 0 8
394 132 10 76
397 54 122 231
181 302 342 378
136 330 109 365
398 307 60 176
271 230 94 240
127 380 245 407
42 209 102 420
396 102 109 160
276 58 0 2
245 200 3 23
273 344 341 369
340 261 47 136
210 233 187 241
92 316 22 96
306 227 406 424
272 239 23 252
314 269 20 264
96 309 115 144
291 274 122 256
311 41 0 0
64 34 41 138
168 321 45 174
59 222 117 142
297 201 30 43
385 359 109 261
389 163 339 395
293 280 209 472
364 39 13 249
341 194 256 297
113 95 2 145
112 163 29 74
86 145 48 66
238 193 151 366
344 3 330 367
179 64 67 89
110 99 117 207
50 10 236 297
212 364 11 62
117 275 36 393
211 115 282 310
270 323 201 308
157 46 335 351
160 312 195 494
8 177 33 281
43 243 300 433
321 238 12 209
354 67 120 327
267 21 204 463
86 185 174 332
67 398 110 151
46 300 159 310
79 257 135 176
68 282 116 161
242 221 183 305
361 35 76 80
366 27 21 243
171 47 118 473
233 353 58 192
298 149 89 94
130 63 145 234
124 351 251 421
393 6 78 422
250 254 12 414
213 186 1 5
33 271 91 133
118 194 245 500
358 71 32 59
1 239 167 245
299 98 393 395
36 50 21 61
62 75 79 331
328 177 117 244
66 64 94 97
264 106 405 440
166 353 14 90
370 30 271 320
270 374 161 371
337 181 125 281
213 48 192 315
39 311 14 59
107 289 84 154
350 98 258 294
243 155 101 198
352 108 187 332
104 202 335 426
27 61 61 95
63 103 305 452
182 317 13 191
41 63 421 472
123 386 112 309
183 324 297 395
243 278 110 257
292 113 32 266
241 234 131 164
247 209 5 64
235 13 186 192
64 116 89 107
87 313 16 16
161 273 104 137
384 314 47 90
345 346 298 438
191 255 34 40
97 333 46 92
180 196 140 352
253 0 281 460
61 321 18 125
251 166 5 10
136 120 32 481
26 72 122 341
198 308 37 155
188 38 43 236
90 227 265 300
280 312 58 187
81 215 99 438
8 194 341 363
34 74 53 478
21 376 150 175
167 214 436 469
218 333 134 240
343 259 65 321
233 175 59 369
257 308 155 405
231 73 194 198
176 55 113 224
102 387 242 409
224 195 183 359
56 35 128 471
118 336 321 490
389 360 46 89
283 41 71 114
218 81 83 358
229 360 221 374
31 144 104 302
215 77 56 439
47 35 38 126
248 153 127 170
39 17 28 247
281 133 22 157
164 11 91 273
120 351 72 341
229 152 88 110
364 211 93 243
13 242 382 497
175 36 100 162
392 36 8 17
119 36 33 409
247 321 248 252
151 191 6 26
128 324 438 446
229 245 4 202
313 20 92 465
66 195 195 201
210 128 27 38
157 396 29 122
15 123 50 175
217 213 280 376
5 223 24 92
8 105 136 215
206 354 102 437
89 117 262 267
185 276 6 51
373 77 6 12
26 210 322 353
392 92 127 490
258 174 275 393
395 140 262 383
365 199 317 338
310 216 157 398
243 169 5 20
346 97 33 132
328 255 116 348
205 8 349 434
109 152 212 337
195 138 35 88
369 131 94 469
82 348 295 452
213 307 2 43
203 16 53 96
357 115 45 137
180 214 222 369
349 290 270 430
317 333 259 289
134 368 90 100
149 134 131 207
122 312 45 69
363 384 402 459
368 211 310 383
4 247 145 255
84 288 175 227
353 65 22 49
269 184 46 159
239 245 43 60
11 168 153 391
367 154 36 272
244 117 86 113
22 201 78 112
156 39 58 130
196 6 8 154
238 169 179 194
134 248 100 149
233 35 72 340
110 127 8 17
322 334 0 164
46 199 326 373
159 139 329 472
39 140 29 402
86 80 83 120
263 87 114 116
134 211 13 95
200 109 41 442
321 152 112 119
316 262 261 379
8 90 110 130
96 37 14 16
302 341 334 367
5 43 356 363
205 7 34 44
50 120 94 163
160 44 268 475
15 207 30 81
126 4 15 43
313 286 274 297
190 229 241 466
394 397 35 67
224 318 126 257
217 274 162 342
382 228 81 86
106 156 1 5
83 130 425 444
79 88 1 17
372 398 117 128
230 274 37 326
385 26 2 143
325 365 2 4
124 305 229 288
340 199 45 154
319 174 10 75
143 359 168 486
220 108 81 82
333 32 230 364
345 395 114 446
267 125 358 430
177 157 85 92
107 353 43 118
244 208 3 9
24 378 309 466
314 200 352 444
334 314 89 298
110 360 13 54
126 56 67 86
227 62 38 289
10 77 27 126
116 334 70 150
43 34 42 85
118 77 74 94
233 280 104 232
308 97 44 255
336 386 123 256
260 183 75 499
186 64 9 64
62 159 152 378
340 115 78 397
65 155 162 293
266 352 49 231
76 256 179 447
204 292 157 414
150 220 4 25
250 56 212 482
194 228 2 3
358 44 102 287
224 134 196 286
216 354 376 418
130 150 108 192
315 112 27 45
76 334 204 291
237 10 12 12
265 367 5 181
381 78 264 493
40 352 2 435
272 17 15 76
160 149 296 400
261 369 382 406
107 8 30 465
36 234 43 112
377 239 193 249
6 111 413 414
304 98 147 334
63 48 221 297
341 15 122 326
218 84 39 119
56 280 2 12
215 222 117 368
43 342 53 163
151 119 70 188
147 119 283 306
327 210 299 329
9 170 46 101
92 58 110 413
72 94 138 190
182 292 58 316
100 158 253 484
256 90 85 282
186 124 0 179
347 133 216 310
98 251 58 251
386 381 40 226
116 326 110 366
276 350 391 463
226 329 109 240
125 294 18 44
318 9 35 285
131 366 30 122
268 77 7 19
314 382 348 394
102 136 136 136
178 88 22 389
369 222 31 244
66 81 151 159
61 127 69 157
308 105 18 21
346 154 255 267
343 169 304 412
131 33 25 42
352 358 45 54
47 11 9 265
352 305 279 330
297 228 219 348
270 263 44 156
121 205 4 18
53 173 171 207
90 71 4 113
280 129 0 0
139 345 129 343
324 200 432 476
159 260 118 195
40 330 137 150
353 347 45 277
354 275 284 426
166 130 229 398
263 93 60 343
177 318 10 216
323 297 165 345
183 138 91 108
159 243 15 142
197 223 72 389
203 27 459 465
33 262 55 95
354 30 7 148
35 47 3 3
142 65 11 216
38 104 78 105
108 139 321 321
302 242 121 355
89 274 57 59
118 103 13 41
110 57 384 454
287 162 60 195
140 155 136 267
37 250 172 482
53 93 361 380
107 209 19 163
302 284 6 43
100 118 181 268
100 171 46 168
355 263 7 10
311 151 43 386
2 205 172 192
221 253 206 286
141 84 21 378
244 248 44 471
41 352 31 306
261 65 85 158
33 84 44 55
206 84 7 37
173 174 53 160
125 180 266 331
15 174 259 348
24 332 42 104
135 95 32 41
251 262 128 153
214 171 91 274
346 52 37 378
36 210 49 265
93 248 38 143
155 396 100 312
389 324 19 132
62 229 14 326
85 264 345 421
82 134 244 320
64 66 184 283
149 74 12 153
365 64 115 439
66 95 378 495
104 125 321 389
342 291 70 287
280 134 2 70
338 109 136 157
91 376 43 183
167 216 55 146
150 227 132 223
233 345 17 305
368 316 63 106
59 344 96 125
13 339 2 56
48 59 92 154
277 14 187 249
330 18 5 245
347 330 210 498
369 229 125 491
280 320 75 218
394 93 207 486
380 271 63 107
231 366 246 271
259 351 160 227
314 75 396 484
62 375 367 418
326 281 75 107
285 369 145 220
293 253 30 84
69 358 80 265
259 299 67 397
271 40 15 17
339 245 74 95
65 268 36 489
125 6 232 481
280 282 253 278
157 34 233 323
219 7 25 136
371 236 178 476
54 50 261 335
110 289 40 334
67 7 1 5
55 143 128 427
96 34 278 389
30 54 246 343
363 181 330 371
239 380 7 78
50 397 193 360
294 203 5 48
197 388 257 354
8 166 1 1
278 1 98 388
45 164 129 246
138 67 85 102
83 90 271 365
369 229 63 158
28 137 396 442
87 104 24 90
232 203 203 470
253 47 159 486
330 23 101 152
220 322 432 432
336 79 381 421
128 252 48 212
341 159 170 182
208 392 136 141
8 30 287 497
77 0 99 128
209 91 441 461
85 179 45 214
148 79 143 468
342 324 332 420
304 238 56 78
394 173 14 287
248 235 146 337
19 276 177 203
39 34 2 2
229 384 151 162
186 341 351 420
20 29 28 31
390 43 45 52
238 1 66 351
55 188 136 257
221 73 103 249
174 200 119 187
348 59 135 302
21 221 150 426
143 346 65 138
160 23 348 423
31 192 117 208
75 393 227 250
90 67 61 365
361 74 99 129
295 366 121 461
31 147 136 351
385 109 55 310
357 129 118 136
384 37 294 348
393 79 18 128
285 113 176 409
105 4 5 5
200 65 12 83
278 277 135 279
182 57 165 356
240 95 111 246
341 88 398 439
53 262 412 488
158 65 39 232
240 1 200 384
375 147 168 247
180 281 308 333
10 218 101 112
24 208 22 54
147 390 143 490
262 346 228 408
361 290 47 142
144 337 222 293
88 238 124 190
195 177 17 88
22 361 64 209
369 361 78 148
229 325 7 8
4 188 12 194
39 167 26 461
341 261 21 414
174 60 99 287
247 217 36 159
294 264 26 115
10 271 210 478
20 243 198 282
238 257 48 109
194 234 9 124
201 142 48 480
307 37 46 119
265 189 26 53
351 284 55 92
324 330 277 383
81 37 42 355
41 152 30 219
205 245 167 397
248 119 195 259
83 256 102 207
236 268 50 58
43 191 10 442
182 135 12 138
13 387 43 308
397 51 477 493
363 76 53 94
206 157 170 483
189 257 256 327
354 14 31 64
153 85 281 386
147 23 249 476
171 271 209 281
221 272 177 344
344 320 6 13
281 302 163 495
55 168 13 159
315 12 11 11
38 387 88 405
189 241 130 487
276 224 369 369
48 114 1 1
380 204 28 31
38 264 32 292
315 264 3 168
125 375 115 441
373 257 340 437
83 321 140 494
112 396 186 358
200 219 399 439
190 21 123 160
136 221 49 55
278 178 74 433
156 352 93 152
146 230 71 210
40 268 104 323
223 59 0 303
398 54 13 210
106 199 71 193
330 5 43 61
229 25 47 267
392 302 103 116
257 192 322 378
270 394 169 338
341 40 29 36
50 18 186 495
34 396 272 391
157 268 105 114
340 394 3 15
276 211 73 239
106 290 93 176
220 178 211 273
118 99 112 330
310 360 104 399
125 190 3 6
162 207 355 357
124 58 85 147
72 71 294 494
48 230 177 423
272 229 82 280
208 188 50 299
184 332 42 96
377 342 20 113
245 155 68 77
366 252 180 189
248 17 21 56
285 184 44 256
73 330 176 319
323 350 45 61
88 122 48 172
319 302 20 35
37 52 6 263
196 4 118 325
165 193 142 308
214 91 248 407
169 286 6 118
66 247 93 309
359 295 125 151
132 279 37 44
216 194 24 152
1 230 34 35
236 188 347 480
394 9 202 364
324 102 41 50
172 40 16 393
279 293 59 176
258 243 344 456
163 309 229 248
135 119 228 437
