200 800
0 1 208 208
1 2 336 360
2 3 0 0
3 4 151 151
4 5 17 73
5 6 18 46
6 7 36 93
7 8 116 173
8 9 186 198
9 10 228 269
10 11 66 210
11 12 180 343
12 13 45 102
13 14 101 439
14 15 7 13
15 16 307 335
16 17 96 209
17 18 120 279
18 19 66 70
19 20 77 99
20 21 287 401
21 22 390 485
22 23 14 157
23 24 179 346
24 25 380 439
25 26 372 448
26 27 35 42
27 28 5 19
28 29 5 85
29 30 295 439
30 31 29 49
31 32 141 210
32 33 197 479
33 34 52 267
34 35 100 346
35 36 22 158
36 37 269 343
37 38 172 418
38 39 0 9
39 40 234 375
40 41 327 495
41 42 111 374
42 43 62 140
43 44 87 395
44 45 3 51
45 46 105 224
46 47 43 455
47 48 133 147
48 49 17 144
49 50 34 65
50 51 0 9
51 52 312 340
52 53 97 106
53 54 40 133
54 55 144 246
55 56 15 26
56 57 176 287
57 58 70 73
58 59 77 295
59 60 81 350
60 61 27 51
61 62 197 207
62 63 171 347
63 64 112 207
64 65 19 25
65 66 12 268
66 67 46 332
67 68 204 257
68 69 14 473
69 70 259 293
70 71 244 452
71 72 30 68
72 73 62 69
73 74 152 404
74 75 107 199
75 76 54 82
76 77 167 464
77 78 99 174
78 79 240 376
79 80 45 363
80 81 305 442
81 82 202 312
82 83 133 376
83 84 133 174
84 85 48 135
85 86 338 448
86 87 189 214
87 88 5 483
88 89 165 332
89 90 23 311
90 91 45 57
91 92 30 475
92 93 80 225
93 94 273 289
94 95 77 204
95 96 90 118
96 97 349 452
97 98 86 287
98 99 1 1
99 100 47 309
100 101 94 163
101 102 2 264
102 103 314 443
103 104 84 178
104 105 348 455
105 106 146 312
106 107 2 7
107 108 387 465
108 109 191 346
109 110 35 499
110 111 41 86
111 112 51 68
112 113 89 467
113 114 162 349
114 115 7 33
115 116 192 378
116 117 78 377
117 118 22 462
118 119 185 356
119 120 10 62
120 121 3 9
121 122 1 13
122 123 7 14
123 124 12 123
124 125 124 430
125 126 62 269
126 127 268 276
127 128 117 421
128 129 14 62
129 130 12 139
130 131 167 293
131 132 203 485
132 133 103 281
133 134 8 9
134 135 116 401
135 136 83 116
136 137 248 404
137 138 83 194
138 139 325 432
139 140 160 374
140 141 119 278
141 142 24 68
142 143 4 30
143 144 57 60
144 145 21 22
145 146 42 53
146 147 70 113
147 148 12 357
148 149 183 280
149 150 0 6
150 151 10 36
151 152 174 484
152 153 78 284
153 154 7 101
154 155 19 126
155 156 60 372
156 157 91 97
157 158 108 291
158 159 24 485
159 160 314 424
160 161 36 120
161 162 50 247
162 163 305 310
163 164 371 415
164 165 59 78
165 166 6 9
166 167 1 35
167 168 198 243
168 169 231 303
169 170 129 284
170 171 84 158
171 172 54 495
172 173 42 290
173 174 97 190
174 175 59 276
175 176 342 373
176 177 155 335
177 178 17 132
178 179 25 33
179 180 39 185
180 181 23 315
181 182 10 105
182 183 61 377
183 184 12 33
184 185 12 130
185 186 57 403
186 187 90 96
187 188 185 320
188 189 220 262
189 190 289 463
190 191 42 131
191 192 24 33
192 193 192 368
193 194 285 386
194 195 75 454
195 196 320 466
196 197 2 6
197 198 85 117
198 199 234 309
199 0 189 475
93 166 441 476
120 132 56 278
19 142 3 458
71 170 298 321
165 85 57 195
184 115 40 243
81 54 7 302
81 77 124 275
103 109 375 464
152 107 169 460
28 166 120 197
166 194 16 482
65 82 31 87
175 91 5 63
143 40 47 67
32 124 3 253
163 12 5 10
36 31 456 474
165 112 138 414
92 155 3 7
91 5 9 88
136 19 84 166
126 16 58 65
10 163 216 405
89 197 48 172
53 69 167 470
148 8 261 291
78 73 106 440
23 166 10 423
56 82 438 453
153 37 99 230
94 27 94 273
5 121 231 400
119 169 18 143
96 113 233 245
83 110 94 300
80 70 7 7
96 2 65 297
43 87 54 217
157 85 349 404
100 52 37 157
155 198 365 447
40 124 157 289
29 104 17 92
7 11 232 394
9 171 14 306
173 161 0 27
93 112 10 210
92 170 136 340
73 87 265 460
135 160 0 0
185 155 385 489
187 116 48 188
39 141 40 487
137 75 47 302
98 177 87 415
7 66 120 287
132 12 109 314
141 86 100 143
28 107 205 294
97 116 28 375
73 139 15 430
7 82 299 378
86 170 315 349
106 132 2 433
76 157 42 161
188 192 157 336
85 135 81 225
45 144 46 191
93 119 4 205
31 85 107 201
192 145 20 159
164 91 175 311
34 64 36 215
11 96 205 487
114 41 232 339
24 141 27 99
162 128 2 213
138 76 38 172
75 12 12 399
158 35 412 440
100 115 354 452
110 45 172 332
149 126 2 135
185 89 37 126
134 16 231 428
52 155 227 264
45 125 74 401
76 186 23 286
103 57 16 367
143 112 115 260
83 114 7 386
186 24 19 284
50 76 189 233
4 36 109 171
61 97 27 34
64 157 134 189
78 15 9 39
159 121 21 492
71 126 25 90
197 83 352 406
41 103 32 438
147 43 227 344
6 45 53 285
195 151 42 80
177 63 211 233
177 96 82 172
14 168 95 112
120 1 249 296
177 131 21 156
4 71 248 459
80 98 212 455
126 14 28 128
43 44 24 55
2 56 46 96
70 159 83 250
198 45 3 365
177 85 53 104
195 95 84 124
38 155 23 426
35 101 32 208
98 160 186 308
57 153 37 117
150 53 46 51
182 197 204 258
176 23 52 239
60 131 15 76
10 113 212 311
40 84 42 272
172 155 167 327
116 36 72 72
98 1 54 376
93 163 5 111
110 21 234 260
63 139 281 393
18 195 3 11
91 128 64 162
171 168 35 437
104 155 149 423
100 105 0 269
74 119 271 434
157 97 95 475
145 89 259 414
155 146 137 427
181 28 2 49
69 121 236 326
92 60 268 352
107 139 124 305
144 102 282 400
105 162 10 17
110 103 374 385
8 52 111 366
154 122 41 130
97 170 29 128
196 13 213 316
85 56 134 172
168 120 205 399
66 178 137 223
196 92 17 392
23 171 221 496
118 157 146 150
190 8 25 71
53 25 250 451
37 5 111 271
115 122 472 488
6 174 64 318
61 116 494 497
178 190 180 273
125 175 213 263
191 124 31 67
171 181 158 178
24 67 7 13
49 174 46 80
178 190 343 373
19 30 5 15
77 189 133 183
171 103 348 432
177 33 167 347
106 95 169 346
166 49 79 94
95 123 123 221
58 144 78 291
157 1 241 495
99 112 28 102
84 54 28 124
143 34 85 131
68 180 346 375
168 27 45 228
39 44 25 28
4 78 118 254
15 138 77 106
81 9 121 400
80 42 72 148
194 36 2 13
54 61 26 297
83 129 70 422
81 8 96 190
72 44 296 375
107 88 232 256
93 113 59 271
162 159 355 480
122 195 103 402
137 98 9 16
74 17 47 355
114 135 86 232
86 164 39 474
137 166 56 110
43 138 93 133
2 20 18 40
11 113 77 214
50 137 44 54
136 186 14 317
26 176 156 402
78 79 160 349
147 94 282 383
154 198 156 171
138 64 117 423
71 189 175 214
9 61 271 412
40 52 3 313
4 181 52 71
177 103 24 39
87 132 6 9
143 149 19 33
104 148 131 229
160 39 20 56
66 105 13 13
8 38 374 378
28 142 76 197
83 165 313 374
135 171 222 226
150 28 132 225
116 50 161 239
9 114 20 237
164 58 399 402
182 37 157 201
42 6 451 453
58 137 12 18
178 109 14 387
68 32 45 62
9 123 213 309
46 146 3 5
51 2 28 269
107 140 0 1
94 171 370 476
167 198 404 453
72 164 203 398
153 51 328 458
111 60 5 72
158 11 49 79
75 23 79 94
23 169 217 311
111 135 251 453
34 128 427 495
46 174 266 356
176 161 97 366
15 146 455 455
153 113 115 200
0 154 80 125
103 175 42 86
179 174 53 59
157 153 356 407
151 140 62 73
21 13 86 132
80 169 240 410
1 142 43 155
140 132 488 492
109 156 107 133
176 27 134 267
14 171 122 157
83 161 56 456
170 129 169 183
110 103 9 217
56 25 58 256
113 97 396 470
65 144 4 15
137 108 174 359
106 49 290 446
133 68 2 13
183 100 80 261
120 157 145 163
115 76 382 430
45 25 144 279
82 59 92 345
170 177 199 226
35 76 156 314
154 10 48 145
63 165 4 4
128 123 59 288
133 97 128 156
129 45 218 259
174 102 240 459
72 15 34 213
84 193 117 123
171 2 11 186
21 144 413 466
48 109 269 469
95 141 160 423
121 25 296 461
120 34 14 114
179 63 17 43
149 49 40 113
138 18 23 157
170 196 75 87
179 185 31 304
192 177 198 207
122 141 68 408
186 192 40 92
162 37 56 351
171 176 106 120
137 69 137 287
2 35 69 174
122 180 7 28
59 189 5 114
57 53 46 332
80 105 194 249
66 123 46 260
94 26 51 87
161 33 265 285
175 179 53 499
18 111 185 409
130 35 46 297
67 86 148 488
47 85 345 451
138 46 187 298
157 14 12 16
52 97 9 46
173 51 2 32
178 141 199 226
63 122 60 188
125 7 295 488
72 51 81 84
42 12 202 487
47 95 75 384
91 43 68 412
12 101 198 316
141 18 18 335
97 194 78 238
75 175 6 6
152 4 136 176
88 14 51 246
42 16 214 365
196 151 103 234
139 35 141 229
132 21 22 68
168 122 0 5
1 101 118 379
49 83 160 160
80 143 81 493
88 197 51 110
53 149 108 169
140 45 9 262
179 159 95 378
163 52 202 232
194 99 8 62
50 185 2 156
37 115 174 252
185 125 294 337
37 163 137 385
186 79 26 65
133 71 10 11
102 164 243 260
154 1 183 405
117 43 6 6
48 21 235 336
105 135 259 344
186 3 130 225
2 69 61 458
111 62 260 322
72 138 0 2
33 26 81 242
189 194 243 430
71 97 259 416
167 72 149 325
76 43 274 337
30 5 71 289
193 54 58 137
152 20 226 280
186 2 184 336
92 38 43 176
82 5 4 428
98 166 24 97
79 193 93 374
172 102 89 145
79 72 101 387
75 63 112 214
104 135 154 404
157 120 6 177
34 106 91 107
155 110 173 384
171 70 151 154
45 112 21 367
176 76 60 372
36 159 20 110
94 85 58 107
5 57 27 99
99 186 35 71
198 20 138 188
98 90 2 13
31 26 51 55
153 33 223 337
32 23 276 400
157 110 6 40
191 81 80 116
178 127 63 104
72 79 301 459
43 156 184 356
46 88 19 277
165 187 72 152
187 147 203 418
40 98 135 218
88 80 46 462
142 29 10 353
166 192 16 239
59 15 24 63
74 110 377 488
182 3 32 80
179 194 95 101
175 157 115 216
9 78 90 202
188 196 24 73
158 151 125 365
101 159 4 94
81 126 144 322
94 154 341 377
194 150 93 105
1 95 245 301
141 17 361 375
80 49 98 319
99 185 278 299
46 50 6 148
52 9 132 366
106 141 36 473
145 94 198 213
126 82 132 391
144 6 22 28
171 167 313 418
3 13 45 96
125 44 16 197
110 168 30 150
71 26 3 40
47 134 405 453
79 73 134 185
11 8 119 265
146 5 142 247
84 113 13 66
22 156 74 103
101 53 33 38
60 58 144 254
6 29 80 131
130 155 161 178
39 63 49 54
26 180 237 394
59 27 42 53
109 90 389 493
23 123 87 88
65 107 197 286
95 183 21 22
58 164 27 394
72 2 50 94
31 41 154 264
146 169 143 370
50 109 19 75
22 62 124 276
51 162 59 108
176 121 322 380
133 125 296 362
68 191 23 88
182 11 424 431
112 153 9 9
17 122 144 430
74 143 197 280
194 154 131 202
23 123 79 380
163 100 268 359
66 155 483 494
22 80 58 139
29 175 0 1
167 123 122 467
86 20 98 429
130 118 304 365
126 35 136 258
167 103 11 354
140 158 298 391
127 60 79 187
103 146 68 385
168 163 264 376
196 50 184 307
84 18 55 201
102 57 21 349
29 4 1 1
171 165 139 388
112 105 325 449
145 76 63 119
111 84 5 60
117 8 39 110
38 114 138 151
105 79 79 442
58 74 52 272
83 127 28 143
105 151 8 69
192 8 91 145
189 100 292 307
53 172 6 162
132 129 106 229
38 23 15 222
27 150 246 414
47 76 128 213
155 12 60 173
43 38 88 338
164 42 34 110
37 168 212 234
63 81 63 157
77 13 222 314
77 160 242 439
24 129 101 224
13 100 182 393
63 44 23 228
38 145 312 328
101 86 8 66
144 65 28 216
87 172 73 455
163 125 264 303
155 78 380 384
188 84 237 252
119 196 95 249
113 91 203 422
11 90 22 33
67 152 234 287
47 46 434 472
15 190 22 259
183 80 12 97
77 23 312 424
137 72 122 126
58 95 199 351
132 117 256 270
195 194 407 475
142 65 220 312
85 34 75 419
91 42 2 3
23 178 276 495
142 111 2 38
168 108 71 161
193 160 408 474
38 106 0 4
171 136 35 412
129 108 185 431
105 148 129 220
131 149 110 128
126 131 247 402
171 172 127 239
148 115 56 67
161 35 345 464
73 97 147 448
6 0 60 246
7 95 281 429
198 61 127 209
91 180 23 342
64 40 77 199
11 108 136 253
115 80 84 94
55 96 454 483
88 165 32 147
126 134 29 51
77 103 9 72
156 63 5 7
146 35 55 358
45 141 0 282
172 109 5 398
10 60 55 254
119 179 359 396
77 185 22 348
18 170 113 389
82 63 29 203
172 35 211 324
157 76 13 90
47 92 50 161
0 198 83 86
142 32 188 204
106 49 102 120
156 24 107 203
127 93 47 488
63 155 23 160
166 174 204 492
62 159 167 318
73 23 53 187
64 162 112 429
110 156 142 310
143 84 50 126
110 166 290 397
56 115 1 216
76 21 110 179
26 78 5 165
24 198 21 349
39 176 34 134
41 159 239 404
15 81 13 147
121 191 235 272
108 154 17 244
1 104 141 428
