200 800
0 1 208 208
1 2 336 360
2 3 0 0
3 4 151 151
4 5 17 73
5 6 18 46
6 7 36 93
7 8 116 173
8 9 186 198
9 10 228 269
10 11 66 210
11 12 180 343
12 13 45 102
13 14 101 439
14 15 7 13
15 16 307 335
16 17 96 209
17 18 120 279
18 19 66 70
19 20 77 99
20 21 287 401
21 22 390 485
22 23 14 157
23 24 179 346
24 25 380 439
25 26 372 448
26 27 35 42
27 28 5 19
28 29 5 85
29 30 295 439
30 31 29 49
31 32 141 210
32 33 197 479
33 34 52 267
34 35 100 346
35 36 22 158
36 37 269 343
37 38 172 418
38 39 0 9
39 40 234 375
40 41 327 495
41 42 111 374
42 43 62 140
43 44 87 395
44 45 3 51
45 46 105 224
46 47 43 455
47 48 133 147
48 49 17 144
49 50 34 65
50 51 0 9
51 52 312 340
52 53 97 106
53 54 40 133
54 55 144 246
55 56 15 26
56 57 176 287
57 58 70 73
58 59 77 295
59 60 81 350
60 61 27 51
61 62 197 207
62 63 171 347
63 64 112 207
64 65 19 25
65 66 12 268
66 67 46 332
67 68 204 257
68 69 14 473
69 70 259 293
70 71 244 452
71 72 30 68
72 73 62 69
73 74 152 404
74 75 107 199
75 76 54 82
76 77 167 464
77 78 99 174
78 79 240 376
79 80 45 363
80 81 305 442
81 82 202 312
82 83 133 376
83 84 133 174
84 85 48 135
85 86 338 448
86 87 189 214
87 88 5 483
88 89 165 332
89 90 23 311
90 91 45 57
91 92 30 475
92 93 80 225
93 94 273 289
94 95 77 204
95 96 90 118
96 97 349 452
97 98 86 287
98 99 1 1
99 100 47 309
100 101 94 163
101 102 2 264
102 103 314 443
103 104 84 178
104 105 348 455
105 106 146 312
106 107 2 7
107 108 387 465
108 109 191 346
109 110 35 499
110 111 41 86
111 112 51 68
112 113 89 467
113 114 162 349
114 115 7 33
115 116 192 378
116 117 78 377
117 118 22 462
118 119 185 356
119 120 10 62
120 121 3 9
121 122 1 13
122 123 7 14
123 124 12 123
124 125 124 430
125 126 62 269
126 127 268 276
127 128 117 421
128 129 14 62
129 130 12 139
130 131 167 293
131 132 203 485
132 133 103 281
133 134 8 9
134 135 116 401
135 136 83 116
136 137 248 404
137 138 83 194
138 139 325 432
139 140 160 374
140 141 119 278
141 142 24 68
142 143 4 30
143 144 57 60
144 145 21 22
145 146 42 53
146 147 70 113
147 148 12 357
148 149 183 280
149 150 0 6
150 151 10 36
151 152 174 484
152 153 78 284
153 154 7 101
154 155 19 126
155 156 60 372
156 157 91 97
157 158 108 291
158 159 24 485
159 160 314 424
160 161 36 120
161 162 50 247
162 163 305 310
163 164 371 415
164 165 59 78
165 166 6 9
166 167 1 35
167 168 198 243
168 169 231 303
169 170 129 284
170 171 84 158
171 172 54 495
172 173 42 290
173 174 97 190
174 175 59 276
175 176 342 373
176 177 155 335
177 178 17 132
178 179 25 33
179 180 39 185
180 181 23 315
181 182 10 105
182 183 61 377
183 184 12 33
184 185 12 130
185 186 57 403
186 187 90 96
187 188 185 320
188 189 220 262
189 190 289 463
190 191 42 131
191 192 24 33
192 193 192 368
193 194 285 386
194 195 75 454
195 196 320 466
196 197 2 6
197 198 85 117
198 199 234 309
199 0 189 475
19 142 441 476
1 49 56 278
196 158 3 458
78 49 298 321
129 162 57 195
1 65 40 243
194 196 7 302
24 77 124 275
50 146 375 464
43 14 169 460
40 163 120 197
144 7 16 482
85 146 31 87
52 12 5 63
36 2 47 67
75 90 3 253
171 95 5 10
115 148 456 474
79 159 138 414
58 157 3 7
29 128 9 88
82 171 84 166
168 196 58 65
80 133 216 405
160 117 48 172
185 6 167 470
40 106 261 291
170 164 106 440
174 160 10 423
160 164 438 453
71 133 99 230
59 133 94 273
102 191 231 400
172 85 18 143
167 15 233 245
154 139 94 300
86 157 7 7
197 9 65 297
96 159 54 217
124 152 349 404
25 92 37 157
94 182 365 447
90 184 157 289
17 23 17 92
113 153 232 394
69 136 14 306
24 146 0 27
191 10 10 210
160 36 136 340
85 30 265 460
140 83 0 0
147 161 385 489
181 104 48 188
106 147 40 487
71 32 47 302
129 30 87 415
181 9 120 287
179 69 109 314
186 121 100 143
111 120 205 294
11 13 28 375
18 101 15 430
24 127 299 378
187 6 315 349
32 15 2 433
64 39 42 161
159 68 157 336
37 60 81 225
173 46 46 191
86 94 4 205
10 194 107 201
109 174 20 159
40 187 175 311
124 125 36 215
170 44 205 487
7 125 232 339
158 185 27 99
150 143 2 213
150 133 38 172
96 41 12 399
102 191 412 440
69 104 354 452
116 6 172 332
26 43 2 135
136 97 37 126
134 9 231 428
25 79 227 264
184 52 74 401
76 79 23 286
169 41 16 367
194 51 115 260
188 108 7 386
156 24 19 284
167 117 189 233
56 182 109 171
16 184 27 34
35 131 134 189
183 32 9 39
34 108 21 492
38 117 25 90
93 100 352 406
55 196 32 438
71 129 227 344
35 150 53 285
71 185 42 80
37 56 211 233
100 43 82 172
25 56 95 112
98 65 249 296
17 15 21 156
118 15 248 459
2 39 212 455
78 163 28 128
188 191 24 55
179 105 46 96
22 150 83 250
20 173 3 365
147 114 53 104
19 4 84 124
17 82 23 426
21 151 32 208
93 62 186 308
148 141 37 117
172 39 46 51
81 150 204 258
43 76 52 239
194 16 15 76
161 12 212 311
26 21 42 272
62 21 167 327
20 145 72 72
60 28 54 376
83 108 5 111
84 185 234 260
175 136 281 393
22 190 3 11
119 86 64 162
154 66 35 437
133 80 149 423
190 0 0 269
107 35 271 434
59 52 95 475
100 133 259 414
100 130 137 427
134 187 2 49
90 132 236 326
157 100 268 352
102 28 124 305
67 174 282 400
102 160 10 17
29 146 374 385
160 178 111 366
43 117 41 130
132 169 29 128
131 94 213 316
67 171 134 172
43 186 205 399
8 28 137 223
64 160 17 392
110 26 221 496
120 75 146 150
106 108 25 71
0 137 250 451
171 81 111 271
175 120 472 488
81 118 64 318
4 152 494 497
113 49 180 273
17 86 213 263
34 184 31 67
80 163 158 178
109 59 7 13
38 9 46 80
38 35 343 373
8 36 5 15
142 191 133 183
156 166 348 432
28 186 167 347
2 106 169 346
21 148 79 94
152 117 123 221
37 18 78 291
55 17 241 495
148 79 28 102
133 61 28 124
196 147 85 131
167 83 346 375
126 28 45 228
177 173 25 28
74 10 118 254
160 93 77 106
3 91 121 400
192 27 72 148
14 182 2 13
67 77 26 297
100 6 70 422
61 103 96 190
50 122 296 375
11 125 232 256
90 13 59 271
38 135 355 480
5 129 103 402
66 93 9 16
122 71 47 355
161 76 86 232
109 149 39 474
121 158 56 110
169 82 93 133
72 50 18 40
45 70 77 214
13 162 44 54
83 142 14 317
75 84 156 402
90 20 160 349
4 70 282 383
167 5 156 171
140 103 117 423
128 66 175 214
128 145 271 412
3 100 3 313
8 2 52 71
152 94 24 39
53 132 6 9
150 125 19 33
192 42 131 229
114 17 20 56
168 56 13 13
184 55 374 378
30 122 76 197
57 155 313 374
6 113 222 226
130 174 132 225
78 38 161 239
29 16 20 237
95 64 399 402
68 9 157 201
73 129 451 453
148 107 12 18
9 84 14 387
82 186 45 62
122 36 213 309
189 183 3 5
191 13 28 269
165 167 0 1
13 111 370 476
6 117 404 453
128 34 203 398
31 41 328 458
117 35 5 72
129 73 49 79
65 196 79 94
178 154 217 311
170 107 251 453
138 160 427 495
165 154 266 356
35 141 97 366
56 168 455 455
47 168 115 200
119 81 80 125
52 99 42 86
79 120 53 59
81 96 356 407
87 65 62 73
11 29 86 132
1 75 240 410
75 13 43 155
46 174 488 492
66 41 107 133
24 79 134 267
96 60 122 157
57 46 56 456
177 45 169 183
195 116 9 217
42 136 58 256
60 80 396 470
1 43 4 15
6 145 174 359
113 193 290 446
156 191 2 13
56 94 80 261
52 128 145 163
32 31 382 430
45 111 144 279
5 115 92 345
116 118 199 226
59 53 156 314
12 90 48 145
50 122 4 4
1 75 59 288
80 119 128 156
169 142 218 259
162 102 240 459
66 108 34 213
183 82 117 123
89 70 11 186
42 114 413 466
190 158 269 469
1 166 160 423
48 145 296 461
12 179 14 114
36 4 17 43
165 139 40 113
198 43 23 157
170 28 75 87
11 77 31 304
61 153 198 207
166 35 68 408
75 160 40 92
4 151 56 351
91 169 106 120
142 41 137 287
19 112 69 174
53 146 7 28
98 177 5 114
32 43 46 332
185 123 194 249
173 85 46 260
20 116 51 87
87 178 265 285
31 138 53 499
183 28 185 409
48 144 46 297
38 77 148 488
38 96 345 451
181 53 187 298
16 186 12 16
68 98 9 46
76 146 2 32
79 1 199 226
192 59 60 188
182 138 295 488
77 137 81 84
171 18 202 487
183 112 75 384
44 46 68 412
17 101 198 316
75 68 18 335
125 140 78 238
70 101 6 6
153 94 136 176
22 185 51 246
115 149 214 365
73 1 103 234
143 172 141 229
58 90 22 68
170 84 0 5
35 150 118 379
89 170 160 160
184 28 81 493
136 188 51 110
51 52 108 169
11 17 9 262
64 30 95 378
196 62 202 232
51 190 8 62
53 135 2 156
99 53 174 252
8 191 294 337
115 164 137 385
102 37 26 65
67 27 10 11
153 185 243 260
47 38 183 405
36 181 6 6
121 5 235 336
183 61 259 344
50 15 130 225
141 137 61 458
110 189 260 322
24 63 0 2
91 1 81 242
68 118 243 430
15 188 259 416
1 153 149 325
116 157 274 337
147 44 71 289
133 33 58 137
24 198 226 280
58 18 184 336
55 99 43 176
61 91 4 428
3 193 24 97
80 68 93 374
21 66 89 145
52 136 101 387
163 64 112 214
152 185 154 404
55 61 6 177
136 172 91 107
75 120 173 384
159 125 151 154
62 64 21 367
128 86 60 372
7 16 20 110
147 75 58 107
21 173 27 99
167 178 35 71
72 89 138 188
29 190 2 13
169 62 51 55
181 107 223 337
108 65 276 400
19 177 6 40
39 189 80 116
147 148 63 104
71 198 301 459
49 24 184 356
165 95 19 277
45 177 72 152
106 41 203 418
51 84 135 218
155 141 46 462
10 18 10 353
107 29 16 239
195 196 24 63
75 15 377 488
50 193 32 80
112 144 95 101
111 193 115 216
173 81 90 202
105 189 24 73
94 74 125 365
188 22 4 94
195 167 144 322
198 15 341 377
168 67 93 105
40 11 245 301
73 177 361 375
160 25 98 319
24 145 278 299
109 68 6 148
149 69 132 366
134 34 36 473
98 179 198 213
15 187 132 391
61 174 22 28
112 142 313 418
48 25 45 96
77 128 16 197
30 12 30 150
150 20 3 40
34 113 405 453
190 159 134 185
183 69 119 265
1 6 142 247
64 129 13 66
163 48 74 103
131 3 33 38
148 71 144 254
99 18 80 131
122 161 161 178
45 36 49 54
41 108 237 394
7 186 42 53
83 129 389 493
113 125 87 88
64 33 197 286
151 72 21 22
155 167 27 394
126 104 50 94
76 78 154 264
100 48 143 370
48 41 19 75
105 82 124 276
4 107 59 108
132 45 322 380
14 79 296 362
77 130 23 88
154 113 424 431
164 58 9 9
170 105 144 430
44 52 197 280
164 131 131 202
28 189 79 380
160 88 268 359
163 122 483 494
143 28 58 139
164 181 0 1
129 114 122 467
63 110 98 429
2 31 304 365
170 98 136 258
192 196 11 354
156 69 298 391
65 116 79 187
92 30 68 385
26 11 264 376
161 71 184 307
5 148 55 201
91 36 21 349
128 83 1 1
27 196 139 388
52 161 325 449
10 150 63 119
153 83 5 60
186 176 39 110
44 33 138 151
101 55 79 442
180 55 52 272
156 99 28 143
70 114 8 69
21 142 91 145
75 2 292 307
3 138 6 162
27 113 106 229
157 195 15 222
55 62 246 414
114 27 128 213
191 101 60 173
151 41 88 338
33 138 34 110
187 34 212 234
61 20 63 157
134 33 222 314
4 143 242 439
26 1 101 224
106 97 182 393
89 45 23 228
39 168 312 328
71 83 8 66
104 9 28 216
66 130 73 455
154 183 264 303
157 81 380 384
62 182 237 252
1 5 95 249
85 113 203 422
69 13 22 33
46 116 234 287
160 165 434 472
74 75 22 259
183 158 12 97
160 0 312 424
75 162 122 126
88 177 199 351
171 59 256 270
159 45 407 475
61 33 220 312
81 162 75 419
34 181 2 3
89 102 276 495
130 36 2 38
87 163 71 161
48 183 408 474
81 163 0 4
111 65 35 412
84 100 185 431
95 167 129 220
177 6 110 128
146 54 247 402
92 78 127 239
167 104 56 67
150 60 345 464
114 143 147 448
153 93 60 246
65 181 281 429
36 75 127 209
87 9 23 342
111 27 77 199
11 96 136 253
153 117 84 94
22 132 454 483
134 181 32 147
48 146 29 51
116 170 9 72
155 149 5 7
189 170 55 358
17 185 0 282
109 46 5 398
141 138 55 254
87 134 359 396
68 4 22 348
154 143 113 389
2 63 29 203
114 61 211 324
39 193 13 90
138 55 50 161
63 47 83 86
103 60 188 204
118 121 102 120
175 88 107 203
5 66 47 488
174 196 23 160
124 166 204 492
129 4 167 318
117 58 53 187
156 169 112 429
89 108 142 310
9 105 50 126
192 45 290 397
32 16 1 216
161 40 110 179
164 85 5 165
20 184 21 349
80 149 34 134
137 44 239 404
50 182 13 147
10 83 235 272
152 146 17 244
88 111 141 428
