500 5000
0 1 208 208
1 2 336 360
2 3 0 0
3 4 151 151
4 5 17 73
5 6 18 46
6 7 36 93
7 8 116 173
8 9 186 198
9 10 228 269
10 11 66 210
11 12 180 343
12 13 45 102
13 14 101 439
14 15 7 13
15 16 307 335
16 17 96 209
17 18 120 279
18 19 66 70
19 20 77 99
20 21 287 401
21 22 390 485
22 23 14 157
23 24 179 346
24 25 380 439
25 26 372 448
26 27 35 42
27 28 5 19
28 29 5 85
29 30 295 439
30 31 29 49
31 32 141 210
32 33 197 479
33 34 52 267
34 35 100 346
35 36 22 158
36 37 269 343
37 38 172 418
38 39 0 9
39 40 234 375
40 41 327 495
41 42 111 374
42 43 62 140
43 44 87 395
44 45 3 51
45 46 105 224
46 47 43 455
47 48 133 147
48 49 17 144
49 50 34 65
50 51 0 9
51 52 312 340
52 53 97 106
53 54 40 133
54 55 144 246
55 56 15 26
56 57 176 287
57 58 70 73
58 59 77 295
59 60 81 350
60 61 27 51
61 62 197 207
62 63 171 347
63 64 112 207
64 65 19 25
65 66 12 268
66 67 46 332
67 68 204 257
68 69 14 473
69 70 259 293
70 71 244 452
71 72 30 68
72 73 62 69
73 74 152 404
74 75 107 199
75 76 54 82
76 77 167 464
77 78 99 174
78 79 240 376
79 80 45 363
80 81 305 442
81 82 202 312
82 83 133 376
83 84 133 174
84 85 48 135
85 86 338 448
86 87 189 214
87 88 5 483
88 89 165 332
89 90 23 311
90 91 45 57
91 92 30 475
92 93 80 225
93 94 273 289
94 95 77 204
95 96 90 118
96 97 349 452
97 98 86 287
98 99 1 1
99 100 47 309
100 101 94 163
101 102 2 264
102 103 314 443
103 104 84 178
104 105 348 455
105 106 146 312
106 107 2 7
107 108 387 465
108 109 191 346
109 110 35 499
110 111 41 86
111 112 51 68
112 113 89 467
113 114 162 349
114 115 7 33
115 116 192 378
116 117 78 377
117 118 22 462
118 119 185 356
119 120 10 62
120 121 3 9
121 122 1 13
122 123 7 14
123 124 12 123
124 125 124 430
125 126 62 269
126 127 268 276
127 128 117 421
128 129 14 62
129 130 12 139
130 131 167 293
131 132 203 485
132 133 103 281
133 134 8 9
134 135 116 401
135 136 83 116
136 137 248 404
137 138 83 194
138 139 325 432
139 140 160 374
140 141 119 278
141 142 24 68
142 143 4 30
143 144 57 60
144 145 21 22
145 146 42 53
146 147 70 113
147 148 12 357
148 149 183 280
149 150 0 6
150 151 10 36
151 152 174 484
152 153 78 284
153 154 7 101
154 155 19 126
155 156 60 372
156 157 91 97
157 158 108 291
158 159 24 485
159 160 314 424
160 161 36 120
161 162 50 247
162 163 305 310
163 164 371 415
164 165 59 78
165 166 6 9
166 167 1 35
167 168 198 243
168 169 231 303
169 170 129 284
170 171 84 158
171 172 54 495
172 173 42 290
173 174 97 190
174 175 59 276
175 176 342 373
176 177 155 335
177 178 17 132
178 179 25 33
179 180 39 185
180 181 23 315
181 182 10 105
182 183 61 377
183 184 12 33
184 185 12 130
185 186 57 403
186 187 90 96
187 188 185 320
188 189 220 262
189 190 289 463
190 191 42 131
191 192 24 33
192 193 192 368
193 194 285 386
194 195 75 454
195 196 320 466
196 197 2 6
197 198 85 117
198 199 234 309
199 200 189 475
200 201 441 476
201 202 56 278
202 203 3 458
203 204 298 321
204 205 57 195
205 206 40 243
206 207 7 302
207 208 124 275
208 209 375 464
209 210 169 460
210 211 120 197
211 212 16 482
212 213 31 87
213 214 5 63
214 215 47 67
215 216 3 253
216 217 5 10
217 218 456 474
218 219 138 414
219 220 3 7
220 221 9 88
221 222 84 166
222 223 58 65
223 224 216 405
224 225 48 172
225 226 167 470
226 227 261 291
227 228 106 440
228 229 10 423
229 230 438 453
230 231 99 230
231 232 94 273
232 233 231 400
233 234 18 143
234 235 233 245
235 236 94 300
236 237 7 7
237 238 65 297
238 239 54 217
239 240 349 404
240 241 37 157
241 242 365 447
242 243 157 289
243 244 17 92
244 245 232 394
245 246 14 306
246 247 0 27
247 248 10 210
248 249 136 340
249 250 265 460
250 251 0 0
251 252 385 489
252 253 48 188
253 254 40 487
254 255 47 302
255 256 87 415
256 257 120 287
257 258 109 314
258 259 100 143
259 260 205 294
260 261 28 375
261 262 15 430
262 263 299 378
263 264 315 349
264 265 2 433
265 266 42 161
266 267 157 336
267 268 81 225
268 269 46 191
269 270 4 205
270 271 107 201
271 272 20 159
272 273 175 311
273 274 36 215
274 275 205 487
275 276 232 339
276 277 27 99
277 278 2 213
278 279 38 172
279 280 12 399
280 281 412 440
281 282 354 452
282 283 172 332
283 284 2 135
284 285 37 126
285 286 231 428
286 287 227 264
287 288 74 401
288 289 23 286
289 290 16 367
290 291 115 260
291 292 7 386
292 293 19 284
293 294 189 233
294 295 109 171
295 296 27 34
296 297 134 189
297 298 9 39
298 299 21 492
299 300 25 90
300 301 352 406
301 302 32 438
302 303 227 344
303 304 53 285
304 305 42 80
305 306 211 233
306 307 82 172
307 308 95 112
308 309 249 296
309 310 21 156
310 311 248 459
311 312 212 455
312 313 28 128
313 314 24 55
314 315 46 96
315 316 83 250
316 317 3 365
317 318 53 104
318 319 84 124
319 320 23 426
320 321 32 208
321 322 186 308
322 323 37 117
323 324 46 51
324 325 204 258
325 326 52 239
326 327 15 76
327 328 212 311
328 329 42 272
329 330 167 327
330 331 72 72
331 332 54 376
332 333 5 111
333 334 234 260
334 335 281 393
335 336 3 11
336 337 64 162
337 338 35 437
338 339 149 423
339 340 0 269
340 341 271 434
341 342 95 475
342 343 259 414
343 344 137 427
344 345 2 49
345 346 236 326
346 347 268 352
347 348 124 305
348 349 282 400
349 350 10 17
350 351 374 385
351 352 111 366
352 353 41 130
353 354 29 128
354 355 213 316
355 356 134 172
356 357 205 399
357 358 137 223
358 359 17 392
359 360 221 496
360 361 146 150
361 362 25 71
362 363 250 451
363 364 111 271
364 365 472 488
365 366 64 318
366 367 494 497
367 368 180 273
368 369 213 263
369 370 31 67
370 371 158 178
371 372 7 13
372 373 46 80
373 374 343 373
374 375 5 15
375 376 133 183
376 377 348 432
377 378 167 347
378 379 169 346
379 380 79 94
380 381 123 221
381 382 78 291
382 383 241 495
383 384 28 102
384 385 28 124
385 386 85 131
386 387 346 375
387 388 45 228
388 389 25 28
389 390 118 254
390 391 77 106
391 392 121 400
392 393 72 148
393 394 2 13
394 395 26 297
395 396 70 422
396 397 96 190
397 398 296 375
398 399 232 256
399 400 59 271
400 401 355 480
401 402 103 402
402 403 9 16
403 404 47 355
404 405 86 232
405 406 39 474
406 407 56 110
407 408 93 133
408 409 18 40
409 410 77 214
410 411 44 54
411 412 14 317
412 413 156 402
413 414 160 349
414 415 282 383
415 416 156 171
416 417 117 423
417 418 175 214
418 419 271 412
419 420 3 313
420 421 52 71
421 422 24 39
422 423 6 9
423 424 19 33
424 425 131 229
425 426 20 56
426 427 13 13
427 428 374 378
428 429 76 197
429 430 313 374
430 431 222 226
431 432 132 225
432 433 161 239
433 434 20 237
434 435 399 402
435 436 157 201
436 437 451 453
437 438 12 18
438 439 14 387
439 440 45 62
440 441 213 309
441 442 3 5
442 443 28 269
443 444 0 1
444 445 370 476
445 446 404 453
446 447 203 398
447 448 328 458
448 449 5 72
449 450 49 79
450 451 79 94
451 452 217 311
452 453 251 453
453 454 427 495
454 455 266 356
455 456 97 366
456 457 455 455
457 458 115 200
458 459 80 125
459 460 42 86
460 461 53 59
461 462 356 407
462 463 62 73
463 464 86 132
464 465 240 410
465 466 43 155
466 467 488 492
467 468 107 133
468 469 134 267
469 470 122 157
470 471 56 456
471 472 169 183
472 473 9 217
473 474 58 256
474 475 396 470
475 476 4 15
476 477 174 359
477 478 290 446
478 479 2 13
479 480 80 261
480 481 145 163
481 482 382 430
482 483 144 279
483 484 92 345
484 485 199 226
485 486 156 314
486 487 48 145
487 488 4 4
488 489 59 288
489 490 128 156
490 491 218 259
491 492 240 459
492 493 34 213
493 494 117 123
494 495 11 186
495 496 413 466
496 497 269 469
497 498 160 423
498 499 296 461
499 0 14 114
174 447 17 43
118 409 40 113
470 91 23 157
31 117 75 87
43 485 31 304
246 168 198 207
363 459 68 408
105 401 40 92
196 265 56 351
27 55 106 120
192 282 137 287
412 487 69 174
39 274 7 28
326 35 5 114
106 212 46 332
91 446 194 249
135 8 46 260
337 226 51 87
291 74 265 285
392 7 53 499
487 25 185 409
305 86 46 297
370 238 148 488
469 385 345 451
68 385 187 298
304 134 12 16
34 29 9 46
494 62 2 32
373 210 199 226
29 453 60 188
341 375 295 488
260 16 81 84
322 69 202 487
261 158 75 384
496 384 68 412
148 246 198 316
291 319 18 335
252 104 78 238
383 179 6 6
228 207 136 176
237 305 51 246
480 110 214 365
179 209 103 234
359 473 141 229
182 32 22 68
249 266 0 5
205 423 118 379
190 397 160 160
360 426 81 493
125 54 51 110
175 96 108 169
84 276 9 262
394 201 95 378
467 350 202 232
206 15 8 62
333 498 2 156
357 88 174 252
188 135 294 337
40 121 137 385
465 446 26 65
27 33 10 11
24 90 243 260
213 317 183 405
86 464 6 6
349 289 235 336
77 316 259 344
383 128 130 225
489 325 61 458
422 3 260 322
320 83 0 2
433 46 81 242
439 61 243 430
262 389 259 416
308 251 149 325
433 313 274 337
452 455 71 289
404 318 58 137
210 65 226 280
237 35 184 336
52 436 43 176
394 105 4 428
180 89 24 97
348 62 93 374
144 52 89 145
408 485 101 387
251 270 112 214
144 471 154 404
441 24 6 177
346 330 91 107
187 452 173 384
377 7 151 154
107 329 21 367
482 469 60 372
347 73 20 110
328 489 58 107
143 5 27 99
229 488 35 71
486 43 138 188
139 389 2 13
477 76 51 55
331 282 223 337
328 204 276 400
285 386 6 40
285 80 80 116
135 74 63 104
261 362 301 459
228 454 184 356
492 28 19 277
38 384 72 152
383 318 203 418
416 179 135 218
243 155 46 462
234 95 10 353
462 423 16 239
163 328 24 63
2 137 377 488
378 305 32 80
170 431 95 101
236 209 115 216
259 170 90 202
70 177 24 73
100 442 125 365
246 122 4 94
63 92 144 322
278 486 341 377
384 310 93 105
108 76 245 301
191 293 361 375
129 228 98 319
14 30 278 299
334 338 6 148
48 81 132 366
353 68 36 473
110 303 198 213
29 297 132 391
456 450 22 28
65 302 313 418
349 154 45 96
206 74 16 197
57 240 30 150
194 16 3 40
375 289 405 453
309 287 134 185
121 272 119 265
145 31 142 247
367 281 13 66
265 475 74 103
416 428 33 38
145 355 144 254
485 413 80 131
187 11 161 178
100 409 49 54
356 338 237 394
120 480 42 53
134 450 389 493
35 85 87 88
112 71 197 286
430 137 21 22
415 456 27 394
454 430 50 94
447 62 154 264
76 50 143 370
339 210 19 75
486 235 124 276
163 199 59 108
444 229 322 380
178 475 296 362
431 472 23 88
198 13 424 431
293 222 9 9
297 409 144 430
330 442 197 280
121 122 131 202
155 298 79 380
266 455 268 359
485 230 483 494
110 88 58 139
394 399 0 1
7 341 122 467
357 471 98 429
161 92 304 365
137 202 136 258
444 311 11 354
360 451 298 391
434 66 79 187
283 485 68 385
29 431 264 376
275 222 184 307
22 170 55 201
191 270 21 349
116 334 1 1
9 112 139 388
417 406 325 449
287 423 63 119
163 154 5 60
103 162 39 110
356 396 138 151
183 139 79 442
492 70 52 272
59 201 28 143
495 55 8 69
234 273 91 145
491 349 292 307
3 358 6 162
471 268 106 229
368 190 15 222
338 73 246 414
435 150 128 213
310 22 60 173
331 322 88 338
457 432 34 110
198 491 212 234
266 395 63 157
305 135 222 314
16 165 242 439
209 310 101 224
341 356 182 393
186 96 23 228
495 7 312 328
142 281 8 66
490 74 28 216
157 49 73 455
92 114 264 303
347 131 380 384
225 492 237 252
264 395 95 249
386 473 203 422
200 118 22 33
174 410 234 287
495 346 434 472
33 24 22 259
92 200 12 97
410 439 312 424
199 11 122 126
453 415 199 351
242 379 256 270
485 160 407 475
28 100 220 312
168 204 75 419
416 134 2 3
154 274 276 495
438 114 2 38
18 233 71 161
236 413 408 474
130 457 0 4
110 395 35 412
7 233 185 431
211 478 129 220
104 485 110 128
453 15 247 402
91 295 127 239
229 449 56 67
460 244 345 464
368 461 147 448
257 42 60 246
162 233 281 429
185 376 127 209
443 427 23 342
206 235 77 199
389 362 136 253
412 368 84 94
266 206 454 483
437 442 32 147
159 384 29 51
340 406 9 72
327 190 5 7
496 386 55 358
229 97 0 282
85 67 5 398
91 497 55 254
354 236 359 396
465 418 22 348
334 149 113 389
145 483 29 203
138 379 211 324
34 341 13 90
359 337 50 161
437 37 83 86
387 265 188 204
400 203 102 120
226 358 107 203
468 25 47 488
137 405 23 160
68 78 204 492
262 84 167 318
51 467 53 187
30 102 112 429
304 322 142 310
441 29 50 126
407 405 290 397
76 273 1 216
206 10 110 179
480 315 5 165
110 33 21 349
429 454 34 134
190 473 239 404
380 300 13 147
354 329 235 272
405 44 17 244
271 46 141 428
390 190 361 445
422 30 86 92
297 274 72 293
148 384 250 450
432 57 125 223
253 318 220 461
132 231 62 139
72 30 286 305
270 231 133 341
403 50 5 114
488 98 1 6
303 361 90 208
449 176 138 470
360 151 93 171
346 373 297 390
394 181 79 87
456 158 132 171
153 102 41 72
294 172 61 359
447 18 149 350
222 491 258 344
214 257 4 126
446 69 167 346
58 359 59 113
130 448 114 212
25 67 30 186
50 92 114 178
283 40 6 28
356 286 49 316
345 98 137 354
112 58 154 307
481 190 53 324
140 484 47 85
137 143 60 74
20 304 35 257
193 413 340 438
62 337 91 92
146 144 218 231
98 318 72 214
233 321 173 249
319 430 53 80
446 466 142 171
222 160 111 131
399 433 235 423
314 430 269 400
245 9 106 213
296 241 2 304
495 144 51 72
91 357 130 255
244 375 28 148
332 433 371 430
444 61 274 336
116 105 229 317
239 490 3 62
115 15 2 235
487 198 486 494
346 49 289 475
183 467 0 323
115 167 36 76
13 167 173 320
156 370 159 283
202 352 216 234
217 5 139 214
28 125 19 300
34 414 129 425
321 5 185 376
460 105 119 290
324 97 147 463
45 139 16 32
12 484 31 496
436 168 3 26
102 65 94 99
208 474 159 211
59 9 5 53
27 484 183 312
34 88 22 24
5 213 91 142
229 297 20 30
257 267 79 352
111 175 27 334
376 8 17 189
316 458 0 94
231 41 359 374
379 81 11 170
403 303 305 398
21 138 133 244
165 64 131 263
257 85 1 14
406 110 4 322
344 361 11 175
400 171 1 114
190 199 211 217
340 248 28 191
413 348 141 235
374 17 202 490
453 8 135 182
481 162 246 387
147 204 255 276
251 423 300 445
283 299 40 177
131 382 54 123
65 145 233 456
475 25 21 21
78 11 1 476
140 497 18 278
143 271 159 188
42 225 471 498
269 358 22 29
483 347 168 258
172 469 13 15
369 261 0 286
420 467 23 90
264 421 104 316
451 157 49 491
273 53 283 438
315 203 187 226
417 484 126 354
120 124 84 389
21 260 117 247
252 101 59 264
96 156 27 75
412 93 137 185
164 136 33 71
100 190 26 364
467 295 80 238
113 151 137 224
62 70 311 443
214 4 230 264
281 16 1 204
249 290 40 134
409 21 27 36
70 474 181 209
288 456 11 12
407 218 58 145
443 259 110 252
182 164 187 483
278 145 12 54
441 354 49 337
186 225 0 250
424 160 298 389
340 18 70 71
59 301 34 41
61 35 37 200
100 443 305 399
399 109 18 96
173 151 130 384
115 270 88 145
13 33 75 108
447 427 3 8
38 91 53 199
149 273 180 190
93 435 100 330
260 364 21 35
444 2 32 76
186 68 3 8
411 107 24 57
420 304 248 326
483 388 174 201
359 442 83 160
228 422 81 279
290 277 107 497
351 92 401 418
301 489 350 350
407 354 253 460
470 258 14 19
139 309 26 35
270 189 71 237
221 194 150 174
474 255 160 469
65 225 195 245
359 498 128 270
1 434 115 448
154 186 21 223
175 57 46 439
141 285 33 127
159 173 54 137
177 348 122 164
165 285 87 274
403 353 55 110
372 194 288 336
400 243 71 71
325 466 2 47
76 369 43 435
376 201 26 118
261 116 69 193
97 53 40 286
174 35 207 263
308 125 14 38
148 397 27 437
302 273 345 476
429 419 142 407
248 78 69 142
221 498 187 264
492 324 92 170
373 459 69 277
375 34 368 488
111 36 67 156
313 460 316 335
4 207 158 163
212 261 12 388
63 118 78 163
343 204 36 445
460 255 159 376
313 268 57 382
299 483 131 235
159 453 70 105
348 127 19 20
88 17 54 161
310 470 9 18
81 369 304 347
329 427 84 335
86 484 139 215
41 449 63 384
394 49 94 268
242 296 15 19
239 185 2 67
306 20 61 96
154 344 129 168
103 189 22 26
192 43 137 303
421 156 182 256
323 21 50 309
150 422 133 216
178 465 370 424
143 393 201 227
338 51 3 7
189 185 119 437
55 81 279 328
339 308 104 412
143 454 40 476
322 399 11 25
355 75 60 117
322 16 2 31
226 311 96 211
274 460 125 432
324 132 20 40
495 154 96 237
481 132 60 62
497 408 204 387
93 34 73 421
299 2 8 21
234 1 86 243
389 385 48 119
138 396 458 477
30 123 462 472
262 454 290 307
366 157 344 487
266 358 4 172
430 332 183 449
48 50 202 217
347 167 98 118
419 215 311 471
153 461 89 342
89 221 16 32
307 429 296 436
137 207 214 351
442 207 151 303
175 418 4 366
295 412 59 126
138 209 80 300
270 378 283 408
452 146 15 27
272 367 51 65
438 46 243 422
458 385 216 309
167 225 223 266
337 295 66 124
284 124 140 147
55 196 136 437
141 368 159 211
40 277 17 32
276 439 35 449
7 437 30 101
187 395 258 413
147 495 286 441
78 265 17 243
197 258 119 299
256 116 15 264
487 134 160 313
322 436 79 428
247 306 105 141
170 246 184 442
313 443 90 284
133 213 37 57
62 225 73 113
273 389 216 298
328 327 107 119
302 294 25 65
327 232 38 81
347 285 359 423
349 313 260 301
111 139 105 482
271 204 108 173
196 69 123 298
305 129 178 300
336 290 169 308
223 214 8 29
110 186 298 375
269 209 245 475
210 18 70 267
374 139 62 96
30 175 249 377
227 427 1 3
311 253 71 164
209 419 82 459
330 397 191 294
424 26 391 428
284 253 15 302
175 375 303 412
41 170 144 440
416 300 146 160
165 76 5 61
179 220 20 361
72 161 116 220
391 95 60 63
304 337 287 295
52 377 4 18
53 137 85 100
190 185 259 394
201 498 4 6
448 412 130 151
439 303 10 10
138 363 219 499
465 38 15 291
141 202 80 146
408 475 94 465
245 78 217 254
384 191 164 227
376 36 274 294
186 134 64 132
395 149 141 152
295 293 166 186
146 26 11 122
138 317 283 292
39 484 46 348
426 308 15 36
168 234 418 486
193 1 171 377
221 236 52 403
293 26 116 376
193 284 19 40
375 267 167 241
126 156 143 223
418 79 99 336
70 80 78 224
421 118 46 352
103 24 176 341
363 399 212 349
169 265 63 309
89 302 75 75
227 53 54 381
280 240 281 391
300 423 293 452
27 156 94 117
84 289 54 88
52 161 142 195
270 411 86 160
324 176 264 408
349 420 99 307
332 148 181 380
46 462 5 214
473 258 21 49
407 151 55 57
493 191 158 187
118 11 91 97
334 14 127 411
176 391 203 300
458 272 210 345
92 443 50 246
192 144 7 44
450 373 35 117
335 117 124 231
217 439 34 99
183 430 6 12
120 95 317 365
481 422 291 363
293 226 90 165
66 268 76 422
307 227 150 214
403 430 339 433
297 227 145 329
236 493 241 291
486 404 39 100
160 59 246 265
452 228 22 448
417 126 75 152
332 347 381 436
403 419 389 455
111 294 132 165
291 75 173 342
459 171 370 450
5 314 18 37
389 236 373 440
484 205 72 95
156 208 182 425
40 455 41 334
149 436 82 172
46 282 6 75
304 24 283 318
488 458 22 424
38 2 345 411
402 381 115 314
229 184 442 479
97 143 239 295
406 365 87 99
59 25 32 215
106 193 145 168
193 458 397 496
216 86 116 190
173 39 421 497
314 3 210 259
258 191 9 86
328 430 15 37
447 483 164 185
126 170 59 61
400 17 150 317
375 7 55 207
214 127 416 496
7 307 441 465
196 495 14 74
371 33 20 197
128 303 22 231
432 477 123 281
221 2 42 390
104 420 139 244
203 21 68 210
341 71 13 131
340 361 290 456
243 177 8 11
135 132 243 411
348 369 38 94
480 49 332 343
420 259 35 177
158 40 246 488
335 112 17 61
122 58 77 93
292 94 108 445
229 309 13 292
444 318 21 154
260 273 0 0
4 49 38 114
435 307 30 72
416 105 71 101
463 465 58 449
298 460 342 437
371 451 91 350
339 324 28 235
267 1 406 414
373 484 124 248
193 226 41 182
120 256 39 138
484 433 455 463
349 18 151 193
466 353 1 246
267 489 1 127
247 183 228 443
224 187 76 192
316 262 29 149
8 358 162 359
23 165 11 95
228 265 10 59
111 99 281 419
290 264 257 372
238 367 71 295
349 201 41 121
345 294 253 312
194 143 258 319
444 36 90 164
102 364 9 33
113 187 433 441
53 344 97 230
210 336 268 382
486 485 111 127
309 243 288 296
348 415 42 214
149 297 21 191
175 367 31 63
83 336 69 122
54 23 0 39
446 378 85 151
132 257 49 371
131 419 89 308
289 468 330 336
90 447 4 4
323 394 320 339
476 32 14 252
204 322 69 115
48 186 6 87
447 386 33 92
157 81 305 422
1 220 37 492
1 87 196 457
65 414 66 174
199 167 162 390
343 383 169 273
285 353 263 409
457 67 87 242
26 153 262 295
152 353 104 394
351 183 3 50
260 252 38 269
92 306 50 183
451 78 173 302
63 403 120 480
389 415 36 196
271 30 186 196
153 200 378 396
116 209 34 323
302 198 124 197
15 451 92 345
491 180 15 202
474 263 21 68
243 388 149 225
160 102 14 167
436 443 62 109
342 147 239 463
217 426 98 345
2 462 125 300
479 387 188 374
251 125 150 271
77 129 138 350
187 123 330 466
390 374 377 432
198 410 57 83
250 97 123 131
64 11 0 35
173 294 178 490
480 278 78 118
468 470 150 330
397 137 34 44
179 384 103 105
160 412 85 251
294 496 48 52
105 346 114 194
100 53 132 269
423 141 3 169
152 160 92 278
261 277 170 268
38 164 131 195
384 172 219 348
316 371 157 339
137 26 53 344
23 385 13 281
440 470 90 179
413 100 203 307
187 451 333 468
59 170 206 299
373 159 281 490
319 192 137 220
3 232 77 370
409 334 2 18
120 34 10 383
2 399 45 259
469 192 2 2
465 302 36 138
35 376 29 267
307 29 273 384
153 370 14 26
481 223 216 275
31 367 168 401
6 347 252 325
421 230 48 466
422 467 28 37
495 93 70 138
247 422 144 460
178 172 350 383
12 158 127 300
202 198 318 417
479 69 282 448
277 285 360 487
53 221 412 500
72 70 19 69
56 188 35 35
245 260 15 36
160 70 0 7
397 63 107 486
384 50 10 47
64 427 162 421
482 16 320 343
214 181 70 244
279 450 49 173
385 286 87 177
365 312 8 127
54 220 272 456
365 0 289 363
62 446 0 12
495 242 8 231
427 364 96 140
342 349 10 14
153 91 380 443
63 119 162 386
353 82 29 165
345 78 335 399
236 172 4 162
161 202 15 154
180 7 396 464
452 368 344 489
77 130 126 262
334 359 188 476
306 20 394 444
437 395 116 259
58 341 62 186
167 436 205 355
127 77 53 228
102 492 224 303
37 367 270 496
486 444 283 387
475 184 101 167
276 414 44 44
18 297 20 92
14 416 204 263
142 68 188 208
467 42 86 401
241 269 278 467
13 497 32 89
478 240 394 430
55 360 388 479
312 44 449 480
214 1 9 18
43 152 8 28
434 406 2 2
289 88 57 156
406 448 11 27
287 306 21 147
219 90 158 178
173 11 318 477
177 289 43 238
215 349 81 139
12 179 114 252
480 203 302 322
380 87 23 55
487 296 166 379
120 3 342 426
116 244 6 422
94 5 364 446
368 452 181 191
424 172 89 222
474 475 46 50
178 282 10 113
175 345 265 486
208 15 64 142
28 202 276 454
287 408 242 446
66 478 320 462
328 209 60 78
201 249 164 440
381 84 113 316
396 63 59 105
313 382 169 172
389 292 37 80
241 356 29 222
349 489 40 41
274 212 15 82
480 445 58 98
376 214 267 346
217 465 120 287
492 244 376 437
241 414 60 122
323 122 152 315
316 287 3 17
290 104 166 258
253 52 54 432
475 89 387 493
352 105 1 4
469 104 34 126
7 336 18 112
64 337 21 23
297 149 5 5
269 316 21 245
485 171 5 22
84 425 50 139
73 140 206 320
295 220 41 147
174 465 45 135
301 24 146 295
443 103 51 190
250 333 171 351
380 318 135 248
248 255 1 317
104 439 60 177
497 333 41 143
27 311 10 66
457 69 94 469
453 0 268 403
66 63 404 469
348 153 77 92
457 205 166 467
112 100 236 468
232 17 57 142
97 242 117 137
288 228 267 276
472 91 67 92
403 111 136 221
324 434 36 92
133 270 128 474
28 244 138 247
210 45 348 482
312 41 316 323
44 244 167 242
207 245 150 484
322 45 12 71
20 166 39 316
386 25 305 331
438 416 199 217
29 150 27 29
465 170 15 246
158 30 26 233
246 456 5 404
440 79 120 128
436 85 195 196
341 140 118 120
69 463 201 343
455 266 45 495
9 199 28 88
316 491 60 411
233 390 72 115
184 318 28 29
73 460 46 69
71 469 234 468
476 378 153 445
158 463 73 144
476 365 300 474
54 58 168 425
61 343 201 217
231 123 198 234
161 10 167 315
40 8 67 79
8 273 0 7
428 125 99 133
363 408 1 7
398 219 135 337
81 198 56 276
114 492 51 161
462 111 26 390
328 0 26 73
276 388 118 122
46 157 0 146
147 482 69 98
490 18 15 44
460 239 143 435
310 455 28 44
215 38 303 342
370 229 8 60
480 324 5 5
49 486 203 279
367 210 200 454
106 279 402 431
246 496 138 169
94 353 5 13
105 384 37 401
462 20 167 403
220 58 333 435
467 474 66 335
124 255 253 404
49 128 150 449
480 209 194 227
420 154 247 279
349 21 46 253
370 431 165 346
149 234 71 342
281 455 13 260
179 177 231 415
3 328 41 253
275 419 68 413
192 469 53 141
391 27 84 89
8 231 197 485
268 194 156 371
270 104 108 130
478 247 22 291
95 351 150 478
122 276 1 40
360 296 20 41
11 305 124 310
368 283 76 112
452 256 67 383
297 58 134 284
324 435 297 333
159 205 44 54
437 137 28 42
19 163 161 313
225 331 197 205
162 253 22 43
433 390 119 185
55 323 186 336
178 322 10 94
497 21 381 448
347 279 125 475
410 373 459 481
277 372 55 365
418 198 138 203
337 78 125 372
333 359 91 144
139 327 36 157
293 201 1 303
498 163 225 298
52 275 407 440
190 382 124 127
248 472 229 383
135 397 325 471
449 430 0 0
492 328 177 238
247 463 54 329
398 16 313 422
83 143 37 92
418 286 312 428
360 209 158 182
397 190 242 447
163 343 11 13
436 0 20 42
2 72 466 491
140 291 210 305
377 141 153 209
456 363 35 84
6 113 62 325
89 477 12 18
107 0 75 156
45 20 142 162
467 226 256 304
207 490 190 326
458 74 31 423
411 74 302 464
48 228 211 330
318 281 208 289
34 309 76 199
375 158 300 484
269 119 29 77
71 244 367 448
316 179 54 155
12 293 123 274
37 495 188 341
420 440 40 118
62 3 65 84
230 214 145 254
223 497 105 396
206 109 328 346
368 59 0 59
295 172 280 451
350 419 68 240
63 89 18 474
468 92 181 277
493 255 35 42
452 232 66 101
349 100 383 427
471 17 106 353
332 95 41 448
240 463 89 164
143 59 221 264
79 330 207 325
248 196 41 297
104 339 37 115
307 105 167 213
175 58 124 124
185 81 421 423
463 425 461 494
189 164 32 33
320 402 159 357
403 362 65 165
436 206 153 313
479 67 7 129
186 68 75 326
92 362 158 185
32 457 91 147
175 36 296 456
118 260 255 472
449 378 178 307
8 313 29 107
366 53 232 470
417 334 4 375
318 346 174 376
128 156 56 106
232 488 343 415
439 53 11 120
117 490 122 316
161 205 96 356
301 181 89 371
432 460 190 195
8 219 161 380
190 201 141 452
63 260 107 294
63 396 28 45
250 215 36 64
72 116 9 52
390 265 60 86
68 440 53 63
479 12 64 389
305 374 12 19
56 394 116 121
363 380 66 440
463 112 325 487
199 225 108 303
223 484 419 489
133 255 4 21
421 147 387 475
141 497 143 155
63 4 147 400
334 145 209 406
313 399 19 430
208 329 2 229
301 405 416 466
165 132 56 129
145 170 444 468
396 307 166 310
89 227 273 493
389 142 8 16
106 146 134 363
103 393 151 283
333 274 211 246
425 345 114 129
231 169 158 163
493 87 75 124
262 281 82 109
27 231 314 400
253 325 63 251
178 366 35 41
36 126 368 389
89 361 145 267
216 245 344 370
61 8 134 258
358 197 48 200
431 180 191 494
101 157 4 14
193 472 228 467
435 470 406 466
368 458 56 195
257 265 79 107
169 61 309 310
382 61 46 89
199 325 384 402
56 339 25 127
151 235 60 145
267 72 171 458
209 24 435 452
176 145 242 268
220 188 261 432
245 373 76 176
30 140 315 499
0 37 104 217
6 408 60 147
34 195 4 20
116 184 358 495
161 412 138 232
413 305 224 368
452 22 123 321
448 309 85 362
477 292 10 25
204 213 447 460
44 478 224 464
113 435 114 276
406 76 271 482
258 167 118 140
251 454 65 301
32 487 98 198
419 371 93 314
277 50 110 150
112 430 331 410
429 321 16 34
126 477 7 20
441 220 12 24
48 387 5 75
204 183 70 198
375 112 341 478
35 375 10 55
161 242 167 324
454 384 28 264
471 373 29 176
300 364 25 99
350 195 52 110
428 186 10 21
84 353 60 357
489 419 3 327
117 272 74 222
221 58 238 360
379 368 8 55
253 410 320 470
165 435 45 424
331 229 301 330
287 251 143 189
193 492 194 208
343 28 236 241
182 320 302 468
233 210 141 432
183 428 47 239
286 250 270 277
86 411 209 438
111 343 272 475
93 479 226 320
429 256 272 375
266 342 7 176
302 304 104 459
65 273 12 419
105 196 29 276
216 269 359 434
195 201 7 425
458 4 232 405
411 417 63 65
115 205 213 268
471 129 34 451
76 445 374 386
252 194 150 210
271 479 319 489
48 456 41 125
30 173 160 167
173 426 78 478
191 462 256 405
20 35 376 451
55 370 2 5
199 221 72 190
288 155 107 117
36 243 44 148
215 365 296 369
159 475 274 362
209 65 145 231
324 113 51 183
62 413 257 292
372 459 65 267
93 420 136 275
341 211 37 308
205 462 37 198
6 261 141 386
427 170 67 125
341 419 124 328
167 385 102 481
8 122 1 1
337 203 327 362
194 187 44 54
482 468 176 272
431 275 127 314
346 10 29 121
26 451 312 457
369 260 220 311
478 25 8 116
92 270 185 385
322 156 29 52
151 57 217 278
116 434 45 47
322 483 69 291
202 339 121 126
214 10 122 325
347 229 91 358
346 106 62 262
430 0 149 329
115 27 47 407
249 196 174 404
389 147 17 310
89 135 127 226
194 92 136 204
209 406 51 438
162 231 8 352
450 51 49 92
215 251 107 283
307 427 129 455
74 345 29 75
474 322 166 423
204 409 217 410
313 449 28 250
476 94 2 18
148 372 11 73
38 230 169 462
47 214 9 22
212 108 20 186
455 470 97 310
104 3 31 98
155 464 1 491
273 385 31 78
63 388 114 270
272 305 257 309
121 167 11 115
54 399 18 233
368 113 51 245
148 198 323 384
212 297 175 317
268 153 199 234
247 292 286 334
356 262 26 227
353 363 98 263
295 45 89 329
412 166 44 90
326 437 122 394
478 487 270 302
226 424 259 491
80 489 109 111
325 369 188 233
402 57 380 448
477 119 239 301
13 296 331 363
431 488 120 207
375 365 236 342
340 161 317 473
271 54 92 100
333 283 155 404
169 467 94 485
82 362 0 7
253 377 81 107
484 24 33 58
300 427 371 384
485 296 26 40
459 383 219 500
405 445 112 195
104 145 282 453
38 256 46 94
389 431 220 220
22 163 396 423
128 82 152 298
153 343 165 231
310 63 69 256
134 113 158 287
313 106 140 220
365 329 52 96
351 293 33 57
184 493 62 75
299 418 24 26
334 148 162 279
393 264 204 424
259 485 135 179
298 341 8 37
228 442 70 213
441 107 96 301
65 302 135 213
289 209 6 406
262 182 470 471
280 493 240 435
356 11 60 352
31 75 38 235
270 333 78 342
491 244 1 6
312 297 431 492
208 48 45 86
3 13 146 454
274 434 100 404
195 425 208 400
123 180 88 134
286 67 98 109
126 238 165 214
141 456 157 425
62 228 79 225
148 9 200 468
492 202 2 176
239 331 68 310
339 86 251 491
26 141 254 322
477 396 4 22
64 304 127 232
299 257 134 167
86 231 87 266
99 441 25 142
246 170 33 61
397 141 240 334
212 7 86 341
216 431 306 434
436 386 19 66
149 237 125 400
179 494 269 414
431 370 134 323
425 367 84 102
91 463 44 130
222 8 5 209
68 110 158 271
198 20 158 239
484 271 150 234
70 79 1 420
470 90 261 435
256 97 177 409
123 44 19 439
311 333 199 286
134 230 254 482
86 478 107 303
472 497 193 302
278 282 132 159
151 320 306 341
165 135 17 26
220 102 63 67
240 2 54 65
277 32 50 328
30 224 9 87
99 418 90 170
289 75 17 22
369 36 90 117
45 90 79 483
103 5 215 255
196 79 47 75
97 67 224 262
441 467 404 472
313 253 417 433
381 471 30 196
205 436 6 142
338 427 198 381
169 441 84 120
63 370 3 127
77 485 17 42
172 451 27 432
0 236 186 224
139 450 146 281
347 151 345 369
265 171 49 399
406 490 152 224
194 178 23 92
389 236 187 415
39 142 11 15
257 468 180 474
229 190 191 289
24 141 259 438
192 397 88 304
442 210 78 126
152 326 78 148
40 234 19 266
29 218 428 482
62 246 80 92
354 260 211 255
314 354 27 172
101 239 379 385
400 448 280 402
120 179 119 212
17 216 18 102
496 207 31 33
273 109 72 99
85 477 28 136
158 385 34 299
150 470 157 437
300 203 17 64
91 84 436 480
469 189 170 342
49 422 360 371
182 276 483 492
179 95 66 208
89 110 9 266
425 477 1 340
80 42 99 256
338 325 47 149
57 154 18 52
125 444 33 142
292 101 178 385
448 212 236 321
289 77 144 401
111 381 234 259
33 350 70 116
181 16 34 314
41 126 26 152
258 320 0 14
392 212 83 452
258 393 93 210
359 282 38 213
72 461 294 371
417 490 61 475
77 117 15 36
491 336 58 86
1 361 128 161
123 99 115 124
314 294 157 248
442 406 326 413
84 107 131 427
319 329 29 298
211 264 106 120
11 493 85 93
53 1 220 372
175 67 103 118
46 321 178 270
235 41 331 375
317 2 27 114
469 24 81 87
427 439 11 19
292 466 8 73
250 466 265 426
78 198 18 52
76 330 100 112
290 14 15 16
73 7 314 338
134 484 25 116
52 168 142 207
14 360 50 69
295 263 57 188
93 246 84 212
81 177 62 236
46 20 95 211
252 264 28 51
454 452 32 387
487 378 3 68
74 65 104 212
315 357 72 136
131 228 34 150
117 30 120 336
486 434 171 259
74 440 3 95
173 308 151 235
320 360 166 170
13 102 116 352
193 326 43 113
333 396 416 423
427 340 7 263
52 423 168 250
132 216 80 127
28 372 4 93
75 308 148 236
86 321 322 491
455 272 17 66
488 243 93 142
183 47 142 401
423 282 315 333
75 161 38 139
300 242 142 157
273 378 123 210
407 370 210 301
479 265 360 360
261 208 416 429
112 196 27 341
234 262 32 118
370 414 7 463
1 5 314 391
477 362 143 153
338 208 82 152
238 274 302 441
408 371 12 63
90 498 301 317
340 99 138 139
443 273 100 414
453 58 170 182
135 140 364 367
372 434 7 96
408 108 126 241
85 77 400 402
368 44 161 198
326 430 43 80
289 200 142 325
200 183 41 377
170 383 130 140
150 185 118 226
278 231 90 451
119 122 116 436
342 376 90 354
189 330 278 296
80 44 98 409
26 71 105 454
69 150 1 1
439 451 56 199
58 488 63 281
249 480 323 367
27 447 17 43
239 318 40 200
271 326 57 140
220 484 24 212
444 464 167 249
409 307 247 330
494 252 30 248
192 311 56 310
234 83 280 291
181 364 63 214
218 349 1 2
165 455 12 97
462 266 101 160
382 244 8 73
463 286 7 299
130 479 132 306
345 18 22 250
76 141 97 160
435 50 177 327
281 33 69 95
415 167 2 2
336 67 354 368
117 252 4 222
232 226 202 349
8 323 90 92
409 84 17 31
267 60 86 189
494 399 114 348
245 400 35 51
429 156 89 98
82 154 81 227
168 203 308 311
130 86 110 375
357 190 13 54
480 246 127 312
418 457 38 194
317 27 284 335
30 272 40 101
233 302 151 264
211 156 84 86
121 68 1 9
490 370 176 243
61 135 66 92
212 379 139 319
419 485 41 268
344 47 88 388
97 357 64 196
3 213 478 495
433 273 246 258
165 211 4 239
323 71 259 375
242 44 165 286
68 453 66 181
100 310 132 245
105 430 91 94
316 440 127 197
224 327 5 15
107 11 142 231
412 238 112 137
58 300 20 263
6 74 9 14
429 10 180 278
69 327 36 146
248 136 42 289
180 394 313 367
326 79 146 220
157 212 24 332
479 49 40 119
19 119 427 500
163 82 42 121
30 40 102 471
168 146 40 108
384 452 58 249
390 458 211 411
350 137 198 359
117 255 295 353
97 413 61 220
464 372 162 377
440 361 448 460
478 425 112 221
25 214 197 264
341 488 1 33
82 272 21 195
35 223 189 234
363 426 355 448
496 458 24 55
497 109 351 366
234 17 255 273
153 193 132 303
49 373 1 14
412 202 66 73
441 173 44 142
215 350 0 2
143 52 98 335
414 360 295 435
48 159 208 274
266 490 106 272
187 349 64 308
418 316 65 151
289 24 66 183
119 190 269 288
141 61 132 405
400 328 24 100
321 337 105 164
33 240 115 372
145 409 45 170
393 268 16 23
462 108 57 78
169 420 0 97
36 342 101 248
186 40 87 318
334 242 212 440
135 324 18 452
184 69 73 153
357 134 277 377
371 41 83 141
151 96 9 184
229 190 13 146
60 355 147 207
476 321 90 107
416 485 8 159
457 180 25 61
424 173 68 482
175 421 119 252
104 461 153 462
122 192 306 373
72 9 185 229
13 399 219 378
276 251 233 314
71 437 136 152
59 243 219 261
124 132 187 356
180 61 79 152
348 225 5 6
317 334 58 134
158 177 211 399
78 204 212 465
322 357 269 313
259 241 56 66
62 128 158 379
445 123 110 263
418 59 0 377
13 151 8 430
461 342 82 474
261 84 258 327
467 298 21 427
350 180 352 372
484 285 194 364
207 98 57 430
215 319 31 462
463 353 184 451
23 475 191 198
266 416 11 42
380 333 291 415
159 12 171 270
250 148 242 271
422 103 29 413
268 388 9 16
478 201 297 439
393 494 17 17
416 465 239 347
383 198 15 294
145 113 321 321
27 208 166 187
309 267 51 138
444 193 108 255
241 3 86 443
184 449 62 283
490 128 179 332
131 415 125 221
258 6 279 487
356 240 202 372
374 473 118 177
300 317 125 327
273 450 265 271
331 156 110 442
329 111 111 137
434 224 18 54
222 325 20 95
360 159 188 193
258 341 107 427
216 373 132 135
200 201 150 313
295 369 8 312
67 194 86 204
227 468 19 25
286 301 65 373
10 353 50 148
35 451 168 199
118 144 125 188
249 479 172 332
6 488 26 43
315 219 214 275
426 205 7 7
494 95 446 492
150 24 48 299
390 262 188 192
123 171 62 73
153 441 233 349
301 113 314 453
470 25 159 159
404 484 71 384
44 230 8 144
34 181 306 479
482 451 333 351
250 146 277 313
439 340 118 466
304 207 128 134
196 31 8 462
490 489 276 339
397 22 70 386
447 145 28 286
190 8 76 417
483 238 211 349
486 137 63 73
220 70 53 306
108 358 116 139
470 491 153 458
488 467 60 99
249 143 123 143
463 286 5 23
406 329 183 224
121 103 199 279
347 360 107 287
187 0 418 453
408 487 128 174
41 329 72 224
85 410 20 426
23 463 151 288
416 12 277 327
97 220 125 139
296 19 139 244
36 334 205 311
267 268 43 66
355 313 2 16
384 86 51 56
270 358 209 239
63 153 9 12
300 176 226 313
306 80 13 48
230 71 51 125
308 170 42 213
238 192 46 58
347 122 124 135
459 399 8 10
461 372 89 493
192 164 57 306
387 98 119 189
228 87 0 13
13 310 18 195
141 445 140 226
65 439 199 466
380 202 25 139
437 321 196 308
158 314 96 333
67 185 81 93
76 28 154 253
390 224 182 394
74 121 28 48
156 127 245 303
152 157 13 13
36 336 1 3
233 86 12 29
425 11 214 241
442 92 124 463
450 472 137 203
389 443 14 37
370 85 57 431
46 214 20 260
384 205 112 159
422 240 242 482
335 22 394 470
459 386 85 130
344 60 4 100
107 444 46 295
476 246 390 422
191 144 107 168
19 94 170 293
266 103 17 81
315 100 2 97
265 481 357 381
208 263 34 75
122 368 121 133
412 211 1 345
32 437 4 7
232 460 12 16
217 269 59 144
283 426 81 168
162 323 132 181
130 367 43 404
373 433 13 18
202 490 82 179
395 245 281 319
249 231 48 71
396 94 24 429
107 410 50 323
409 76 36 57
281 207 60 104
306 185 67 373
434 398 23 202
201 250 210 242
139 421 125 444
365 383 66 68
343 182 392 483
296 104 0 21
273 404 20 49
309 92 0 111
208 81 72 404
481 243 105 228
224 434 41 327
179 49 1 87
312 397 3 83
321 328 235 260
64 241 289 370
262 316 227 231
397 196 323 435
126 292 137 330
465 332 92 124
168 136 44 117
253 368 94 187
139 487 16 379
353 230 145 469
217 171 422 431
330 271 28 131
61 356 3 206
298 17 184 306
161 145 68 273
202 381 145 195
179 438 12 50
330 82 152 356
361 122 20 44
24 452 365 433
446 12 392 432
234 487 226 354
161 325 34 243
447 474 192 350
315 98 157 197
336 69 40 399
427 440 17 393
485 495 12 77
391 486 84 159
155 70 79 172
362 244 16 182
442 417 56 283
353 338 17 20
90 6 75 330
424 89 60 101
294 146 18 208
150 152 209 225
197 365 122 174
367 346 79 192
398 167 75 90
169 217 17 34
427 0 267 276
273 242 188 298
145 332 9 72
364 297 45 115
358 79 136 143
416 443 416 416
417 178 11 76
386 299 80 276
225 497 27 284
185 21 111 172
349 493 96 175
476 56 427 480
60 292 194 277
39 118 255 327
12 83 115 245
127 496 113 323
99 168 91 303
21 388 39 72
420 308 122 167
132 198 114 230
255 308 0 64
166 371 107 181
97 10 93 114
81 360 319 424
324 201 32 171
214 20 40 113
292 69 103 204
143 119 188 342
392 255 20 32
402 28 39 90
175 50 305 347
398 48 139 376
458 215 270 309
378 421 112 440
453 35 84 84
346 361 54 352
35 280 246 459
445 370 42 75
290 278 26 122
252 329 54 273
130 129 98 172
179 45 100 346
364 213 27 28
86 256 75 80
277 382 72 358
423 280 223 486
65 94 278 465
298 404 286 451
129 124 22 63
226 294 61 73
361 200 17 36
452 352 120 271
221 169 52 442
318 252 159 266
155 145 215 391
218 70 10 94
15 65 151 432
324 339 84 93
461 481 16 27
408 231 167 211
224 203 111 278
81 86 483 486
302 138 2 45
50 315 18 137
294 171 0 52
196 492 188 195
452 405 138 144
470 488 177 257
395 435 102 174
23 265 314 465
286 400 185 395
102 301 292 431
387 111 47 64
55 10 73 288
478 383 105 107
236 198 183 434
393 236 5 7
177 89 16 52
80 261 52 188
357 360 104 201
83 183 96 138
231 149 21 48
439 378 13 59
219 28 78 159
434 10 471 476
393 464 93 103
263 496 326 374
18 143 114 129
470 328 9 18
11 63 0 8
453 179 10 76
175 300 122 231
171 477 342 378
180 454 109 365
336 404 60 176
85 353 94 240
449 287 245 407
261 188 102 420
384 50 109 160
430 275 0 2
50 358 3 23
4 124 341 369
492 397 47 136
197 125 187 241
324 408 22 96
3 164 406 424
488 492 23 252
60 194 20 264
127 366 115 144
109 37 122 256
102 409 0 0
361 19 41 138
214 368 45 174
131 30 117 142
92 5 30 43
189 226 109 261
428 239 339 395
290 373 209 472
199 401 13 249
146 394 256 297
74 321 2 145
208 429 29 74
423 493 48 66
201 335 151 366
402 295 330 367
465 16 67 89
101 266 117 207
428 411 236 297
438 402 11 62
401 411 36 393
179 333 282 310
150 335 201 308
256 479 335 351
432 213 195 494
420 39 33 281
388 348 300 433
218 395 12 209
493 24 120 327
241 400 204 463
312 382 174 332
64 231 110 151
237 458 159 310
225 462 135 176
44 59 116 161
284 384 183 305
173 343 76 80
62 368 21 243
480 26 118 473
401 92 58 192
215 77 89 94
352 210 145 234
369 403 251 421
456 261 78 422
268 369 12 414
180 81 1 5
325 77 91 133
454 23 245 500
450 175 32 59
468 305 167 245
278 302 393 395
27 33 21 61
47 254 79 331
61 320 117 244
469 17 94 97
81 37 405 440
160 98 14 90
400 171 271 320
94 151 161 371
436 116 125 281
216 237 192 315
25 487 14 59
274 436 84 154
101 469 258 294
312 314 101 198
428 110 187 332
17 314 335 426
397 465 61 95
376 360 305 452
376 334 13 191
241 104 421 472
257 479 112 309
174 261 297 395
292 15 110 257
66 108 32 266
342 244 131 164
338 24 5 64
63 200 186 192
461 131 89 107
191 200 16 16
423 105 104 137
487 129 47 90
472 270 298 438
392 60 34 40
419 294 46 92
142 458 140 352
41 462 281 460
87 330 18 125
459 80 5 10
86 270 32 481
96 295 122 341
233 250 37 155
138 493 43 236
178 324 265 300
88 376 58 187
179 464 99 438
93 141 341 363
252 107 53 478
62 141 150 175
246 164 436 469
44 38 134 240
297 37 65 321
6 98 59 369
196 410 155 405
472 479 194 198
450 264 113 224
57 377 242 409
52 434 183 359
369 286 128 471
48 10 321 490
43 207 46 89
54 380 71 114
235 156 83 358
371 354 221 374
431 99 104 302
203 376 56 439
108 193 38 126
488 40 127 170
404 32 28 247
66 53 22 157
156 52 91 273
51 363 72 341
151 71 88 110
209 273 93 243
211 465 382 497
440 342 100 162
55 477 8 17
300 217 33 409
387 166 248 252
334 202 6 26
477 1 438 446
270 90 4 202
149 132 92 465
250 334 195 201
253 327 27 38
337 470 29 122
227 332 50 175
395 252 280 376
256 70 24 92
170 437 136 215
257 403 102 437
72 367 262 267
401 447 6 51
108 294 6 12
333 424 322 353
329 237 127 490
169 429 275 393
110 468 262 383
22 71 317 338
162 402 157 398
276 66 5 20
303 189 33 132
267 271 116 348
0 345 349 434
430 204 212 337
440 302 35 88
205 297 94 469
11 382 295 452
285 123 2 43
44 216 53 96
86 462 45 137
201 410 222 369
274 148 270 430
96 24 259 289
96 88 90 100
22 90 131 207
357 481 45 69
393 416 402 459
71 466 310 383
5 267 145 255
53 372 175 227
382 293 22 49
94 45 46 159
138 44 43 60
372 200 153 391
333 154 36 272
492 369 86 113
419 208 78 112
316 70 58 130
445 434 8 154
185 25 179 194
402 234 100 149
8 230 72 340
483 68 8 17
36 456 0 164
168 193 326 373
251 15 329 472
153 259 29 402
125 308 83 120
29 315 114 116
227 33 13 95
96 340 41 442
12 324 112 119
166 234 261 379
307 180 110 130
405 193 14 16
273 375 334 367
304 398 356 363
424 207 34 44
181 125 94 163
114 175 268 475
33 408 30 81
208 358 15 43
188 212 274 297
225 51 241 466
10 176 35 67
418 14 126 257
353 259 162 342
322 167 81 86
322 364 1 5
8 250 425 444
21 5 1 17
382 236 117 128
134 332 37 326
377 314 2 143
482 107 2 4
287 43 229 288
423 142 45 154
463 138 10 75
75 308 168 486
144 390 81 82
16 283 230 364
327 437 114 446
197 97 358 430
73 41 85 92
240 162 43 118
172 22 3 9
184 323 309 466
373 269 352 444
24 213 89 298
206 467 13 54
307 92 67 86
475 460 38 289
480 34 27 126
414 421 70 150
33 280 42 85
17 293 74 94
321 86 104 232
78 104 44 255
295 87 123 256
324 184 75 499
164 492 9 64
447 386 152 378
428 269 78 397
348 401 162 293
415 387 49 231
88 354 179 447
140 423 157 414
119 422 4 25
300 203 212 482
132 249 2 3
199 302 102 287
205 243 196 286
220 164 376 418
29 74 108 192
2 188 27 45
188 34 204 291
115 436 12 12
166 104 5 181
60 200 264 493
242 150 2 435
144 116 15 76
445 114 296 400
490 292 382 406
106 342 30 465
152 201 43 112
2 109 193 249
16 364 413 414
283 485 147 334
391 480 221 297
142 236 122 326
132 321 39 119
82 79 2 12
115 280 117 368
12 290 53 163
291 297 70 188
148 133 283 306
30 226 299 329
127 306 46 101
4 190 110 413
202 299 138 190
425 356 58 316
407 257 253 484
166 272 85 282
460 206 0 179
225 176 216 310
107 287 58 251
477 397 40 226
2 416 110 366
122 364 391 463
30 450 109 240
90 11 18 44
416 350 35 285
498 109 30 122
426 72 7 19
27 193 348 394
153 385 136 136
416 88 22 389
188 401 31 244
10 379 151 159
230 425 69 157
357 104 18 21
48 281 255 267
133 368 304 412
246 444 25 42
82 108 45 54
464 310 9 265
434 215 279 330
52 293 219 348
219 446 44 156
79 348 4 18
460 72 171 207
122 362 4 113
96 194 0 0
96 242 129 343
456 133 432 476
41 467 118 195
171 246 137 150
192 367 45 277
199 3 284 426
481 149 229 398
457 347 60 343
194 343 10 216
430 46 165 345
459 281 91 108
111 117 15 142
43 254 72 389
188 170 459 465
313 353 55 95
177 253 7 148
384 237 3 3
55 464 11 216
289 375 78 105
183 4 321 321
358 431 121 355
146 225 57 59
427 212 13 41
89 377 384 454
224 427 60 195
463 70 136 267
342 473 172 482
128 130 361 380
29 43 19 163
160 77 6 43
491 156 181 268
129 477 46 168
133 340 7 10
248 133 43 386
20 480 172 192
288 413 206 286
257 93 21 378
168 68 44 471
385 466 31 306
120 97 85 158
91 454 44 55
304 12 7 37
460 155 53 160
127 39 266 331
354 344 259 348
276 474 42 104
61 159 32 41
229 4 128 153
172 297 91 274
39 473 37 378
3 383 49 265
291 394 38 143
370 112 100 312
334 84 19 132
60 497 14 326
145 45 345 421
138 249 244 320
154 229 184 283
8 485 12 153
202 170 115 439
53 167 378 495
131 342 321 389
411 162 70 287
383 466 2 70
138 153 136 157
342 433 43 183
190 301 55 146
400 313 132 223
155 161 17 305
321 215 63 106
19 41 96 125
369 189 2 56
54 434 92 154
420 446 187 249
181 225 5 245
74 478 210 498
424 155 125 491
453 269 75 218
271 163 207 486
49 444 63 107
98 475 246 271
369 372 160 227
178 498 396 484
125 61 367 418
413 239 75 107
114 444 145 220
267 105 30 84
129 211 80 265
388 355 67 397
26 46 15 17
268 74 74 95
491 126 36 489
37 104 232 481
485 246 253 278
362 256 233 323
484 131 25 136
204 99 178 476
474 98 261 335
187 200 40 334
56 390 1 5
419 9 128 427
39 132 278 389
169 446 246 343
28 396 330 371
444 235 7 78
63 117 193 360
366 103 5 48
171 34 257 354
173 12 1 1
85 438 98 388
451 248 129 246
470 48 85 102
436 200 271 365
356 65 63 158
63 369 396 442
323 199 24 90
30 169 203 470
50 37 159 486
285 264 101 152
400 280 432 432
174 251 381 421
16 271 48 212
324 294 170 182
122 142 136 141
8 330 287 497
178 278 99 128
45 196 441 461
405 239 45 214
91 301 143 468
272 355 332 420
467 20 56 78
325 305 14 287
315 91 146 337
84 87 177 203
182 349 2 2
421 226 151 162
262 444 351 420
196 17 28 31
121 59 45 52
103 489 66 351
207 345 136 257
269 266 103 249
112 279 119 187
198 360 135 302
326 172 150 426
284 293 65 138
145 394 348 423
264 330 117 208
131 199 227 250
330 424 61 365
475 9 99 129
222 412 121 461
306 178 136 351
72 136 55 310
454 9 118 136
287 490 294 348
276 392 18 128
77 188 176 409
247 332 5 5
491 381 12 83
173 64 135 279
291 314 165 356
76 23 111 246
29 23 398 439
178 349 412 488
371 354 39 232
90 357 200 384
209 81 168 247
493 231 308 333
405 94 101 112
377 123 22 54
210 171 143 490
441 463 228 408
82 59 47 142
138 196 222 293
138 490 124 190
248 322 17 88
287 393 64 209
357 398 78 148
6 46 7 8
348 356 12 194
284 137 26 461
490 466 21 414
156 426 99 287
68 152 36 159
255 205 26 115
104 324 210 478
347 81 198 282
86 422 48 109
51 371 9 124
84 131 48 480
358 221 46 119
4 276 26 53
245 448 55 92
114 216 277 383
423 416 42 355
208 243 30 219
23 110 167 397
326 94 195 259
460 14 102 207
203 53 50 58
457 108 10 442
14 194 12 138
285 488 43 308
33 178 477 493
293 312 53 94
415 457 170 483
189 21 256 327
398 366 31 64
0 31 281 386
408 435 249 476
445 472 209 281
149 283 177 344
114 43 6 13
84 375 163 495
407 185 13 159
454 50 11 11
257 99 88 405
92 317 130 487
409 448 369 369
460 117 1 1
408 110 28 31
164 21 32 292
252 495 3 168
419 443 115 441
17 65 340 437
137 414 140 494
197 200 186 358
263 408 399 439
152 141 123 160
359 361 49 55
235 439 74 433
455 37 93 152
189 368 71 210
22 276 104 323
69 357 0 303
240 131 13 210
293 179 71 193
331 145 43 61
454 45 47 267
367 184 103 116
428 448 322 378
375 385 169 338
427 291 29 36
465 57 186 495
116 120 272 391
348 284 105 114
337 268 3 15
12 481 73 239
360 159 93 176
159 292 211 273
154 92 112 330
485 47 104 399
139 221 3 6
119 183 355 357
151 130 85 147
305 82 294 494
222 294 177 423
167 20 82 280
492 262 50 299
418 15 42 96
11 255 20 113
146 434 68 77
424 400 180 189
271 460 21 56
263 403 44 256
114 37 176 319
41 330 45 61
100 280 48 172
214 453 20 35
463 317 6 263
375 388 118 325
110 434 142 308
456 98 248 407
209 353 6 118
366 2 93 309
280 345 125 151
334 323 37 44
475 33 24 152
453 469 34 35
125 104 347 480
248 377 202 364
177 98 41 50
340 163 16 393
122 47 59 176
155 124 344 456
226 223 229 248
184 322 228 437
14 305 0 110
401 127 132 183
436 309 169 183
370 97 41 48
331 452 45 165
394 357 3 330
435 478 99 233
157 44 298 440
0 163 63 135
295 397 148 177
296 134 157 160
404 91 240 276
135 432 31 94
49 471 44 86
392 248 171 470
191 306 74 188
72 365 229 294
472 320 15 27
458 98 22 70
311 277 44 48
7 370 164 406
464 117 42 51
364 361 150 258
482 21 77 77
221 388 61 139
206 113 223 442
347 205 55 316
24 11 252 482
64 162 181 300
49 318 3 4
136 222 88 208
374 103 3 11
453 106 21 157
345 479 229 241
347 235 93 288
230 345 2 119
383 331 36 279
302 192 27 197
435 110 64 253
274 344 45 98
98 411 75 78
367 430 188 378
423 296 11 165
273 296 77 322
107 363 130 283
288 420 358 450
94 45 124 441
207 161 89 221
484 318 15 102
141 57 85 316
229 451 230 319
456 430 45 346
153 195 223 454
25 167 333 392
77 166 235 313
3 42 247 301
390 332 46 106
199 99 322 326
360 43 154 408
450 72 399 462
133 177 190 459
354 282 255 281
203 175 115 130
197 375 44 167
342 334 395 499
51 306 257 263
174 229 363 408
161 428 91 299
120 304 213 253
360 239 49 174
316 79 130 269
378 35 0 3
338 204 57 439
431 9 240 281
232 159 9 12
41 273 174 409
302 0 55 67
62 65 7 15
454 155 119 231
398 74 14 481
326 431 34 46
299 109 26 32
360 254 364 440
101 472 106 411
276 334 362 410
276 211 116 234
154 370 144 214
155 218 146 200
406 112 47 291
342 236 8 365
46 87 253 392
164 118 82 328
213 209 197 281
315 275 190 206
415 310 125 160
465 431 57 143
118 374 34 148
314 246 165 342
473 11 77 381
255 287 5 299
471 214 30 111
494 289 96 97
75 96 85 383
453 276 388 490
410 32 7 7
86 373 15 124
347 360 204 396
454 59 115 360
365 173 7 123
282 387 187 278
368 247 244 293
324 53 226 361
439 33 12 232
492 424 6 202
337 298 58 154
47 282 29 119
232 181 26 46
403 74 263 323
277 444 113 335
420 209 146 344
183 186 0 1
242 180 69 219
490 210 12 61
296 350 153 263
221 370 465 490
165 63 13 250
424 290 2 187
28 443 299 407
24 8 139 485
452 315 55 143
239 414 370 402
347 225 244 499
269 51 22 56
370 174 104 266
250 286 67 407
48 53 73 188
456 67 26 223
235 106 191 376
266 395 26 49
387 303 97 180
161 444 238 282
306 142 74 119
451 484 364 420
362 99 65 383
322 233 154 483
136 436 52 262
426 274 30 53
450 368 395 469
203 255 52 417
460 359 177 272
279 46 248 418
465 271 439 441
121 341 0 388
226 210 261 286
140 291 134 308
57 350 410 423
120 5 77 311
407 52 103 103
183 299 51 346
290 433 213 266
346 480 19 131
164 127 0 0
268 211 55 117
220 348 290 337
51 239 290 440
85 157 203 416
487 272 37 54
37 283 5 35
9 318 291 381
143 23 9 142
319 227 23 136
293 14 1 1
187 2 6 49
95 322 42 67
347 172 65 79
270 287 221 223
76 215 136 407
314 431 204 406
31 229 239 455
110 242 129 222
23 272 66 355
62 307 205 244
18 302 22 24
65 121 13 40
392 187 56 123
458 395 84 491
367 81 165 346
419 375 97 134
471 493 18 353
115 342 191 331
176 9 0 21
62 217 56 181
327 262 8 387
13 164 8 39
266 449 369 443
235 110 369 466
147 244 112 427
119 2 20 58
454 396 181 283
447 175 220 354
342 212 80 444
357 335 2 47
156 147 174 408
159 433 53 139
124 150 71 296
46 116 265 360
294 425 327 389
325 408 82 147
209 391 29 304
458 243 5 144
31 68 23 500
383 482 57 408
33 338 75 207
14 86 330 440
289 86 156 366
62 118 433 465
107 432 41 85
429 26 73 147
87 4 32 46
86 24 99 159
50 225 129 190
265 262 172 316
368 216 197 236
31 230 20 359
395 54 133 134
207 169 57 86
237 423 71 189
103 67 46 219
251 44 182 211
471 110 326 457
356 364 101 135
66 248 118 176
167 22 68 107
336 415 108 186
209 411 157 195
406 268 67 288
284 389 137 139
409 366 10 130
263 189 266 360
216 469 93 455
106 179 44 61
416 356 45 91
282 492 7 66
301 258 10 342
358 153 49 107
340 384 2 302
139 51 58 101
3 473 243 409
363 349 15 158
143 476 264 335
429 148 65 74
165 342 123 153
310 353 67 148
231 106 205 318
258 173 133 341
432 82 393 423
332 89 24 91
36 195 102 380
410 17 16 356
456 167 114 279
395 489 278 325
269 323 11 45
404 391 21 73
395 211 36 208
379 70 196 356
11 105 24 84
116 352 59 194
285 169 149 249
447 436 19 468
481 128 2 27
186 101 386 415
276 184 249 493
183 423 126 133
108 10 45 445
109 404 9 145
297 49 25 400
456 71 31 230
142 42 25 299
471 266 71 118
20 202 331 344
303 379 68 74
112 94 81 280
405 181 233 247
344 478 270 419
260 106 57 241
151 222 213 393
469 202 76 200
301 68 127 154
481 50 262 394
349 129 157 209
343 419 20 248
58 110 138 289
76 372 24 410
147 348 68 291
236 194 130 203
471 12 21 80
298 303 52 351
490 478 273 442
77 17 5 54
298 75 139 233
372 215 112 468
167 310 46 282
469 37 232 273
5 465 2 31
280 341 244 268
359 350 223 327
216 154 34 73
245 106 424 479
227 86 63 98
408 188 235 337
341 22 42 137
314 45 8 54
346 306 13 130
438 242 151 167
405 390 161 232
323 174 44 117
218 406 284 364
324 118 314 404
296 47 160 396
462 100 353 358
39 25 118 135
44 323 58 105
249 135 15 54
145 114 33 198
185 370 7 43
132 142 213 328
277 112 416 475
88 235 45 378
406 352 1 58
439 123 7 10
414 56 145 167
144 95 470 497
191 456 72 156
133 396 50 369
145 210 348 358
139 434 261 286
112 482 105 184
103 329 28 104
450 238 133 490
204 475 3 33
459 108 18 118
203 76 17 154
202 358 325 455
421 83 253 357
362 51 108 132
262 233 11 82
428 182 156 441
246 110 222 397
171 324 18 19
277 31 201 440
174 368 236 294
375 38 12 229
108 404 312 337
373 430 16 19
336 129 73 165
413 489 26 44
40 171 102 342
191 46 26 199
264 335 3 239
20 195 109 145
81 17 191 394
269 232 12 23
350 80 75 140
347 226 216 295
407 142 203 395
398 389 9 301
472 282 159 365
57 464 3 11
245 142 124 127
367 463 8 21
67 403 23 250
330 360 109 495
156 209 0 6
195 59 187 220
233 413 0 2
263 495 1 307
460 83 57 91
11 264 311 357
75 438 44 79
9 194 383 415
237 421 72 103
372 278 6 176
167 12 72 115
469 89 209 404
297 178 134 245
315 364 354 437
363 143 46 65
381 465 235 249
315 464 189 389
485 302 268 491
205 158 10 337
204 275 52 91
301 492 338 380
177 402 0 37
449 490 23 382
268 36 206 414
102 230 160 280
296 329 77 246
188 160 414 469
365 280 0 0
236 86 4 4
46 282 73 126
370 61 0 253
55 466 0 270
310 123 107 186
383 416 108 146
194 327 47 101
195 231 250 400
367 212 75 158
474 319 32 246
200 71 94 406
195 379 300 306
361 94 204 204
371 201 71 88
246 85 6 199
225 357 239 243
162 343 201 496
4 483 57 142
121 452 3 82
147 307 30 110
442 203 53 105
319 442 9 38
382 297 38 182
418 180 127 142
465 482 35 444
4 405 38 390
233 4 39 54
221 379 343 426
356 379 0 54
376 416 166 360
58 117 232 286
242 218 4 43
134 416 44 453
248 0 269 438
278 135 64 422
160 139 138 185
180 5 2 111
24 32 438 499
325 225 172 409
74 91 0 21
425 263 127 187
199 67 242 406
230 266 133 264
154 34 115 123
223 428 232 397
433 212 55 131
351 371 0 0
23 69 86 115
0 462 123 497
235 6 31 328
315 68 109 110
21 216 306 343
485 110 261 344
288 11 261 321
400 284 22 35
475 106 93 121
304 182 209 436
411 436 160 368
449 372 3 84
245 158 14 149
407 182 54 281
256 234 12 414
206 231 6 100
30 159 37 50
320 62 144 191
210 414 355 457
287 366 87 130
224 284 8 54
26 450 20 28
248 424 2 176
288 270 2 18
327 229 74 292
181 135 10 336
198 210 52 230
144 429 107 371
197 338 99 251
384 69 8 351
70 444 43 115
245 48 313 373
246 451 134 251
497 346 266 353
40 142 116 223
377 382 30 253
48 28 18 20
3 456 67 245
122 142 19 71
268 427 59 71
421 317 100 217
395 160 268 288
384 345 79 171
17 300 49 80
493 117 253 371
31 408 364 482
419 77 288 367
241 152 2 38
103 116 185 421
208 405 15 33
280 40 188 218
363 61 255 465
466 85 74 131
329 273 1 64
374 131 68 381
137 283 119 465
30 69 46 163
72 236 87 116
487 340 3 91
121 325 183 482
437 232 158 288
157 84 269 430
32 5 72 154
156 234 13 28
145 287 155 227
231 371 53 103
332 464 77 260
180 267 39 269
405 194 132 147
372 88 82 154
217 4 4 12
15 343 32 210
241 147 110 162
285 110 40 310
46 334 185 430
124 52 168 246
269 180 35 41
144 255 117 467
456 371 393 404
168 171 180 183
473 486 3 165
295 40 29 469
474 454 118 187
239 275 76 318
454 498 176 493
491 33 13 18
421 438 7 157
340 436 26 115
493 125 437 462
227 315 219 276
442 240 2 26
349 406 45 378
264 391 89 342
195 348 233 331
155 322 361 478
212 358 212 438
449 120 359 377
18 430 55 111
121 0 44 69
167 110 71 110
189 52 65 102
104 212 263 284
372 71 169 332
353 58 78 264
78 401 9 28
207 492 70 181
295 142 84 484
0 261 156 348
179 326 29 185
144 106 246 336
254 209 105 132
89 132 23 38
173 477 175 264
64 162 104 145
101 381 29 241
130 454 67 451
214 57 88 326
498 329 0 362
310 465 17 51
331 13 118 240
355 251 175 202
361 161 150 324
465 187 3 144
498 346 67 191
437 250 465 491
324 428 32 57
142 104 19 100
160 340 7 119
254 136 344 349
111 17 42 357
299 44 245 393
403 296 49 190
82 388 260 427
124 443 60 349
214 264 331 357
384 181 116 411
451 187 62 315
400 59 50 211
274 195 7 15
338 433 75 298
432 7 121 282
463 293 186 301
121 476 6 161
194 145 66 277
374 187 13 85
229 98 229 325
459 496 28 35
360 19 317 438
205 435 65 108
78 351 95 147
261 106 43 443
104 241 355 442
185 288 315 418
267 196 115 163
486 215 157 452
362 263 233 386
330 58 179 329
82 476 97 450
291 392 366 392
375 105 19 212
148 202 77 162
264 437 150 197
495 207 24 30
32 141 136 182
398 288 70 176
35 106 9 433
319 440 232 445
328 147 21 482
490 150 57 164
35 252 30 347
139 245 47 317
401 138 85 121
265 92 259 435
364 374 75 107
375 81 236 374
42 135 54 72
289 347 30 53
351 458 169 360
102 462 195 263
409 382 128 221
191 332 303 389
316 184 134 179
397 310 129 427
346 200 247 482
89 142 85 490
418 443 97 139
276 364 109 207
156 138 164 363
292 478 236 448
498 136 35 356
176 218 196 379
164 397 32 442
107 69 150 183
128 163 110 271
7 188 33 267
151 263 197 324
25 272 214 448
355 296 231 301
34 227 404 485
304 29 274 366
170 119 94 208
234 1 226 291
167 474 418 462
271 403 92 309
1 368 68 355
442 412 30 331
359 288 51 168
128 196 28 101
309 243 59 204
283 429 63 75
175 184 142 413
362 431 134 355
490 123 109 200
264 370 7 85
28 227 256 438
114 288 165 320
333 259 108 499
169 386 2 50
79 403 57 122
482 429 8 41
153 226 33 373
98 444 38 79
260 363 227 441
345 442 101 246
148 241 258 263
9 310 12 21
288 269 264 307
101 405 97 114
227 226 84 106
235 196 70 448
487 215 60 444
151 419 0 2
61 183 192 416
204 386 128 452
170 83 134 256
278 307 10 328
243 72 34 384
375 265 31 343
410 158 169 230
239 279 199 287
408 281 191 287
484 197 32 421
321 299 86 120
287 439 335 379
106 304 96 406
13 239 262 399
135 196 142 404
37 268 199 415
463 33 114 209
53 203 252 309
73 29 98 378
466 384 312 385
355 244 259 480
122 263 58 488
469 217 240 282
135 404 151 233
234 13 14 418
479 255 51 110
26 43 119 383
167 197 56 96
355 118 215 296
145 155 118 304
298 498 76 221
277 391 156 433
77 162 63 272
455 196 78 246
244 352 176 209
85 253 23 31
201 452 128 181
384 382 23 46
277 74 84 283
107 194 246 320
315 233 341 384
177 497 312 316
160 388 52 93
12 430 195 375
237 240 197 274
252 477 25 51
59 88 5 12
74 381 28 149
440 108 177 345
189 385 47 467
144 37 190 484
45 1 190 383
417 92 65 146
192 25 203 311
241 346 21 115
175 335 43 376
156 388 71 83
381 215 168 378
359 65 0 435
367 67 120 260
7 488 28 32
22 444 31 224
71 236 282 419
13 442 67 90
5 149 11 19
363 66 326 367
182 423 195 282
452 399 15 21
389 332 238 493
110 27 150 285
386 47 49 293
428 448 318 395
138 153 323 452
315 50 24 30
415 485 24 174
488 138 25 100
176 200 176 233
476 471 16 45
0 447 32 34
35 489 14 150
109 287 374 453
244 339 411 488
479 495 189 382
445 170 0 0
327 21 103 368
10 405 8 11
33 254 75 84
485 33 1 5
289 303 71 74
458 398 198 344
10 237 9 351
402 495 79 185
329 325 58 366
234 489 160 424
66 4 27 65
446 443 16 43
94 248 166 186
283 240 42 202
107 450 55 138
99 181 169 377
37 136 119 161
2 467 247 400
151 35 373 456
295 252 236 257
370 189 38 215
193 314 11 45
391 271 127 137
8 189 91 444
63 195 86 123
420 477 51 311
300 468 3 247
49 42 17 47
281 176 414 450
296 368 5 33
295 126 194 341
13 317 471 486
46 335 180 355
112 388 163 163
484 331 10 36
330 474 85 290
398 40 235 367
155 52 60 179
122 139 103 327
141 259 145 283
495 19 15 17
173 239 309 461
359 454 108 190
114 415 176 190
472 345 309 424
18 226 176 242
286 313 166 225
233 386 185 320
14 341 54 106
142 447 178 264
465 278 120 334
394 348 154 269
372 166 203 355
196 435 22 299
272 462 25 421
395 263 135 440
156 113 27 49
146 376 54 129
27 212 0 27
487 351 51 114
46 144 183 361
29 334 23 39
405 238 47 77
154 92 279 386
465 33 178 222
460 83 37 145
60 286 258 322
219 243 237 444
28 276 14 18
185 490 72 347
301 421 77 334
326 349 326 434
255 432 5 98
266 93 97 357
11 7 36 52
431 219 27 28
477 331 324 341
379 437 10 11
477 122 1 22
311 174 14 18
129 59 16 233
473 428 352 379
416 44 262 497
397 275 20 113
48 343 217 396
493 102 36 398
70 19 311 436
213 242 4 157
412 477 59 66
247 252 383 399
138 150 257 284
53 26 199 207
462 260 20 29
55 320 3 3
308 332 38 158
46 324 56 136
175 300 98 238
47 494 15 462
150 68 2 208
244 145 11 144
128 481 123 423
87 8 124 153
479 369 131 458
96 485 404 432
359 141 12 320
354 103 286 374
69 94 14 78
111 92 243 302
287 264 34 163
398 297 17 244
475 134 12 112
459 476 112 451
147 498 117 206
130 167 114 238
121 422 170 361
147 16 37 61
324 270 215 252
78 410 365 407
204 288 176 339
266 298 106 161
165 66 324 356
452 87 416 468
107 445 350 448
48 311 339 371
120 400 40 133
145 397 87 186
126 42 181 279
116 62 36 190
365 447 84 228
177 339 130 397
258 443 20 52
148 418 39 487
466 232 61 353
493 461 360 433
413 301 338 391
390 228 22 216
89 414 132 472
139 429 6 126
304 195 6 23
478 487 46 48
252 27 32 100
282 294 216 270
290 180 65 112
347 213 247 418
495 434 1 4
207 9 364 373
289 150 153 485
42 455 73 133
65 201 301 312
135 63 223 358
146 364 129 163
98 306 90 216
339 432 275 367
396 473 9 65
291 278 60 71
161 228 135 188
475 85 113 114
448 387 46 153
424 474 20 75
450 419 19 48
418 479 248 458
310 472 72 173
344 374 29 283
280 169 3 274
135 213 203 225
103 273 91 374
144 327 127 166
175 469 246 447
56 27 18 34
228 313 285 288
160 100 93 169
86 146 93 182
289 89 28 152
247 12 233 302
19 290 85 117
134 7 67 147
81 154 43 143
285 491 0 3
139 153 4 186
332 275 9 24
390 449 290 438
34 220 219 361
138 124 9 298
111 373 11 372
205 9 289 451
13 281 153 347
371 82 203 295
29 375 22 62
112 472 55 202
257 128 47 290
27 402 35 302
474 264 176 481
107 15 20 102
190 30 168 332
372 474 84 128
18 329 171 209
434 386 366 486
459 472 87 165
331 196 134 181
313 492 100 220
454 214 7 20
47 147 172 199
18 255 227 310
167 312 126 289
26 398 407 437
51 207 4 321
288 122 137 279
26 325 279 320
142 113 11 23
150 94 107 499
314 130 36 76
371 159 89 209
123 29 75 147
202 103 25 289
130 99 68 280
11 333 105 176
91 327 277 487
43 122 191 376
463 387 6 445
389 5 167 228
277 488 110 300
402 308 63 207
179 168 5 152
47 365 36 263
99 445 31 95
124 13 102 107
486 179 198 255
140 295 6 6
493 82 129 223
397 413 302 499
465 126 245 412
229 467 38 41
435 77 54 328
84 78 110 112
114 177 29 59
29 244 3 174
497 225 265 339
461 177 269 275
424 334 18 22
438 373 209 429
143 321 233 239
295 334 131 429
101 78 7 94
117 396 31 41
213 190 195 258
455 183 214 227
474 113 4 6
189 9 12 19
340 24 22 46
486 418 19 20
166 309 30 88
490 76 168 288
350 410 112 238
438 448 249 490
79 343 14 35
444 379 161 434
212 128 220 289
250 38 172 439
350 483 5 27
69 174 18 49
463 313 28 432
240 215 33 285
287 78 23 279
480 185 5 6
324 163 54 321
466 69 342 424
238 161 85 499
271 18 73 216
289 5 100 156
353 21 77 202
183 317 40 114
257 18 39 113
417 460 199 217
108 271 178 342
223 304 225 331
452 331 111 387
252 374 90 108
255 46 194 365
175 375 358 398
363 120 50 281
432 84 0 233
20 1 29 79
265 442 3 23
321 223 11 232
134 215 207 327
356 155 75 106
107 279 56 200
104 315 56 249
123 105 249 478
267 293 265 439
447 8 407 437
178 26 23 499
49 252 146 387
127 100 49 101
337 14 269 420
45 464 17 83
372 393 370 445
449 260 162 169
33 67 83 144
248 363 215 303
147 182 1 30
195 406 405 454
77 82 65 190
429 75 141 395
37 343 136 355
432 314 65 352
209 249 265 266
113 350 169 233
226 239 34 323
176 140 166 346
59 315 46 118
288 17 24 377
19 142 150 469
435 439 148 408
233 40 295 366
318 470 116 411
318 104 0 3
342 415 29 87
414 206 77 171
265 258 139 367
137 54 5 490
80 454 177 367
274 337 41 239
85 363 261 461
235 56 84 189
366 309 248 321
14 67 0 0
204 446 49 89
331 479 101 147
70 21 97 193
438 144 169 230
256 16 272 399
40 165 66 140
327 158 6 41
466 314 138 261
405 226 330 491
238 99 104 200
43 478 86 128
148 101 46 388
85 146 216 308
461 32 2 3
410 103 263 494
467 337 146 244
71 282 117 152
281 257 243 333
265 70 37 143
355 232 66 232
290 463 83 326
384 119 47 61
325 220 117 234
266 495 183 368
462 236 39 481
35 456 0 10
352 39 101 417
404 164 26 470
413 420 35 493
213 44 140 469
339 80 21 64
132 124 174 443
40 265 54 76
341 310 61 180
462 192 148 180
262 391 95 140
452 72 88 177
160 362 90 272
22 154 23 39
403 100 18 186
438 75 39 292
431 87 53 67
34 90 115 121
320 203 129 156
487 226 6 37
277 323 191 404
307 144 48 131
442 485 117 205
82 227 156 203
110 154 113 152
42 214 28 63
494 286 9 447
75 197 120 341
457 371 86 133
308 5 0 46
138 89 29 61
376 207 101 138
485 3 7 24
483 201 22 72
441 202 144 237
38 159 403 468
0 230 11 217
434 199 225 355
495 332 90 285
16 109 275 489
151 305 29 89
344 35 13 370
380 464 80 175
494 348 252 496
372 338 88 176
340 59 472 490
239 304 367 431
230 327 133 299
276 30 5 13
128 430 13 92
222 247 3 28
425 187 66 397
323 89 17 37
462 15 244 394
427 31 10 14
477 262 58 127
104 461 6 149
245 90 99 282
486 404 46 281
413 263 130 444
102 365 281 319
494 406 70 80
78 85 10 13
27 189 248 381
33 215 62 268
493 484 234 289
356 411 141 207
298 51 19 295
246 205 197 203
28 121 11 223
473 3 71 296
179 161 147 246
148 268 25 29
158 367 161 489
80 116 72 428
411 257 130 189
111 65 187 273
276 364 295 467
477 123 197 199
430 110 87 473
324 384 11 15
388 336 156 373
461 254 215 399
322 245 41 97
118 138 44 81
331 34 169 296
474 458 170 240
312 157 138 293
385 403 6 66
407 431 68 139
169 56 33 34
68 100 41 54
64 422 97 358
197 347 6 13
316 0 39 270
324 17 136 149
151 303 175 435
321 10 221 273
203 489 251 499
201 111 77 281
254 365 104 281
494 164 108 167
89 447 45 126
444 418 29 214
211 192 106 113
381 396 25 35
23 174 173 212
198 185 25 53
215 269 292 362
184 256 85 149
404 292 179 245
485 423 76 97
236 432 64 341
355 230 328 416
47 346 5 110
230 21 3 3
279 399 28 125
394 193 156 314
460 385 58 155
261 175 9 418
244 488 387 427
370 288 139 186
40 356 88 183
145 246 6 8
456 213 203 275
40 435 49 77
142 183 34 56
474 233 14 26
366 245 26 89
40 111 13 78
220 171 1 17
87 186 472 492
175 3 172 329
266 270 7 193
111 214 30 31
0 404 23 23
388 58 377 403
6 249 211 211
352 67 17 54
137 376 42 83
215 390 265 340
4 301 198 214
456 467 35 48
340 221 179 196
66 95 1 22
91 111 56 135
53 309 32 252
110 82 94 229
452 58 95 385
357 327 6 80
305 377 151 255
441 102 39 70
94 160 18 94
226 28 61 205
56 478 38 73
162 112 257 281
394 381 125 228
451 182 452 471
34 399 301 335
226 116 31 51
458 91 240 304
486 417 187 210
312 303 249 250
276 3 257 328
412 237 27 93
428 340 18 180
155 245 214 240
293 253 225 308
389 101 35 143
168 195 225 251
428 375 58 139
349 332 218 286
63 136 20 171
270 454 125 420
358 260 136 343
496 128 242 408
117 480 56 77
138 480 15 92
168 443 201 271
101 253 25 30
433 39 234 269
386 360 19 168
208 191 107 162
332 149 95 115
254 430 1 2
406 36 164 344
54 112 127 377
333 246 87 169
72 281 67 235
445 50 64 399
48 83 284 324
477 334 0 11
224 495 116 142
301 379 452 478
421 218 142 442
202 480 81 162
220 309 301 456
345 132 193 240
296 444 61 101
139 181 112 135
401 60 37 120
456 65 13 27
193 436 149 219
67 207 431 453
309 136 84 263
409 383 141 273
19 446 106 113
411 287 22 23
370 155 62 63
396 217 78 107
131 198 379 437
248 169 259 495
485 350 4 8
388 115 221 222
383 422 102 184
301 239 174 268
48 488 302 308
444 103 47 198
318 446 88 92
81 125 156 293
282 308 13 16
181 307 36 447
463 240 40 322
232 236 16 47
310 482 236 276
387 243 23 64
269 389 12 59
5 287 32 133
484 213 348 382
340 237 349 349
184 166 216 279
411 346 115 127
225 395 81 259
376 368 451 465
175 477 36 92
136 227 25 367
220 205 350 436
332 117 95 335
175 331 87 102
257 343 36 64
480 140 245 258
410 397 1 65
42 105 50 413
228 100 242 262
355 271 31 146
325 197 108 284
304 78 4 130
231 179 280 292
224 291 94 116
397 20 83 109
264 211 58 259
278 434 151 418
391 331 289 323
332 219 13 47
191 31 1 67
405 276 40 195
128 426 4 160
279 467 145 446
495 380 224 446
112 168 1 14
219 192 19 105
403 126 148 194
165 106 48 88
353 79 134 460
227 492 7 94
479 104 51 367
119 293 106 479
244 100 157 239
344 199 265 407
303 11 112 214
307 286 342 407
31 58 227 381
340 139 182 480
72 61 23 168
65 489 101 384
32 20 330 461
476 391 84 406
74 450 404 407
461 45 36 475
243 214 112 145
200 117 43 220
432 351 43 53
269 244 191 439
214 372 157 172
246 231 50 453
224 42 9 102
428 7 38 175
486 65 100 345
323 265 127 462
425 84 294 344
168 81 49 170
293 24 4 20
242 81 94 166
440 255 142 238
421 117 258 365
472 7 210 447
121 335 0 3
159 259 7 38
259 461 128 141
377 446 220 268
29 480 186 268
118 37 213 213
299 440 269 442
11 51 343 364
221 483 19 68
235 420 3 117
7 484 221 253
136 448 130 181
377 10 40 405
315 479 201 210
121 494 45 471
33 465 14 91
115 113 102 241
78 419 217 448
129 96 3 32
288 449 60 139
38 39 35 101
276 347 28 493
88 13 203 234
45 66 251 444
327 443 134 427
392 10 1 52
182 232 161 175
191 247 163 248
52 498 431 440
65 259 115 491
107 435 125 168
52 57 328 391
58 158 370 430
107 20 125 140
212 94 41 99
498 231 295 323
368 476 157 282
47 392 19 77
366 45 345 371
72 187 82 180
478 315 59 302
251 17 0 3
280 318 245 295
147 38 316 367
281 374 40 173
473 245 273 380
96 185 125 213
291 246 65 212
223 305 133 149
142 479 148 371
150 188 373 459
428 304 120 221
102 169 72 494
224 173 234 400
466 259 4 155
95 406 59 116
475 73 172 179
471 294 32 202
41 244 214 248
328 322 4 351
400 394 313 421
425 201 29 29
496 320 16 226
249 339 29 214
49 73 58 212
435 158 44 282
11 136 344 470
460 204 162 165
114 351 467 475
90 425 55 123
235 495 232 274
342 86 130 357
331 488 116 441
407 322 48 391
254 401 470 483
423 424 14 276
395 281 406 453
186 227 310 327
24 186 10 84
245 265 8 15
84 93 172 381
288 80 177 339
371 491 31 144
237 21 50 53
173 269 161 345
133 475 323 375
189 48 262 279
309 343 165 333
190 328 197 202
208 327 55 433
19 296 112 266
93 174 258 448
60 446 319 370
74 396 8 261
147 106 20 360
313 419 41 444
196 179 74 97
468 128 114 215
273 192 407 430
132 353 13 15
13 264 8 66
2 382 58 203
83 25 25 56
227 267 111 363
209 202 184 488
289 285 53 245
479 202 61 481
171 333 38 68
406 24 24 350
316 160 203 292
151 13 372 396
286 214 143 269
93 217 444 490
281 136 101 220
419 259 127 476
368 461 425 460
74 154 98 212
203 420 107 205
395 172 7 9
83 338 195 224
246 68 75 99
344 475 64 168
205 231 114 141
199 281 171 335
286 308 16 220
370 310 255 300
51 173 225 422
387 464 181 417
254 142 43 293
186 351 1 220
494 400 197 200
269 356 21 35
110 246 131 234
121 484 197 201
236 49 71 100
265 430 245 402
170 353 141 349
54 321 444 488
303 406 122 193
15 450 24 208
162 190 15 260
5 340 172 176
125 174 63 273
209 233 282 445
317 202 124 365
393 182 73 103
2 291 219 400
120 98 112 398
361 355 68 400
359 485 69 158
195 476 149 307
452 288 193 326
95 173 53 60
169 173 113 460
437 237 21 184
121 48 294 344
474 210 43 465
429 21 146 338
320 325 54 470
419 283 123 350
7 251 36 85
341 201 129 365
484 344 76 203
96 50 102 159
478 161 344 391
476 306 300 396
125 190 15 475
351 362 69 101
391 125 82 266
114 254 52 386
361 369 5 258
57 38 5 114
55 313 299 498
259 0 387 445
298 144 127 289
45 261 51 269
164 284 60 420
475 331 426 458
29 238 140 410
266 358 158 216
407 261 313 428
132 383 6 113
376 79 125 270
362 371 113 157
263 127 12 59
292 459 50 72
108 320 312 469
13 425 62 97
16 413 310 325
107 258 64 119
359 94 48 263
182 240 4 65
462 456 59 145
240 176 86 200
423 1 178 354
119 400 222 451
407 281 199 214
192 493 293 357
493 455 51 69
306 487 50 50
228 294 25 224
242 194 300 381
462 359 23 116
396 319 100 405
93 377 101 126
85 249 11 41
33 232 226 257
1 270 0 0
360 302 119 354
196 421 76 370
362 444 406 487
107 475 274 332
430 370 23 247
332 308 12 36
370 257 166 267
284 32 17 71
324 308 265 401
322 458 204 288
362 62 25 106
93 303 231 354
341 11 29 166
19 8 291 335
54 438 356 390
375 53 41 43
376 381 49 255
183 274 17 51
66 227 236 325
173 484 155 158
26 462 240 322
175 290 7 24
378 83 257 434
294 39 199 239
342 271 9 397
81 366 33 113
342 80 104 167
136 117 343 382
176 169 377 427
149 100 217 218
21 380 288 466
2 382 89 290
255 81 10 24
436 363 199 226
213 337 63 80
248 353 106 367
476 132 158 174
4 0 73 100
479 6 49 422
191 104 254 409
437 19 14 172
469 300 1 202
173 168 26 30
17 147 30 89
167 81 78 368
111 185 35 283
464 381 302 412
353 481 140 251
85 305 326 384
71 63 125 255
64 293 179 284
183 477 66 92
380 411 172 272
92 386 47 100
326 49 153 278
99 371 40 70
401 360 13 93
79 385 210 383
310 497 19 35
364 250 80 185
59 486 70 439
493 47 39 52
105 366 100 179
329 368 36 57
446 271 431 439
356 179 30 63
151 340 116 127
106 423 13 211
333 404 82 333
177 128 82 172
356 250 47 106
377 59 106 187
456 235 274 286
50 495 63 496
302 311 94 163
215 400 160 181
437 200 64 353
254 388 47 149
36 475 45 175
386 43 139 498
136 69 207 302
438 167 354 415
441 90 0 15
153 94 53 72
69 454 91 364
93 127 21 270
240 322 407 498
401 488 204 248
251 156 105 192
471 207 81 97
443 286 98 295
186 25 294 384
192 217 177 463
227 107 49 68
429 114 0 4
28 449 224 239
190 152 34 91
239 401 228 305
341 193 251 310
31 71 156 205
0 377 308 339
0 329 13 100
223 246 130 405
387 354 1 25
87 384 17 86
252 403 165 491
254 297 164 451
145 229 71 470
294 311 30 455
207 390 150 221
66 329 389 470
183 324 72 118
342 3 11 24
89 191 272 279
1 261 14 156
378 155 140 266
80 126 165 236
329 156 79 242
297 428 221 285
185 292 206 462
235 232 101 118
118 491 69 438
12 193 212 367
457 188 25 39
126 50 155 418
143 391 144 199
296 303 51 168
456 442 0 0
115 73 73 123
195 304 22 344
189 11 94 426
309 439 13 120
340 430 41 185
85 493 48 75
15 375 191 402
121 252 27 359
61 497 289 350
233 354 296 340
266 61 322 446
12 319 245 442
353 60 247 313
119 359 95 144
51 447 201 201
169 223 5 14
380 30 49 459
142 494 330 344
23 100 259 454
136 143 30 151
380 113 2 473
436 361 343 432
107 199 223 443
123 53 0 0
149 457 17 188
195 106 50 61
247 145 405 467
326 485 74 257
365 197 156 245
465 36 177 243
138 380 72 285
193 422 232 272
73 372 31 459
102 400 227 443
235 246 146 392
77 301 124 161
213 171 189 393
361 97 44 72
276 271 65 430
477 344 25 387
431 240 365 388
266 149 146 264
330 321 21 225
362 14 4 113
489 226 247 405
437 197 362 483
263 494 110 272
240 81 31 452
83 253 116 141
22 349 129 259
474 309 27 164
39 223 107 496
370 31 36 125
