400 3200
0 1 208 208
1 2 336 360
2 3 0 0
3 4 151 151
4 5 17 73
5 6 18 46
6 7 36 93
7 8 116 173
8 9 186 198
9 10 228 269
10 11 66 210
11 12 180 343
12 13 45 102
13 14 101 439
14 15 7 13
15 16 307 335
16 17 96 209
17 18 120 279
18 19 66 70
19 20 77 99
20 21 287 401
21 22 390 485
22 23 14 157
23 24 179 346
24 25 380 439
25 26 372 448
26 27 35 42
27 28 5 19
28 29 5 85
29 30 295 439
30 31 29 49
31 32 141 210
32 33 197 479
33 34 52 267
34 35 100 346
35 36 22 158
36 37 269 343
37 38 172 418
38 39 0 9
39 40 234 375
40 41 327 495
41 42 111 374
42 43 62 140
43 44 87 395
44 45 3 51
45 46 105 224
46 47 43 455
47 48 133 147
48 49 17 144
49 50 34 65
50 51 0 9
51 52 312 340
52 53 97 106
53 54 40 133
54 55 144 246
55 56 15 26
56 57 176 287
57 58 70 73
58 59 77 295
59 60 81 350
60 61 27 51
61 62 197 207
62 63 171 347
63 64 112 207
64 65 19 25
65 66 12 268
66 67 46 332
67 68 204 257
68 69 14 473
69 70 259 293
70 71 244 452
71 72 30 68
72 73 62 69
73 74 152 404
74 75 107 199
75 76 54 82
76 77 167 464
77 78 99 174
78 79 240 376
79 80 45 363
80 81 305 442
81 82 202 312
82 83 133 376
83 84 133 174
84 85 48 135
85 86 338 448
86 87 189 214
87 88 5 483
88 89 165 332
89 90 23 311
90 91 45 57
91 92 30 475
92 93 80 225
93 94 273 289
94 95 77 204
95 96 90 118
96 97 349 452
97 98 86 287
98 99 1 1
99 100 47 309
100 101 94 163
101 102 2 264
102 103 314 443
103 104 84 178
104 105 348 455
105 106 146 312
106 107 2 7
107 108 387 465
108 109 191 346
109 110 35 499
110 111 41 86
111 112 51 68
112 113 89 467
113 114 162 349
114 115 7 33
115 116 192 378
116 117 78 377
117 118 22 462
118 119 185 356
119 120 10 62
120 121 3 9
121 122 1 13
122 123 7 14
123 124 12 123
124 125 124 430
125 126 62 269
126 127 268 276
127 128 117 421
128 129 14 62
129 130 12 139
130 131 167 293
131 132 203 485
132 133 103 281
133 134 8 9
134 135 116 401
135 136 83 116
136 137 248 404
137 138 83 194
138 139 325 432
139 140 160 374
140 141 119 278
141 142 24 68
142 143 4 30
143 144 57 60
144 145 21 22
145 146 42 53
146 147 70 113
147 148 12 357
148 149 183 280
149 150 0 6
150 151 10 36
151 152 174 484
152 153 78 284
153 154 7 101
154 155 19 126
155 156 60 372
156 157 91 97
157 158 108 291
158 159 24 485
159 160 314 424
160 161 36 120
161 162 50 247
162 163 305 310
163 164 371 415
164 165 59 78
165 166 6 9
166 167 1 35
167 168 198 243
168 169 231 303
169 170 129 284
170 171 84 158
171 172 54 495
172 173 42 290
173 174 97 190
174 175 59 276
175 176 342 373
176 177 155 335
177 178 17 132
178 179 25 33
179 180 39 185
180 181 23 315
181 182 10 105
182 183 61 377
183 184 12 33
184 185 12 130
185 186 57 403
186 187 90 96
187 188 185 320
188 189 220 262
189 190 289 463
190 191 42 131
191 192 24 33
192 193 192 368
193 194 285 386
194 195 75 454
195 196 320 466
196 197 2 6
197 198 85 117
198 199 234 309
199 200 189 475
200 201 441 476
201 202 56 278
202 203 3 458
203 204 298 321
204 205 57 195
205 206 40 243
206 207 7 302
207 208 124 275
208 209 375 464
209 210 169 460
210 211 120 197
211 212 16 482
212 213 31 87
213 214 5 63
214 215 47 67
215 216 3 253
216 217 5 10
217 218 456 474
218 219 138 414
219 220 3 7
220 221 9 88
221 222 84 166
222 223 58 65
223 224 216 405
224 225 48 172
225 226 167 470
226 227 261 291
227 228 106 440
228 229 10 423
229 230 438 453
230 231 99 230
231 232 94 273
232 233 231 400
233 234 18 143
234 235 233 245
235 236 94 300
236 237 7 7
237 238 65 297
238 239 54 217
239 240 349 404
240 241 37 157
241 242 365 447
242 243 157 289
243 244 17 92
244 245 232 394
245 246 14 306
246 247 0 27
247 248 10 210
248 249 136 340
249 250 265 460
250 251 0 0
251 252 385 489
252 253 48 188
253 254 40 487
254 255 47 302
255 256 87 415
256 257 120 287
257 258 109 314
258 259 100 143
259 260 205 294
260 261 28 375
261 262 15 430
262 263 299 378
263 264 315 349
264 265 2 433
265 266 42 161
266 267 157 336
267 268 81 225
268 269 46 191
269 270 4 205
270 271 107 201
271 272 20 159
272 273 175 311
273 274 36 215
274 275 205 487
275 276 232 339
276 277 27 99
277 278 2 213
278 279 38 172
279 280 12 399
280 281 412 440
281 282 354 452
282 283 172 332
283 284 2 135
284 285 37 126
285 286 231 428
286 287 227 264
287 288 74 401
288 289 23 286
289 290 16 367
290 291 115 260
291 292 7 386
292 293 19 284
293 294 189 233
294 295 109 171
295 296 27 34
296 297 134 189
297 298 9 39
298 299 21 492
299 300 25 90
300 301 352 406
301 302 32 438
302 303 227 344
303 304 53 285
304 305 42 80
305 306 211 233
306 307 82 172
307 308 95 112
308 309 249 296
309 310 21 156
310 311 248 459
311 312 212 455
312 313 28 128
313 314 24 55
314 315 46 96
315 316 83 250
316 317 3 365
317 318 53 104
318 319 84 124
319 320 23 426
320 321 32 208
321 322 186 308
322 323 37 117
323 324 46 51
324 325 204 258
325 326 52 239
326 327 15 76
327 328 212 311
328 329 42 272
329 330 167 327
330 331 72 72
331 332 54 376
332 333 5 111
333 334 234 260
334 335 281 393
335 336 3 11
336 337 64 162
337 338 35 437
338 339 149 423
339 340 0 269
340 341 271 434
341 342 95 475
342 343 259 414
343 344 137 427
344 345 2 49
345 346 236 326
346 347 268 352
347 348 124 305
348 349 282 400
349 350 10 17
350 351 374 385
351 352 111 366
352 353 41 130
353 354 29 128
354 355 213 316
355 356 134 172
356 357 205 399
357 358 137 223
358 359 17 392
359 360 221 496
360 361 146 150
361 362 25 71
362 363 250 451
363 364 111 271
364 365 472 488
365 366 64 318
366 367 494 497
367 368 180 273
368 369 213 263
369 370 31 67
370 371 158 178
371 372 7 13
372 373 46 80
373 374 343 373
374 375 5 15
375 376 133 183
376 377 348 432
377 378 167 347
378 379 169 346
379 380 79 94
380 381 123 221
381 382 78 291
382 383 241 495
383 384 28 102
384 385 28 124
385 386 85 131
386 387 346 375
387 388 45 228
388 389 25 28
389 390 118 254
390 391 77 106
391 392 121 400
392 393 72 148
393 394 2 13
394 395 26 297
395 396 70 422
396 397 96 190
397 398 296 375
398 399 232 256
399 0 59 271
331 202 355 480
93 357 103 402
237 230 9 16
282 6 47 355
174 190 86 232
135 160 39 474
43 391 56 110
169 243 93 133
387 303 18 40
60 87 77 214
199 53 44 54
387 247 14 317
20 131 156 402
89 331 160 349
378 148 282 383
237 95 156 171
160 291 117 423
3 58 175 214
34 363 271 412
397 283 3 313
17 368 52 71
173 390 24 39
140 136 6 9
47 372 19 33
127 29 131 229
114 218 20 56
46 317 13 13
294 344 374 378
55 306 76 197
315 49 313 374
233 247 222 226
277 292 132 225
78 187 161 239
386 308 20 237
13 294 399 402
96 68 157 201
41 239 451 453
147 63 12 18
83 295 14 387
293 114 45 62
362 370 213 309
69 224 3 5
239 96 28 269
226 219 0 1
158 385 370 476
332 383 404 453
364 53 203 398
158 368 328 458
274 108 5 72
320 339 49 79
349 231 79 94
398 172 217 311
381 112 251 453
167 123 427 495
117 335 266 356
130 84 97 366
338 6 455 455
339 366 115 200
28 41 80 125
142 250 42 86
3 58 53 59
111 64 356 407
79 127 62 73
315 52 86 132
392 37 240 410
381 183 43 155
33 201 488 492
1 148 107 133
329 295 134 267
324 236 122 157
95 169 56 456
67 342 169 183
267 214 9 217
258 16 58 256
131 207 396 470
383 144 4 15
396 40 174 359
259 333 290 446
346 109 2 13
115 0 80 261
296 293 145 163
360 292 382 430
59 178 144 279
242 38 92 345
50 117 199 226
49 216 156 314
275 274 48 145
222 76 4 4
302 272 59 288
340 320 128 156
31 248 218 259
227 351 240 459
320 339 34 213
110 335 117 123
271 300 11 186
252 3 413 466
233 210 269 469
313 34 160 423
38 64 296 461
236 227 14 114
56 94 17 43
395 251 40 113
199 85 23 157
37 235 75 87
336 291 31 304
29 328 198 207
152 140 68 408
259 196 40 92
206 272 56 351
92 124 106 120
161 250 137 287
250 215 69 174
175 90 7 28
132 319 5 114
38 162 46 332
394 344 194 249
322 180 46 260
67 102 51 87
383 201 265 285
74 167 53 499
231 117 185 409
267 50 46 297
139 276 148 488
188 277 345 451
359 145 187 298
242 99 12 16
132 87 9 46
349 238 2 32
128 80 199 226
374 56 60 188
318 19 295 488
128 134 81 84
126 162 202 487
74 260 75 384
365 389 68 412
229 56 198 316
53 68 18 335
278 320 78 238
87 211 6 6
94 247 136 176
178 107 51 246
308 28 214 365
362 371 103 234
306 85 141 229
377 347 22 68
319 104 0 5
358 265 118 379
349 35 160 160
72 344 81 493
250 43 51 110
214 129 108 169
246 222 9 262
276 150 95 378
284 173 202 232
335 78 8 62
330 321 2 156
271 84 174 252
106 56 294 337
357 217 137 385
3 268 26 65
270 174 10 11
393 21 243 260
226 144 183 405
172 397 6 6
219 202 235 336
112 1 259 344
258 34 130 225
43 301 61 458
373 338 260 322
334 372 0 2
268 367 81 242
76 32 243 430
351 286 259 416
382 65 149 325
119 226 274 337
368 230 71 289
85 373 58 137
138 71 226 280
120 147 184 336
17 260 43 176
161 328 4 428
88 32 24 97
150 155 93 374
162 137 89 145
136 127 101 387
196 222 112 214
154 108 154 404
145 170 6 177
175 217 91 107
42 181 173 384
185 18 151 154
338 350 21 367
205 231 60 372
63 185 20 110
306 44 58 107
131 236 27 99
148 171 35 71
7 171 138 188
3 267 2 13
249 214 51 55
127 363 223 337
60 293 276 400
44 299 6 40
67 240 80 116
23 63 63 104
387 1 301 459
246 82 184 356
321 368 19 277
155 188 72 152
145 346 203 418
94 148 135 218
324 24 46 462
346 66 10 353
66 249 16 239
324 132 24 63
259 271 377 488
50 377 32 80
220 190 95 101
170 272 115 216
233 160 90 202
398 395 24 73
250 114 125 365
88 137 4 94
324 242 144 322
86 254 341 377
133 89 93 105
68 76 245 301
334 277 361 375
95 76 98 319
367 186 278 299
294 85 6 148
305 320 132 366
197 193 36 473
294 5 198 213
78 215 132 391
326 143 22 28
223 84 313 418
239 326 45 96
171 130 16 197
4 284 30 150
88 182 3 40
6 386 405 453
217 57 134 185
217 173 119 265
258 144 142 247
258 319 13 66
292 288 74 103
251 300 33 38
374 47 144 254
115 160 80 131
110 329 161 178
34 275 49 54
9 305 237 394
382 126 42 53
5 43 389 493
375 195 87 88
322 178 197 286
151 22 21 22
188 250 27 394
182 2 50 94
141 63 154 264
335 325 143 370
234 232 19 75
158 203 124 276
284 214 59 108
75 315 322 380
88 273 296 362
46 152 23 88
95 196 424 431
215 219 9 9
20 261 144 430
76 238 197 280
147 188 131 202
14 95 79 380
300 326 268 359
67 110 483 494
63 161 58 139
378 141 0 1
28 15 122 467
288 103 98 429
132 139 304 365
269 17 136 258
10 146 11 354
161 65 298 391
22 15 79 187
370 272 68 385
294 263 264 376
278 174 184 307
5 138 55 201
368 384 21 349
339 369 1 1
261 330 139 388
263 28 325 449
59 246 63 119
91 169 5 60
172 308 39 110
256 295 138 151
192 171 79 442
7 267 52 272
86 107 28 143
335 145 8 69
317 84 91 145
246 182 292 307
389 398 6 162
283 351 106 229
378 15 15 222
379 150 246 414
290 35 128 213
12 171 60 173
83 297 88 338
257 1 34 110
240 285 212 234
152 163 63 157
346 34 222 314
385 214 242 439
148 299 101 224
88 235 182 393
125 127 23 228
232 194 312 328
207 107 8 66
105 146 28 216
194 124 73 455
252 237 264 303
61 130 380 384
26 315 237 252
228 293 95 249
204 378 203 422
348 173 22 33
70 140 234 287
318 380 434 472
179 367 22 259
323 94 12 97
129 385 312 424
91 278 122 126
387 301 199 351
266 113 256 270
230 210 407 475
250 212 220 312
293 393 75 419
369 333 2 3
59 54 276 495
330 51 2 38
128 134 71 161
266 324 408 474
382 393 0 4
283 350 35 412
253 22 185 431
389 357 129 220
265 283 110 128
88 293 247 402
27 253 127 239
64 369 56 67
272 375 345 464
10 249 147 448
12 316 60 246
98 263 281 429
342 344 127 209
267 378 23 342
11 48 77 199
66 299 136 253
279 48 84 94
82 239 454 483
186 122 32 147
1 199 29 51
360 200 9 72
109 15 5 7
149 165 55 358
281 203 0 282
380 382 5 398
122 228 55 254
93 183 359 396
279 74 22 348
375 380 113 389
206 119 29 203
194 346 211 324
303 354 13 90
194 133 50 161
44 125 83 86
163 277 188 204
303 141 102 120
274 150 107 203
233 101 47 488
371 0 23 160
305 103 204 492
395 50 167 318
339 34 53 187
382 46 112 429
53 357 142 310
126 320 50 126
373 51 290 397
5 95 1 216
306 45 110 179
327 78 5 165
99 212 21 349
306 110 34 134
288 388 239 404
304 320 13 147
302 47 235 272
24 50 17 244
351 298 141 428
243 57 361 445
368 123 86 92
80 349 72 293
322 257 250 450
335 387 125 223
388 229 220 461
350 23 62 139
60 178 286 305
57 376 133 341
136 363 5 114
280 196 1 6
289 121 90 208
225 277 138 470
335 283 93 171
334 202 297 390
295 152 79 87
155 137 132 171
376 291 41 72
361 210 61 359
100 313 149 350
214 66 258 344
227 139 4 126
232 351 167 346
14 353 59 113
213 19 114 212
171 317 30 186
2 255 114 178
242 125 6 28
200 57 49 316
355 338 137 354
242 114 154 307
133 394 53 324
92 293 47 85
357 196 60 74
83 128 35 257
171 181 340 438
383 257 91 92
81 255 218 231
286 367 72 214
309 67 173 249
93 168 53 80
48 115 142 171
239 37 111 131
322 242 235 423
239 139 269 400
235 154 106 213
72 15 2 304
247 360 51 72
249 318 130 255
142 97 28 148
172 296 371 430
141 202 274 336
156 361 229 317
379 234 3 62
110 226 2 235
117 85 486 494
174 146 289 475
181 244 0 323
390 151 36 76
107 26 173 320
131 260 159 283
310 264 216 234
299 120 139 214
246 91 19 300
324 119 129 425
185 376 185 376
314 138 119 290
147 361 147 463
104 376 16 32
140 372 31 496
120 58 3 26
250 254 94 99
100 180 159 211
319 287 5 53
306 94 183 312
228 347 22 24
332 49 91 142
246 131 20 30
40 41 79 352
14 297 27 334
156 86 17 189
53 126 0 94
352 239 359 374
128 212 11 170
157 86 305 398
231 326 133 244
16 66 131 263
162 230 1 14
138 217 4 322
373 152 11 175
284 75 1 114
151 11 211 217
24 239 28 191
70 198 141 235
201 188 202 490
194 205 135 182
70 76 246 387
353 192 255 276
82 95 300 445
92 243 40 177
67 289 54 123
189 257 233 456
236 251 21 21
396 16 1 476
156 346 18 278
370 144 159 188
191 49 471 498
26 143 22 29
66 167 168 258
330 29 13 15
102 209 0 286
205 93 23 90
294 173 104 316
362 265 49 491
378 195 283 438
140 325 187 226
371 222 126 354
58 95 84 389
128 315 117 247
76 19 59 264
393 31 27 75
232 278 137 185
320 26 33 71
395 198 26 364
215 199 80 238
219 329 137 224
78 274 311 443
212 288 230 264
51 69 1 204
55 254 40 134
245 130 27 36
153 351 181 209
313 107 11 12
157 351 58 145
316 118 110 252
377 104 187 483
53 223 12 54
195 188 49 337
289 251 0 250
376 373 298 389
368 117 70 71
19 53 34 41
112 314 37 200
179 232 305 399
90 364 18 96
85 50 130 384
74 202 88 145
50 17 75 108
290 120 3 8
307 267 53 199
125 350 180 190
256 271 100 330
303 132 21 35
157 122 32 76
34 260 3 8
239 395 24 57
143 70 248 326
255 393 174 201
231 270 83 160
5 45 81 279
316 113 107 497
174 395 401 418
187 153 350 350
367 286 253 460
138 191 14 19
309 101 26 35
395 333 71 237
220 38 150 174
315 332 160 469
234 360 195 245
159 168 128 270
322 211 115 448
290 339 21 223
348 269 46 439
41 44 33 127
398 278 54 137
84 140 122 164
0 359 87 274
114 169 55 110
100 318 288 336
155 283 71 71
258 361 2 47
71 200 43 435
2 361 26 118
118 372 69 193
0 330 40 286
102 380 207 263
213 174 14 38
261 137 27 437
331 310 345 476
336 234 142 407
113 287 69 142
371 78 187 264
261 126 92 170
45 153 69 277
296 390 368 488
179 376 67 156
62 398 316 335
89 350 158 163
356 385 12 388
107 214 78 163
300 340 36 445
149 325 159 376
121 254 57 382
219 71 131 235
22 348 70 105
175 338 19 20
361 95 54 161
264 228 9 18
15 209 304 347
340 41 84 335
395 187 139 215
18 177 63 384
358 351 94 268
145 265 15 19
20 31 2 67
181 16 61 96
319 47 129 168
195 356 22 26
380 243 137 303
210 124 182 256
25 224 50 309
327 295 133 216
71 191 370 424
112 209 201 227
335 182 3 7
140 351 119 437
183 203 279 328
135 203 104 412
209 58 40 476
292 352 11 25
48 318 60 117
343 8 2 31
175 140 96 211
67 231 125 432
210 96 20 40
0 144 96 237
156 109 60 62
95 53 204 387
369 136 73 421
209 295 8 21
20 57 86 243
122 139 48 119
332 29 458 477
315 261 462 472
141 144 290 307
114 111 344 487
179 66 4 172
148 189 183 449
131 172 202 217
284 342 98 118
66 392 311 471
280 316 89 342
60 154 16 32
40 249 296 436
381 13 214 351
169 189 151 303
177 184 4 366
81 338 59 126
47 56 80 300
389 156 283 408
332 85 15 27
242 293 51 65
251 12 243 422
13 362 216 309
301 222 223 266
120 274 66 124
307 36 140 147
356 220 136 437
5 71 159 211
382 278 17 32
319 390 35 449
227 367 30 101
216 14 258 413
376 85 286 441
345 379 17 243
348 257 119 299
116 55 15 264
171 345 160 313
88 231 79 428
205 262 105 141
331 118 184 442
197 74 90 284
124 386 37 57
203 309 73 113
235 49 216 298
17 28 107 119
332 58 25 65
56 313 38 81
96 398 359 423
306 381 260 301
302 235 105 482
340 357 108 173
180 164 123 298
323 13 178 300
114 302 169 308
97 280 8 29
142 306 298 375
100 14 245 475
239 153 70 267
31 60 62 96
70 16 249 377
312 363 1 3
333 375 71 164
312 381 82 459
124 159 191 294
57 304 391 428
3 142 15 302
259 52 303 412
53 296 144 440
325 378 146 160
101 57 5 61
302 151 20 361
4 84 116 220
237 234 60 63
132 216 287 295
28 190 4 18
315 252 85 100
254 255 259 394
32 308 4 6
123 16 130 151
385 11 10 10
98 122 219 499
311 96 15 291
236 275 80 146
244 146 94 465
246 38 217 254
297 10 164 227
306 92 274 294
236 98 64 132
31 38 141 152
103 338 166 186
216 17 11 122
188 356 283 292
274 5 46 348
15 196 15 36
102 264 418 486
280 164 171 377
273 112 52 403
19 379 116 376
128 22 19 40
40 269 167 241
356 61 143 223
362 81 99 336
183 163 78 224
8 23 46 352
63 219 176 341
115 106 212 349
313 148 63 309
315 373 75 75
125 81 54 381
288 308 281 391
121 108 293 452
257 298 94 117
38 253 54 88
68 336 142 195
123 274 86 160
306 144 264 408
169 260 99 307
335 105 181 380
215 358 5 214
319 309 21 49
270 218 55 57
152 78 158 187
302 367 91 97
203 299 127 411
172 221 203 300
337 256 210 345
236 148 50 246
212 220 7 44
99 381 35 117
208 68 124 231
164 395 34 99
319 61 6 12
309 6 317 365
278 351 291 363
225 364 90 165
248 128 76 422
209 269 150 214
4 276 339 433
31 123 145 329
156 154 241 291
237 297 39 100
310 100 246 265
364 367 22 448
252 312 75 152
131 378 381 436
212 20 389 455
289 185 132 165
365 35 173 342
379 102 370 450
18 338 18 37
8 316 373 440
339 398 72 95
268 332 182 425
30 394 41 334
128 269 82 172
14 34 6 75
166 14 283 318
170 23 22 424
335 318 345 411
287 74 115 314
4 391 442 479
163 196 239 295
12 51 87 99
317 153 32 215
361 188 145 168
18 181 397 496
292 287 116 190
225 19 421 497
280 388 210 259
24 66 9 86
164 277 15 37
310 358 164 185
265 136 59 61
48 220 150 317
308 42 55 207
141 268 416 496
381 247 441 465
377 366 14 74
24 122 20 197
359 366 22 231
335 153 123 281
14 329 42 390
25 237 139 244
345 203 68 210
381 275 13 131
112 349 290 456
336 354 8 11
210 107 243 411
175 303 38 94
221 255 332 343
372 83 35 177
259 171 246 488
167 56 17 61
265 233 77 93
355 331 108 445
41 126 13 292
39 35 21 154
49 365 0 0
182 158 38 114
67 228 30 72
190 49 71 101
14 6 58 449
218 303 342 437
226 56 91 350
326 147 28 235
355 354 406 414
126 92 124 248
298 239 41 182
221 376 39 138
270 88 455 463
274 311 151 193
248 272 1 246
259 101 1 127
121 301 228 443
322 133 76 192
60 294 29 149
343 250 162 359
200 91 11 95
40 148 10 59
86 22 281 419
138 348 257 372
29 280 71 295
254 384 41 121
76 99 253 312
36 333 258 319
232 145 90 164
41 307 9 33
262 383 433 441
386 380 97 230
305 244 268 382
87 65 111 127
41 12 288 296
62 263 42 214
79 53 21 191
42 361 31 63
130 317 69 122
321 360 0 39
193 245 85 151
96 363 49 371
159 157 89 308
0 54 330 336
274 283 4 4
223 372 320 339
97 393 14 252
92 130 69 115
345 281 6 87
236 381 33 92
134 221 305 422
391 137 37 492
336 69 196 457
187 325 66 174
232 29 162 390
229 246 169 273
371 331 263 409
17 141 87 242
184 347 262 295
335 222 104 394
387 367 3 50
287 256 38 269
288 73 50 183
299 121 173 302
182 35 120 480
262 258 36 196
153 243 186 196
381 57 378 396
171 380 34 323
144 50 124 197
210 312 92 345
27 126 15 202
56 53 21 68
193 97 149 225
165 319 14 167
128 317 62 109
393 97 239 463
151 14 98 345
126 1 125 300
192 215 188 374
17 156 150 271
345 294 138 350
281 275 330 466
252 50 377 432
148 1 57 83
243 192 123 131
117 131 0 35
225 316 178 490
312 140 78 118
213 306 150 330
109 163 34 44
348 329 103 105
71 142 85 251
23 186 48 52
103 12 114 194
210 336 132 269
166 7 3 169
295 170 92 278
218 233 170 268
11 103 131 195
203 320 219 348
125 200 157 339
389 218 53 344
343 35 13 281
36 180 90 179
290 154 203 307
378 1 333 468
279 322 206 299
323 324 281 490
225 364 137 220
354 333 77 370
210 83 2 18
129 179 10 383
53 207 45 259
293 352 2 2
376 70 36 138
331 395 29 267
167 6 273 384
241 295 14 26
41 161 216 275
81 187 168 401
120 82 252 325
117 319 48 466
41 231 28 37
370 196 70 138
313 180 144 460
97 229 350 383
327 301 127 300
292 125 318 417
384 180 282 448
17 44 360 487
55 354 412 500
293 263 19 69
14 316 35 35
270 131 15 36
104 324 0 7
110 147 107 486
158 192 10 47
190 178 162 421
245 283 320 343
252 175 70 244
384 344 49 173
212 133 87 177
103 264 8 127
119 335 272 456
360 300 289 363
342 324 0 12
240 356 8 231
259 232 96 140
103 118 10 14
76 265 380 443
205 212 162 386
175 3 29 165
145 42 335 399
353 385 4 162
246 3 15 154
397 192 396 464
304 179 344 489
380 105 126 262
235 173 188 476
236 141 394 444
224 102 116 259
339 314 62 186
384 45 205 355
341 121 53 228
106 33 224 303
61 186 270 496
33 164 283 387
272 125 101 167
79 357 44 44
297 348 20 92
48 204 204 263
396 1 188 208
131 55 86 401
143 192 278 467
107 224 32 89
270 170 394 430
264 164 388 479
150 318 449 480
94 53 9 18
124 391 8 28
173 155 2 2
187 184 57 156
306 155 11 27
306 333 21 147
38 201 158 178
273 110 318 477
107 337 43 238
278 124 81 139
267 388 114 252
66 320 302 322
247 364 23 55
239 146 166 379
294 6 342 426
99 391 6 422
18 77 364 446
138 334 181 191
113 207 89 222
93 279 46 50
269 221 10 113
81 325 265 486
65 318 64 142
173 269 276 454
111 381 242 446
65 365 320 462
230 7 60 78
388 106 164 440
79 373 113 316
155 257 59 105
341 275 169 172
258 98 37 80
170 153 29 222
8 57 40 41
380 228 15 82
131 25 58 98
187 237 267 346
165 357 120 287
116 205 376 437
342 104 60 122
171 48 152 315
90 75 3 17
151 327 166 258
147 209 54 432
119 394 387 493
56 373 1 4
358 170 34 126
335 365 18 112
157 194 21 23
397 248 5 5
18 49 21 245
110 203 5 22
234 106 50 139
47 248 206 320
81 20 41 147
211 190 45 135
285 99 146 295
255 286 51 190
314 179 171 351
144 26 135 248
176 360 1 317
297 146 60 177
354 222 41 143
164 351 10 66
151 371 94 469
292 55 268 403
214 171 404 469
142 219 77 92
297 253 166 467
26 356 236 468
285 62 57 142
24 231 117 137
347 141 267 276
320 327 67 92
39 96 136 221
347 123 36 92
311 23 128 474
342 267 138 247
366 167 348 482
294 213 316 323
279 126 167 242
337 235 150 484
231 275 12 71
340 181 39 316
71 304 305 331
55 180 199 217
72 179 27 29
150 1 15 246
129 91 26 233
182 218 5 404
1 109 120 128
306 230 195 196
108 46 118 120
276 340 201 343
56 51 45 495
142 295 28 88
83 377 60 411
187 359 72 115
363 16 28 29
193 305 46 69
2 219 234 468
380 249 153 445
77 194 73 144
49 107 300 474
315 82 168 425
261 236 201 217
119 283 198 234
356 393 167 315
218 262 67 79
73 396 0 7
163 276 99 133
395 49 1 7
87 324 135 337
167 378 56 276
264 297 51 161
351 213 26 390
23 185 26 73
5 154 118 122
201 112 0 146
185 82 69 98
44 1 15 44
135 205 143 435
300 11 28 44
201 89 303 342
134 358 8 60
59 354 5 5
1 348 203 279
352 368 200 454
362 216 402 431
3 159 138 169
137 97 5 13
45 369 37 401
248 318 167 403
199 375 333 435
85 30 66 335
162 103 253 404
389 234 150 449
336 247 194 227
148 105 247 279
246 112 46 253
142 279 165 346
384 34 71 342
7 32 13 260
72 277 231 415
113 269 41 253
131 110 68 413
293 239 53 141
88 224 84 89
182 92 197 485
299 366 156 371
92 78 108 130
358 260 22 291
75 7 150 478
268 378 1 40
150 128 20 41
281 44 124 310
219 32 76 112
160 15 67 383
365 253 134 284
21 46 297 333
361 316 44 54
342 68 28 42
189 378 161 313
267 102 197 205
188 136 22 43
228 142 119 185
12 322 186 336
354 57 10 94
43 85 381 448
349 280 125 475
37 167 459 481
65 103 55 365
228 167 138 203
58 382 125 372
287 297 91 144
97 59 36 157
179 369 1 303
66 6 225 298
46 190 407 440
286 221 124 127
191 317 229 383
151 243 325 471
277 172 0 0
225 74 177 238
355 241 54 329
125 220 313 422
39 316 37 92
22 189 312 428
154 221 158 182
239 16 242 447
173 197 11 13
308 349 20 42
120 271 466 491
239 100 210 305
153 231 153 209
250 255 35 84
153 369 62 325
120 116 12 18
120 3 75 156
375 86 142 162
83 247 256 304
81 69 190 326
325 267 31 423
216 117 302 464
363 4 211 330
223 272 208 289
56 80 76 199
194 74 300 484
118 231 29 77
297 137 367 448
179 284 54 155
274 55 123 274
92 153 188 341
124 171 40 118
252 143 65 84
13 341 145 254
17 384 105 396
86 175 328 346
346 260 0 59
184 262 280 451
219 202 68 240
124 141 18 474
127 182 181 277
59 274 35 42
294 5 66 101
206 198 383 427
374 220 106 353
391 111 41 448
188 229 89 164
183 383 221 264
91 357 207 325
323 314 41 297
92 248 37 115
197 250 167 213
179 222 124 124
219 214 421 423
218 395 461 494
305 297 32 33
360 67 159 357
320 398 65 165
346 120 153 313
267 181 7 129
181 14 75 326
350 392 158 185
343 229 91 147
110 277 296 456
335 135 255 472
48 36 178 307
150 238 29 107
354 24 232 470
385 315 4 375
268 238 174 376
11 152 56 106
65 333 343 415
241 384 11 120
25 311 122 316
354 117 96 356
238 123 89 371
164 337 190 195
69 148 161 380
145 105 141 452
180 362 107 294
88 147 28 45
320 301 36 64
313 95 9 52
305 219 60 86
84 135 53 63
249 370 64 389
250 95 12 19
393 216 116 121
386 95 66 440
39 285 325 487
290 391 108 303
88 77 419 489
356 372 4 21
344 86 387 475
190 126 143 155
332 272 147 400
140 371 209 406
74 72 19 430
24 88 2 229
274 12 416 466
151 187 56 129
341 330 444 468
230 213 166 310
228 222 273 493
294 93 8 16
378 285 134 363
245 215 151 283
327 290 211 246
139 261 114 129
186 327 158 163
128 330 75 124
341 67 82 109
25 48 314 400
68 171 63 251
0 20 35 41
133 327 368 389
45 78 145 267
258 278 344 370
72 304 134 258
45 15 48 200
1 159 191 494
369 252 4 14
277 118 228 467
234 55 406 466
341 34 56 195
359 226 79 107
77 188 309 310
344 213 46 89
163 166 384 402
385 31 25 127
37 7 60 145
328 133 171 458
237 350 435 452
3 157 242 268
231 385 261 432
311 233 76 176
177 269 315 499
290 258 104 217
20 329 60 147
372 77 4 20
46 4 358 495
370 164 138 232
18 173 224 368
34 367 123 321
28 34 85 362
263 225 10 25
17 262 447 460
52 40 224 464
25 26 114 276
161 219 271 482
60 376 118 140
211 165 65 301
140 10 98 198
70 61 93 314
80 311 110 150
6 102 331 410
351 36 16 34
193 105 7 20
340 386 12 24
309 210 5 75
251 285 70 198
338 317 341 478
331 308 10 55
153 96 167 324
226 392 28 264
375 116 29 176
182 255 25 99
18 231 52 110
284 11 10 21
338 90 60 357
58 194 3 327
51 161 74 222
46 240 238 360
52 290 8 55
379 46 320 470
299 375 45 424
58 183 301 330
71 107 143 189
346 165 194 208
111 90 236 241
1 65 302 468
184 297 141 432
291 69 47 239
232 0 270 277
273 217 209 438
266 269 272 475
154 110 226 320
214 144 272 375
6 216 7 176
120 215 104 459
268 42 12 419
222 138 29 276
80 224 359 434
12 282 7 425
257 83 232 405
249 329 63 65
279 353 213 268
56 359 34 451
80 40 374 386
168 220 150 210
373 46 319 489
311 305 41 125
330 210 160 167
325 79 78 478
67 234 256 405
298 91 376 451
124 158 2 5
39 343 72 190
144 24 107 117
103 239 44 148
229 301 296 369
138 333 274 362
72 284 145 231
85 394 51 183
175 353 257 292
34 131 65 267
343 47 136 275
330 251 37 308
270 228 37 198
253 264 141 386
63 360 67 125
22 69 124 328
237 107 102 481
40 385 1 1
0 307 327 362
16 101 44 54
28 107 176 272
316 215 127 314
93 394 29 121
355 324 312 457
156 157 220 311
354 51 8 116
175 25 185 385
221 147 29 52
173 180 217 278
185 386 45 47
152 336 69 291
288 163 121 126
145 68 122 325
259 205 91 358
103 192 62 262
238 373 149 329
322 393 47 407
313 253 174 404
159 151 17 310
198 339 127 226
159 71 136 204
183 37 51 438
13 158 8 352
24 354 49 92
160 228 107 283
21 110 129 455
282 59 29 75
139 193 166 423
81 49 217 410
342 296 28 250
5 91 2 18
204 281 11 73
42 323 169 462
300 127 9 22
364 264 20 186
330 376 97 310
136 120 31 98
346 182 1 491
186 91 31 78
370 235 114 270
80 103 257 309
230 23 11 115
197 130 18 233
165 277 51 245
276 166 323 384
345 306 175 317
259 216 199 234
195 190 286 334
167 307 26 227
153 92 98 263
89 332 89 329
296 169 44 90
66 193 122 394
2 151 270 302
281 127 259 491
198 390 109 111
277 84 188 233
147 218 380 448
245 319 239 301
82 21 331 363
387 355 120 207
109 389 236 342
196 222 317 473
91 369 92 100
333 295 155 404
60 383 94 485
57 290 0 7
14 198 81 107
380 136 33 58
348 317 371 384
192 313 26 40
228 100 219 500
328 356 112 195
46 195 282 453
397 207 46 94
148 116 220 220
144 24 396 423
68 326 152 298
278 352 165 231
104 318 69 256
233 1 158 287
49 336 140 220
275 112 52 96
225 278 33 57
292 180 62 75
151 94 24 26
72 347 162 279
321 386 204 424
307 352 135 179
151 153 8 37
119 261 70 213
250 93 96 301
286 137 135 213
353 164 6 406
184 52 470 471
179 81 240 435
196 53 60 352
182 276 38 235
297 219 78 342
267 107 1 6
121 22 431 492
132 234 45 86
125 68 146 454
7 348 100 404
371 67 208 400
148 167 88 134
126 396 98 109
59 354 165 214
86 260 157 425
242 169 79 225
134 380 200 468
385 190 2 176
128 282 68 310
369 98 251 491
226 261 254 322
359 108 4 22
71 47 127 232
92 286 134 167
358 295 87 266
305 369 25 142
51 167 33 61
349 127 240 334
249 282 86 341
57 210 306 434
115 249 19 66
12 281 125 400
213 214 269 414
190 69 134 323
390 159 84 102
368 383 44 130
101 314 5 209
29 107 158 271
368 220 158 239
209 383 150 234
49 168 1 420
140 266 261 435
214 104 177 409
65 111 19 439
45 53 199 286
49 71 254 482
162 307 107 303
49 35 193 302
395 157 132 159
135 317 306 341
201 371 17 26
118 360 63 67
89 162 54 65
254 159 50 328
27 130 9 87
384 145 90 170
215 336 17 22
245 377 90 117
297 217 79 483
334 94 215 255
384 71 47 75
160 300 224 262
165 307 404 472
87 335 417 433
25 151 30 196
205 319 6 142
336 170 198 381
165 168 84 120
327 312 3 127
170 272 17 42
310 118 27 432
268 277 186 224
79 164 146 281
281 45 345 369
178 264 49 399
191 247 152 224
244 5 23 92
129 85 187 415
43 85 11 15
203 80 180 474
262 318 191 289
16 205 259 438
121 267 88 304
342 120 78 126
25 398 78 148
303 144 19 266
211 164 428 482
253 57 80 92
396 303 211 255
62 307 27 172
71 348 379 385
392 335 280 402
138 279 119 212
300 29 18 102
314 18 31 33
55 192 72 99
249 199 28 136
305 182 34 299
277 310 157 437
51 48 17 64
275 236 436 480
365 60 170 342
378 80 360 371
64 258 483 492
230 390 66 208
194 44 9 266
236 280 1 340
192 269 99 256
16 148 47 149
118 227 18 52
176 382 33 142
391 53 178 385
112 349 236 321
56 297 144 401
33 326 234 259
303 195 70 116
209 384 34 314
12 64 26 152
16 65 0 14
10 341 83 452
62 23 93 210
249 391 38 213
263 163 294 371
294 317 61 475
267 252 15 36
344 331 58 86
132 13 128 161
119 122 115 124
327 234 157 248
329 27 326 413
37 349 131 427
87 356 29 298
100 260 106 120
157 153 85 93
8 380 220 372
364 243 103 118
201 372 178 270
156 282 331 375
138 214 27 114
362 240 81 87
54 311 11 19
383 147 8 73
239 344 265 426
152 113 18 52
199 1 100 112
351 110 15 16
41 181 314 338
331 78 25 116
273 191 142 207
216 150 50 69
14 151 57 188
385 337 84 212
196 176 62 236
306 42 95 211
226 380 28 51
236 114 32 387
214 206 3 68
89 141 104 212
184 300 72 136
112 15 34 150
64 291 120 336
137 167 171 259
89 1 3 95
381 155 151 235
35 28 166 170
42 183 116 352
249 257 43 113
256 326 416 423
386 351 7 263
165 5 168 250
276 156 80 127
181 91 4 93
359 185 148 236
40 47 322 491
64 211 17 66
29 277 93 142
67 192 142 401
246 141 315 333
28 29 38 139
374 360 142 157
295 357 123 210
144 24 210 301
260 397 360 360
365 178 416 429
43 323 27 341
111 24 32 118
284 27 7 463
41 107 314 391
303 257 143 153
319 282 82 152
335 305 302 441
346 288 12 63
386 176 301 317
31 27 138 139
247 312 100 414
281 331 170 182
265 288 364 367
123 10 7 96
214 30 126 241
338 76 400 402
183 60 161 198
35 38 43 80
40 229 142 325
334 316 41 377
369 110 130 140
118 241 118 226
278 184 90 451
362 254 116 436
116 68 90 354
15 237 278 296
24 272 98 409
332 339 105 454
378 264 1 1
100 136 56 199
213 74 63 281
346 319 323 367
97 336 17 43
214 15 40 200
81 139 57 140
340 141 24 212
79 60 167 249
313 94 247 330
22 56 30 248
176 309 56 310
16 345 280 291
52 184 63 214
214 182 1 2
279 127 12 97
395 20 101 160
49 2 8 73
272 293 7 299
359 270 132 306
317 247 22 250
196 272 97 160
266 24 177 327
32 132 69 95
356 232 2 2
268 164 354 368
80 251 4 222
76 209 202 349
114 132 90 92
159 383 17 31
194 366 86 189
77 118 114 348
26 221 35 51
362 199 89 98
349 219 81 227
324 116 308 311
235 6 110 375
103 166 13 54
234 34 127 312
36 285 38 194
161 319 284 335
95 167 40 101
85 104 151 264
179 279 84 86
215 323 1 9
353 261 176 243
384 39 66 92
391 201 139 319
329 18 41 268
54 278 88 388
20 117 64 196
48 172 478 495
254 296 246 258
378 170 4 239
259 380 259 375
275 342 165 286
199 385 66 181
241 34 132 245
111 139 91 94
237 244 127 197
14 381 5 15
235 160 142 231
258 80 112 137
147 313 20 263
109 290 9 14
289 134 180 278
58 15 36 146
196 305 42 289
202 220 313 367
318 187 146 220
73 334 24 332
50 372 40 119
259 177 427 500
217 306 42 121
196 375 102 471
19 360 40 108
284 25 58 249
379 332 211 411
330 39 198 359
182 279 295 353
187 68 61 220
245 261 162 377
272 209 448 460
122 300 112 221
34 214 197 264
335 243 1 33
17 385 21 195
261 264 189 234
313 293 355 448
119 121 24 55
334 62 351 366
162 336 255 273
161 79 132 303
214 332 1 14
188 301 66 73
330 7 44 142
157 81 0 2
71 37 98 335
208 77 295 435
221 280 208 274
139 387 106 272
225 165 64 308
237 74 65 151
279 366 66 183
52 239 269 288
21 306 132 405
50 18 24 100
204 190 105 164
128 125 115 372
89 19 45 170
134 60 16 23
40 238 57 78
94 156 0 97
154 15 101 248
16 70 87 318
226 384 212 440
140 163 18 452
89 1 73 153
316 234 277 377
334 240 83 141
9 65 9 184
208 293 13 146
13 47 147 207
180 179 90 107
7 64 8 159
162 135 25 61
183 27 68 482
228 260 119 252
189 64 153 462
249 313 306 373
114 364 185 229
24 242 219 378
93 129 233 314
360 157 136 152
62 18 219 261
171 148 187 356
253 211 79 152
383 299 5 6
105 291 58 134
216 151 211 399
28 283 212 465
384 57 269 313
133 60 56 66
93 229 158 379
99 208 110 263
15 369 0 377
274 21 8 430
17 370 82 474
350 211 258 327
204 254 21 427
195 252 352 372
235 312 194 364
243 161 57 430
27 278 31 462
389 154 184 451
107 226 191 198
264 352 11 42
227 291 291 415
57 239 171 270
174 120 242 271
188 185 29 413
126 155 9 16
364 100 297 439
23 31 17 17
375 261 239 347
333 60 15 294
74 291 321 321
138 174 166 187
203 98 51 138
51 317 108 255
185 78 86 443
93 348 62 283
98 143 179 332
2 96 125 221
126 376 279 487
176 150 202 372
46 6 118 177
314 125 125 327
185 204 265 271
131 61 110 442
392 384 111 137
312 291 18 54
359 305 20 95
268 282 188 193
23 193 107 427
313 359 132 135
110 213 150 313
38 243 8 312
219 82 86 204
53 210 19 25
316 83 65 373
58 298 50 148
62 384 168 199
291 380 125 188
215 292 172 332
103 33 26 43
151 296 214 275
382 275 7 7
185 178 446 492
84 247 48 299
52 108 188 192
336 332 62 73
303 43 233 349
220 107 314 453
25 42 159 159
49 281 71 384
115 379 8 144
102 147 306 479
234 115 333 351
306 338 277 313
318 29 118 466
353 266 128 134
277 226 8 462
296 227 276 339
338 164 70 386
179 190 28 286
170 131 76 417
202 165 211 349
63 216 63 73
137 364 53 306
105 378 116 139
252 155 153 458
363 190 60 99
51 294 123 143
396 125 5 23
111 165 183 224
223 319 199 279
282 2 107 287
115 262 418 453
384 352 128 174
398 58 72 224
30 313 20 426
323 157 151 288
165 378 277 327
131 254 125 139
132 13 139 244
291 221 205 311
211 223 43 66
174 277 2 16
245 147 51 56
52 221 209 239
266 91 9 12
19 90 226 313
194 308 13 48
312 261 51 125
133 137 42 213
159 32 46 58
135 34 124 135
88 303 8 10
349 324 89 493
58 169 57 306
245 304 119 189
163 118 0 13
334 3 18 195
235 376 140 226
41 142 199 466
376 133 25 139
166 48 196 308
99 170 96 333
191 217 81 93
53 12 154 253
323 12 182 394
57 310 28 48
48 96 245 303
70 182 13 13
283 357 1 3
280 67 12 29
312 77 214 241
73 148 124 463
207 135 137 203
257 87 14 37
30 21 57 431
197 63 20 260
318 140 112 159
376 128 242 482
262 238 394 470
5 167 85 130
382 373 4 100
159 18 46 295
214 313 390 422
295 222 107 168
21 220 170 293
133 190 17 81
84 282 2 97
389 202 357 381
293 175 34 75
270 76 121 133
169 387 1 345
100 336 4 7
54 20 12 16
206 329 59 144
157 179 81 168
75 53 132 181
213 149 43 404
16 372 13 18
308 356 82 179
396 60 281 319
220 322 48 71
238 245 24 429
211 32 50 323
228 340 36 57
101 163 60 104
324 149 67 373
316 382 23 202
77 181 210 242
207 44 125 444
44 253 66 68
63 196 392 483
236 52 0 21
146 264 20 49
129 176 0 111
1 215 72 404
349 197 105 228
125 204 41 327
96 79 1 87
70 91 3 83
157 336 235 260
243 356 289 370
307 345 227 231
82 304 323 435
67 15 137 330
338 299 92 124
277 140 44 117
294 24 94 187
335 277 16 379
281 229 145 469
155 353 422 431
24 190 28 131
174 331 3 206
5 45 184 306
114 163 68 273
55 164 145 195
158 300 12 50
271 296 152 356
16 12 20 44
109 12 365 433
389 71 392 432
35 378 226 354
259 224 34 243
185 94 192 350
325 38 157 197
72 388 40 399
183 300 17 393
284 212 12 77
146 171 84 159
217 315 79 172
94 330 16 182
335 288 56 283
120 314 17 20
120 397 75 330
20 219 60 101
78 332 18 208
249 154 209 225
265 382 122 174
167 199 79 192
6 283 75 90
39 197 17 34
200 49 267 276
212 3 188 298
100 349 9 72
331 135 45 115
241 258 136 143
228 42 416 416
78 274 11 76
154 150 80 276
236 50 27 284
239 63 111 172
354 315 96 175
84 137 427 480
342 30 194 277
329 383 255 327
104 36 115 245
365 149 113 323
18 36 91 303
164 265 39 72
71 312 122 167
202 148 114 230
246 256 0 64
214 208 107 181
357 325 93 114
1 211 319 424
233 188 32 171
372 222 40 113
170 354 103 204
348 8 188 342
27 372 20 32
243 30 39 90
277 361 305 347
114 288 139 376
183 288 270 309
357 235 112 440
303 203 84 84
327 338 54 352
141 394 246 459
132 257 42 75
344 364 26 122
25 377 54 273
336 340 98 172
303 317 100 346
59 15 27 28
107 261 75 80
363 164 72 358
321 248 223 486
383 269 278 465
51 112 286 451
177 247 22 63
380 136 61 73
87 329 17 36
119 237 120 271
270 274 52 442
317 76 159 266
387 2 215 391
260 279 10 94
275 119 151 432
219 235 84 93
247 198 16 27
24 262 167 211
381 200 111 278
193 191 483 486
394 153 2 45
382 38 18 137
332 243 0 52
291 18 188 195
121 322 138 144
6 291 177 257
308 386 102 174
251 96 314 465
390 267 185 395
6 89 292 431
273 334 47 64
175 367 73 288
302 67 105 107
324 167 183 434
20 86 5 7
196 356 16 52
98 263 52 188
378 254 104 201
50 39 96 138
71 28 21 48
12 184 13 59
31 300 78 159
114 101 471 476
105 381 93 103
292 255 326 374
43 153 114 129
392 128 9 18
26 125 0 8
150 373 10 76
314 16 122 231
40 318 342 378
281 64 109 365
257 392 60 176
2 304 94 240
243 335 245 407
76 204 102 420
137 298 109 160
34 169 0 2
284 164 3 23
170 367 341 369
261 194 47 136
348 162 187 241
100 84 22 96
270 84 406 424
164 16 23 252
32 5 20 264
80 175 115 144
174 171 122 256
238 121 0 0
235 315 41 138
79 200 45 174
1 119 117 142
192 238 30 43
226 3 109 261
195 392 339 395
208 105 209 472
198 83 13 249
209 160 256 297
297 121 2 145
324 319 29 74
42 243 48 66
228 349 151 366
396 275 330 367
217 72 67 89
297 127 117 207
389 374 236 297
67 209 11 62
302 333 36 393
310 194 282 310
113 130 201 308
47 25 335 351
340 280 195 494
165 224 33 281
388 114 300 433
77 135 12 209
372 276 120 327
153 175 204 463
36 326 174 332
73 303 110 151
323 41 159 310
348 323 135 176
260 160 116 161
342 284 183 305
396 32 76 80
280 65 21 243
160 75 118 473
304 238 58 192
322 250 89 94
143 387 145 234
250 335 251 421
59 175 78 422
103 347 12 414
298 17 1 5
128 121 91 133
22 377 245 500
73 378 32 59
212 126 167 245
232 134 393 395
227 3 21 61
382 376 79 331
358 29 117 244
184 278 94 97
265 287 405 440
26 164 14 90
322 323 271 320
268 291 161 371
130 218 125 281
104 139 192 315
46 41 14 59
278 169 84 154
136 363 258 294
16 339 101 198
203 75 187 332
0 203 335 426
367 240 61 95
353 8 305 452
42 235 13 191
375 9 421 472
358 354 112 309
8 351 297 395
367 157 110 257
346 235 32 266
124 276 131 164
134 50 5 64
181 42 186 192
354 278 89 107
30 21 16 16
27 272 104 137
224 325 47 90
139 63 298 438
7 74 34 40
248 348 46 92
83 283 140 352
235 112 281 460
226 396 18 125
55 376 5 10
82 339 32 481
30 195 122 341
376 283 37 155
55 232 43 236
158 224 265 300
396 294 58 187
106 208 99 438
318 304 341 363
350 261 53 478
121 114 150 175
1 357 436 469
328 201 134 240
181 110 65 321
367 122 59 369
374 81 155 405
356 312 194 198
23 342 113 224
320 189 242 409
130 298 183 359
47 103 128 471
364 230 321 490
36 316 46 89
350 237 71 114
139 398 83 358
190 238 221 374
2 65 104 302
300 268 56 439
269 65 38 126
52 99 127 170
309 317 28 247
289 314 22 157
136 186 91 273
208 126 72 341
269 354 88 110
13 85 93 243
67 36 382 497
147 219 100 162
10 27 8 17
283 121 33 409
273 331 248 252
152 396 6 26
117 185 438 446
334 273 4 202
96 162 92 465
187 217 195 201
390 44 27 38
173 60 29 122
343 297 50 175
2 320 280 376
180 214 24 92
227 48 136 215
103 20 102 437
28 82 262 267
122 272 6 51
281 258 6 12
375 76 322 353
132 278 127 490
271 121 275 393
370 141 262 383
185 7 317 338
212 272 157 398
282 73 5 20
396 227 33 132
231 43 116 348
129 3 349 434
210 352 212 337
139 224 35 88
15 146 94 469
265 308 295 452
43 233 2 43
313 81 53 96
93 392 45 137
56 341 222 369
31 200 270 430
229 67 259 289
289 63 90 100
351 188 131 207
151 65 45 69
138 57 402 459
396 258 310 383
382 4 145 255
285 350 175 227
53 347 22 49
331 378 46 159
187 128 43 60
151 110 153 391
165 377 36 272
247 395 86 113
25 353 78 112
231 48 58 130
313 116 8 154
341 1 179 194
234 138 100 149
195 68 72 340
315 70 8 17
357 101 0 164
132 116 326 373
23 393 329 472
344 367 29 402
150 307 83 120
320 210 114 116
36 67 13 95
40 11 41 442
316 72 112 119
172 5 261 379
198 154 110 130
348 383 14 16
191 20 334 367
70 15 356 363
9 182 34 44
272 111 94 163
310 211 268 475
371 156 30 81
181 4 15 43
356 54 274 297
293 353 241 466
169 360 35 67
255 155 126 257
12 109 162 342
84 144 81 86
383 304 1 5
396 17 425 444
11 287 1 17
223 111 117 128
19 81 37 326
339 127 2 143
121 183 2 4
333 368 229 288
43 28 45 154
327 106 10 75
203 278 168 486
296 319 81 82
44 289 230 364
160 354 114 446
15 67 358 430
108 62 85 92
4 306 43 118
202 95 3 9
23 193 309 466
42 156 352 444
0 250 89 298
276 40 13 54
199 176 67 86
282 205 38 289
150 361 27 126
250 275 70 150
296 186 42 85
154 354 74 94
199 277 104 232
190 257 44 255
47 34 123 256
62 82 75 499
55 142 9 64
120 8 152 378
297 179 78 397
334 134 162 293
161 276 49 231
61 228 179 447
342 205 157 414
46 360 4 25
25 64 212 482
198 188 2 3
159 54 102 287
206 223 196 286
93 237 376 418
249 329 108 192
279 226 27 45
12 247 204 291
111 85 12 12
131 198 5 181
112 349 264 493
311 123 2 435
242 275 15 76
122 23 296 400
44 60 382 406
205 269 30 465
38 351 43 112
275 316 193 249
108 63 413 414
113 358 147 334
214 382 221 297
162 283 122 326
336 140 39 119
81 219 2 12
345 235 117 368
303 305 53 163
102 304 70 188
249 171 283 306
60 276 299 329
163 250 46 101
180 265 110 413
366 343 138 190
318 18 58 316
80 82 253 484
192 360 85 282
264 174 0 179
87 398 216 310
227 84 58 251
238 389 40 226
358 363 110 366
100 163 391 463
142 271 109 240
234 159 18 44
314 124 35 285
159 215 30 122
78 263 7 19
194 75 348 394
13 349 136 136
197 285 22 389
105 119 31 244
361 248 151 159
195 323 69 157
116 345 18 21
262 335 255 267
294 274 304 412
109 64 25 42
282 260 45 54
16 213 9 265
371 341 279 330
9 286 219 348
42 262 44 156
124 56 4 18
208 87 171 207
332 154 4 113
304 13 0 0
4 69 129 343
259 283 432 476
156 388 118 195
69 160 137 150
352 358 45 277
3 177 284 426
136 39 229 398
151 181 60 343
334 291 10 216
381 152 165 345
197 205 91 108
221 117 15 142
155 395 72 389
349 396 459 465
289 213 55 95
65 392 7 148
23 130 3 3
196 302 11 216
390 271 78 105
251 216 321 321
112 311 121 355
75 299 57 59
169 256 13 41
198 100 384 454
217 209 60 195
382 307 136 267
83 43 172 482
326 342 361 380
108 305 19 163
367 397 6 43
177 4 181 268
105 320 46 168
315 211 7 10
122 380 43 386
289 378 172 192
199 190 206 286
59 64 21 378
25 47 44 471
306 216 31 306
72 169 85 158
126 369 44 55
118 265 7 37
269 236 53 160
283 380 266 331
368 27 259 348
241 320 42 104
328 151 32 41
317 365 128 153
33 105 91 274
138 132 37 378
357 70 49 265
117 296 38 143
309 383 100 312
242 358 19 132
396 384 14 326
61 305 345 421
192 327 244 320
19 341 184 283
282 316 12 153
20 316 115 439
199 394 378 495
25 241 321 389
222 65 70 287
309 127 2 70
109 117 136 157
158 142 43 183
372 265 55 146
289 141 132 223
209 330 17 305
205 106 63 106
389 362 96 125
286 89 2 56
335 154 92 154
157 224 187 249
96 166 5 245
298 245 210 498
63 349 125 491
45 234 75 218
53 43 207 486
161 108 63 107
40 387 246 271
296 161 160 227
273 79 396 484
110 63 367 418
86 23 75 107
122 43 145 220
340 175 30 84
118 109 80 265
281 372 67 397
50 293 15 17
27 202 74 95
141 290 36 489
24 333 232 481
119 204 253 278
19 32 233 323
236 72 25 136
161 332 178 476
344 252 261 335
344 170 40 334
350 200 1 5
353 289 128 427
90 235 278 389
294 249 246 343
351 127 330 371
376 57 7 78
321 140 193 360
147 163 5 48
252 338 257 354
47 80 1 1
65 288 98 388
183 24 129 246
362 247 85 102
141 27 271 365
347 294 63 158
52 289 396 442
296 156 24 90
362 338 203 470
38 68 159 486
330 74 101 152
284 201 432 432
128 365 381 421
374 319 48 212
374 185 170 182
278 146 136 141
394 151 287 497
199 336 99 128
157 272 441 461
327 124 45 214
378 178 143 468
231 67 332 420
73 95 56 78
191 106 14 287
194 188 146 337
145 320 177 203
211 320 2 2
208 142 151 162
148 313 351 420
282 104 28 31
0 238 45 52
142 69 66 351
335 131 136 257
103 179 103 249
277 312 119 187
5 397 135 302
228 113 150 426
91 94 65 138
108 337 348 423
216 214 117 208
225 165 227 250
219 57 61 365
93 1 99 129
259 249 121 461
28 22 136 351
254 85 55 310
200 13 118 136
75 273 294 348
155 31 18 128
324 389 176 409
317 152 5 5
265 32 12 83
148 1 135 279
292 287 165 356
191 274 111 246
34 11 398 439
52 235 412 488
105 183 39 232
160 245 200 384
159 274 168 247
240 281 308 333
282 392 101 112
301 142 22 54
377 289 143 490
296 213 228 408
113 36 47 142
205 236 222 293
173 377 124 190
85 359 17 88
194 160 64 209
86 6 78 148
125 175 7 8
389 266 12 194
7 29 26 461
228 289 21 414
367 390 99 287
180 55 36 159
127 170 26 115
140 27 210 478
350 354 198 282
220 381 48 109
260 353 9 124
386 344 48 480
32 316 46 119
393 268 26 53
255 48 55 92
109 17 277 383
165 9 42 355
347 374 30 219
18 23 167 397
390 41 195 259
386 302 102 207
44 355 50 58
239 282 10 442
85 355 12 138
213 9 43 308
1 169 477 493
128 12 53 94
301 26 170 483
180 385 256 327
3 110 31 64
314 319 281 386
337 196 249 476
52 222 209 281
88 80 177 344
122 390 6 13
140 10 163 495
342 266 13 159
257 122 11 11
196 88 88 405
279 396 130 487
250 202 369 369
47 235 1 1
349 108 28 31
231 323 32 292
293 227 3 168
138 293 115 441
22 3 340 437
365 222 140 494
25 315 186 358
82 195 399 439
357 167 123 160
247 189 49 55
386 169 74 433
163 133 93 152
26 263 71 210
242 149 104 323
217 357 0 303
385 39 13 210
278 183 71 193
159 201 43 61
310 136 47 267
293 170 103 116
206 217 322 378
158 394 169 338
308 197 29 36
150 192 186 495
28 42 272 391
28 264 105 114
30 24 3 15
64 188 73 239
210 98 93 176
10 220 211 273
27 260 112 330
83 376 104 399
70 167 3 6
122 231 355 357
114 251 85 147
376 182 294 494
356 228 177 423
151 386 82 280
312 101 50 299
323 167 42 96
25 127 20 113
281 325 68 77
353 48 180 189
337 388 21 56
141 62 44 256
352 329 176 319
366 217 45 61
221 57 48 172
82 358 20 35
86 132 6 263
308 146 118 325
116 279 142 308
201 321 248 407
382 212 6 118
210 60 93 309
297 138 125 151
370 178 37 44
127 77 24 152
31 62 34 35
118 135 347 480
17 41 202 364
35 108 41 50
252 156 16 393
245 8 59 176
262 346 344 456
219 336 229 248
8 383 228 437
