400 3200
0 1 208 208
1 2 336 360
2 3 0 0
3 4 151 151
4 5 17 73
5 6 18 46
6 7 36 93
7 8 116 173
8 9 186 198
9 10 228 269
10 11 66 210
11 12 180 343
12 13 45 102
13 14 101 439
14 15 7 13
15 16 307 335
16 17 96 209
17 18 120 279
18 19 66 70
19 20 77 99
20 21 287 401
21 22 390 485
22 23 14 157
23 24 179 346
24 25 380 439
25 26 372 448
26 27 35 42
27 28 5 19
28 29 5 85
29 30 295 439
30 31 29 49
31 32 141 210
32 33 197 479
33 34 52 267
34 35 100 346
35 36 22 158
36 37 269 343
37 38 172 418
38 39 0 9
39 40 234 375
40 41 327 495
41 42 111 374
42 43 62 140
43 44 87 395
44 45 3 51
45 46 105 224
46 47 43 455
47 48 133 147
48 49 17 144
49 50 34 65
50 51 0 9
51 52 312 340
52 53 97 106
53 54 40 133
54 55 144 246
55 56 15 26
56 57 176 287
57 58 70 73
58 59 77 295
59 60 81 350
60 61 27 51
61 62 197 207
62 63 171 347
63 64 112 207
64 65 19 25
65 66 12 268
66 67 46 332
67 68 204 257
68 69 14 473
69 70 259 293
70 71 244 452
71 72 30 68
72 73 62 69
73 74 152 404
74 75 107 199
75 76 54 82
76 77 167 464
77 78 99 174
78 79 240 376
79 80 45 363
80 81 305 442
81 82 202 312
82 83 133 376
83 84 133 174
84 85 48 135
85 86 338 448
86 87 189 214
87 88 5 483
88 89 165 332
89 90 23 311
90 91 45 57
91 92 30 475
92 93 80 225
93 94 273 289
94 95 77 204
95 96 90 118
96 97 349 452
97 98 86 287
98 99 1 1
99 100 47 309
100 101 94 163
101 102 2 264
102 103 314 443
103 104 84 178
104 105 348 455
105 106 146 312
106 107 2 7
107 108 387 465
108 109 191 346
109 110 35 499
110 111 41 86
111 112 51 68
112 113 89 467
113 114 162 349
114 115 7 33
115 116 192 378
116 117 78 377
117 118 22 462
118 119 185 356
119 120 10 62
120 121 3 9
121 122 1 13
122 123 7 14
123 124 12 123
124 125 124 430
125 126 62 269
126 127 268 276
127 128 117 421
128 129 14 62
129 130 12 139
130 131 167 293
131 132 203 485
132 133 103 281
133 134 8 9
134 135 116 401
135 136 83 116
136 137 248 404
137 138 83 194
138 139 325 432
139 140 160 374
140 141 119 278
141 142 24 68
142 143 4 30
143 144 57 60
144 145 21 22
145 146 42 53
146 147 70 113
147 148 12 357
148 149 183 280
149 150 0 6
150 151 10 36
151 152 174 484
152 153 78 284
153 154 7 101
154 155 19 126
155 156 60 372
156 157 91 97
157 158 108 291
158 159 24 485
159 160 314 424
160 161 36 120
161 162 50 247
162 163 305 310
163 164 371 415
164 165 59 78
165 166 6 9
166 167 1 35
167 168 198 243
168 169 231 303
169 170 129 284
170 171 84 158
171 172 54 495
172 173 42 290
173 174 97 190
174 175 59 276
175 176 342 373
176 177 155 335
177 178 17 132
178 179 25 33
179 180 39 185
180 181 23 315
181 182 10 105
182 183 61 377
183 184 12 33
184 185 12 130
185 186 57 403
186 187 90 96
187 188 185 320
188 189 220 262
189 190 289 463
190 191 42 131
191 192 24 33
192 193 192 368
193 194 285 386
194 195 75 454
195 196 320 466
196 197 2 6
197 198 85 117
198 199 234 309
199 200 189 475
200 201 441 476
201 202 56 278
202 203 3 458
203 204 298 321
204 205 57 195
205 206 40 243
206 207 7 302
207 208 124 275
208 209 375 464
209 210 169 460
210 211 120 197
211 212 16 482
212 213 31 87
213 214 5 63
214 215 47 67
215 216 3 253
216 217 5 10
217 218 456 474
218 219 138 414
219 220 3 7
220 221 9 88
221 222 84 166
222 223 58 65
223 224 216 405
224 225 48 172
225 226 167 470
226 227 261 291
227 228 106 440
228 229 10 423
229 230 438 453
230 231 99 230
231 232 94 273
232 233 231 400
233 234 18 143
234 235 233 245
235 236 94 300
236 237 7 7
237 238 65 297
238 239 54 217
239 240 349 404
240 241 37 157
241 242 365 447
242 243 157 289
243 244 17 92
244 245 232 394
245 246 14 306
246 247 0 27
247 248 10 210
248 249 136 340
249 250 265 460
250 251 0 0
251 252 385 489
252 253 48 188
253 254 40 487
254 255 47 302
255 256 87 415
256 257 120 287
257 258 109 314
258 259 100 143
259 260 205 294
260 261 28 375
261 262 15 430
262 263 299 378
263 264 315 349
264 265 2 433
265 266 42 161
266 267 157 336
267 268 81 225
268 269 46 191
269 270 4 205
270 271 107 201
271 272 20 159
272 273 175 311
273 274 36 215
274 275 205 487
275 276 232 339
276 277 27 99
277 278 2 213
278 279 38 172
279 280 12 399
280 281 412 440
281 282 354 452
282 283 172 332
283 284 2 135
284 285 37 126
285 286 231 428
286 287 227 264
287 288 74 401
288 289 23 286
289 290 16 367
290 291 115 260
291 292 7 386
292 293 19 284
293 294 189 233
294 295 109 171
295 296 27 34
296 297 134 189
297 298 9 39
298 299 21 492
299 300 25 90
300 301 352 406
301 302 32 438
302 303 227 344
303 304 53 285
304 305 42 80
305 306 211 233
306 307 82 172
307 308 95 112
308 309 249 296
309 310 21 156
310 311 248 459
311 312 212 455
312 313 28 128
313 314 24 55
314 315 46 96
315 316 83 250
316 317 3 365
317 318 53 104
318 319 84 124
319 320 23 426
320 321 32 208
321 322 186 308
322 323 37 117
323 324 46 51
324 325 204 258
325 326 52 239
326 327 15 76
327 328 212 311
328 329 42 272
329 330 167 327
330 331 72 72
331 332 54 376
332 333 5 111
333 334 234 260
334 335 281 393
335 336 3 11
336 337 64 162
337 338 35 437
338 339 149 423
339 340 0 269
340 341 271 434
341 342 95 475
342 343 259 414
343 344 137 427
344 345 2 49
345 346 236 326
346 347 268 352
347 348 124 305
348 349 282 400
349 350 10 17
350 351 374 385
351 352 111 366
352 353 41 130
353 354 29 128
354 355 213 316
355 356 134 172
356 357 205 399
357 358 137 223
358 359 17 392
359 360 221 496
360 361 146 150
361 362 25 71
362 363 250 451
363 364 111 271
364 365 472 488
365 366 64 318
366 367 494 497
367 368 180 273
368 369 213 263
369 370 31 67
370 371 158 178
371 372 7 13
372 373 46 80
373 374 343 373
374 375 5 15
375 376 133 183
376 377 348 432
377 378 167 347
378 379 169 346
379 380 79 94
380 381 123 221
381 382 78 291
382 383 241 495
383 384 28 102
384 385 28 124
385 386 85 131
386 387 346 375
387 388 45 228
388 389 25 28
389 390 118 254
390 391 77 106
391 392 121 400
392 393 72 148
393 394 2 13
394 395 26 297
395 396 70 422
396 397 96 190
397 398 296 375
398 399 232 256
399 0 59 271
66 212 355 480
208 27 103 402
311 362 9 16
61 362 47 355
154 388 86 232
102 367 39 474
75 275 56 110
148 311 93 133
239 156 18 40
237 249 77 214
114 306 44 54
276 73 14 317
389 33 156 402
269 173 160 349
148 252 282 383
39 226 156 171
217 35 117 423
309 83 175 214
103 151 271 412
37 251 3 313
284 287 52 71
120 17 24 39
224 248 6 9
294 80 19 33
246 253 131 229
295 250 20 56
307 265 13 13
267 245 374 378
222 178 76 197
92 122 313 374
54 119 222 226
102 313 132 225
88 336 161 239
286 34 20 237
239 190 399 402
256 363 157 201
9 91 451 453
5 105 12 18
106 152 14 387
5 211 45 62
15 97 213 309
142 328 3 5
40 225 28 269
190 350 0 1
54 229 370 476
66 243 404 453
192 382 203 398
164 313 328 458
302 12 5 72
20 268 49 79
25 363 79 94
398 148 217 311
272 2 251 453
181 199 427 495
358 271 266 356
218 132 97 366
57 214 455 455
209 175 115 200
130 311 80 125
322 90 42 86
62 373 53 59
87 381 356 407
277 255 62 73
298 51 86 132
35 203 240 410
365 303 43 155
306 271 488 492
380 255 107 133
353 146 134 267
339 143 122 157
102 366 56 456
62 89 169 183
53 183 9 217
256 46 58 256
57 360 396 470
333 153 4 15
115 366 174 359
324 339 290 446
121 241 2 13
164 119 80 261
302 149 145 163
20 278 382 430
134 175 144 279
51 201 92 345
212 93 199 226
262 98 156 314
220 190 48 145
0 375 4 4
318 161 59 288
29 9 128 156
273 326 218 259
311 0 240 459
178 75 34 213
7 285 117 123
217 249 11 186
3 323 413 466
168 119 269 469
47 202 160 423
149 294 296 461
31 372 14 114
133 66 17 43
359 166 40 113
289 371 23 157
291 312 75 87
157 16 31 304
376 265 198 207
127 164 68 408
173 228 40 92
2 65 56 351
142 102 106 120
109 264 137 287
22 152 69 174
284 180 7 28
157 59 5 114
154 37 46 332
269 133 194 249
152 279 46 260
77 24 51 87
319 136 265 285
199 21 53 499
87 210 185 409
314 219 46 297
248 205 148 488
189 264 345 451
24 86 187 298
166 294 12 16
294 237 9 46
179 120 2 32
161 324 199 226
12 274 60 188
321 350 295 488
25 185 81 84
183 23 202 487
368 145 75 384
59 350 68 412
167 58 198 316
156 149 18 335
290 19 78 238
244 176 6 6
149 127 136 176
153 74 51 246
86 245 214 365
218 306 103 234
16 59 141 229
379 279 22 68
41 58 0 5
297 367 118 379
203 142 160 160
159 137 81 493
15 246 51 110
221 374 108 169
5 364 9 262
158 143 95 378
373 270 202 232
173 259 8 62
312 249 2 156
374 300 174 252
112 33 294 337
121 397 137 385
154 388 26 65
155 144 10 11
250 316 243 260
58 319 183 405
192 270 6 6
268 97 235 336
364 137 259 344
389 395 130 225
120 381 61 458
338 298 260 322
6 33 0 2
243 373 81 242
60 84 243 430
263 107 259 416
158 30 149 325
87 314 274 337
308 41 71 289
247 176 58 137
310 253 226 280
364 327 184 336
124 353 43 176
220 156 4 428
280 197 24 97
353 130 93 374
4 194 89 145
14 79 101 387
30 397 112 214
398 251 154 404
192 261 6 177
123 250 91 107
380 58 173 384
62 173 151 154
219 284 21 367
34 63 60 372
182 359 20 110
295 217 58 107
283 240 27 99
31 151 35 71
274 284 138 188
35 373 2 13
231 152 51 55
300 272 223 337
58 162 276 400
251 99 6 40
390 265 80 116
41 295 63 104
352 343 301 459
179 286 184 356
367 116 19 277
348 4 72 152
197 92 203 418
85 364 135 218
209 225 46 462
37 236 10 353
14 270 16 239
365 283 24 63
186 41 377 488
365 274 32 80
268 98 95 101
198 17 115 216
186 362 90 202
387 79 24 73
42 44 125 365
365 363 4 94
70 60 144 322
91 340 341 377
244 160 93 105
347 341 245 301
16 226 361 375
248 340 98 319
167 224 278 299
259 66 6 148
147 31 132 366
195 47 36 473
305 328 198 213
209 367 132 391
163 394 22 28
283 79 313 418
382 139 45 96
309 136 16 197
48 81 30 150
70 380 3 40
123 131 405 453
144 354 134 185
310 43 119 265
11 261 142 247
237 48 13 66
354 377 74 103
17 107 33 38
341 374 144 254
48 308 80 131
331 118 161 178
99 318 49 54
274 21 237 394
317 238 42 53
7 269 389 493
64 310 87 88
56 176 197 286
38 236 21 22
55 257 27 394
369 396 50 94
200 44 154 264
148 131 143 370
277 229 19 75
244 386 124 276
150 1 59 108
5 37 322 380
163 125 296 362
143 298 23 88
247 1 424 431
342 168 9 9
10 326 144 430
290 148 197 280
356 386 131 202
173 349 79 380
10 108 268 359
333 105 483 494
213 130 58 139
341 398 0 1
301 310 122 467
106 78 98 429
289 343 304 365
335 127 136 258
102 24 11 354
326 218 298 391
212 203 79 187
27 87 68 385
32 349 264 376
125 257 184 307
207 374 55 201
327 279 21 349
185 128 1 1
124 115 139 388
389 14 325 449
303 376 63 119
346 337 5 60
177 315 39 110
35 341 138 151
271 64 79 442
128 63 52 272
138 75 28 143
100 85 8 69
225 116 91 145
255 110 292 307
134 283 6 162
387 29 106 229
379 327 15 222
310 260 246 414
211 66 128 213
122 110 60 173
208 61 88 338
391 113 34 110
176 23 212 234
183 174 63 157
144 372 222 314
169 240 242 439
127 359 101 224
372 321 182 393
397 111 23 228
177 340 312 328
108 362 8 66
223 331 28 216
58 335 73 455
321 45 264 303
364 181 380 384
387 53 237 252
191 188 95 249
256 242 203 422
194 165 22 33
258 310 234 287
359 111 434 472
190 254 22 259
251 354 12 97
384 325 312 424
63 170 122 126
336 288 199 351
93 309 256 270
342 246 407 475
331 315 220 312
304 337 75 419
64 150 2 3
65 66 276 495
322 304 2 38
104 46 71 161
385 370 408 474
319 47 0 4
274 391 35 412
243 17 185 431
115 318 129 220
155 223 110 128
277 50 247 402
62 131 127 239
236 228 56 67
278 160 345 464
284 301 147 448
153 292 60 246
172 192 281 429
317 139 127 209
26 186 23 342
355 70 77 199
310 137 136 253
338 187 84 94
209 28 454 483
72 242 32 147
343 261 29 51
201 75 9 72
79 78 5 7
140 257 55 358
23 155 0 282
52 386 5 398
74 83 55 254
326 144 359 396
147 11 22 348
344 388 113 389
62 167 29 203
144 255 211 324
303 7 13 90
85 178 50 161
225 125 83 86
289 256 188 204
7 8 102 120
92 314 107 203
396 90 47 488
117 264 23 160
268 328 204 492
108 389 167 318
235 276 53 187
336 322 112 429
284 152 142 310
102 371 50 126
222 337 290 397
187 372 1 216
47 136 110 179
92 347 5 165
102 95 21 349
317 147 34 134
156 69 239 404
378 191 13 147
0 170 235 272
332 97 17 244
73 105 141 428
348 24 361 445
337 195 86 92
352 227 72 293
70 263 250 450
101 346 125 223
247 153 220 461
7 168 62 139
344 60 286 305
254 360 133 341
143 338 5 114
311 395 1 6
355 19 90 208
154 196 138 470
380 130 93 171
398 156 297 390
101 321 79 87
227 59 132 171
43 365 41 72
143 392 61 359
118 363 149 350
303 268 258 344
316 35 4 126
197 243 167 346
54 252 59 113
207 143 114 212
35 67 30 186
268 112 114 178
295 287 6 28
106 56 49 316
127 303 137 354
226 12 154 307
372 308 53 324
258 85 47 85
386 353 60 74
351 180 35 257
376 34 340 438
184 269 91 92
229 90 218 231
35 312 72 214
185 94 173 249
55 381 53 80
209 295 142 171
325 213 111 131
168 69 235 423
109 268 269 400
99 195 106 213
103 153 2 304
353 366 51 72
101 270 130 255
311 155 28 148
320 326 371 430
91 28 274 336
25 51 229 317
16 329 3 62
354 247 2 235
319 58 486 494
389 60 289 475
114 89 0 323
253 271 36 76
283 66 173 320
23 374 159 283
350 352 216 234
341 1 139 214
310 104 19 300
357 251 129 425
300 199 185 376
256 72 119 290
192 13 147 463
276 123 16 32
304 334 31 496
388 169 3 26
156 302 94 99
178 124 159 211
251 98 5 53
157 163 183 312
7 354 22 24
339 327 91 142
132 12 20 30
183 220 79 352
135 248 27 334
77 43 17 189
113 237 0 94
361 214 359 374
10 149 11 170
265 305 305 398
380 316 133 244
73 191 131 263
149 305 1 14
249 358 4 322
388 255 11 175
380 55 1 114
103 102 211 217
158 163 28 191
283 268 141 235
84 159 202 490
190 340 135 182
275 247 246 387
88 158 255 276
322 206 300 445
163 211 40 177
283 60 54 123
263 344 233 456
128 61 21 21
21 114 1 476
154 147 18 278
391 77 159 188
234 247 471 498
167 215 22 29
312 335 168 258
182 142 13 15
279 54 0 286
388 305 23 90
270 38 104 316
216 191 49 491
170 236 283 438
349 31 187 226
26 167 126 354
82 353 84 389
127 268 117 247
239 33 59 264
202 277 27 75
33 392 137 185
26 259 33 71
53 109 26 364
307 293 80 238
83 74 137 224
13 303 311 443
317 287 230 264
209 342 1 204
356 78 40 134
19 346 27 36
25 172 181 209
158 359 11 12
198 338 58 145
263 390 110 252
398 316 187 483
351 33 12 54
42 57 49 337
220 352 0 250
93 290 298 389
177 392 70 71
269 95 34 41
235 397 37 200
167 140 305 399
165 134 18 96
218 284 130 384
27 68 88 145
383 104 75 108
236 322 3 8
204 80 53 199
181 183 180 190
99 146 100 330
53 325 21 35
339 217 32 76
246 230 3 8
57 261 24 57
114 189 248 326
276 7 174 201
78 261 83 160
119 95 81 279
132 232 107 497
385 276 401 418
101 185 350 350
211 213 253 460
131 386 14 19
275 149 26 35
156 85 71 237
87 15 150 174
322 237 160 469
388 285 195 245
314 157 128 270
13 77 115 448
396 74 21 223
239 144 46 439
7 149 33 127
95 369 54 137
275 60 122 164
41 258 87 274
359 353 55 110
361 58 288 336
3 398 71 71
211 298 2 47
16 291 43 435
49 129 26 118
161 232 69 193
274 314 40 286
374 186 207 263
354 95 14 38
29 207 27 437
98 234 345 476
64 59 142 407
359 146 69 142
2 83 187 264
322 136 92 170
151 358 69 277
358 303 368 488
228 157 67 156
293 224 316 335
198 112 158 163
390 195 12 388
155 260 78 163
254 282 36 445
108 125 159 376
157 28 57 382
310 231 131 235
261 258 70 105
85 4 19 20
133 69 54 161
329 8 9 18
249 213 304 347
370 2 84 335
87 151 139 215
16 50 63 384
394 88 94 268
327 78 15 19
292 224 2 67
332 326 61 96
107 282 129 168
296 272 22 26
228 251 137 303
151 122 182 256
247 55 50 309
94 116 133 216
136 380 370 424
206 43 201 227
212 7 3 7
70 82 119 437
276 287 279 328
112 279 104 412
97 76 40 476
337 243 11 25
231 76 60 117
162 17 2 31
341 177 96 211
319 91 125 432
351 4 20 40
308 398 96 237
266 356 60 62
104 214 204 387
260 208 73 421
53 316 8 21
113 391 86 243
311 235 48 119
284 184 458 477
162 297 462 472
177 291 290 307
366 149 344 487
12 272 4 172
171 292 183 449
127 110 202 217
82 353 98 118
233 304 311 471
121 280 89 342
300 346 16 32
167 125 296 436
387 344 214 351
226 374 151 303
397 231 4 366
169 188 59 126
81 193 80 300
117 48 283 408
208 239 15 27
57 295 51 65
72 230 243 422
262 55 216 309
388 61 223 266
332 336 66 124
57 215 140 147
335 18 136 437
17 8 159 211
286 378 17 32
352 252 35 449
65 244 30 101
236 292 258 413
233 177 286 441
148 42 17 243
270 223 119 299
243 3 15 264
298 193 160 313
301 13 79 428
214 396 105 141
142 215 184 442
80 3 90 284
148 295 37 57
388 378 73 113
108 342 216 298
243 163 107 119
257 9 25 65
14 187 38 81
314 16 359 423
129 286 260 301
194 398 105 482
343 385 108 173
388 226 123 298
29 221 178 300
162 219 169 308
232 63 8 29
328 107 298 375
347 363 245 475
260 357 70 267
319 190 62 96
158 45 249 377
180 235 1 3
349 376 71 164
244 353 82 459
328 46 191 294
81 57 391 428
73 376 15 302
268 393 303 412
118 104 144 440
220 10 146 160
123 266 5 61
223 142 20 361
281 340 116 220
240 257 60 63
289 97 287 295
237 141 4 18
85 311 85 100
58 93 259 394
310 140 4 6
266 130 130 151
77 279 10 10
259 162 219 499
3 330 15 291
335 54 80 146
145 262 94 465
308 117 217 254
202 99 164 227
304 71 274 294
391 325 64 132
140 150 141 152
205 9 166 186
201 356 11 122
120 145 283 292
384 130 46 348
33 270 15 36
357 192 418 486
65 361 171 377
114 88 52 403
95 272 116 376
147 397 19 40
387 260 167 241
240 350 143 223
385 112 99 336
112 69 78 224
65 75 46 352
232 27 176 341
366 353 212 349
189 362 63 309
165 152 75 75
212 164 54 381
230 214 281 391
19 189 293 452
270 61 94 117
130 198 54 88
92 229 142 195
396 374 86 160
154 127 264 408
311 123 99 307
148 343 181 380
22 264 5 214
182 180 21 49
135 312 55 57
88 274 158 187
114 84 91 97
255 69 127 411
90 333 203 300
270 337 210 345
308 75 50 246
237 93 7 44
297 241 35 117
236 194 124 231
156 369 34 99
334 303 6 12
5 24 317 365
190 92 291 363
107 380 90 165
181 160 76 422
148 192 150 214
242 14 339 433
267 375 145 329
342 344 241 291
284 14 39 100
0 299 246 265
121 53 22 448
202 203 75 152
279 252 381 436
350 93 389 455
16 96 132 165
255 78 173 342
2 130 370 450
225 118 18 37
320 205 373 440
33 136 72 95
387 75 182 425
254 131 41 334
360 69 82 172
333 302 6 75
237 216 283 318
31 226 22 424
99 72 345 411
158 338 115 314
4 203 442 479
6 198 239 295
296 8 87 99
62 10 32 215
7 236 145 168
161 394 397 496
5 60 116 190
81 237 421 497
168 285 210 259
126 340 9 86
202 32 15 37
246 207 164 185
125 49 59 61
39 256 150 317
69 290 55 207
22 297 416 496
21 261 441 465
170 69 14 74
326 157 20 197
325 267 22 231
252 393 123 281
385 330 42 390
37 124 139 244
138 159 68 210
381 71 13 131
131 258 290 456
188 5 8 11
375 137 243 411
171 219 38 94
190 3 332 343
323 352 35 177
95 78 246 488
206 355 17 61
395 56 77 93
2 29 108 445
140 360 13 292
132 123 21 154
121 59 0 0
118 219 38 114
3 52 30 72
49 194 71 101
398 288 58 449
227 316 342 437
155 167 91 350
169 167 28 235
29 295 406 414
244 102 124 248
193 330 41 182
131 128 39 138
362 247 455 463
32 82 151 193
206 193 1 246
227 303 1 127
334 126 228 443
112 105 76 192
398 377 29 149
169 10 162 359
224 128 11 95
104 232 10 59
373 365 281 419
68 195 257 372
368 353 71 295
178 358 41 121
235 307 253 312
94 339 258 319
213 82 90 164
68 131 9 33
172 340 433 441
370 104 97 230
184 138 268 382
336 308 111 127
103 320 288 296
52 281 42 214
136 322 21 191
285 256 31 63
261 319 69 122
85 393 0 39
108 356 85 151
75 7 49 371
253 332 89 308
137 33 330 336
108 325 4 4
342 100 320 339
314 242 14 252
20 137 69 115
288 133 6 87
116 313 33 92
248 356 305 422
74 242 37 492
150 354 196 457
179 117 66 174
94 283 162 390
2 129 169 273
298 147 263 409
381 5 87 242
233 187 262 295
32 109 104 394
242 222 3 50
394 277 38 269
46 242 50 183
380 231 173 302
180 23 120 480
301 156 36 196
378 208 186 196
17 175 378 396
48 294 34 323
46 170 124 197
18 75 92 345
80 288 15 202
210 52 21 68
312 162 149 225
141 21 14 167
359 24 62 109
136 320 239 463
121 202 98 345
127 153 125 300
147 188 188 374
65 67 150 271
266 240 138 350
55 167 330 466
150 385 377 432
296 295 57 83
372 360 123 131
167 198 0 35
88 45 178 490
115 149 78 118
198 115 150 330
134 395 34 44
83 262 103 105
47 195 85 251
329 119 48 52
261 278 114 194
312 310 132 269
210 128 3 169
279 225 92 278
158 205 170 268
202 253 131 195
262 171 219 348
125 46 157 339
358 128 53 344
60 344 13 281
321 358 90 179
208 314 203 307
124 63 333 468
313 91 206 299
133 340 281 490
27 124 137 220
157 376 77 370
301 85 2 18
109 284 10 383
163 189 45 259
113 77 2 2
193 251 36 138
322 115 29 267
56 50 273 384
47 243 14 26
68 283 216 275
393 98 168 401
174 89 252 325
285 90 48 466
89 55 28 37
189 290 70 138
21 143 144 460
144 93 350 383
88 201 127 300
334 124 318 417
347 126 282 448
378 15 360 487
271 197 412 500
135 28 19 69
117 247 35 35
10 320 15 36
249 159 0 7
82 270 107 486
398 179 10 47
86 133 162 421
262 315 320 343
392 210 70 244
72 263 49 173
206 346 87 177
153 282 8 127
37 107 272 456
222 190 289 363
10 34 0 12
313 238 8 231
77 96 96 140
340 26 10 14
65 300 380 443
354 176 162 386
305 332 29 165
173 0 335 399
219 268 4 162
102 293 15 154
293 28 396 464
373 159 344 489
338 389 126 262
332 311 188 476
188 332 394 444
286 133 116 259
252 242 62 186
48 230 205 355
88 206 53 228
156 263 224 303
218 42 270 496
193 290 283 387
6 195 101 167
252 191 44 44
185 150 20 92
311 356 204 263
156 137 188 208
330 25 86 401
53 168 278 467
140 260 32 89
83 0 394 430
344 130 388 479
165 77 449 480
14 253 9 18
16 366 8 28
191 154 2 2
226 29 57 156
284 159 11 27
377 114 21 147
317 36 158 178
345 372 318 477
311 368 43 238
262 281 81 139
307 73 114 252
257 154 302 322
254 381 23 55
278 184 166 379
154 239 342 426
297 325 6 422
243 169 364 446
27 127 181 191
342 239 89 222
389 213 46 50
303 217 10 113
367 219 265 486
259 43 64 142
126 149 276 454
334 230 242 446
143 23 320 462
124 323 60 78
130 304 164 440
179 270 113 316
224 128 59 105
202 201 169 172
276 298 37 80
278 42 29 222
172 141 40 41
347 285 15 82
386 158 58 98
230 300 267 346
87 363 120 287
76 143 376 437
329 377 60 122
228 177 152 315
356 192 3 17
210 52 166 258
206 382 54 432
105 340 387 493
389 229 1 4
123 369 34 126
97 50 18 112
393 377 21 23
322 299 5 5
269 99 21 245
395 42 5 22
269 320 50 139
272 39 206 320
26 317 41 147
296 393 45 135
87 262 146 295
274 350 51 190
41 257 171 351
39 63 135 248
122 21 1 317
183 59 60 177
370 162 41 143
360 109 10 66
6 211 94 469
69 163 268 403
162 377 404 469
97 230 77 92
107 242 166 467
139 104 236 468
245 39 57 142
349 161 117 137
42 212 267 276
277 318 67 92
8 25 136 221
29 326 36 92
357 194 128 474
331 80 138 247
87 64 348 482
389 267 316 323
36 172 167 242
162 166 150 484
231 126 12 71
358 11 39 316
182 86 305 331
303 252 199 217
221 147 27 29
228 170 15 246
227 331 26 233
184 64 5 404
71 136 120 128
150 5 195 196
100 102 118 120
242 16 201 343
121 59 45 495
344 134 28 88
116 149 60 411
364 242 72 115
316 228 28 29
363 60 46 69
220 235 234 468
324 92 153 445
3 285 73 144
27 86 300 474
31 185 168 425
226 8 201 217
206 63 198 234
175 280 167 315
252 46 67 79
67 194 0 7
84 79 99 133
307 351 1 7
91 175 135 337
377 162 56 276
168 15 51 161
292 45 26 390
344 211 26 73
105 130 118 122
233 376 0 146
37 82 69 98
305 240 15 44
293 382 143 435
59 179 28 44
366 305 303 342
108 114 8 60
102 112 5 5
81 60 203 279
347 9 200 454
168 136 402 431
373 12 138 169
250 71 5 13
122 305 37 401
133 160 167 403
249 375 333 435
309 16 66 335
156 370 253 404
174 360 150 449
269 19 194 227
20 338 247 279
313 267 46 253
174 81 165 346
221 166 71 342
255 14 13 260
170 318 231 415
228 188 41 253
21 103 68 413
117 197 53 141
22 374 84 89
166 325 197 485
159 185 156 371
139 297 108 130
360 130 22 291
75 313 150 478
122 387 1 40
12 322 20 41
193 96 124 310
301 390 76 112
283 99 67 383
60 23 134 284
389 178 297 333
344 100 44 54
203 53 28 42
100 109 161 313
308 374 197 205
11 384 22 43
283 121 119 185
314 333 186 336
200 297 10 94
91 15 381 448
67 237 125 475
301 60 459 481
324 57 55 365
328 301 138 203
16 327 125 372
294 21 91 144
188 215 36 157
241 51 1 303
130 177 225 298
154 3 407 440
266 395 124 127
99 379 229 383
68 387 325 471
325 0 0 0
112 393 177 238
71 339 54 329
21 326 313 422
324 83 37 92
115 2 312 428
213 58 158 182
339 398 242 447
194 244 11 13
214 298 20 42
49 62 466 491
359 55 210 305
281 62 153 209
180 238 35 84
117 163 62 325
78 139 12 18
378 19 75 156
342 229 142 162
385 160 256 304
26 198 190 326
67 159 31 423
32 154 302 464
139 44 211 330
41 167 208 289
370 283 76 199
356 367 300 484
49 359 29 77
46 360 367 448
102 222 54 155
145 92 123 274
344 377 188 341
295 314 40 118
133 131 65 84
71 72 145 254
279 71 105 396
107 238 328 346
241 186 0 59
82 311 280 451
151 92 68 240
242 84 18 474
121 243 181 277
273 238 35 42
61 398 66 101
343 35 383 427
39 117 106 353
243 116 41 448
357 361 89 164
306 361 221 264
394 187 207 325
85 339 41 297
295 339 37 115
180 34 167 213
23 368 124 124
334 308 421 423
187 9 461 494
101 194 32 33
73 262 159 357
351 370 65 165
97 109 153 313
224 44 7 129
41 380 75 326
162 203 158 185
398 1 91 147
2 195 296 456
211 146 255 472
84 36 178 307
285 393 29 107
121 395 232 470
335 395 4 375
231 61 174 376
331 265 56 106
272 57 343 415
335 130 11 120
22 362 122 316
10 321 96 356
356 40 89 371
376 242 190 195
22 54 161 380
352 192 141 452
54 336 107 294
57 102 28 45
348 216 36 64
69 80 9 52
147 61 60 86
299 244 53 63
27 388 64 389
113 246 12 19
218 254 116 121
55 277 66 440
316 281 325 487
236 239 108 303
312 78 419 489
66 41 4 21
193 345 387 475
293 348 143 155
375 52 147 400
21 369 209 406
189 89 19 430
18 227 2 229
283 272 416 466
226 172 56 129
92 7 444 468
189 37 166 310
84 129 273 493
86 393 8 16
373 264 134 363
143 254 151 283
69 245 211 246
93 59 114 129
380 99 158 163
40 153 75 124
329 93 82 109
81 322 314 400
124 79 63 251
303 299 35 41
335 80 368 389
394 4 145 267
339 265 344 370
165 57 134 258
391 197 48 200
13 8 191 494
374 276 4 14
193 69 228 467
344 329 406 466
334 115 56 195
178 247 79 107
74 26 309 310
114 299 46 89
256 93 384 402
91 360 25 127
64 92 60 145
317 331 171 458
335 333 435 452
143 250 242 268
301 393 261 432
374 95 76 176
295 152 315 499
184 336 104 217
220 116 60 147
289 112 4 20
278 340 358 495
58 218 138 232
188 9 224 368
346 311 123 321
62 88 85 362
350 162 10 25
141 74 447 460
44 298 224 464
126 283 114 276
354 49 271 482
82 144 118 140
181 125 65 301
374 54 98 198
193 331 93 314
43 265 110 150
278 26 331 410
58 370 16 34
196 329 7 20
201 326 12 24
100 50 5 75
259 34 70 198
173 348 341 478
242 142 10 55
244 101 167 324
389 35 28 264
171 374 29 176
174 221 25 99
181 40 52 110
324 370 10 21
25 98 60 357
298 179 3 327
314 330 74 222
310 181 238 360
97 2 8 55
311 115 320 470
391 228 45 424
314 89 301 330
193 195 143 189
199 179 194 208
310 88 236 241
128 381 302 468
64 375 141 432
362 328 47 239
214 336 270 277
67 117 209 438
1 108 272 475
128 111 226 320
204 182 272 375
147 209 7 176
1 210 104 459
240 2 12 419
188 341 29 276
165 166 359 434
304 49 7 425
156 190 232 405
210 317 63 65
270 323 213 268
321 222 34 451
391 363 374 386
393 111 150 210
146 1 319 489
238 234 41 125
387 128 160 167
6 325 78 478
162 380 256 405
274 161 376 451
322 216 2 5
330 392 72 190
116 366 107 117
185 390 44 148
161 205 296 369
113 110 274 362
58 135 145 231
12 280 51 183
289 149 257 292
319 322 65 267
87 108 136 275
274 136 37 308
233 135 37 198
98 389 141 386
171 77 67 125
130 213 124 328
95 300 102 481
28 222 1 1
248 293 327 362
330 201 44 54
12 118 176 272
38 22 127 314
172 139 29 121
330 280 312 457
318 160 220 311
309 141 8 116
318 262 185 385
73 333 29 52
144 281 217 278
206 124 45 47
202 275 69 291
300 246 121 126
352 131 122 325
143 277 91 358
365 146 62 262
268 338 149 329
212 58 47 407
277 189 174 404
103 223 17 310
318 287 127 226
311 338 136 204
297 15 51 438
88 193 8 352
126 312 49 92
20 136 107 283
294 350 129 455
20 299 29 75
200 279 166 423
205 291 217 410
306 94 28 250
281 146 2 18
250 32 11 73
89 264 169 462
110 216 9 22
68 324 20 186
139 74 97 310
158 66 31 98
19 326 1 491
167 246 31 78
304 337 114 270
239 206 257 309
281 167 11 115
118 388 18 233
204 156 51 245
322 317 323 384
85 346 175 317
239 9 199 234
297 201 286 334
342 243 26 227
337 145 98 263
197 108 89 329
283 306 44 90
379 385 122 394
119 95 270 302
354 161 259 491
357 100 109 111
308 184 188 233
295 177 380 448
267 156 239 301
380 287 331 363
294 69 120 207
38 307 236 342
97 212 317 473
67 104 92 100
66 201 155 404
389 75 94 485
73 89 0 7
290 157 81 107
170 350 33 58
215 166 371 384
178 253 26 40
131 95 219 500
171 307 112 195
395 288 282 453
130 119 46 94
297 270 220 220
77 319 396 423
92 188 152 298
256 377 165 231
243 222 69 256
303 124 158 287
310 384 140 220
147 3 52 96
172 328 33 57
240 175 62 75
349 164 24 26
8 131 162 279
396 36 204 424
31 201 135 179
312 245 8 37
52 379 70 213
51 184 96 301
282 244 135 213
270 214 6 406
159 100 470 471
120 282 240 435
203 283 60 352
367 109 38 235
128 286 78 342
104 121 1 6
237 281 431 492
244 52 45 86
189 69 146 454
356 220 100 404
139 4 208 400
113 246 88 134
125 54 98 109
323 172 165 214
62 290 157 425
1 286 79 225
153 356 200 468
60 138 2 176
214 166 68 310
215 241 251 491
257 71 254 322
384 333 4 22
84 111 127 232
19 356 134 167
192 188 87 266
325 142 25 142
21 129 33 61
338 203 240 334
52 291 86 341
37 312 306 434
144 106 19 66
234 82 125 400
133 31 269 414
308 393 134 323
385 383 84 102
339 290 44 130
173 336 5 209
32 203 158 271
199 188 158 239
376 317 150 234
193 156 1 420
51 262 261 435
168 82 177 409
141 206 19 439
285 125 199 286
184 386 254 482
175 7 107 303
214 267 193 302
359 78 132 159
49 96 306 341
233 165 17 26
116 82 63 67
68 59 54 65
0 205 50 328
355 120 9 87
306 20 90 170
288 148 17 22
374 49 90 117
81 270 79 483
348 334 215 255
176 363 47 75
29 352 224 262
333 75 404 472
315 255 417 433
270 263 30 196
181 395 6 142
214 206 198 381
18 330 84 120
46 366 3 127
201 100 17 42
132 4 27 432
321 148 186 224
148 195 146 281
292 176 345 369
100 31 49 399
393 387 152 224
29 382 23 92
247 324 187 415
357 153 11 15
389 388 180 474
282 203 191 289
93 276 259 438
81 250 88 304
296 361 78 126
393 158 78 148
310 47 19 266
312 336 428 482
72 249 80 92
319 256 211 255
314 17 27 172
88 217 379 385
33 81 280 402
355 215 119 212
385 70 18 102
357 31 31 33
259 379 72 99
395 49 28 136
321 63 34 299
161 389 157 437
73 119 17 64
265 193 436 480
334 189 170 342
191 293 360 371
360 332 483 492
385 142 66 208
193 300 9 266
27 359 1 340
391 264 99 256
60 8 47 149
41 29 18 52
152 295 33 142
161 291 178 385
200 135 236 321
176 25 144 401
21 270 234 259
367 36 70 116
275 300 34 314
129 108 26 152
142 269 0 14
1 275 83 452
372 18 93 210
312 73 38 213
365 357 294 371
65 123 61 475
39 307 15 36
262 215 58 86
328 51 128 161
281 32 115 124
121 77 157 248
160 280 326 413
375 368 131 427
309 157 29 298
330 99 106 120
362 379 85 93
158 345 220 372
291 135 103 118
227 284 178 270
245 218 331 375
296 339 27 114
117 217 81 87
158 318 11 19
130 16 8 73
335 219 265 426
206 60 18 52
176 303 100 112
89 346 15 16
366 92 314 338
335 213 25 116
280 87 142 207
316 247 50 69
49 346 57 188
112 39 84 212
355 283 62 236
47 41 95 211
365 92 28 51
10 229 32 387
260 339 3 68
318 395 104 212
284 146 72 136
101 398 34 150
310 295 120 336
341 199 171 259
277 51 3 95
275 76 151 235
230 362 166 170
56 295 116 352
27 176 43 113
144 131 416 423
277 317 7 263
282 235 168 250
66 194 80 127
149 32 4 93
236 167 148 236
7 185 322 491
237 29 17 66
219 266 93 142
11 141 142 401
363 95 315 333
320 107 38 139
288 186 142 157
314 162 123 210
212 300 210 301
155 273 360 360
254 59 416 429
304 243 27 341
112 168 32 118
272 167 7 463
151 340 314 391
225 46 143 153
386 54 82 152
155 79 302 441
83 232 12 63
294 348 301 317
139 42 138 139
313 168 100 414
207 391 170 182
159 172 364 367
288 256 7 96
121 375 126 241
240 67 400 402
377 147 161 198
42 143 43 80
153 290 142 325
350 152 41 377
0 380 130 140
153 80 118 226
51 363 90 451
385 210 116 436
320 30 90 354
333 56 278 296
81 100 98 409
1 22 105 454
29 332 1 1
96 127 56 199
28 356 63 281
42 120 323 367
231 339 17 43
244 143 40 200
113 255 57 140
164 246 24 212
322 9 167 249
140 127 247 330
191 356 30 248
26 275 56 310
282 309 280 291
268 132 63 214
232 277 1 2
178 286 12 97
294 192 101 160
115 335 8 73
211 256 7 299
149 0 132 306
55 231 22 250
117 38 97 160
343 11 177 327
329 205 69 95
293 285 2 2
352 175 354 368
200 75 4 222
110 278 202 349
328 345 90 92
235 361 17 31
284 373 86 189
102 292 114 348
275 43 35 51
177 314 89 98
361 12 81 227
268 141 308 311
391 25 110 375
172 306 13 54
166 198 127 312
376 38 38 194
332 248 284 335
155 126 40 101
374 335 151 264
386 251 84 86
21 80 1 9
241 11 176 243
316 392 66 92
158 341 139 319
263 317 41 268
276 49 88 388
242 205 64 196
296 197 478 495
2 373 246 258
176 295 4 239
146 390 259 375
285 284 165 286
19 105 66 181
60 210 132 245
66 22 91 94
375 373 127 197
80 307 5 15
118 13 142 231
341 365 112 137
135 215 20 263
185 291 9 14
127 339 180 278
270 328 36 146
57 300 42 289
16 393 313 367
242 243 146 220
160 137 24 332
85 89 40 119
16 307 427 500
294 346 42 121
36 265 102 471
234 83 40 108
141 206 58 249
272 92 211 411
363 294 198 359
187 99 295 353
309 341 61 220
56 326 162 377
252 271 448 460
269 24 112 221
324 349 197 264
375 111 1 33
198 216 21 195
352 311 189 234
132 270 355 448
180 359 24 55
42 269 351 366
33 321 255 273
249 74 132 303
8 150 1 14
116 370 66 73
308 257 44 142
250 34 0 2
248 396 98 335
150 331 295 435
384 3 208 274
121 192 106 272
390 237 64 308
275 315 65 151
169 368 66 183
320 382 269 288
297 208 132 405
153 244 24 100
75 80 105 164
234 258 115 372
305 353 45 170
253 258 16 23
306 309 57 78
86 280 0 97
151 206 101 248
362 278 87 318
167 5 212 440
130 301 18 452
87 65 73 153
252 126 277 377
287 280 83 141
275 180 9 184
270 140 13 146
271 201 147 207
145 47 90 107
281 395 8 159
385 351 25 61
379 264 68 482
203 222 119 252
231 344 153 462
361 61 306 373
335 107 185 229
37 337 219 378
382 30 233 314
354 33 136 152
80 21 219 261
211 95 187 356
318 27 79 152
318 324 5 6
80 380 58 134
113 239 211 399
358 106 212 465
48 270 269 313
383 62 56 66
259 105 158 379
355 191 110 263
263 368 0 377
234 17 8 430
261 13 82 474
81 350 258 327
326 35 21 427
314 14 352 372
175 45 194 364
25 61 57 430
241 9 31 462
330 218 184 451
342 297 191 198
225 372 11 42
369 96 291 415
41 157 171 270
18 21 242 271
363 191 29 413
283 336 9 16
8 142 297 439
306 42 17 17
68 351 239 347
359 16 15 294
88 279 321 321
190 286 166 187
60 289 51 138
281 7 108 255
56 83 86 443
168 374 62 283
267 186 179 332
56 121 125 221
128 177 279 487
179 265 202 372
234 105 118 177
366 54 125 327
250 36 265 271
148 41 110 442
350 157 111 137
80 72 18 54
242 337 20 95
376 176 188 193
65 118 107 427
98 231 132 135
216 157 150 313
209 348 8 312
280 173 86 204
95 309 19 25
145 353 65 373
306 260 50 148
194 134 168 199
13 5 125 188
344 169 172 332
349 37 26 43
170 174 214 275
64 10 7 7
124 223 446 492
56 62 48 299
350 37 188 192
225 220 62 73
203 204 233 349
282 183 314 453
31 135 159 159
261 124 71 384
51 271 8 144
331 129 306 479
318 64 333 351
169 93 277 313
362 179 118 466
245 197 128 134
239 149 8 462
195 293 276 339
362 374 70 386
149 113 28 286
160 178 76 417
385 371 211 349
93 376 63 73
389 179 53 306
169 215 116 139
150 309 153 458
25 252 60 99
234 24 123 143
391 170 5 23
350 260 183 224
345 185 199 279
230 347 107 287
70 304 418 453
103 278 128 174
124 395 72 224
359 316 20 426
101 374 151 288
64 378 277 327
81 40 125 139
264 158 139 244
174 123 205 311
371 42 43 66
161 37 2 16
385 199 51 56
300 286 209 239
331 48 9 12
267 384 226 313
358 81 13 48
360 229 51 125
313 390 42 213
238 34 46 58
201 106 124 135
361 319 8 10
49 50 89 493
203 57 57 306
266 197 119 189
264 319 0 13
318 300 18 195
78 289 140 226
242 146 199 466
8 200 25 139
140 49 196 308
395 184 96 333
219 259 81 93
390 25 154 253
345 106 182 394
3 101 28 48
169 173 245 303
2 4 13 13
100 49 1 3
259 363 12 29
385 303 214 241
262 232 124 463
148 319 137 203
74 65 14 37
265 288 57 431
165 85 20 260
228 235 112 159
73 181 242 482
324 384 394 470
159 314 85 130
388 168 4 100
263 310 46 295
130 360 390 422
199 318 107 168
123 99 170 293
255 278 17 81
56 28 2 97
179 265 357 381
375 315 34 75
159 144 121 133
149 17 1 345
313 316 4 7
50 164 12 16
287 375 59 144
213 269 81 168
134 20 132 181
40 229 43 404
243 336 13 18
153 91 82 179
387 390 281 319
365 113 48 71
37 61 24 429
2 199 50 323
97 31 36 57
166 197 60 104
288 371 67 373
96 155 23 202
141 360 210 242
166 61 125 444
293 235 66 68
91 171 392 483
39 6 0 21
219 125 20 49
154 159 0 111
309 350 72 404
304 115 105 228
277 347 41 327
239 8 1 87
225 197 3 83
135 13 235 260
33 100 289 370
18 205 227 231
167 244 323 435
56 183 137 330
239 236 92 124
306 234 44 117
306 351 94 187
263 200 16 379
191 240 145 469
100 183 422 431
59 22 28 131
82 224 3 206
385 356 184 306
259 24 68 273
291 190 145 195
217 30 12 50
295 234 152 356
165 10 20 44
287 7 365 433
162 163 392 432
240 220 226 354
104 148 34 243
374 371 192 350
270 172 157 197
150 24 40 399
379 359 17 393
58 114 12 77
375 347 84 159
362 144 79 172
242 270 16 182
368 22 56 283
32 70 17 20
338 370 75 330
233 151 60 101
180 384 18 208
274 383 209 225
185 298 122 174
333 201 79 192
195 10 75 90
85 124 17 34
192 397 267 276
19 280 188 298
358 276 9 72
254 91 45 115
15 99 136 143
37 62 416 416
146 19 11 76
154 204 80 276
320 186 27 284
181 347 111 172
82 21 96 175
322 191 427 480
64 265 194 277
374 66 255 327
307 382 115 245
202 251 113 323
70 168 91 303
162 186 39 72
311 397 122 167
223 217 114 230
295 36 0 64
258 163 107 181
131 296 93 114
157 369 319 424
353 132 32 171
64 369 40 113
160 186 103 204
352 210 188 342
115 70 20 32
365 138 39 90
3 377 305 347
387 379 139 376
10 287 270 309
236 54 112 440
123 201 84 84
348 352 54 352
213 129 246 459
373 7 42 75
307 384 26 122
136 298 54 273
228 179 98 172
28 84 100 346
387 394 27 28
228 350 75 80
238 325 72 358
374 132 223 486
344 153 278 465
181 338 286 451
10 89 22 63
211 36 61 73
311 170 17 36
386 143 120 271
35 90 52 442
221 369 159 266
353 328 215 391
151 375 10 94
157 308 151 432
19 129 84 93
93 59 16 27
354 208 167 211
354 292 111 278
323 52 483 486
163 140 2 45
285 195 18 137
353 239 0 52
189 171 188 195
83 298 138 144
64 257 177 257
78 360 102 174
246 186 314 465
398 231 185 395
189 274 292 431
38 295 47 64
378 47 73 288
396 139 105 107
66 256 183 434
279 186 5 7
22 204 16 52
35 215 52 188
181 113 104 201
336 211 96 138
361 355 21 48
265 5 13 59
229 132 78 159
372 40 471 476
125 81 93 103
313 368 326 374
289 64 114 129
58 130 9 18
100 362 0 8
264 306 10 76
133 369 122 231
389 364 342 378
202 263 109 365
309 339 60 176
25 304 94 240
65 251 245 407
143 338 102 420
89 179 109 160
272 55 0 2
172 137 3 23
284 290 341 369
77 42 47 136
302 72 187 241
358 250 22 96
267 338 406 424
381 134 23 252
45 276 20 264
316 178 115 144
284 72 122 256
297 254 0 0
247 355 41 138
59 21 45 174
328 282 117 142
348 172 30 43
95 66 109 261
132 299 339 395
69 352 209 472
73 23 13 249
346 34 256 297
134 5 2 145
280 73 29 74
38 120 48 66
330 309 151 366
71 176 330 367
182 81 67 89
386 397 117 207
91 24 236 297
306 195 11 62
58 217 36 393
273 226 282 310
240 6 201 308
149 27 335 351
310 240 195 494
13 142 33 281
283 90 300 433
141 147 12 209
297 167 120 327
90 143 204 463
390 38 174 332
229 301 110 151
6 193 159 310
198 381 135 176
148 46 116 161
369 39 183 305
337 240 76 80
130 219 21 243
175 247 118 473
164 266 58 192
172 156 89 94
212 140 145 234
314 63 251 421
2 150 78 422
279 232 12 414
211 5 1 5
40 83 91 133
265 173 245 500
98 384 32 59
315 174 167 245
40 390 393 395
122 370 21 61
292 159 79 331
389 365 117 244
338 241 94 97
392 116 405 440
101 130 14 90
150 368 271 320
12 248 161 371
62 359 125 281
374 339 192 315
288 300 14 59
164 76 84 154
106 371 258 294
275 88 101 198
314 344 187 332
325 188 335 426
284 105 61 95
273 54 305 452
297 324 13 191
372 14 421 472
280 116 112 309
361 233 297 395
51 71 110 257
276 136 32 266
11 183 131 164
205 267 5 64
166 291 186 192
312 73 89 107
2 24 16 16
319 121 104 137
222 136 47 90
145 367 298 438
366 194 34 40
13 44 46 92
263 397 140 352
315 131 281 460
250 54 18 125
201 166 5 10
13 229 32 481
348 316 122 341
27 336 37 155
219 247 43 236
396 226 265 300
211 360 58 187
173 8 99 438
177 138 341 363
152 106 53 478
113 24 150 175
365 366 436 469
357 328 134 240
123 42 65 321
389 84 59 369
332 391 155 405
301 217 194 198
18 300 113 224
360 382 242 409
234 330 183 359
249 86 128 471
213 371 321 490
218 192 46 89
142 264 71 114
330 190 83 358
21 110 221 374
361 368 104 302
224 80 56 439
347 202 38 126
77 173 127 170
181 199 28 247
155 395 22 157
376 370 91 273
151 225 72 341
347 68 88 110
257 26 93 243
46 329 382 497
153 198 100 162
124 369 8 17
5 137 33 409
384 168 248 252
101 170 6 26
44 65 438 446
225 273 4 202
191 305 92 465
363 115 195 201
8 231 27 38
371 112 29 122
175 331 50 175
363 250 280 376
216 52 24 92
245 52 136 215
139 379 102 437
379 0 262 267
101 216 6 51
338 247 6 12
345 119 322 353
331 192 127 490
197 207 275 393
296 148 262 383
303 12 317 338
80 33 157 398
98 153 5 20
22 59 33 132
133 76 116 348
312 323 349 434
381 64 212 337
354 293 35 88
184 16 94 469
112 372 295 452
8 275 2 43
225 395 53 96
217 9 45 137
312 80 222 369
278 361 270 430
215 372 259 289
145 209 90 100
387 139 131 207
378 282 45 69
285 173 402 459
341 75 310 383
200 26 145 255
382 310 175 227
72 64 22 49
344 15 46 159
16 244 43 60
56 41 153 391
65 9 36 272
4 316 86 113
329 215 78 112
283 287 58 130
286 118 8 154
239 183 179 194
139 294 100 149
74 264 72 340
329 284 8 17
88 1 0 164
353 385 326 373
367 271 329 472
346 353 29 402
73 358 83 120
170 71 114 116
250 83 13 95
275 42 41 442
151 41 112 119
117 252 261 379
332 8 110 130
89 124 14 16
308 63 334 367
343 83 356 363
329 60 34 44
121 62 94 163
221 284 268 475
72 132 30 81
374 76 15 43
335 176 274 297
243 95 241 466
245 99 35 67
397 276 126 257
134 26 162 342
100 302 81 86
123 174 1 5
65 13 425 444
51 24 1 17
90 320 117 128
315 208 37 326
265 58 2 143
282 300 2 4
198 101 229 288
270 159 45 154
298 114 10 75
115 206 168 486
195 141 81 82
131 311 230 364
101 279 114 446
275 377 358 430
189 117 85 92
366 388 43 118
112 268 3 9
254 103 309 466
196 199 352 444
340 66 89 298
61 243 13 54
286 281 67 86
67 180 38 289
58 333 27 126
262 86 70 150
368 127 42 85
38 313 74 94
35 346 104 232
144 375 44 255
295 89 123 256
186 128 75 499
64 1 9 64
381 237 152 378
41 128 78 397
354 166 162 293
67 357 49 231
283 354 179 447
251 298 157 414
48 6 4 25
171 20 212 482
285 351 2 3
6 80 102 287
180 260 196 286
290 12 376 418
258 31 108 192
163 267 27 45
82 73 204 291
310 26 12 12
251 145 5 181
1 227 264 493
12 242 2 435
283 388 15 76
262 168 296 400
34 67 382 406
365 194 30 465
207 77 43 112
170 386 193 249
316 233 413 414
34 381 147 334
302 284 221 297
304 284 122 326
115 82 39 119
20 171 2 12
189 303 117 368
167 143 53 163
324 45 70 188
233 128 283 306
93 122 299 329
312 228 46 101
97 109 110 413
384 37 138 190
174 69 58 316
102 389 253 484
220 76 85 282
255 8 0 179
62 229 216 310
253 101 58 251
111 372 40 226
207 210 110 366
205 54 391 463
169 367 109 240
308 374 18 44
266 171 35 285
322 226 30 122
226 160 7 19
225 28 348 394
114 174 136 136
101 70 22 389
74 65 31 244
15 234 151 159
73 142 69 157
59 99 18 21
374 33 255 267
334 265 304 412
73 112 25 42
196 57 45 54
45 153 9 265
182 265 279 330
125 283 219 348
3 194 44 156
23 103 4 18
181 387 171 207
321 4 4 113
235 390 0 0
240 220 129 343
183 28 432 476
61 15 118 195
231 77 137 150
254 102 45 277
224 85 284 426
311 166 229 398
48 381 60 343
213 219 10 216
45 221 165 345
147 272 91 108
339 171 15 142
174 385 72 389
377 79 459 465
339 176 55 95
352 214 7 148
307 3 3 3
256 360 11 216
319 361 78 105
171 107 321 321
32 51 121 355
309 264 57 59
298 296 13 41
340 51 384 454
43 64 60 195
296 94 136 267
81 272 172 482
218 157 361 380
106 179 19 163
246 308 6 43
187 292 181 268
66 273 46 168
202 10 7 10
361 136 43 386
287 128 172 192
281 7 206 286
82 46 21 378
373 20 44 471
165 84 31 306
168 226 85 158
394 19 44 55
274 243 7 37
365 336 53 160
238 348 266 331
254 201 259 348
289 130 42 104
230 17 32 41
299 204 128 153
270 192 91 274
186 196 37 378
204 344 49 265
37 119 38 143
220 39 100 312
363 150 19 132
271 154 14 326
95 387 345 421
27 230 244 320
390 121 184 283
60 181 12 153
306 383 115 439
189 14 378 495
161 359 321 389
96 181 70 287
138 13 2 70
259 102 136 157
360 372 43 183
124 267 55 146
4 369 132 223
37 12 17 305
131 368 63 106
247 85 96 125
201 276 2 56
288 195 92 154
119 374 187 249
314 139 5 245
118 25 210 498
333 165 125 491
231 164 75 218
298 115 207 486
241 264 63 107
143 309 246 271
109 279 160 227
186 229 396 484
386 324 367 418
51 362 75 107
315 92 145 220
113 81 30 84
377 122 80 265
346 364 67 397
313 59 15 17
391 88 74 95
146 83 36 489
88 278 232 481
52 224 253 278
213 306 233 323
139 79 25 136
119 88 178 476
240 236 261 335
305 171 40 334
114 129 1 5
158 129 128 427
31 373 278 389
285 156 246 343
237 243 330 371
110 172 7 78
264 363 193 360
217 55 5 48
97 147 257 354
7 8 1 1
37 176 98 388
2 9 129 246
295 184 85 102
354 221 271 365
220 293 63 158
212 220 396 442
220 94 24 90
0 149 203 470
43 346 159 486
122 240 101 152
186 80 432 432
115 167 381 421
78 64 48 212
126 379 170 182
325 220 136 141
73 194 287 497
317 126 99 128
313 52 441 461
169 260 45 214
180 341 143 468
227 45 332 420
378 72 56 78
122 47 14 287
213 123 146 337
288 67 177 203
371 346 2 2
99 9 151 162
240 68 351 420
5 295 28 31
281 9 45 52
224 78 66 351
59 172 136 257
361 142 103 249
134 258 119 187
6 40 135 302
381 48 150 426
194 392 65 138
297 306 348 423
229 31 117 208
305 131 227 250
256 203 61 365
116 384 99 129
375 9 121 461
281 166 136 351
108 387 55 310
44 194 118 136
37 106 294 348
330 349 18 128
39 333 176 409
373 70 5 5
136 60 12 83
211 275 135 279
249 379 165 356
211 316 111 246
367 327 398 439
49 384 412 488
327 180 39 232
396 56 200 384
120 63 168 247
207 364 308 333
79 76 101 112
374 140 22 54
141 206 143 490
191 51 228 408
57 177 47 142
362 195 222 293
327 332 124 190
355 151 17 88
168 225 64 209
359 382 78 148
249 396 7 8
170 134 12 194
176 27 26 461
287 3 21 414
1 373 99 287
343 275 36 159
211 241 26 115
346 272 210 478
277 156 198 282
127 147 48 109
66 93 9 124
56 281 48 480
148 32 46 119
281 212 26 53
221 91 55 92
232 173 277 383
264 297 42 355
33 322 30 219
356 351 167 397
8 256 195 259
159 287 102 207
101 265 50 58
140 291 10 442
60 59 12 138
361 396 43 308
269 55 477 493
340 320 53 94
300 19 170 483
96 65 256 327
9 31 31 64
247 114 281 386
306 5 249 476
35 186 209 281
61 112 177 344
357 74 6 13
57 349 163 495
302 382 13 159
282 76 11 11
344 326 88 405
227 72 130 487
152 232 369 369
212 247 1 1
145 125 28 31
374 281 32 292
60 9 3 168
320 302 115 441
147 33 340 437
353 342 140 494
199 269 186 358
229 268 399 439
51 356 123 160
141 331 49 55
361 231 74 433
17 101 93 152
230 210 71 210
315 10 104 323
215 28 0 303
105 233 13 210
285 349 71 193
361 110 43 61
53 109 47 267
254 267 103 116
200 346 322 378
391 262 169 338
82 380 29 36
349 331 186 495
226 344 272 391
94 281 105 114
47 296 3 15
118 353 73 239
192 92 93 176
332 379 211 273
249 370 112 330
171 370 104 399
157 361 3 6
344 152 355 357
184 201 85 147
309 98 294 494
25 126 177 423
369 380 82 280
289 388 50 299
296 148 42 96
333 373 20 113
144 311 68 77
77 55 180 189
334 198 21 56
262 96 44 256
128 344 176 319
39 6 45 61
162 255 48 172
0 25 20 35
7 345 6 263
32 249 118 325
188 333 142 308
169 216 248 407
259 148 6 118
118 184 93 309
278 317 125 151
317 256 37 44
335 299 24 152
224 20 34 35
299 293 347 480
354 121 202 364
99 244 41 50
258 285 16 393
297 56 59 176
252 104 344 456
212 81 229 248
350 384 228 437
