400 3200
0 1 208 208
1 2 336 360
2 3 0 0
3 4 151 151
4 5 17 73
5 6 18 46
6 7 36 93
7 8 116 173
8 9 186 198
9 10 228 269
10 11 66 210
11 12 180 343
12 13 45 102
13 14 101 439
14 15 7 13
15 16 307 335
16 17 96 209
17 18 120 279
18 19 66 70
19 20 77 99
20 21 287 401
21 22 390 485
22 23 14 157
23 24 179 346
24 25 380 439
25 26 372 448
26 27 35 42
27 28 5 19
28 29 5 85
29 30 295 439
30 31 29 49
31 32 141 210
32 33 197 479
33 34 52 267
34 35 100 346
35 36 22 158
36 37 269 343
37 38 172 418
38 39 0 9
39 40 234 375
40 41 327 495
41 42 111 374
42 43 62 140
43 44 87 395
44 45 3 51
45 46 105 224
46 47 43 455
47 48 133 147
48 49 17 144
49 50 34 65
50 51 0 9
51 52 312 340
52 53 97 106
53 54 40 133
54 55 144 246
55 56 15 26
56 57 176 287
57 58 70 73
58 59 77 295
59 60 81 350
60 61 27 51
61 62 197 207
62 63 171 347
63 64 112 207
64 65 19 25
65 66 12 268
66 67 46 332
67 68 204 257
68 69 14 473
69 70 259 293
70 71 244 452
71 72 30 68
72 73 62 69
73 74 152 404
74 75 107 199
75 76 54 82
76 77 167 464
77 78 99 174
78 79 240 376
79 80 45 363
80 81 305 442
81 82 202 312
82 83 133 376
83 84 133 174
84 85 48 135
85 86 338 448
86 87 189 214
87 88 5 483
88 89 165 332
89 90 23 311
90 91 45 57
91 92 30 475
92 93 80 225
93 94 273 289
94 95 77 204
95 96 90 118
96 97 349 452
97 98 86 287
98 99 1 1
99 100 47 309
100 101 94 163
101 102 2 264
102 103 314 443
103 104 84 178
104 105 348 455
105 106 146 312
106 107 2 7
107 108 387 465
108 109 191 346
109 110 35 499
110 111 41 86
111 112 51 68
112 113 89 467
113 114 162 349
114 115 7 33
115 116 192 378
116 117 78 377
117 118 22 462
118 119 185 356
119 120 10 62
120 121 3 9
121 122 1 13
122 123 7 14
123 124 12 123
124 125 124 430
125 126 62 269
126 127 268 276
127 128 117 421
128 129 14 62
129 130 12 139
130 131 167 293
131 132 203 485
132 133 103 281
133 134 8 9
134 135 116 401
135 136 83 116
136 137 248 404
137 138 83 194
138 139 325 432
139 140 160 374
140 141 119 278
141 142 24 68
142 143 4 30
143 144 57 60
144 145 21 22
145 146 42 53
146 147 70 113
147 148 12 357
148 149 183 280
149 150 0 6
150 151 10 36
151 152 174 484
152 153 78 284
153 154 7 101
154 155 19 126
155 156 60 372
156 157 91 97
157 158 108 291
158 159 24 485
159 160 314 424
160 161 36 120
161 162 50 247
162 163 305 310
163 164 371 415
164 165 59 78
165 166 6 9
166 167 1 35
167 168 198 243
168 169 231 303
169 170 129 284
170 171 84 158
171 172 54 495
172 173 42 290
173 174 97 190
174 175 59 276
175 176 342 373
176 177 155 335
177 178 17 132
178 179 25 33
179 180 39 185
180 181 23 315
181 182 10 105
182 183 61 377
183 184 12 33
184 185 12 130
185 186 57 403
186 187 90 96
187 188 185 320
188 189 220 262
189 190 289 463
190 191 42 131
191 192 24 33
192 193 192 368
193 194 285 386
194 195 75 454
195 196 320 466
196 197 2 6
197 198 85 117
198 199 234 309
199 200 189 475
200 201 441 476
201 202 56 278
202 203 3 458
203 204 298 321
204 205 57 195
205 206 40 243
206 207 7 302
207 208 124 275
208 209 375 464
209 210 169 460
210 211 120 197
211 212 16 482
212 213 31 87
213 214 5 63
214 215 47 67
215 216 3 253
216 217 5 10
217 218 456 474
218 219 138 414
219 220 3 7
220 221 9 88
221 222 84 166
222 223 58 65
223 224 216 405
224 225 48 172
225 226 167 470
226 227 261 291
227 228 106 440
228 229 10 423
229 230 438 453
230 231 99 230
231 232 94 273
232 233 231 400
233 234 18 143
234 235 233 245
235 236 94 300
236 237 7 7
237 238 65 297
238 239 54 217
239 240 349 404
240 241 37 157
241 242 365 447
242 243 157 289
243 244 17 92
244 245 232 394
245 246 14 306
246 247 0 27
247 248 10 210
248 249 136 340
249 250 265 460
250 251 0 0
251 252 385 489
252 253 48 188
253 254 40 487
254 255 47 302
255 256 87 415
256 257 120 287
257 258 109 314
258 259 100 143
259 260 205 294
260 261 28 375
261 262 15 430
262 263 299 378
263 264 315 349
264 265 2 433
265 266 42 161
266 267 157 336
267 268 81 225
268 269 46 191
269 270 4 205
270 271 107 201
271 272 20 159
272 273 175 311
273 274 36 215
274 275 205 487
275 276 232 339
276 277 27 99
277 278 2 213
278 279 38 172
279 280 12 399
280 281 412 440
281 282 354 452
282 283 172 332
283 284 2 135
284 285 37 126
285 286 231 428
286 287 227 264
287 288 74 401
288 289 23 286
289 290 16 367
290 291 115 260
291 292 7 386
292 293 19 284
293 294 189 233
294 295 109 171
295 296 27 34
296 297 134 189
297 298 9 39
298 299 21 492
299 300 25 90
300 301 352 406
301 302 32 438
302 303 227 344
303 304 53 285
304 305 42 80
305 306 211 233
306 307 82 172
307 308 95 112
308 309 249 296
309 310 21 156
310 311 248 459
311 312 212 455
312 313 28 128
313 314 24 55
314 315 46 96
315 316 83 250
316 317 3 365
317 318 53 104
318 319 84 124
319 320 23 426
320 321 32 208
321 322 186 308
322 323 37 117
323 324 46 51
324 325 204 258
325 326 52 239
326 327 15 76
327 328 212 311
328 329 42 272
329 330 167 327
330 331 72 72
331 332 54 376
332 333 5 111
333 334 234 260
334 335 281 393
335 336 3 11
336 337 64 162
337 338 35 437
338 339 149 423
339 340 0 269
340 341 271 434
341 342 95 475
342 343 259 414
343 344 137 427
344 345 2 49
345 346 236 326
346 347 268 352
347 348 124 305
348 349 282 400
349 350 10 17
350 351 374 385
351 352 111 366
352 353 41 130
353 354 29 128
354 355 213 316
355 356 134 172
356 357 205 399
357 358 137 223
358 359 17 392
359 360 221 496
360 361 146 150
361 362 25 71
362 363 250 451
363 364 111 271
364 365 472 488
365 366 64 318
366 367 494 497
367 368 180 273
368 369 213 263
369 370 31 67
370 371 158 178
371 372 7 13
372 373 46 80
373 374 343 373
374 375 5 15
375 376 133 183
376 377 348 432
377 378 167 347
378 379 169 346
379 380 79 94
380 381 123 221
381 382 78 291
382 383 241 495
383 384 28 102
384 385 28 124
385 386 85 131
386 387 346 375
387 388 45 228
388 389 25 28
389 390 118 254
390 391 77 106
391 392 121 400
392 393 72 148
393 394 2 13
394 395 26 297
395 396 70 422
396 397 96 190
397 398 296 375
398 399 232 256
399 0 59 271
31 344 355 480
192 273 103 402
91 172 9 16
116 159 47 355
119 43 86 232
142 130 39 474
97 295 56 110
389 53 93 133
218 358 18 40
74 118 77 214
97 62 44 54
347 323 14 317
282 22 156 402
291 395 160 349
108 277 282 383
2 36 156 171
281 390 117 423
123 320 175 214
273 151 271 412
32 94 3 313
96 207 52 71
55 160 24 39
185 187 6 9
158 357 19 33
75 254 131 229
164 9 20 56
390 173 13 13
191 343 374 378
78 274 76 197
234 256 313 374
149 136 222 226
250 69 132 225
99 180 161 239
164 343 20 237
308 272 399 402
338 320 157 201
239 41 451 453
122 185 12 18
143 71 14 387
10 359 45 62
252 321 213 309
105 287 3 5
116 69 28 269
313 325 0 1
390 53 370 476
291 93 404 453
127 368 203 398
331 392 328 458
215 328 5 72
267 183 49 79
171 230 79 94
232 382 217 311
87 306 251 453
263 198 427 495
318 149 266 356
169 227 97 366
115 169 455 455
81 198 115 200
260 194 80 125
283 139 42 86
335 109 53 59
348 12 356 407
75 12 62 73
28 94 86 132
328 205 240 410
304 361 43 155
217 300 488 492
74 53 107 133
143 237 134 267
384 136 122 157
29 45 56 456
265 291 169 183
288 346 9 217
216 201 58 256
313 240 396 470
195 388 4 15
53 69 174 359
44 379 290 446
102 352 2 13
330 266 80 261
388 222 145 163
200 106 382 430
186 42 144 279
359 223 92 345
277 225 199 226
88 57 156 314
287 359 48 145
32 146 4 4
258 248 59 288
304 361 128 156
294 381 218 259
308 19 240 459
200 113 34 213
13 166 117 123
158 46 11 186
354 383 413 466
173 52 269 469
192 28 160 423
83 185 296 461
282 339 14 114
392 90 17 43
314 222 40 113
253 198 23 157
10 5 75 87
38 390 31 304
172 108 198 207
358 182 68 408
211 311 40 92
334 120 56 351
217 384 106 120
62 129 137 287
33 8 69 174
13 156 7 28
334 222 5 114
38 353 46 332
237 158 194 249
317 35 46 260
119 355 51 87
190 191 265 285
298 202 53 499
166 241 185 409
11 357 46 297
94 383 148 488
80 68 345 451
152 381 187 298
387 72 12 16
3 232 9 46
60 359 2 32
323 11 199 226
388 137 60 188
259 37 295 488
285 62 81 84
278 135 202 487
230 116 75 384
164 140 68 412
270 352 198 316
276 382 18 335
12 117 78 238
9 24 6 6
225 397 136 176
334 357 51 246
10 276 214 365
131 143 103 234
187 250 141 229
385 6 22 68
29 163 0 5
186 254 118 379
121 112 160 160
109 275 81 493
225 50 51 110
73 24 108 169
106 77 9 262
121 188 95 378
222 157 202 232
113 103 8 62
292 297 2 156
160 347 174 252
83 291 294 337
227 38 137 385
122 76 26 65
61 394 10 11
94 116 243 260
328 140 183 405
155 67 6 6
155 385 235 336
137 284 259 344
213 294 130 225
242 1 61 458
72 203 260 322
371 289 0 2
110 241 81 242
310 253 243 430
238 178 259 416
93 16 149 325
69 322 274 337
146 387 71 289
60 294 58 137
13 156 226 280
330 272 184 336
78 158 43 176
21 89 4 428
136 208 24 97
395 191 93 374
13 119 89 145
188 393 101 387
186 15 112 214
98 344 154 404
168 244 6 177
313 164 91 107
15 270 173 384
301 10 151 154
97 343 21 367
55 86 60 372
141 103 20 110
341 190 58 107
85 37 27 99
131 7 35 71
322 397 138 188
18 11 2 13
361 260 51 55
79 258 223 337
329 292 276 400
287 124 6 40
87 182 80 116
117 44 63 104
385 153 301 459
7 156 184 356
233 146 19 277
272 231 72 152
139 299 203 418
3 318 135 218
350 94 46 462
249 238 10 353
240 55 16 239
291 59 24 63
309 125 377 488
236 384 32 80
96 196 95 101
241 93 115 216
291 368 90 202
395 362 24 73
287 67 125 365
392 111 4 94
228 367 144 322
222 263 341 377
116 392 93 105
172 143 245 301
336 166 361 375
313 270 98 319
173 396 278 299
237 212 6 148
59 25 132 366
285 221 36 473
390 200 198 213
148 67 132 391
44 391 22 28
93 380 313 418
250 287 45 96
394 287 16 197
199 279 30 150
235 133 3 40
79 372 405 453
72 59 134 185
297 222 119 265
151 204 142 247
224 66 13 66
49 35 74 103
16 228 33 38
11 54 144 254
132 263 80 131
230 19 161 178
222 64 49 54
31 199 237 394
321 132 42 53
10 391 389 493
39 83 87 88
243 114 197 286
16 234 21 22
176 316 27 394
182 50 50 94
215 394 154 264
31 216 143 370
242 165 19 75
202 6 124 276
216 367 59 108
194 60 322 380
391 91 296 362
43 5 23 88
251 366 424 431
333 373 9 9
355 56 144 430
144 355 197 280
276 217 131 202
139 217 79 380
353 124 268 359
312 140 483 494
320 162 58 139
339 120 0 1
183 113 122 467
160 294 98 429
68 174 304 365
242 315 136 258
217 221 11 354
82 274 298 391
174 275 79 187
195 358 68 385
266 382 264 376
202 7 184 307
327 122 55 201
31 382 21 349
348 301 1 1
207 373 139 388
109 267 325 449
69 168 63 119
5 394 5 60
206 284 39 110
392 283 138 151
162 207 79 442
224 200 52 272
202 274 28 143
318 193 8 69
33 98 91 145
43 158 292 307
339 63 6 162
36 188 106 229
210 269 15 222
129 146 246 414
338 331 128 213
226 242 60 173
100 306 88 338
328 144 34 110
135 224 212 234
361 303 63 157
250 182 222 314
80 194 242 439
139 307 101 224
364 246 182 393
31 369 23 228
139 34 312 328
98 183 8 66
248 141 28 216
62 212 73 455
397 324 264 303
14 208 380 384
344 38 237 252
213 373 95 249
181 117 203 422
239 368 22 33
249 155 234 287
267 343 434 472
278 168 22 259
162 11 12 97
287 12 312 424
186 300 122 126
212 46 199 351
320 8 256 270
124 398 407 475
53 247 220 312
367 29 75 419
143 166 2 3
205 276 276 495
15 390 2 38
326 239 71 161
339 356 408 474
88 66 0 4
296 179 35 412
200 231 185 431
356 68 129 220
134 8 110 128
209 278 247 402
336 167 127 239
244 249 56 67
219 244 345 464
169 185 147 448
321 227 60 246
92 311 281 429
221 206 127 209
281 60 23 342
12 11 77 199
98 144 136 253
106 247 84 94
345 164 454 483
242 353 32 147
332 7 29 51
4 364 9 72
211 57 5 7
183 52 55 358
57 33 0 282
32 192 5 398
109 396 55 254
51 44 359 396
191 308 22 348
213 12 113 389
346 334 29 203
329 110 211 324
297 381 13 90
383 216 50 161
7 216 83 86
143 258 188 204
333 86 102 120
168 358 107 203
7 296 47 488
376 79 23 160
19 193 204 492
39 363 167 318
350 70 53 187
286 85 112 429
283 44 142 310
15 184 50 126
367 305 290 397
219 320 1 216
370 150 110 179
394 156 5 165
327 347 21 349
392 350 34 134
319 78 239 404
110 86 13 147
55 217 235 272
228 251 17 244
17 230 141 428
299 227 361 445
48 92 86 92
215 166 72 293
294 329 250 450
129 221 125 223
105 272 220 461
296 127 62 139
259 364 286 305
286 269 133 341
66 207 5 114
95 364 1 6
159 381 90 208
356 287 138 470
397 155 93 171
258 85 297 390
231 123 79 87
301 276 132 171
122 28 41 72
50 251 61 359
278 117 149 350
139 25 258 344
246 324 4 126
284 145 167 346
346 146 59 113
240 149 114 212
298 229 30 186
270 364 114 178
303 363 6 28
99 118 49 316
199 17 137 354
51 106 154 307
269 364 53 324
387 296 47 85
193 222 60 74
236 88 35 257
323 34 340 438
285 183 91 92
345 77 218 231
125 94 72 214
270 398 173 249
9 275 53 80
376 115 142 171
354 226 111 131
197 334 235 423
144 97 269 400
45 245 106 213
245 267 2 304
181 301 51 72
129 86 130 255
22 150 28 148
235 332 371 430
324 268 274 336
120 189 229 317
339 215 3 62
103 219 2 235
196 333 486 494
47 1 289 475
246 247 0 323
246 13 36 76
72 350 173 320
282 44 159 283
39 342 216 234
106 168 139 214
227 275 19 300
65 199 129 425
360 12 185 376
152 246 119 290
134 338 147 463
260 171 16 32
393 364 31 496
331 194 3 26
391 212 94 99
125 280 159 211
59 111 5 53
369 45 183 312
71 69 22 24
63 244 91 142
361 307 20 30
16 214 79 352
348 353 27 334
164 361 17 189
365 291 0 94
219 281 359 374
57 118 11 170
64 264 305 398
279 297 133 244
229 360 131 263
47 179 1 14
100 1 4 322
102 309 11 175
184 273 1 114
141 0 211 217
225 143 28 191
100 308 141 235
181 9 202 490
121 142 135 182
29 116 246 387
126 135 255 276
97 138 300 445
188 120 40 177
225 378 54 123
296 275 233 456
21 329 21 21
292 387 1 476
179 59 18 278
18 111 159 188
346 187 471 498
74 44 22 29
44 110 168 258
375 258 13 15
102 347 0 286
313 381 23 90
130 295 104 316
313 314 49 491
190 140 283 438
50 178 187 226
284 134 126 354
369 238 84 389
398 14 117 247
225 274 59 264
287 209 27 75
272 373 137 185
130 117 33 71
93 58 26 364
258 175 80 238
30 55 137 224
128 185 311 443
157 361 230 264
279 101 1 204
114 97 40 134
394 170 27 36
329 264 181 209
108 282 11 12
176 8 58 145
312 266 110 252
248 23 187 483
82 84 12 54
38 157 49 337
160 378 0 250
385 357 298 389
84 61 70 71
102 89 34 41
43 326 37 200
31 382 305 399
296 198 18 96
190 68 130 384
117 47 88 145
117 378 75 108
41 112 3 8
355 288 53 199
382 265 180 190
233 29 100 330
20 175 21 35
24 91 32 76
77 326 3 8
8 119 24 57
369 388 248 326
186 392 174 201
3 394 83 160
75 95 81 279
272 253 107 497
230 206 401 418
195 364 350 350
264 33 253 460
398 145 14 19
61 256 26 35
292 8 71 237
2 220 150 174
262 213 160 469
36 373 195 245
369 168 128 270
339 387 115 448
198 189 21 223
96 6 46 439
359 46 33 127
29 346 54 137
198 96 122 164
252 92 87 274
151 91 55 110
256 268 288 336
190 230 71 71
110 301 2 47
80 270 43 435
53 244 26 118
170 321 69 193
208 103 40 286
2 389 207 263
330 31 14 38
199 213 27 437
310 146 345 476
109 161 142 407
7 177 69 142
338 122 187 264
397 118 92 170
199 342 69 277
12 333 368 488
141 350 67 156
192 121 316 335
64 389 158 163
16 371 12 388
7 369 78 163
61 201 36 445
273 58 159 376
302 173 57 382
260 348 131 235
253 365 70 105
75 204 19 20
319 177 54 161
145 150 9 18
398 200 304 347
262 226 84 335
10 352 139 215
316 228 63 384
176 332 94 268
134 221 15 19
356 124 2 67
0 130 61 96
349 222 129 168
133 51 22 26
356 235 137 303
120 252 182 256
255 70 50 309
183 273 133 216
38 255 370 424
273 321 201 227
249 57 3 7
202 170 119 437
360 121 279 328
202 256 104 412
0 197 40 476
337 234 11 25
36 86 60 117
364 33 2 31
254 125 96 211
191 76 125 432
155 316 20 40
118 303 96 237
270 184 60 62
148 19 204 387
16 243 73 421
299 70 8 21
50 344 86 243
307 239 48 119
215 154 458 477
346 253 462 472
166 24 290 307
289 87 344 487
22 306 4 172
260 339 183 449
72 90 202 217
247 322 98 118
114 243 311 471
191 382 89 342
379 150 16 32
94 181 296 436
73 158 214 351
310 349 151 303
184 325 4 366
279 51 59 126
129 323 80 300
228 142 283 408
129 49 15 27
146 63 51 65
165 338 243 422
51 135 216 309
362 266 223 266
376 219 66 124
383 25 140 147
390 384 136 437
163 228 159 211
57 100 17 32
46 172 35 449
145 338 30 101
172 159 258 413
122 178 286 441
377 211 17 243
242 269 119 299
214 360 15 264
265 96 160 313
155 337 79 428
83 340 105 141
101 317 184 442
1 344 90 284
57 38 37 57
202 366 73 113
384 290 216 298
89 152 107 119
12 301 25 65
81 217 38 81
170 285 359 423
398 81 260 301
237 109 105 482
79 268 108 173
322 58 123 298
289 363 178 300
37 257 169 308
317 165 8 29
11 268 298 375
168 342 245 475
173 79 70 267
354 248 62 96
37 288 249 377
299 83 1 3
190 262 71 164
331 39 82 459
263 390 191 294
53 28 391 428
38 6 15 302
178 165 303 412
292 219 144 440
376 186 146 160
223 169 5 61
43 385 20 361
9 110 116 220
291 111 60 63
164 11 287 295
392 158 4 18
222 370 85 100
163 175 259 394
231 316 4 6
349 279 130 151
311 33 10 10
62 60 219 499
180 276 15 291
144 243 80 146
359 64 94 465
120 10 217 254
94 339 164 227
11 80 274 294
133 62 64 132
158 308 141 152
110 335 166 186
99 141 11 122
313 235 283 292
31 217 46 348
5 333 15 36
105 94 418 486
300 206 171 377
315 255 52 403
150 221 116 376
395 171 19 40
176 91 167 241
276 3 143 223
284 92 99 336
208 200 78 224
319 169 46 352
50 241 176 341
45 228 212 349
50 328 63 309
247 97 75 75
163 32 54 381
370 316 281 391
333 73 293 452
365 339 94 117
384 155 54 88
108 178 142 195
140 291 86 160
52 373 264 408
46 45 99 307
183 96 181 380
16 215 5 214
351 305 21 49
206 390 55 57
289 158 158 187
172 277 91 97
20 53 127 411
233 107 203 300
70 6 210 345
316 305 50 246
30 381 7 44
386 397 35 117
73 134 124 231
344 388 34 99
65 188 6 12
228 256 317 365
131 296 291 363
369 2 90 165
176 79 76 422
62 19 150 214
46 229 339 433
1 189 145 329
229 224 241 291
218 110 39 100
22 395 246 265
201 164 22 448
222 89 75 152
197 26 381 436
115 180 389 455
390 34 132 165
297 363 173 342
179 15 370 450
243 133 18 37
271 13 373 440
318 111 72 95
79 339 182 425
230 179 41 334
304 310 82 172
325 58 6 75
15 210 283 318
331 10 22 424
11 205 345 411
28 371 115 314
24 117 442 479
149 131 239 295
298 216 87 99
267 131 32 215
120 237 145 168
139 69 397 496
53 322 116 190
155 171 421 497
226 76 210 259
175 153 9 86
170 24 15 37
26 368 164 185
309 191 59 61
133 347 150 317
354 202 55 207
133 386 416 496
186 1 441 465
335 45 14 74
385 369 20 197
387 252 22 231
304 60 123 281
312 261 42 390
171 345 139 244
213 54 68 210
315 294 13 131
194 198 290 456
15 128 8 11
144 99 243 411
39 98 38 94
353 135 332 343
199 109 35 177
108 66 246 488
322 305 17 61
312 169 77 93
260 90 108 445
335 215 13 292
198 287 21 154
220 214 0 0
305 247 38 114
240 274 30 72
239 142 71 101
19 3 58 449
227 228 342 437
304 191 91 350
163 176 28 235
315 32 406 414
292 371 124 248
302 150 41 182
263 311 39 138
240 54 455 463
220 67 151 193
369 65 1 246
384 364 1 127
228 32 228 443
350 252 76 192
397 61 29 149
136 362 162 359
313 7 11 95
294 332 10 59
181 131 281 419
288 262 257 372
280 195 71 295
15 375 41 121
289 217 253 312
397 245 258 319
285 152 90 164
139 321 9 33
57 265 433 441
338 22 97 230
84 314 268 382
77 43 111 127
157 140 288 296
114 245 42 214
74 233 21 191
117 154 31 63
127 370 69 122
276 378 0 39
47 357 85 151
249 260 49 371
231 385 89 308
165 386 330 336
342 51 4 4
123 258 320 339
71 168 14 252
394 358 69 115
249 117 6 87
248 78 33 92
220 175 305 422
369 47 37 492
322 343 196 457
378 48 66 174
249 182 162 390
157 289 169 273
96 38 263 409
41 77 87 242
317 362 262 295
101 35 104 394
191 249 3 50
18 251 38 269
304 62 50 183
246 314 173 302
0 17 120 480
369 207 36 196
57 356 186 196
124 170 378 396
87 78 34 323
64 259 124 197
185 155 92 345
84 175 15 202
200 110 21 68
27 329 149 225
220 343 14 167
81 197 62 109
315 29 239 463
53 45 98 345
372 198 125 300
292 84 188 374
167 106 150 271
250 223 138 350
383 213 330 466
219 330 377 432
298 386 57 83
392 19 123 131
232 91 0 35
74 182 178 490
0 181 78 118
33 270 150 330
147 212 34 44
366 256 103 105
367 340 85 251
94 104 48 52
140 158 114 194
190 237 132 269
75 350 3 169
172 119 92 278
362 136 170 268
190 374 131 195
389 1 219 348
65 365 157 339
97 294 53 344
38 201 13 281
58 193 90 179
195 389 203 307
224 353 333 468
121 61 206 299
305 239 281 490
190 0 137 220
346 358 77 370
112 103 2 18
135 342 10 383
19 294 45 259
67 289 2 2
261 22 36 138
8 168 29 267
283 222 273 384
306 233 14 26
261 38 216 275
283 279 168 401
211 277 252 325
176 133 48 466
391 114 28 37
389 197 70 138
306 347 144 460
179 266 350 383
265 153 127 300
33 278 318 417
181 289 282 448
366 388 360 487
286 356 412 500
254 280 19 69
56 21 35 35
154 153 15 36
38 115 0 7
251 122 107 486
82 282 10 47
67 144 162 421
210 100 320 343
260 34 70 244
298 391 49 173
242 306 87 177
194 377 8 127
2 192 272 456
196 265 289 363
3 236 0 12
67 354 8 231
52 330 96 140
230 383 10 14
20 25 380 443
219 90 162 386
310 222 29 165
141 170 335 399
36 300 4 162
44 17 15 154
97 383 396 464
44 164 344 489
203 42 126 262
188 169 188 476
293 79 394 444
299 232 116 259
387 80 62 186
284 83 205 355
43 130 53 228
370 171 224 303
331 206 270 496
178 310 283 387
389 331 101 167
142 372 44 44
213 240 20 92
9 160 204 263
60 241 188 208
374 98 86 401
333 18 278 467
347 100 32 89
347 336 394 430
298 41 388 479
310 294 449 480
65 239 9 18
32 8 8 28
139 199 2 2
226 207 57 156
145 299 11 27
211 263 21 147
390 265 158 178
342 146 318 477
303 226 43 238
231 306 81 139
330 222 114 252
239 232 302 322
20 340 23 55
370 357 166 379
111 326 342 426
280 257 6 422
27 75 364 446
372 141 181 191
69 134 89 222
150 317 46 50
232 391 10 113
210 324 265 486
304 241 64 142
292 45 276 454
71 181 242 446
53 273 320 462
176 236 60 78
17 235 164 440
341 70 113 316
30 304 59 105
383 231 169 172
287 290 37 80
26 177 29 222
110 34 40 41
215 66 15 82
279 115 58 98
282 306 267 346
78 186 120 287
172 21 376 437
196 73 60 122
135 355 152 315
272 178 3 17
97 160 166 258
286 219 54 432
228 239 387 493
166 292 1 4
345 94 34 126
310 175 18 112
34 144 21 23
280 69 5 5
353 281 21 245
195 193 5 22
271 395 50 139
221 246 206 320
306 385 41 147
182 197 45 135
234 226 146 295
2 358 51 190
32 96 171 351
377 95 135 248
126 47 1 317
233 28 60 177
100 127 41 143
157 92 10 66
189 28 94 469
378 294 268 403
220 316 404 469
78 325 77 92
201 132 166 467
262 289 236 468
161 342 57 142
49 256 117 137
191 127 267 276
289 125 67 92
132 368 136 221
304 331 36 92
273 272 128 474
174 307 138 247
119 78 348 482
370 288 316 323
37 389 167 242
396 335 150 484
264 28 12 71
89 25 39 316
7 382 305 331
262 296 199 217
3 133 27 29
48 21 15 246
40 166 26 233
31 114 5 404
134 183 120 128
197 334 195 196
187 240 118 120
229 237 201 343
325 87 45 495
367 147 28 88
207 231 60 411
40 398 72 115
205 159 28 29
167 286 46 69
12 44 234 468
392 217 153 445
105 90 73 144
315 135 300 474
148 183 168 425
391 17 201 217
311 87 198 234
52 151 167 315
126 354 67 79
194 380 0 7
357 138 99 133
366 131 1 7
146 51 135 337
326 76 56 276
258 327 51 161
129 106 26 390
69 370 26 73
361 362 118 122
64 147 0 146
134 44 69 98
374 220 15 44
385 244 143 435
308 356 28 44
228 86 303 342
34 168 8 60
34 81 5 5
174 326 203 279
55 102 200 454
337 90 402 431
383 90 138 169
332 327 5 13
302 127 37 401
306 374 167 403
281 11 333 435
2 105 66 335
166 244 253 404
157 0 150 449
36 48 194 227
200 226 247 279
391 287 46 253
344 76 165 346
380 97 71 342
133 348 13 260
275 120 231 415
215 145 41 253
111 125 68 413
269 144 53 141
235 18 84 89
14 309 197 485
19 246 156 371
80 321 108 130
136 364 22 291
347 393 150 478
38 270 1 40
333 117 20 41
226 11 124 310
4 382 76 112
111 197 67 383
128 256 134 284
86 48 297 333
350 382 44 54
123 174 28 42
36 64 161 313
362 33 197 205
268 349 22 43
254 67 119 185
78 368 186 336
63 200 10 94
62 251 381 448
341 10 125 475
42 40 459 481
271 145 55 365
81 180 138 203
121 395 125 372
261 236 91 144
256 53 36 157
256 231 1 303
237 28 225 298
15 172 407 440
151 280 124 127
19 327 229 383
165 49 325 471
369 230 0 0
397 276 177 238
324 233 54 329
270 360 313 422
174 391 37 92
130 52 312 428
155 7 158 182
346 155 242 447
387 280 11 13
295 68 20 42
115 84 466 491
251 288 210 305
164 325 153 209
39 301 35 84
81 351 62 325
255 283 12 18
129 147 75 156
22 6 142 162
111 396 256 304
5 149 190 326
154 184 31 423
245 334 302 464
275 139 211 330
112 45 208 289
177 398 76 199
294 114 300 484
334 389 29 77
8 325 367 448
370 397 54 155
5 22 123 274
268 52 188 341
9 156 40 118
144 282 65 84
30 70 145 254
40 307 105 396
67 355 328 346
354 300 0 59
26 155 280 451
42 209 68 240
228 179 18 474
353 39 181 277
111 262 35 42
137 211 66 101
1 85 383 427
129 391 106 353
256 124 41 448
275 15 89 164
283 324 221 264
288 253 207 325
146 22 41 297
62 350 37 115
319 304 167 213
219 143 124 124
247 335 421 423
190 254 461 494
306 373 32 33
208 331 159 357
355 366 65 165
362 128 153 313
110 75 7 129
87 70 75 326
245 153 158 185
185 219 91 147
96 247 296 456
108 128 255 472
189 367 178 307
149 227 29 107
227 374 232 470
181 303 4 375
30 194 174 376
95 359 56 106
34 106 343 415
131 327 11 120
298 144 122 316
241 374 96 356
41 369 89 371
339 371 190 195
201 79 161 380
84 372 141 452
261 266 107 294
28 47 28 45
65 148 36 64
379 43 9 52
160 317 60 86
203 97 53 63
382 73 64 389
65 15 12 19
293 253 116 121
87 185 66 440
30 25 325 487
288 234 108 303
221 309 419 489
133 87 4 21
198 257 387 475
267 260 143 155
350 6 147 400
334 15 209 406
209 264 19 430
392 199 2 229
277 249 416 466
185 31 56 129
343 260 444 468
126 285 166 310
364 203 273 493
175 266 8 16
161 7 134 363
312 280 151 283
313 162 211 246
376 31 114 129
162 309 158 163
311 213 75 124
204 80 82 109
247 234 314 400
379 370 63 251
193 291 35 41
353 215 368 389
262 62 145 267
104 260 344 370
158 300 134 258
271 308 48 200
204 287 191 494
387 144 4 14
315 278 228 467
98 50 406 466
33 189 56 195
219 260 79 107
101 197 309 310
77 92 46 89
217 323 384 402
311 365 25 127
298 18 60 145
308 190 171 458
218 87 435 452
332 333 242 268
278 372 261 432
133 67 76 176
0 297 315 499
206 301 104 217
73 356 60 147
284 206 4 20
171 79 358 495
394 59 138 232
287 34 224 368
254 296 123 321
189 181 85 362
128 316 10 25
389 305 447 460
389 12 224 464
63 334 114 276
103 36 271 482
347 43 118 140
367 13 65 301
193 20 98 198
305 7 93 314
363 239 110 150
4 248 331 410
363 185 16 34
266 25 7 20
57 53 12 24
211 311 5 75
148 58 70 198
31 251 341 478
69 66 10 55
368 322 167 324
184 114 28 264
226 91 29 176
273 175 25 99
209 103 52 110
17 336 10 21
322 33 60 357
39 175 3 327
148 354 74 222
17 331 238 360
386 331 8 55
102 296 320 470
158 266 45 424
88 178 301 330
362 36 143 189
92 381 194 208
299 390 236 241
324 174 302 468
7 333 141 432
13 183 47 239
5 162 270 277
227 249 209 438
290 139 272 475
314 329 226 320
94 14 272 375
86 35 7 176
66 80 104 459
262 359 12 419
235 157 29 276
135 286 359 434
347 383 7 425
51 322 232 405
212 314 63 65
199 318 213 268
211 38 34 451
128 324 374 386
318 395 150 210
107 286 319 489
258 198 41 125
55 288 160 167
193 39 78 478
215 313 256 405
137 81 376 451
124 395 2 5
211 393 72 190
349 260 107 117
234 20 44 148
116 218 296 369
78 266 274 362
195 360 145 231
276 185 51 183
197 138 257 292
137 325 65 267
258 113 136 275
215 359 37 308
244 237 37 198
358 322 141 386
300 384 67 125
96 276 124 328
61 177 102 481
142 131 1 1
147 329 327 362
33 110 44 54
172 115 176 272
276 356 127 314
41 3 29 121
376 192 312 457
154 250 220 311
149 397 8 116
93 323 185 385
247 18 29 52
265 42 217 278
215 104 45 47
328 56 69 291
340 284 121 126
326 104 122 325
346 152 91 358
392 222 62 262
46 28 149 329
33 340 47 407
29 298 174 404
393 305 17 310
350 91 127 226
373 160 136 204
87 127 51 438
164 157 8 352
61 262 49 92
162 11 107 283
7 42 129 455
362 336 29 75
379 332 166 423
218 92 217 410
256 66 28 250
202 45 2 18
41 33 11 73
228 0 169 462
149 396 9 22
194 122 20 186
4 189 97 310
221 3 31 98
116 151 1 491
177 94 31 78
378 149 114 270
139 369 257 309
396 311 11 115
181 172 18 233
276 93 51 245
263 284 323 384
57 390 175 317
3 189 199 234
59 223 286 334
75 314 26 227
72 383 98 263
359 355 89 329
282 108 44 90
284 341 122 394
57 345 270 302
269 54 259 491
318 0 109 111
70 333 188 233
26 331 380 448
231 349 239 301
191 255 331 363
278 108 120 207
158 270 236 342
353 365 317 473
18 168 92 100
152 139 155 404
366 250 94 485
351 273 0 7
40 39 81 107
140 41 33 58
4 328 371 384
205 325 26 40
68 159 219 500
58 13 112 195
363 337 282 453
355 306 46 94
374 63 220 220
46 207 396 423
300 212 152 298
70 332 165 231
276 175 69 256
165 102 158 287
197 48 140 220
242 179 52 96
21 15 33 57
177 105 62 75
274 389 24 26
266 270 162 279
234 27 204 424
342 0 135 179
18 381 8 37
90 185 70 213
0 250 96 301
174 288 135 213
336 341 6 406
309 343 470 471
366 0 240 435
92 208 60 352
206 162 38 235
92 341 78 342
287 62 1 6
121 34 431 492
65 181 45 86
226 145 146 454
26 17 100 404
141 236 208 400
159 6 88 134
47 384 98 109
360 4 165 214
164 345 157 425
52 271 79 225
179 210 200 468
136 76 2 176
24 261 68 310
301 157 251 491
302 366 254 322
219 394 4 22
164 132 127 232
384 172 134 167
177 310 87 266
312 122 25 142
242 108 33 61
335 83 240 334
244 189 86 341
164 79 306 434
183 106 19 66
215 195 125 400
218 238 269 414
334 314 134 323
112 6 84 102
217 301 44 130
201 375 5 209
227 7 158 271
214 398 158 239
63 65 150 234
163 126 1 420
385 311 261 435
146 81 177 409
361 353 19 439
57 252 199 286
245 249 254 482
259 324 107 303
228 387 193 302
120 140 132 159
61 325 306 341
12 352 17 26
350 281 63 67
106 193 54 65
301 14 50 328
358 230 9 87
397 398 90 170
372 392 17 22
58 42 90 117
175 34 79 483
357 141 215 255
17 127 47 75
232 33 224 262
196 352 404 472
172 345 417 433
240 387 30 196
110 128 6 142
44 192 198 381
330 2 84 120
133 313 3 127
137 101 17 42
61 365 27 432
31 319 186 224
54 43 146 281
323 124 345 369
137 197 49 399
236 168 152 224
140 16 23 92
110 59 187 415
322 19 11 15
210 354 180 474
51 101 191 289
65 390 259 438
276 140 88 304
25 188 78 126
208 28 78 148
351 43 19 266
382 110 428 482
37 150 80 92
100 146 211 255
220 209 27 172
170 239 379 385
287 171 280 402
229 319 119 212
384 219 18 102
371 252 31 33
352 304 72 99
296 344 28 136
133 73 34 299
130 153 157 437
48 96 17 64
122 95 436 480
347 240 170 342
351 63 360 371
398 149 483 492
263 312 66 208
314 346 9 266
162 31 1 340
179 226 99 256
6 176 47 149
215 382 18 52
206 75 33 142
343 146 178 385
14 114 236 321
391 116 144 401
310 323 234 259
56 27 70 116
102 139 34 314
330 34 26 152
172 186 0 14
256 69 83 452
362 189 93 210
56 270 38 213
154 16 294 371
27 87 61 475
132 162 15 36
11 200 58 86
96 0 128 161
262 2 115 124
357 301 157 248
51 236 326 413
87 207 131 427
317 363 29 298
352 150 106 120
227 151 85 93
386 240 220 372
308 121 103 118
32 308 178 270
211 68 331 375
136 323 27 114
29 43 81 87
378 339 11 19
246 181 8 73
238 264 265 426
24 339 18 52
8 109 100 112
175 292 15 16
105 4 314 338
34 32 25 116
11 275 142 207
231 48 50 69
97 20 57 188
147 353 84 212
359 190 62 236
31 300 95 211
39 153 28 51
339 5 32 387
390 31 3 68
221 187 104 212
54 329 72 136
341 204 34 150
96 1 120 336
96 59 171 259
160 127 3 95
287 86 151 235
388 274 166 170
101 93 116 352
147 25 43 113
110 252 416 423
0 365 7 263
359 6 168 250
328 155 80 127
69 323 4 93
115 107 148 236
86 295 322 491
141 74 17 66
163 334 93 142
219 71 142 401
138 86 315 333
117 82 38 139
309 132 142 157
146 28 123 210
357 151 210 301
381 387 360 360
24 357 416 429
276 209 27 341
344 269 32 118
14 149 7 463
286 248 314 391
133 160 143 153
285 198 82 152
203 319 302 441
324 341 12 63
295 313 301 317
101 287 138 139
200 8 100 414
139 100 170 182
56 75 364 367
94 132 7 96
73 303 126 241
36 122 400 402
272 261 161 198
145 199 43 80
63 110 142 325
306 327 41 377
175 152 130 140
122 83 118 226
262 317 90 451
38 386 116 436
207 65 90 354
121 116 278 296
44 184 98 409
360 255 105 454
219 368 1 1
140 53 56 199
238 178 63 281
291 198 323 367
33 119 17 43
99 164 40 200
246 342 57 140
148 264 24 212
47 111 167 249
4 362 247 330
53 222 30 248
371 138 56 310
12 313 280 291
143 186 63 214
331 260 1 2
2 368 12 97
181 212 101 160
313 363 8 73
141 339 7 299
262 175 132 306
52 178 22 250
366 361 97 160
211 384 177 327
35 131 69 95
52 269 2 2
280 0 354 368
307 190 4 222
112 238 202 349
244 147 90 92
243 395 17 31
398 320 86 189
58 150 114 348
10 384 35 51
279 112 89 98
294 128 81 227
92 364 308 311
395 309 110 375
282 359 13 54
381 176 127 312
228 42 38 194
338 12 284 335
11 387 40 101
48 130 151 264
191 255 84 86
297 225 1 9
18 3 176 243
39 329 66 92
155 246 139 319
389 10 41 268
360 85 88 388
256 19 64 196
343 240 478 495
20 148 246 258
250 80 4 239
308 210 259 375
75 203 165 286
254 17 66 181
198 148 132 245
375 143 91 94
51 364 127 197
15 153 5 15
91 323 142 231
95 77 112 137
197 311 20 263
187 375 9 14
223 91 180 278
342 180 36 146
136 143 42 289
35 75 313 367
203 261 146 220
60 203 24 332
335 35 40 119
343 386 427 500
8 184 42 121
71 288 102 471
332 41 40 108
250 284 58 249
289 330 211 411
160 261 198 359
261 40 295 353
255 148 61 220
339 341 162 377
129 344 448 460
52 113 112 221
378 384 197 264
83 27 1 33
225 129 21 195
280 210 189 234
326 161 355 448
375 208 24 55
200 225 351 366
223 391 255 273
170 266 132 303
336 61 1 14
135 177 66 73
9 236 44 142
146 178 0 2
73 142 98 335
82 313 295 435
35 386 208 274
75 341 106 272
385 40 64 308
207 266 65 151
0 240 66 183
167 364 269 288
37 3 132 405
336 27 24 100
43 321 105 164
84 287 115 372
80 68 45 170
371 366 16 23
195 25 57 78
374 4 0 97
204 340 101 248
269 300 87 318
176 380 212 440
60 69 18 452
152 268 73 153
165 136 277 377
358 199 83 141
109 311 9 184
327 331 13 146
96 121 147 207
305 79 90 107
85 51 8 159
16 215 25 61
126 25 68 482
22 38 119 252
73 123 153 462
326 157 306 373
8 91 185 229
193 361 219 378
88 89 233 314
310 312 136 152
268 382 219 261
326 131 187 356
72 219 79 152
343 110 5 6
36 311 58 134
349 182 211 399
305 265 212 465
329 393 269 313
387 144 56 66
277 118 158 379
394 325 110 263
36 78 0 377
391 168 8 430
148 284 82 474
250 62 258 327
101 327 21 427
288 200 352 372
176 327 194 364
226 305 57 430
264 114 31 462
357 174 184 451
154 1 191 198
66 154 11 42
343 237 291 415
160 303 171 270
101 377 242 271
244 19 29 413
286 109 9 16
332 54 297 439
381 156 17 17
74 323 239 347
396 319 15 294
42 109 321 321
156 21 166 187
78 346 51 138
313 299 108 255
389 210 86 443
9 155 62 283
111 342 179 332
135 113 125 221
116 314 279 487
56 103 202 372
336 252 118 177
263 210 125 327
137 58 265 271
29 198 110 442
323 395 111 137
316 180 18 54
280 103 20 95
106 10 188 193
1 53 107 427
114 384 132 135
46 291 150 313
21 185 8 312
71 360 86 204
93 265 19 25
107 93 65 373
395 204 50 148
89 391 168 199
43 158 125 188
220 323 172 332
204 19 26 43
86 309 214 275
348 227 7 7
177 186 446 492
84 68 48 299
140 197 188 192
238 268 62 73
350 232 233 349
312 105 314 453
11 72 159 159
134 367 71 384
365 140 8 144
307 166 306 479
252 325 333 351
386 356 277 313
364 228 118 466
81 67 128 134
95 286 8 462
345 107 276 339
319 357 70 386
177 122 28 286
397 243 76 417
73 179 211 349
23 7 63 73
179 284 53 306
374 116 116 139
118 114 153 458
134 328 60 99
110 303 123 143
326 252 5 23
378 161 183 224
155 31 199 279
277 393 107 287
7 292 418 453
218 70 128 174
74 320 72 224
124 263 20 426
139 326 151 288
322 233 277 327
252 257 125 139
304 0 139 244
82 251 205 311
372 159 43 66
293 330 2 16
0 41 51 56
85 280 209 239
105 385 9 12
91 393 226 313
106 70 13 48
297 73 51 125
321 292 42 213
21 188 46 58
128 20 124 135
224 258 8 10
194 169 89 493
1 126 57 306
168 266 119 189
228 172 0 13
394 324 18 195
292 22 140 226
386 342 199 466
358 273 25 139
111 196 196 308
199 63 96 333
138 35 81 93
259 113 154 253
350 120 182 394
123 257 28 48
39 152 245 303
36 300 13 13
339 169 1 3
300 174 12 29
208 131 214 241
122 240 124 463
87 80 137 203
339 153 14 37
273 337 57 431
268 279 20 260
109 289 112 159
12 87 242 482
231 319 394 470
230 396 85 130
127 41 4 100
379 338 46 295
328 34 390 422
132 233 107 168
255 78 170 293
377 196 17 81
240 372 2 97
327 362 357 381
329 307 34 75
215 347 121 133
96 221 1 345
140 280 4 7
225 269 12 16
171 159 59 144
341 212 81 168
155 164 132 181
49 391 43 404
333 303 13 18
307 72 82 179
310 64 281 319
395 309 48 71
88 89 24 429
93 166 50 323
263 44 36 57
58 155 60 104
56 328 67 373
266 53 23 202
75 382 210 242
65 122 125 444
297 260 66 68
246 308 392 483
173 312 0 21
188 5 20 49
172 350 0 111
197 214 72 404
97 82 105 228
100 171 41 327
298 363 1 87
363 268 3 83
218 241 235 260
233 375 289 370
71 241 227 231
236 147 323 435
208 182 137 330
66 103 92 124
203 386 44 117
326 222 94 187
159 71 16 379
229 3 145 469
197 264 422 431
102 21 28 131
271 24 3 206
11 88 184 306
83 201 68 273
280 171 145 195
68 158 12 50
180 318 152 356
361 63 20 44
274 75 365 433
44 281 392 432
138 330 226 354
348 267 34 243
94 55 192 350
376 280 157 197
348 306 40 399
137 106 17 393
125 77 12 77
248 73 84 159
250 54 79 172
12 37 16 182
344 123 56 283
153 275 17 20
181 322 75 330
64 272 60 101
164 80 18 208
220 335 209 225
237 394 122 174
3 297 79 192
60 220 75 90
390 75 17 34
346 112 267 276
258 190 188 298
176 318 9 72
269 394 45 115
187 322 136 143
338 220 416 416
34 42 11 76
111 372 80 276
65 171 27 284
343 320 111 172
136 54 96 175
133 313 427 480
248 165 194 277
327 173 255 327
246 239 115 245
370 318 113 323
320 337 91 303
233 254 39 72
288 396 122 167
383 134 114 230
159 347 0 64
385 21 107 181
379 148 93 114
338 15 319 424
367 19 32 171
153 61 40 113
339 54 103 204
166 370 188 342
30 11 20 32
96 145 39 90
235 72 305 347
152 366 139 376
58 374 270 309
214 290 112 440
269 199 84 84
109 50 54 352
99 14 246 459
52 377 42 75
212 322 26 122
377 80 54 273
186 272 98 172
53 26 100 346
237 239 27 28
286 272 75 80
373 286 72 358
145 43 223 486
155 131 278 465
49 30 286 451
29 341 22 63
338 186 61 73
88 101 17 36
365 119 120 271
187 319 52 442
394 357 159 266
354 331 215 391
69 171 10 94
219 259 151 432
254 395 84 93
8 355 16 27
232 286 167 211
168 307 111 278
12 135 483 486
364 313 2 45
220 290 18 137
198 218 0 52
43 6 188 195
216 255 138 144
355 28 177 257
379 193 102 174
326 279 314 465
26 235 185 395
134 148 292 431
140 14 47 64
122 289 73 288
309 324 105 107
395 4 183 434
112 310 5 7
131 2 16 52
281 195 52 188
125 0 104 201
23 323 96 138
133 10 21 48
132 234 13 59
34 326 78 159
189 336 471 476
395 275 93 103
227 237 326 374
12 9 114 129
122 129 9 18
237 275 0 8
68 130 10 76
131 262 122 231
88 200 342 378
354 13 109 365
100 270 60 176
98 222 94 240
43 267 245 407
103 289 102 420
7 196 109 160
333 392 0 2
24 142 3 23
252 344 341 369
51 83 47 136
385 4 187 241
306 185 22 96
91 211 406 424
345 361 23 252
225 106 20 264
102 134 115 144
397 32 122 256
377 117 0 0
283 273 41 138
284 293 45 174
373 338 117 142
265 360 30 43
67 182 109 261
203 106 339 395
359 252 209 472
264 66 13 249
227 20 256 297
31 303 2 145
87 127 29 74
338 14 48 66
252 349 151 366
291 371 330 367
175 334 67 89
25 169 117 207
151 315 236 297
265 170 11 62
335 67 36 393
48 369 282 310
18 303 201 308
134 163 335 351
155 131 195 494
149 137 33 281
192 90 300 433
218 341 12 209
146 237 120 327
379 116 204 463
355 105 174 332
306 215 110 151
14 173 159 310
62 183 135 176
227 155 116 161
221 333 183 305
278 151 76 80
47 135 21 243
389 173 118 473
179 394 58 192
17 146 89 94
322 388 145 234
198 308 251 421
337 75 78 422
380 218 12 414
370 173 1 5
177 215 91 133
380 275 245 500
334 166 32 59
106 262 167 245
76 319 393 395
346 33 21 61
87 49 79 331
366 118 117 244
105 29 94 97
304 114 405 440
40 68 14 90
321 205 271 320
211 371 161 371
135 89 125 281
132 223 192 315
133 1 14 59
69 370 84 154
386 295 258 294
360 335 101 198
137 346 187 332
156 248 335 426
72 0 61 95
384 357 305 452
71 261 13 191
111 129 421 472
16 180 112 309
186 329 297 395
91 149 110 257
86 231 32 266
352 310 131 164
44 175 5 64
113 333 186 192
124 241 89 107
388 363 16 16
258 0 104 137
96 27 47 90
387 61 298 438
170 381 34 40
209 249 46 92
262 325 140 352
17 112 281 460
105 169 18 125
4 196 5 10
134 278 32 481
271 104 122 341
227 316 37 155
254 210 43 236
103 392 265 300
152 200 58 187
196 142 99 438
273 112 341 363
282 171 53 478
267 368 150 175
108 255 436 469
95 271 134 240
159 26 65 321
187 270 59 369
291 23 155 405
83 234 194 198
292 157 113 224
28 87 242 409
388 344 183 359
191 8 128 471
39 185 321 490
126 385 46 89
224 349 71 114
60 272 83 358
296 253 221 374
144 170 104 302
239 268 56 439
248 17 38 126
24 146 127 170
233 88 28 247
77 219 22 157
241 310 91 273
292 263 72 341
182 53 88 110
158 346 93 243
251 296 382 497
120 128 100 162
245 54 8 17
373 326 33 409
162 201 248 252
291 53 6 26
106 100 438 446
54 331 4 202
298 192 92 465
396 213 195 201
26 206 27 38
121 85 29 122
212 297 50 175
36 57 280 376
252 67 24 92
250 1 136 215
41 240 102 437
322 167 262 267
134 394 6 51
20 305 6 12
56 290 322 353
279 13 127 490
102 276 275 393
91 293 262 383
301 159 317 338
296 309 157 398
160 364 5 20
232 295 33 132
222 316 116 348
372 394 349 434
170 378 212 337
285 227 35 88
260 26 94 469
151 181 295 452
309 343 2 43
243 237 53 96
309 237 45 137
68 134 222 369
126 16 270 430
305 327 259 289
277 85 90 100
233 208 131 207
15 289 45 69
101 370 402 459
38 116 310 383
325 381 145 255
37 66 175 227
131 338 22 49
121 343 46 159
281 241 43 60
258 172 153 391
181 183 36 272
55 360 86 113
357 99 78 112
102 252 58 130
121 170 8 154
369 385 179 194
307 211 100 149
320 58 72 340
56 28 8 17
255 383 0 164
312 324 326 373
145 162 329 472
54 143 29 402
157 74 83 120
170 123 114 116
236 384 13 95
222 119 41 442
155 221 112 119
379 84 261 379
296 348 110 130
153 329 14 16
95 378 334 367
32 71 356 363
384 131 34 44
371 394 94 163
35 12 268 475
131 86 30 81
290 340 15 43
316 345 274 297
345 285 241 466
63 235 35 67
339 306 126 257
351 174 162 342
33 327 81 86
216 164 1 5
288 114 425 444
14 13 1 17
381 53 117 128
148 380 37 326
88 377 2 143
21 334 2 4
231 111 229 288
55 101 45 154
207 204 10 75
5 172 168 486
176 248 81 82
274 162 230 364
374 295 114 446
335 342 358 430
162 363 85 92
365 175 43 118
134 324 3 9
219 75 309 466
61 56 352 444
284 3 89 298
2 267 13 54
180 297 67 86
128 391 38 289
206 360 27 126
170 234 70 150
98 346 42 85
185 375 74 94
193 181 104 232
46 352 44 255
78 294 123 256
187 118 75 499
303 323 9 64
154 180 152 378
178 163 78 397
103 211 162 293
314 335 49 231
141 378 179 447
202 145 157 414
346 299 4 25
150 219 212 482
371 268 2 3
191 360 102 287
17 187 196 286
261 365 376 418
208 265 108 192
31 312 27 45
259 133 204 291
203 27 12 12
168 149 5 181
296 336 264 493
81 64 2 435
74 382 15 76
293 183 296 400
151 171 382 406
103 130 30 465
274 327 43 112
129 144 193 249
279 152 413 414
102 219 147 334
189 222 221 297
308 72 122 326
381 6 39 119
370 289 2 12
369 50 117 368
223 287 53 163
187 341 70 188
127 168 283 306
94 213 299 329
55 260 46 101
10 146 110 413
211 124 138 190
113 360 58 316
334 384 253 484
191 340 85 282
28 368 0 179
265 313 216 310
364 212 58 251
199 111 40 226
106 320 110 366
242 280 391 463
47 302 109 240
41 92 18 44
20 376 35 285
395 295 30 122
296 117 7 19
32 213 348 394
340 303 136 136
220 51 22 389
361 187 31 244
335 112 151 159
385 254 69 157
107 134 18 21
25 52 255 267
265 68 304 412
191 176 25 42
341 293 45 54
62 316 9 265
136 167 279 330
144 287 219 348
183 321 44 156
229 354 4 18
371 129 171 207
122 178 4 113
9 148 0 0
213 177 129 343
66 202 432 476
227 273 118 195
36 178 137 150
119 195 45 277
303 5 284 426
228 388 229 398
123 394 60 343
360 238 10 216
326 304 165 345
231 11 91 108
33 179 15 142
292 223 72 389
20 106 459 465
364 145 55 95
37 14 7 148
354 197 3 3
241 364 11 216
367 75 78 105
269 252 321 321
324 396 121 355
8 147 57 59
119 304 13 41
384 19 384 454
244 390 60 195
15 381 136 267
50 288 172 482
44 77 361 380
111 271 19 163
12 87 6 43
178 151 181 268
152 390 46 168
54 328 7 10
96 175 43 386
175 357 172 192
67 225 206 286
243 204 21 378
57 358 44 471
79 335 31 306
255 209 85 158
311 59 44 55
317 195 7 37
216 239 53 160
282 313 266 331
215 146 259 348
27 23 42 104
366 259 32 41
84 215 128 153
113 379 91 274
328 114 37 378
64 361 49 265
77 83 38 143
344 361 100 312
254 84 19 132
292 7 14 326
278 212 345 421
271 113 244 320
77 107 184 283
354 246 12 153
199 301 115 439
120 350 378 495
261 297 321 389
120 52 70 287
60 138 2 70
323 324 136 157
191 55 43 183
327 311 55 146
105 276 132 223
121 388 17 305
247 64 63 106
344 175 96 125
393 113 2 56
204 41 92 154
242 197 187 249
131 167 5 245
291 229 210 498
324 167 125 491
355 19 75 218
129 208 207 486
199 105 63 107
349 178 246 271
35 383 160 227
353 253 396 484
75 352 367 418
179 23 75 107
262 109 145 220
222 368 30 84
258 25 80 265
123 379 67 397
128 296 15 17
275 299 74 95
16 373 36 489
395 38 232 481
194 25 253 278
124 225 233 323
346 86 25 136
284 120 178 476
259 319 261 335
336 111 40 334
383 288 1 5
251 199 128 427
82 364 278 389
296 160 246 343
216 346 330 371
299 315 7 78
279 40 193 360
308 137 5 48
316 249 257 354
93 269 1 1
217 279 98 388
57 188 129 246
47 278 85 102
357 26 271 365
388 398 63 158
384 194 396 442
201 119 24 90
265 63 203 470
97 343 159 486
97 318 101 152
389 380 432 432
7 245 381 421
297 108 48 212
60 346 170 182
360 226 136 141
77 361 287 497
75 95 99 128
117 133 441 461
313 275 45 214
27 398 143 468
17 62 332 420
332 202 56 78
331 290 14 287
43 73 146 337
272 356 177 203
75 269 2 2
160 226 151 162
332 275 351 420
328 205 28 31
100 190 45 52
54 206 66 351
374 22 136 257
51 52 103 249
392 128 119 187
107 306 135 302
323 275 150 426
136 111 65 138
368 328 348 423
386 310 117 208
362 103 227 250
39 29 61 365
169 380 99 129
347 56 121 461
320 28 136 351
172 140 55 310
184 231 118 136
324 364 294 348
347 161 18 128
94 61 176 409
195 215 5 5
372 73 12 83
109 94 135 279
193 194 165 356
172 121 111 246
67 137 398 439
172 205 412 488
164 131 39 232
179 31 200 384
341 73 168 247
99 364 308 333
321 346 101 112
19 158 22 54
349 172 143 490
320 145 228 408
81 36 47 142
229 120 222 293
139 261 124 190
92 302 17 88
205 271 64 209
280 325 78 148
336 281 7 8
277 117 12 194
21 0 26 461
147 362 21 414
80 64 99 287
253 377 36 159
75 226 26 115
250 344 210 478
118 294 198 282
232 388 48 109
143 18 9 124
42 291 48 480
352 257 46 119
61 86 26 53
57 206 55 92
184 127 277 383
261 259 42 355
289 6 30 219
85 387 167 397
165 274 195 259
358 250 102 207
289 246 50 58
258 250 10 442
395 192 12 138
291 384 43 308
254 160 477 493
300 227 53 94
334 176 170 483
325 361 256 327
398 198 31 64
111 69 281 386
58 242 249 476
95 169 209 281
360 119 177 344
298 21 6 13
198 172 163 495
143 343 13 159
255 141 11 11
67 181 88 405
398 273 130 487
162 159 369 369
348 101 1 1
211 276 28 31
156 80 32 292
86 10 3 168
129 278 115 441
81 71 340 437
234 280 140 494
1 229 186 358
92 227 399 439
129 93 123 160
149 12 49 55
371 109 74 433
377 148 93 152
382 172 71 210
144 117 104 323
82 387 0 303
103 116 13 210
292 22 71 193
183 125 43 61
302 311 47 267
145 234 103 116
271 317 322 378
122 9 169 338
183 257 29 36
146 142 186 495
148 179 272 391
352 169 105 114
128 353 3 15
353 201 73 239
281 304 93 176
17 264 211 273
342 376 112 330
216 130 104 399
222 93 3 6
84 259 355 357
275 8 85 147
292 66 294 494
136 117 177 423
287 150 82 280
215 322 50 299
140 183 42 96
176 203 20 113
316 59 68 77
266 31 180 189
376 199 21 56
273 110 44 256
19 20 176 319
93 174 45 61
182 398 48 172
75 172 20 35
389 29 6 263
64 354 118 325
142 122 142 308
276 206 248 407
189 350 6 118
132 148 93 309
354 90 125 151
202 330 37 44
316 247 24 152
364 378 34 35
332 98 347 480
193 42 202 364
158 335 41 50
264 89 16 393
322 30 59 176
98 260 344 456
58 56 229 248
44 38 228 437
